<?xml version="1.0"?>
<opencv_storage>
<hand_right type_id="opencv-matrix">
  <rows>21</rows>
  <cols>3</cols>
  <dt>f</dt>
  <data>
    -8.29366309e-06 -7.67186066e-06 3.65722212e-06 5.91080546e-01
    -3.87758672e-01 7.08038628e-01 1.33851647e+00 -6.55891716e-01
    -2.42922604e-02 1.73414004e+00 -5.64531088e-01 -8.25668693e-01
    1.95800066e+00 -5.55571079e-01 -1.45080495e+00 5.91162086e-01
    -5.98976612e-01 -1.15001070e+00 1.03268409e+00 -4.27292109e-01
    -1.90925300e+00 1.48591101e+00 -2.10551471e-01 -2.03115273e+00
    1.81551576e+00 -4.91158962e-02 -2.08422327e+00 2.31980249e-01
    -8.20634887e-02 -1.29703236e+00 7.48646617e-01 1.82228342e-01
    -1.95310247e+00 1.14900172e+00 4.26332831e-01 -1.86835086e+00
    1.42920303e+00 5.55602014e-01 -1.73777640e+00 -4.04737145e-03
    3.92386794e-01 -1.18425119e+00 4.68730748e-01 7.03926563e-01
    -1.68455529e+00 8.38948667e-01 9.17162538e-01 -1.52444315e+00
    1.05431414e+00 1.00967693e+00 -1.31047487e+00 -1.82868466e-01
    9.54891384e-01 -9.08084631e-01 3.17222536e-01 1.32980573e+00
    -1.42401338e+00 5.79405904e-01 1.48966920e+00 -1.34359384e+00
    7.86764383e-01 1.60303664e+00 -1.26376307e+00</data></hand_right>
</opencv_storage>
