<?xml version="1.0"?>
<opencv_storage>
<hand_right type_id="opencv-matrix">
  <rows>21</rows>
  <cols>3</cols>
  <dt>f</dt>
  <data>
    -8.29274722e-06 -7.67424717e-06 3.65616825e-06 5.91316819e-01
    -3.87983322e-01 7.07711577e-01 1.33853769e+00 -6.55779362e-01
    -2.49642730e-02 1.73388052e+00 -5.64039350e-01 -8.26429546e-01
    1.95755339e+00 -5.54789662e-01 -1.45166254e+00 5.90844631e-01
    -5.98504901e-01 -1.15040708e+00 1.03220940e+00 -4.26439881e-01
    -1.90962982e+00 1.48552537e+00 -2.09526300e-01 -2.03149509e+00
    1.81520283e+00 -4.79556620e-02 -2.08447695e+00 2.31590316e-01
    -8.15652683e-02 -1.29711318e+00 7.48108983e-01 1.83039442e-01
    -1.95321155e+00 1.14863491e+00 4.27214563e-01 -1.86842918e+00
    1.42902565e+00 5.56544006e-01 -1.73777008e+00 -4.43170592e-03
    3.92824352e-01 -1.18408978e+00 4.68247890e-01 7.04603016e-01
    -1.68436730e+00 8.38601828e-01 9.17842269e-01 -1.52422810e+00
    1.05414474e+00 1.01035821e+00 -1.31019342e+00 -1.83204487e-01
    9.55202937e-01 -9.07669723e-01 3.16766798e-01 1.33036125e+00
    -1.42357934e+00 5.79035997e-01 1.49023497e+00 -1.34317422e+00
    7.86481559e-01 1.60359263e+00 -1.26328063e+00</data></hand_right>
</opencv_storage>
