<?xml version="1.0"?>
<opencv_storage>
<hand_right type_id="opencv-matrix">
  <rows>21</rows>
  <cols>3</cols>
  <dt>f</dt>
  <data>
    -8.29006967e-06 -7.67369693e-06 3.65572964e-06 5.91263175e-01
    -3.87955010e-01 7.07716525e-01 1.33855534e+00 -6.55641675e-01
    -2.48468071e-02 1.73401320e+00 -5.63907921e-01 -8.26231420e-01
    1.95771742e+00 -5.54623485e-01 -1.45137024e+00 5.90972543e-01
    -5.98387182e-01 -1.15035129e+00 1.03222895e+00 -4.26365197e-01
    -1.90965557e+00 1.48534620e+00 -2.09545076e-01 -2.03167844e+00
    1.81487727e+00 -4.80643511e-02 -2.08487296e+00 2.31684119e-01
    -8.14879611e-02 -1.29706836e+00 7.48064518e-01 1.83107629e-01
    -1.95320117e+00 1.14834476e+00 4.27208424e-01 -1.86864614e+00
    1.42852604e+00 5.56450725e-01 -1.73830509e+00 -4.39392775e-03
    3.92863631e-01 -1.18404686e+00 4.68139827e-01 7.04654872e-01
    -1.68438005e+00 8.38314533e-01 9.17873740e-01 -1.52443480e+00
    1.05370069e+00 1.01034307e+00 -1.31068826e+00 -1.83249652e-01
    9.55194950e-01 -9.07606244e-01 3.16587269e-01 1.33040392e+00
    -1.42351794e+00 5.78741193e-01 1.49027181e+00 -1.34315753e+00
    7.86097765e-01 1.60365450e+00 -1.26342320e+00</data></hand_right>
</opencv_storage>
