<?xml version="1.0"?>
<opencv_storage>
<hand_left type_id="opencv-matrix">
  <rows>21</rows>
  <cols>3</cols>
  <dt>f</dt>
  <data>
    -8.29190230e-06 -7.67086840e-06 3.65280539e-06 5.90831935e-01
    -3.87809277e-01 7.08116889e-01 1.33843076e+00 -6.55857086e-01
    -2.39689499e-02 1.73429894e+00 -5.64470172e-01 -8.25188994e-01
    1.95828402e+00 -5.55397630e-01 -1.45018828e+00 5.91379464e-01
    -5.98914802e-01 -1.14984047e+00 1.03299880e+00 -4.27292496e-01
    -1.90906608e+00 1.48626113e+00 -2.10604072e-01 -2.03111339e+00
    1.81592512e+00 -4.91573811e-02 -2.08431125e+00 2.32256323e-01
    -8.20116103e-02 -1.29690719e+00 7.48929143e-01 1.82194978e-01
    -1.95300674e+00 1.14926803e+00 4.26272601e-01 -1.86860716e+00
    1.42947352e+00 5.55555224e-01 -1.73841286e+00 -3.79479304e-03
    3.92419487e-01 -1.18418109e+00 4.69015032e-01 7.03928173e-01
    -1.68445396e+00 8.39145362e-01 9.17146146e-01 -1.52458060e+00
    1.05445504e+00 1.00968945e+00 -1.31095827e+00 -1.82692721e-01
    9.54869807e-01 -9.08032894e-01 3.17423075e-01 1.32983196e+00
    -1.42388237e+00 5.79604745e-01 1.48969209e+00 -1.34348655e+00
    7.86949992e-01 1.60306287e+00 -1.26369298e+00</data></hand_left>
</opencv_storage>
