<?xml version="1.0"?>
<opencv_storage>
<hand_right type_id="opencv-matrix">
  <rows>21</rows>
  <cols>3</cols>
  <dt>f</dt>
  <data>
    -8.29752025e-06 -7.66851008e-06 3.64969446e-06 5.90519071e-01
    -3.88246417e-01 7.08179474e-01 1.33818924e+00 -6.56449437e-01
    -2.38257200e-02 1.73426914e+00 -5.65012455e-01 -8.24944615e-01
    1.95843196e+00 -5.55902123e-01 -1.44993329e+00 5.91438591e-01
    -5.98854005e-01 -1.14987648e+00 1.03338611e+00 -4.27152067e-01
    -1.90886986e+00 1.48678565e+00 -2.10579842e-01 -2.03059983e+00
    1.81651938e+00 -4.92535233e-02 -2.08355641e+00 2.32565776e-01
    -8.17544833e-02 -1.29689932e+00 7.49624312e-01 1.82483464e-01
    -1.95268166e+00 1.15006995e+00 4.26393598e-01 -1.86784220e+00
    1.43030620e+00 5.55525839e-01 -1.73726296e+00 -3.31231952e-03
    3.92750680e-01 -1.18409193e+00 4.69824076e-01 7.04226851e-01
    -1.68408823e+00 8.40055466e-01 9.17257369e-01 -1.52386642e+00
    1.05538189e+00 1.00964236e+00 -1.30992246e+00 -1.82034120e-01
    9.55215096e-01 -9.07838941e-01 3.18434566e-01 1.33009434e+00
    -1.42341399e+00 5.80662489e-01 1.48982441e+00 -1.34286404e+00
    7.88046181e-01 1.60308266e+00 -1.26293766e+00</data></hand_right>
</opencv_storage>
