<?xml version="1.0"?>
<opencv_storage>
<hand_left type_id="opencv-matrix">
  <rows>21</rows>
  <cols>3</cols>
  <dt>f</dt>
  <data>
    -8.29376313e-06 -7.67173333e-06 3.66173117e-06 5.91179788e-01
    -3.87543350e-01 7.08116591e-01 1.33857179e+00 -6.55850768e-01
    -2.42389441e-02 1.73414016e+00 -5.64680934e-01 -8.25653195e-01
    1.95795202e+00 -5.55882215e-01 -1.45085955e+00 5.91072559e-01
    -5.99322855e-01 -1.14990282e+00 1.03256202e+00 -4.27801609e-01
    -1.90914941e+00 1.48569798e+00 -2.11089224e-01 -2.03090215e+00
    1.81514859e+00 -4.97210920e-02 -2.08382535e+00 2.31876850e-01
    -8.24408680e-02 -1.29705501e+00 7.48514354e-01 1.81704253e-01
    -1.95316744e+00 1.14881873e+00 4.25803006e-01 -1.86827826e+00
    1.42888987e+00 5.55025995e-01 -1.73753893e+00 -4.13144752e-03
    3.92052412e-01 -1.18437374e+00 4.68575418e-01 7.03444719e-01
    -1.68483198e+00 8.38811934e-01 9.16701615e-01 -1.52468073e+00
    1.05416095e+00 1.00922561e+00 -1.31062925e+00 -1.82908624e-01
    9.54667449e-01 -9.08348858e-01 3.17132324e-01 1.32937789e+00
    -1.42446768e+00 5.79310894e-01 1.48925936e+00 -1.34411979e+00
    7.86659122e-01 1.60264349e+00 -1.26436067e+00</data></hand_left>
</opencv_storage>
