<?xml version="1.0"?>
<opencv_storage>
<hand_left type_id="opencv-matrix">
  <rows>21</rows>
  <cols>3</cols>
  <dt>f</dt>
  <data>
    -8.29512737e-06 -7.67170241e-06 3.66950417e-06 5.91350734e-01
    -3.86996299e-01 7.08305836e-01 1.33859515e+00 -6.55818939e-01
    -2.40228921e-02 1.73394585e+00 -5.65156460e-01 -8.25567126e-01
    1.95768118e+00 -5.56863427e-01 -1.45083845e+00 5.90901613e-01
    -6.00141346e-01 -1.14957535e+00 1.03235006e+00 -4.29073513e-01
    -1.90888500e+00 1.48548985e+00 -2.12373018e-01 -2.03054762e+00
    1.81490695e+00 -5.10227978e-02 -2.08335161e+00 2.31662750e-01
    -8.33736882e-02 -1.29704297e+00 7.48294592e-01 1.80391803e-01
    -1.95329630e+00 1.14864659e+00 4.24587548e-01 -1.86829996e+00
    1.42872989e+00 5.53909540e-01 -1.73733974e+00 -4.32937965e-03
    3.91196132e-01 -1.18466413e+00 4.68375385e-01 7.02279329e-01
    -1.68531525e+00 8.38672876e-01 9.15654302e-01 -1.52507806e+00
    1.05401826e+00 1.00829935e+00 -1.31078815e+00 -1.83056653e-01
    9.54021811e-01 -9.09023285e-01 3.16979110e-01 1.32836103e+00
    -1.42539740e+00 5.79172015e-01 1.48829007e+00 -1.34510005e+00
    7.86513150e-01 1.60170853e+00 -1.26533425e+00</data></hand_left>
</opencv_storage>
