<?xml version="1.0"?>
<opencv_storage>
<hand_left type_id="opencv-matrix">
  <rows>21</rows>
  <cols>3</cols>
  <dt>f</dt>
  <data>
    -8.29411965e-06 -7.66741232e-06 3.65756114e-06 5.90719402e-01
    -3.87403846e-01 7.08449960e-01 1.33835113e+00 -6.56055450e-01
    -2.34203488e-02 1.73426974e+00 -5.65243602e-01 -8.24694097e-01
    1.95832741e+00 -5.56638539e-01 -1.44970953e+00 5.91451228e-01
    -5.99745512e-01 -1.14938521e+00 1.03319228e+00 -4.28656995e-01
    -1.90865469e+00 1.48651290e+00 -2.12076634e-01 -2.03077126e+00
    1.81622434e+00 -5.06879687e-02 -2.08402967e+00 2.32405409e-01
    -8.28964487e-02 -1.29683733e+00 7.49258876e-01 1.80854470e-01
    -1.95298541e+00 1.14964247e+00 4.24961329e-01 -1.86852908e+00
    1.42988193e+00 5.54307997e-01 -1.73821366e+00 -3.60156596e-03
    3.91637832e-01 -1.18444669e+00 4.69367504e-01 7.02784061e-01
    -1.68480039e+00 8.39532197e-01 9.16061640e-01 -1.52488279e+00
    1.05485594e+00 1.00871754e+00 -1.31112278e+00 -1.82459325e-01
    9.54296052e-01 -9.08692241e-01 3.17832023e-01 1.32884645e+00
    -1.42466927e+00 5.80023587e-01 1.48871875e+00 -1.34429145e+00
    7.87381053e-01 1.60210860e+00 -1.26447034e+00</data></hand_left>
</opencv_storage>
