<?xml version="1.0"?>
<opencv_storage>
<hand_right type_id="opencv-matrix">
  <rows>21</rows>
  <cols>3</cols>
  <dt>f</dt>
  <data>
    -8.29078454e-06 -7.67417441e-06 3.65758797e-06 5.91363907e-01
    -3.87803704e-01 7.07760692e-01 1.33861804e+00 -6.55621529e-01
    -2.48620212e-02 1.73396802e+00 -5.63988507e-01 -8.26336503e-01
    1.95762467e+00 -5.54811001e-01 -1.45154500e+00 5.90894341e-01
    -5.98621190e-01 -1.15031803e+00 1.03217006e+00 -4.26675916e-01
    -1.90964103e+00 1.48538041e+00 -2.09790230e-01 -2.03164148e+00
    1.81498563e+00 -4.82385159e-02 -2.08475161e+00 2.31575981e-01
    -8.17471445e-02 -1.29710734e+00 7.47993827e-01 1.82777882e-01
    -1.95330369e+00 1.14840829e+00 4.26969975e-01 -1.86866689e+00
    1.42869496e+00 5.56303263e-01 -1.73816037e+00 -4.50284407e-03
    3.92633110e-01 -1.18415415e+00 4.68078196e-01 7.04367816e-01
    -1.68454468e+00 8.38347793e-01 9.17652249e-01 -1.52453184e+00
    1.05381274e+00 1.01019609e+00 -1.31063390e+00 -1.83342561e-01
    9.55037355e-01 -9.07815278e-01 3.16523254e-01 1.33016562e+00
    -1.42383122e+00 5.78742743e-01 1.49007189e+00 -1.34347677e+00
    7.86136150e-01 1.60346198e+00 -1.26366305e+00</data></hand_right>
</opencv_storage>
