<?xml version="1.0"?>
<opencv_storage>
<hand_left type_id="opencv-matrix">
  <rows>21</rows>
  <cols>3</cols>
  <dt>f</dt>
  <data>
    -8.29642067e-06 -7.66885751e-06 3.65500796e-06 5.90697408e-01
    -3.87766778e-01 7.08320677e-01 1.33834827e+00 -6.56199813e-01
    -2.36502588e-02 1.73431182e+00 -5.65078497e-01 -8.24858427e-01
    1.95842719e+00 -5.56269944e-01 -1.44990504e+00 5.91445804e-01
    -5.99310935e-01 -1.14965045e+00 1.03330672e+00 -4.27859247e-01
    -1.90872252e+00 1.48663819e+00 -2.11237907e-01 -2.03050876e+00
    1.81629622e+00 -4.98782396e-02 -2.08349419e+00 2.32450202e-01
    -8.23544413e-02 -1.29690075e+00 7.49430716e-01 1.81697920e-01
    -1.95280921e+00 1.14984155e+00 4.25737083e-01 -1.86797631e+00
    1.43004870e+00 5.54981768e-01 -1.73733473e+00 -3.50796431e-03
    3.92162204e-01 -1.18429601e+00 4.69519764e-01 7.03494668e-01
    -1.68448794e+00 8.39768887e-01 9.16690111e-01 -1.52431643e+00
    1.05513453e+00 1.00922775e+00 -1.31032526e+00 -1.82305649e-01
    9.54742670e-01 -9.08303082e-01 3.18046808e-01 1.32944369e+00
    -1.42412651e+00 5.80258965e-01 1.48927784e+00 -1.34368694e+00
    7.87648141e-01 1.60262847e+00 -1.26383448e+00</data></hand_left>
</opencv_storage>
