<?xml version="1.0"?>
<opencv_storage>
<hand_right type_id="opencv-matrix">
  <rows>21</rows>
  <cols>3</cols>
  <dt>f</dt>
  <data>
    -8.29867531e-06 -7.66935227e-06 3.65708365e-06 5.90694606e-01
    -3.87390614e-01 7.08563447e-01 1.33838356e+00 -6.56162381e-01
    -2.32934505e-02 1.73429871e+00 -5.65362036e-01 -8.24601948e-01
    1.95844316e+00 -5.56862354e-01 -1.44967997e+00 5.91541409e-01
    -5.99884272e-01 -1.14933455e+00 1.03352356e+00 -4.28755045e-01
    -1.90842664e+00 1.48707891e+00 -2.12062180e-01 -2.03022027e+00
    1.81694031e+00 -5.05752861e-02 -2.08312845e+00 2.32533544e-01
    -8.29999074e-02 -1.29685116e+00 7.49619484e-01 1.80762768e-01
    -1.95287204e+00 1.15022254e+00 4.24956322e-01 -1.86809540e+00
    1.43066907e+00 5.54412603e-01 -1.73738229e+00 -3.44429165e-03
    3.91574591e-01 -1.18451297e+00 4.69744623e-01 7.02713370e-01
    -1.68471444e+00 8.40058804e-01 9.16039944e-01 -1.52449882e+00
    1.05550647e+00 1.00874972e+00 -1.31031346e+00 -1.82267621e-01
    9.54294324e-01 -9.08827782e-01 3.18257451e-01 1.32879055e+00
    -1.42472100e+00 5.80543399e-01 1.48868847e+00 -1.34421980e+00
    7.87989080e-01 1.60207820e+00 -1.26417053e+00</data></hand_right>
</opencv_storage>
