<?xml version="1.0"?>
<opencv_storage>
<hand_right type_id="opencv-matrix">
  <rows>21</rows>
  <cols>3</cols>
  <dt>f</dt>
  <data>
    -8.29060264e-06 -7.67284655e-06 3.65647566e-06 5.91205120e-01
    -3.87860596e-01 7.07819045e-01 1.33852851e+00 -6.55697107e-01
    -2.46625245e-02 1.73403406e+00 -5.64097643e-01 -8.26035380e-01
    1.95776975e+00 -5.54912210e-01 -1.45116448e+00 5.91001213e-01
    -5.98627746e-01 -1.15021527e+00 1.03233612e+00 -4.26747561e-01
    -1.90950203e+00 1.48547816e+00 -2.09962010e-01 -2.03147960e+00
    1.81501722e+00 -4.85009253e-02 -2.08461857e+00 2.31748596e-01
    -8.17345977e-02 -1.29704177e+00 7.48201132e-01 1.82727605e-01
    -1.95317650e+00 1.14850259e+00 4.26826656e-01 -1.86859405e+00
    1.42866564e+00 5.56067467e-01 -1.73820400e+00 -4.30930778e-03
    3.92651498e-01 -1.18411696e+00 4.68286633e-01 7.04331994e-01
    -1.68447173e+00 8.38463604e-01 9.17550564e-01 -1.52450001e+00
    1.05381799e+00 1.01003027e+00 -1.31072891e+00 -1.83148220e-01
    9.55044925e-01 -9.07789886e-01 3.16747725e-01 1.33013833e+00
    -1.42372990e+00 5.78910947e-01 1.49000156e+00 -1.34336972e+00
    7.86251724e-01 1.60336912e+00 -1.26362395e+00</data></hand_right>
</opencv_storage>
