<?xml version="1.0"?>
<opencv_storage>
<hand_left type_id="opencv-matrix">
  <rows>21</rows>
  <cols>3</cols>
  <dt>f</dt>
  <data>
    -8.29374767e-06 -7.67422080e-06 3.66043787e-06 5.91336310e-01
    -3.87670398e-01 7.07929611e-01 1.33863378e+00 -6.55733585e-01
    -2.46265382e-02 1.73403311e+00 -5.64303339e-01 -8.26103687e-01
    1.95775151e+00 -5.55307865e-01 -1.45136201e+00 5.90931892e-01
    -5.99001884e-01 -1.15015626e+00 1.03231907e+00 -4.27232325e-01
    -1.90942085e+00 1.48554707e+00 -2.10391879e-01 -2.03120780e+00
    1.81511092e+00 -4.88963127e-02 -2.08413625e+00 2.31669903e-01
    -8.21059197e-02 -1.29711092e+00 7.48204052e-01 1.82247981e-01
    -1.95327020e+00 1.14863896e+00 4.26421762e-01 -1.86843586e+00
    1.42890835e+00 5.55741906e-01 -1.73770249e+00 -4.35733050e-03
    3.92344892e-01 -1.18428588e+00 4.68301147e-01 7.03912199e-01
    -1.68471074e+00 8.38618457e-01 9.17203546e-01 -1.52457428e+00
    1.05411661e+00 1.00977159e+00 -1.31049049e+00 -1.83132619e-01
    9.54876423e-01 -9.08100188e-01 3.16854298e-01 1.32977819e+00
    -1.42418182e+00 5.79096675e-01 1.48968077e+00 -1.34382999e+00
    7.86521852e-01 1.60308671e+00 -1.26398432e+00</data></hand_left>
</opencv_storage>
