<?xml version="1.0"?>
<opencv_storage>
<hand_left type_id="opencv-matrix">
  <rows>21</rows>
  <cols>3</cols>
  <dt>f</dt>
  <data>
    -8.29506826e-06 -7.67132587e-06 3.65914957e-06 5.91007829e-01
    -3.87442976e-01 7.08265066e-01 1.33849382e+00 -6.55907869e-01
    -2.38838792e-02 1.73414993e+00 -5.64877093e-01 -8.25263739e-01
    1.95807385e+00 -5.56170702e-01 -1.45039582e+00 5.91230571e-01
    -5.99532187e-01 -1.14966965e+00 1.03287578e+00 -4.28176641e-01
    -1.90889609e+00 1.48623180e+00 -2.11436898e-01 -2.03077388e+00
    1.81593204e+00 -4.99562025e-02 -2.08377552e+00 2.32083887e-01
    -8.26778188e-02 -1.29695296e+00 7.48847842e-01 1.81309342e-01
    -1.95309961e+00 1.14933527e+00 4.25501585e-01 -1.86841393e+00
    1.42967248e+00 5.54905295e-01 -1.73780549e+00 -3.93420085e-03
    3.91830981e-01 -1.18442190e+00 4.68957871e-01 7.03141272e-01
    -1.68478525e+00 8.39242518e-01 9.16469812e-01 -1.52469730e+00
    1.05468154e+00 1.00913179e+00 -1.31065810e+00 -1.82756409e-01
    9.54463124e-01 -9.08541381e-01 3.17453682e-01 1.32913685e+00
    -1.42456591e+00 5.79703093e-01 1.48904610e+00 -1.34417033e+00
    7.87118137e-01 1.60245383e+00 -1.26426768e+00</data></hand_left>
</opencv_storage>
