<?xml version="1.0"?>
<opencv_storage>
<hand_left type_id="opencv-matrix">
  <rows>21</rows>
  <cols>3</cols>
  <dt>f</dt>
  <data>
    -8.29653800e-06 -7.66872108e-06 3.65250071e-06 5.90677142e-01
    -3.88070822e-01 7.08151698e-01 1.33824956e+00 -6.56339586e-01
    -2.39404291e-02 1.73417568e+00 -5.64992428e-01 -8.25149000e-01
    1.95823944e+00 -5.55987954e-01 -1.45018959e+00 5.91325045e-01
    -5.98972678e-01 -1.14987934e+00 1.03316367e+00 -4.27318394e-01
    -1.90892911e+00 1.48654294e+00 -2.10692197e-01 -2.03071928e+00
    1.81625366e+00 -4.93329465e-02 -2.08369660e+00 2.32373938e-01
    -8.19352344e-02 -1.29692864e+00 7.49341488e-01 1.82276234e-01
    -1.95279801e+00 1.14979577e+00 4.26254779e-01 -1.86796665e+00
    1.43004346e+00 5.55441022e-01 -1.73735940e+00 -3.53592262e-03
    3.92562687e-01 -1.18415773e+00 4.69512820e-01 7.04020977e-01
    -1.68425488e+00 8.39775085e-01 9.17122126e-01 -1.52405739e+00
    1.05513847e+00 1.00956583e+00 -1.31008005e+00 -1.82273403e-01
    9.55053747e-01 -9.07965243e-01 3.18090737e-01 1.32990205e+00
    -1.42367244e+00 5.80320120e-01 1.48967910e+00 -1.34317970e+00
    7.87712753e-01 1.60297024e+00 -1.26328874e+00</data></hand_left>
</opencv_storage>
