<?xml version="1.0"?>
<opencv_storage>
<hand_left type_id="opencv-matrix">
  <rows>21</rows>
  <cols>3</cols>
  <dt>f</dt>
  <data>
    -8.29311102e-06 -7.67055826e-06 3.65343294e-06 5.90832829e-01
    -3.87807369e-01 7.08148181e-01 1.33842742e+00 -6.55938506e-01
    -2.39488631e-02 1.73427677e+00 -5.64591587e-01 -8.25196385e-01
    1.95827210e+00 -5.55573404e-01 -1.45023179e+00 5.91384768e-01
    -5.98974645e-01 -1.14983928e+00 1.03306639e+00 -4.27347422e-01
    -1.90902567e+00 1.48638248e+00 -2.10636020e-01 -2.03099823e+00
    1.81607819e+00 -4.91765738e-02 -2.08411598e+00 2.32274935e-01
    -8.20582360e-02 -1.29692721e+00 7.49034703e-01 1.82154670e-01
    -1.95298243e+00 1.14943123e+00 4.26252902e-01 -1.86843395e+00
    1.42967927e+00 5.55553496e-01 -1.73806906e+00 -3.76309827e-03
    3.92389596e-01 -1.18421316e+00 4.69124377e-01 7.03895271e-01
    -1.68444586e+00 8.39300692e-01 9.17118847e-01 -1.52444971e+00
    1.05463374e+00 1.00966406e+00 -1.31066597e+00 -1.82644546e-01
    9.54864979e-01 -9.08083141e-01 3.17541212e-01 1.32980084e+00
    -1.42391336e+00 5.79739988e-01 1.48966050e+00 -1.34348083e+00
    7.87099600e-01 1.60302305e+00 -1.26362348e+00</data></hand_left>
</opencv_storage>
