<?xml version="1.0"?>
<opencv_storage>
<hand_left type_id="opencv-matrix">
  <rows>21</rows>
  <cols>3</cols>
  <dt>f</dt>
  <data>
    -8.29381679e-06 -7.66960602e-06 3.65232881e-06 5.90749741e-01
    -3.88046086e-01 7.08077431e-01 1.33832145e+00 -6.56129003e-01
    -2.40423083e-02 1.73423684e+00 -5.64689934e-01 -8.25228572e-01
    1.95826113e+00 -5.55594504e-01 -1.45023727e+00 5.91328740e-01
    -5.98804295e-01 -1.14993727e+00 1.03303099e+00 -4.27094698e-01
    -1.90905905e+00 1.48627090e+00 -2.10474014e-01 -2.03093839e+00
    1.81587303e+00 -4.91328537e-02 -2.08401465e+00 2.32303560e-01
    -8.18087608e-02 -1.29693186e+00 7.49099255e-01 1.82464749e-01
    -1.95287299e+00 1.14941454e+00 4.26428288e-01 -1.86820817e+00
    1.42953181e+00 5.55572331e-01 -1.73781371e+00 -3.66277248e-03
    3.92645538e-01 -1.18411291e+00 4.69218314e-01 7.04166651e-01
    -1.68429506e+00 8.39384198e-01 9.17273641e-01 -1.52424884e+00
    1.05466735e+00 1.00969529e+00 -1.31048155e+00 -1.82461739e-01
    9.55086768e-01 -9.07863975e-01 3.17736268e-01 1.33002603e+00
    -1.42362797e+00 5.79909444e-01 1.48981881e+00 -1.34319186e+00
    7.87249327e-01 1.60313022e+00 -1.26341224e+00</data></hand_left>
</opencv_storage>
