<?xml version="1.0"?>
<opencv_storage>
<hand_right type_id="opencv-matrix">
  <rows>21</rows>
  <cols>3</cols>
  <dt>f</dt>
  <data>
    -8.29500186e-06 -7.67632264e-06 3.65667597e-06 5.91518998e-01
    -3.88307005e-01 7.07427263e-01 1.33847189e+00 -6.55940175e-01
    -2.56478786e-02 1.73352504e+00 -5.63899040e-01 -8.27233374e-01
    1.95702016e+00 -5.54468870e-01 -1.45258677e+00 5.90407550e-01
    -5.98247886e-01 -1.15080631e+00 1.03166747e+00 -4.25925970e-01
    -1.90999365e+00 1.48507071e+00 -2.08958209e-01 -2.03161907e+00
    1.81477785e+00 -4.73747551e-02 -2.08433104e+00 2.31191933e-01
    -8.11811760e-02 -1.29723394e+00 7.47650504e-01 1.83608547e-01
    -1.95331585e+00 1.14833844e+00 4.27727312e-01 -1.86829114e+00
    1.42882943e+00 5.56980252e-01 -1.73736334e+00 -4.70255315e-03
    3.93225461e-01 -1.18397915e+00 4.67959881e-01 7.05111206e-01
    -1.68422294e+00 8.38472605e-01 9.18236017e-01 -1.52388704e+00
    1.05411983e+00 1.01063251e+00 -1.30959737e+00 -1.83267042e-01
    9.55573678e-01 -9.07330513e-01 3.16719830e-01 1.33078885e+00
    -1.42323005e+00 5.79087615e-01 1.49059129e+00 -1.34276175e+00
    7.86598921e-01 1.60385907e+00 -1.26275265e+00</data></hand_right>
</opencv_storage>
