<?xml version="1.0"?>
<opencv_storage>
<hand_left type_id="opencv-matrix">
  <rows>21</rows>
  <cols>3</cols>
  <dt>f</dt>
  <data>
    -8.28478369e-06 -7.67712208e-06 3.66339418e-06 5.91926038e-01
    -3.87576759e-01 7.07445145e-01 1.33895409e+00 -6.55009747e-01
    -2.55690068e-02 1.73392034e+00 -5.63210964e-01 -8.27208340e-01
    1.95727670e+00 -5.53960919e-01 -1.45252550e+00 5.90603590e-01
    -5.98267496e-01 -1.15066469e+00 1.03133678e+00 -4.26100671e-01
    -1.91021168e+00 1.48416591e+00 -2.09109128e-01 -2.03238797e+00
    1.81343496e+00 -4.75570261e-02 -2.08569360e+00 2.30969086e-01
    -8.15410241e-02 -1.29725492e+00 7.46871173e-01 1.83259085e-01
    -1.95364916e+00 1.14698529e+00 4.27518427e-01 -1.86911476e+00
    1.42702627e+00 5.56812465e-01 -1.73875582e+00 -5.26297092e-03
    3.92727762e-01 -1.18412876e+00 4.66792107e-01 7.04680264e-01
    -1.68480194e+00 8.36962581e-01 9.18077469e-01 -1.52497196e+00
    1.05239797e+00 1.01061070e+00 -1.31123292e+00 -1.84203088e-01
    9.55051124e-01 -9.07647312e-01 3.15140724e-01 1.33037639e+00
    -1.42395818e+00 5.77233076e-01 1.49038363e+00 -1.34377646e+00
    7.84561157e-01 1.60387206e+00 -1.26422489e+00</data></hand_left>
</opencv_storage>
