<?xml version="1.0"?>
<opencv_storage>
<hand_left type_id="opencv-matrix">
  <rows>21</rows>
  <cols>3</cols>
  <dt>f</dt>
  <data>
    -8.29330838e-06 -7.67096572e-06 3.65780625e-06 5.91014504e-01
    -3.87608439e-01 7.08132505e-01 1.33848071e+00 -6.55844867e-01
    -2.40908414e-02 1.73414564e+00 -5.64614296e-01 -8.25431287e-01
    1.95803809e+00 -5.55723548e-01 -1.45055151e+00 5.91207564e-01
    -5.99196732e-01 -1.14981985e+00 1.03276944e+00 -4.27657664e-01
    -1.90904403e+00 1.48603940e+00 -2.10916221e-01 -2.03098583e+00
    1.81566668e+00 -4.94552553e-02 -2.08407450e+00 2.32044682e-01
    -8.23277906e-02 -1.29695499e+00 7.48720288e-01 1.81813553e-01
    -1.95307183e+00 1.14912653e+00 4.25954878e-01 -1.86844218e+00
    1.42938423e+00 5.55285394e-01 -1.73795438e+00 -3.98651138e-03
    3.92134458e-01 -1.18429375e+00 4.68801081e-01 7.03559160e-01
    -1.68464518e+00 8.39042783e-01 9.16838169e-01 -1.52463806e+00
    1.05447078e+00 1.00944567e+00 -1.31076741e+00 -1.82825044e-01
    9.54671443e-01 -9.08255994e-01 3.17278713e-01 1.32947958e+00
    -1.42424166e+00 5.79494715e-01 1.48937142e+00 -1.34389186e+00
    7.86895037e-01 1.60277128e+00 -1.26408029e+00</data></hand_left>
</opencv_storage>
