<?xml version="1.0"?>
<opencv_storage>
<hand_left type_id="opencv-matrix">
  <rows>21</rows>
  <cols>3</cols>
  <dt>f</dt>
  <data>
    -8.29135752e-06 -7.67306301e-06 3.66081258e-06 5.91332853e-01
    -3.87590826e-01 7.07906544e-01 1.33859229e+00 -6.55667663e-01
    -2.45950073e-02 1.73397422e+00 -5.64303517e-01 -8.26055467e-01
    1.95765400e+00 -5.55336714e-01 -1.45125663e+00 5.90910435e-01
    -5.99016130e-01 -1.15009916e+00 1.03223085e+00 -4.27316487e-01
    -1.90941429e+00 1.48538351e+00 -2.10506439e-01 -2.03130507e+00
    1.81489658e+00 -4.90391552e-02 -2.08433366e+00 2.31619179e-01
    -8.21751431e-02 -1.29707158e+00 7.48083174e-01 1.82144865e-01
    -1.95326972e+00 1.14842522e+00 4.26312089e-01 -1.86855435e+00
    1.42860079e+00 5.55612087e-01 -1.73795879e+00 -4.43908572e-03
    3.92251074e-01 -1.18427765e+00 4.68164861e-01 7.03810930e-01
    -1.68473160e+00 8.38393033e-01 9.17101145e-01 -1.52466965e+00
    1.05376995e+00 1.00964463e+00 -1.31070244e+00 -1.83257625e-01
    9.54757035e-01 -9.08122122e-01 3.16639006e-01 1.32968307e+00
    -1.42420912e+00 5.78820348e-01 1.48958170e+00 -1.34386802e+00
    7.86165714e-01 1.60297096e+00 -1.26409221e+00</data></hand_left>
</opencv_storage>
