<?xml version="1.0"?>
<opencv_storage>
<hand_right type_id="opencv-matrix">
  <rows>21</rows>
  <cols>3</cols>
  <dt>f</dt>
  <data>
    -8.29193414e-06 -7.67333404e-06 3.65733695e-06 5.91266036e-01
    -3.87740284e-01 7.07878292e-01 1.33857143e+00 -6.55711055e-01
    -2.46380270e-02 1.73399591e+00 -5.64207613e-01 -8.26091290e-01
    1.95771837e+00 -5.55133283e-01 -1.45127916e+00 5.90958178e-01
    -5.98846912e-01 -1.15016484e+00 1.03234220e+00 -4.27044392e-01
    -1.90945423e+00 1.48562479e+00 -2.10189015e-01 -2.03142071e+00
    1.81528747e+00 -4.86398637e-02 -2.08448100e+00 2.31694788e-01
    -8.19673166e-02 -1.29706454e+00 7.48204947e-01 1.82413325e-01
    -1.95325601e+00 1.14867604e+00 4.26606119e-01 -1.86863029e+00
    1.42900324e+00 5.55963039e-01 -1.73811710e+00 -4.35600802e-03
    3.92449230e-01 -1.18421316e+00 4.68314409e-01 7.04070807e-01
    -1.68459153e+00 8.38609576e-01 9.17360544e-01 -1.52456963e+00
    1.05408549e+00 1.00993574e+00 -1.31065416e+00 -1.83175430e-01
    9.54908311e-01 -9.07983065e-01 3.16788584e-01 1.32992244e+00
    -1.42400396e+00 5.79037607e-01 1.48982811e+00 -1.34364104e+00
    7.86446989e-01 1.60320854e+00 -1.26379418e+00</data></hand_right>
</opencv_storage>
