<?xml version="1.0"?>
<opencv_storage>
<hand_left type_id="opencv-matrix">
  <rows>21</rows>
  <cols>3</cols>
  <dt>f</dt>
  <data>
    -8.29431065e-06 -7.67428901e-06 3.66478844e-06 5.91447353e-01
    -3.87467742e-01 7.08004355e-01 1.33867943e+00 -6.55735135e-01
    -2.46008188e-02 1.73397195e+00 -5.64500988e-01 -8.26168180e-01
    1.95761824e+00 -5.55698991e-01 -1.45148814e+00 5.90854049e-01
    -5.99327207e-01 -1.15008223e+00 1.03220308e+00 -4.27721590e-01
    -1.90938997e+00 1.48537612e+00 -2.10899353e-01 -2.03107381e+00
    1.81485200e+00 -4.94510829e-02 -2.08389616e+00 2.31563538e-01
    -8.24573562e-02 -1.29715526e+00 7.48089790e-01 1.81768611e-01
    -1.95335925e+00 1.14847648e+00 4.25950050e-01 -1.86837411e+00
    1.42864323e+00 5.55243552e-01 -1.73747253e+00 -4.45465371e-03
    3.92035156e-01 -1.18442619e+00 4.68187571e-01 7.03490674e-01
    -1.68494546e+00 8.38486552e-01 9.16798294e-01 -1.52470315e+00
    1.05390882e+00 1.00935078e+00 -1.31046522e+00 -1.83197290e-01
    9.54671264e-01 -9.08372462e-01 3.16779464e-01 1.32941437e+00
    -1.42457891e+00 5.78996181e-01 1.48931944e+00 -1.34421694e+00
    7.86371052e-01 1.60271907e+00 -1.26437259e+00</data></hand_left>
</opencv_storage>
