<?xml version="1.0"?>
<opencv_storage>
<hand_left type_id="opencv-matrix">
  <rows>21</rows>
  <cols>3</cols>
  <dt>f</dt>
  <data>
    -8.29501641e-06 -7.66903395e-06 3.65269716e-06 5.90621591e-01
    -3.87871176e-01 7.08280921e-01 1.33831608e+00 -6.56156003e-01
    -2.36316770e-02 1.73436773e+00 -5.64929485e-01 -8.24769616e-01
    1.95849109e+00 -5.55961251e-01 -1.44974232e+00 5.91486812e-01
    -5.99156141e-01 -1.14967823e+00 1.03332686e+00 -4.27669168e-01
    -1.90879226e+00 1.48663640e+00 -2.11087227e-01 -2.03065133e+00
    1.81630099e+00 -4.97372746e-02 -2.08371067e+00 2.32505336e-01
    -8.21824074e-02 -1.29687059e+00 7.49408960e-01 1.81887954e-01
    -1.95283270e+00 1.14976633e+00 4.25882667e-01 -1.86823332e+00
    1.42994094e+00 5.55098176e-01 -1.73785043e+00 -3.46242636e-03
    3.92316043e-01 -1.18422747e+00 4.69536215e-01 7.03686893e-01
    -1.68441594e+00 8.39687347e-01 9.16835785e-01 -1.52439594e+00
    1.05496013e+00 1.00933242e+00 -1.31062269e+00 -1.82286143e-01
    9.54842389e-01 -9.08165574e-01 3.18031251e-01 1.32963645e+00
    -1.42393672e+00 5.80219626e-01 1.48944223e+00 -1.34348822e+00
    7.87563980e-01 1.60277319e+00 -1.26365948e+00</data></hand_left>
</opencv_storage>
