<?xml version="1.0"?>
<opencv_storage>
<hand_right type_id="opencv-matrix">
  <rows>21</rows>
  <cols>3</cols>
  <dt>f</dt>
  <data>
    -8.29399960e-06 -7.67156052e-06 3.65103824e-06 5.90915620e-01
    -3.88295412e-01 7.07831442e-01 1.33834672e+00 -6.56109273e-01
    -2.45721936e-02 1.73407722e+00 -5.64343333e-01 -8.25828254e-01
    1.95797658e+00 -5.55009246e-01 -1.45092583e+00 5.91087461e-01
    -5.98425329e-01 -1.15028501e+00 1.03270650e+00 -4.26397741e-01
    -1.90937781e+00 1.48603582e+00 -2.09661692e-01 -2.03115892e+00
    1.81569922e+00 -4.82296050e-02 -2.08409500e+00 2.32034236e-01
    -8.13662484e-02 -1.29701996e+00 7.48754203e-01 1.83160141e-01
    -1.95296144e+00 1.14921474e+00 4.27146554e-01 -1.86820412e+00
    1.42946780e+00 5.56302547e-01 -1.73767531e+00 -3.90073285e-03
    3.93058985e-01 -1.18398929e+00 4.68941599e-01 7.04767525e-01
    -1.68412960e+00 8.39218318e-01 9.17842627e-01 -1.52399886e+00
    1.05461895e+00 1.01022100e+00 -1.31012106e+00 -1.82628900e-01
    9.55418825e-01 -9.07514930e-01 3.17529082e-01 1.33053768e+00
    -1.42324734e+00 5.79777718e-01 1.49032032e+00 -1.34278107e+00
    7.87179649e-01 1.60359406e+00 -1.26290786e+00</data></hand_right>
</opencv_storage>
