<?xml version="1.0"?>
<opencv_storage>
<hand_right type_id="opencv-matrix">
  <rows>21</rows>
  <cols>3</cols>
  <dt>f</dt>
  <data>
    -8.29336022e-06 -7.66964058e-06 3.65636538e-06 5.90866983e-01
    -3.87584746e-01 7.08244920e-01 1.33844185e+00 -6.55913472e-01
    -2.38112360e-02 1.73426270e+00 -5.64783931e-01 -8.25085640e-01
    1.95825911e+00 -5.55960476e-01 -1.45013523e+00 5.91359973e-01
    -5.99296272e-01 -1.14967227e+00 1.03301930e+00 -4.27866966e-01
    -1.90888011e+00 1.48628807e+00 -2.11187124e-01 -2.03088546e+00
    1.81593192e+00 -4.97598052e-02 -2.08404756e+00 2.32241094e-01
    -8.24323818e-02 -1.29690301e+00 7.49002397e-01 1.81614220e-01
    -1.95298576e+00 1.14937675e+00 4.25732315e-01 -1.86841786e+00
    1.42959511e+00 5.55052102e-01 -1.73802030e+00 -3.79324704e-03
    3.92041475e-01 -1.18431509e+00 4.69056547e-01 7.03398883e-01
    -1.68464267e+00 8.39266300e-01 9.16674972e-01 -1.52468014e+00
    1.05464852e+00 1.00929117e+00 -1.31089389e+00 -1.82662159e-01
    9.54595864e-01 -9.08347130e-01 3.17497373e-01 1.32935548e+00
    -1.42430413e+00 5.79697132e-01 1.48924589e+00 -1.34395564e+00
    7.87078381e-01 1.60264230e+00 -1.26417720e+00</data></hand_right>
</opencv_storage>
