<?xml version="1.0"?>
<opencv_storage>
<hand_left type_id="opencv-matrix">
  <rows>21</rows>
  <cols>3</cols>
  <dt>f</dt>
  <data>
    -8.29562941e-06 -7.66964968e-06 3.64921107e-06 5.90603769e-01
    -3.88244331e-01 7.08093643e-01 1.33825469e+00 -6.56272650e-01
    -2.39779353e-02 1.73428655e+00 -5.64715922e-01 -8.25104892e-01
    1.95840347e+00 -5.55526614e-01 -1.45008814e+00 5.91431797e-01
    -5.98659098e-01 -1.14996600e+00 1.03327298e+00 -4.26852018e-01
    -1.90900290e+00 1.48661327e+00 -2.10233897e-01 -2.03081942e+00
    1.81630993e+00 -4.88754213e-02 -2.08384442e+00 2.32483611e-01
    -8.15946534e-02 -1.29691434e+00 7.49414980e-01 1.82741120e-01
    -1.95274961e+00 1.14980721e+00 4.26674813e-01 -1.86802220e+00
    1.43000054e+00 5.55812240e-01 -1.73757541e+00 -3.44873965e-03
    3.92865837e-01 -1.18404508e+00 4.69563991e-01 7.04432547e-01
    -1.68409038e+00 8.39762449e-01 9.17489409e-01 -1.52396989e+00
    1.05507481e+00 1.00988281e+00 -1.31015337e+00 -1.82228565e-01
    9.55275238e-01 -9.07721817e-01 3.18108678e-01 1.33026528e+00
    -1.42334080e+00 5.80315351e-01 1.49002516e+00 -1.34283209e+00
    7.87686825e-01 1.60330653e+00 -1.26296675e+00</data></hand_left>
</opencv_storage>
