<?xml version="1.0"?>
<opencv_storage>
<hand_right type_id="opencv-matrix">
  <rows>21</rows>
  <cols>3</cols>
  <dt>f</dt>
  <data>
    -8.28679276e-06 -7.67824804e-06 3.66137442e-06 5.91910124e-01
    -3.87753248e-01 7.07350552e-01 1.33884501e+00 -6.55136168e-01
    -2.57701576e-02 1.73371792e+00 -5.63177228e-01 -8.27434063e-01
    1.95701694e+00 -5.53754926e-01 -1.45279479e+00 5.90418100e-01
    -5.98222733e-01 -1.15077615e+00 1.03120708e+00 -4.25965071e-01
    -1.91028214e+00 1.48427343e+00 -2.08901525e-01 -2.03239393e+00
    1.81375718e+00 -4.72371578e-02 -2.08556223e+00 2.30858028e-01
    -8.14211518e-02 -1.29725456e+00 7.46780038e-01 1.83388099e-01
    -1.95370865e+00 1.14717531e+00 4.27680671e-01 -1.86925960e+00
    1.42749989e+00 5.57068110e-01 -1.73888052e+00 -5.29396534e-03
    3.92870843e-01 -1.18407071e+00 4.66859818e-01 7.04831123e-01
    -1.68470991e+00 8.37173343e-01 9.18198884e-01 -1.52489877e+00
    1.05277872e+00 1.01078343e+00 -1.31113160e+00 -1.84132457e-01
    9.55176055e-01 -9.07516956e-01 3.15308511e-01 1.33053005e+00
    -1.42379332e+00 5.77548981e-01 1.49051166e+00 -1.34359908e+00
    7.84989595e-01 1.60397041e+00 -1.26389062e+00</data></hand_right>
</opencv_storage>
