<?xml version="1.0"?>
<opencv_storage>
<hand_left type_id="opencv-matrix">
  <rows>21</rows>
  <cols>3</cols>
  <dt>f</dt>
  <data>
    -8.29279543e-06 -7.67345500e-06 3.66090808e-06 5.91306686e-01
    -3.87622446e-01 7.07962871e-01 1.33862638e+00 -6.55715704e-01
    -2.45387703e-02 1.73407388e+00 -5.64345717e-01 -8.25986862e-01
    1.95780969e+00 -5.55396318e-01 -1.45122099e+00 5.90970993e-01
    -5.99052489e-01 -1.15009105e+00 1.03235364e+00 -4.27342415e-01
    -1.90935826e+00 1.48549604e+00 -2.10547209e-01 -2.03114510e+00
    1.81497145e+00 -4.91086543e-02 -2.08408451e+00 2.31710136e-01
    -8.21762607e-02 -1.29709411e+00 7.48236656e-01 1.82136834e-01
    -1.95323908e+00 1.14857733e+00 4.26277041e-01 -1.86840010e+00
    1.42872012e+00 5.55538893e-01 -1.73769403e+00 -4.32651117e-03
    3.92273545e-01 -1.18429589e+00 4.68299091e-01 7.03805566e-01
    -1.68475151e+00 8.38563323e-01 9.17081594e-01 -1.52463269e+00
    1.05397618e+00 1.00961578e+00 -1.31059790e+00 -1.83119118e-01
    9.54816043e-01 -9.08144236e-01 3.16833228e-01 1.32967961e+00
    -1.42425013e+00 5.79033136e-01 1.48957896e+00 -1.34391201e+00
    7.86410093e-01 1.60297704e+00 -1.26413345e+00</data></hand_left>
</opencv_storage>
