<?xml version="1.0"?>
<opencv_storage>
<hand_right type_id="opencv-matrix">
  <rows>21</rows>
  <cols>3</cols>
  <dt>f</dt>
  <data>
    -8.29341843e-06 -7.67519032e-06 3.65181222e-06 5.91255188e-01
    -3.88436675e-01 7.07501531e-01 1.33844316e+00 -6.55912817e-01
    -2.53053904e-02 1.73381281e+00 -5.63797235e-01 -8.26702297e-01
    1.95748997e+00 -5.54241300e-01 -1.45190132e+00 5.90742111e-01
    -5.97998857e-01 -1.15070069e+00 1.03209186e+00 -4.25643325e-01
    -1.90986133e+00 1.48540843e+00 -2.08766550e-01 -2.03163624e+00
    1.81507897e+00 -4.72335815e-02 -2.08454752e+00 2.31567934e-01
    -8.09298903e-02 -1.29713893e+00 7.48056650e-01 1.83893859e-01
    -1.95314562e+00 1.14858484e+00 4.27935839e-01 -1.86835599e+00
    1.42895663e+00 5.57130337e-01 -1.73776221e+00 -4.37740237e-03
    3.93435657e-01 -1.18387246e+00 4.68290031e-01 7.05374479e-01
    -1.68403256e+00 8.38652074e-01 9.18463111e-01 -1.52387333e+00
    1.05418694e+00 1.01082778e+00 -1.30990005e+00 -1.83057278e-01
    9.55697119e-01 -9.07162189e-01 3.16933781e-01 1.33103180e+00
    -1.42291749e+00 5.79228461e-01 1.49082470e+00 -1.34245324e+00
    7.86687315e-01 1.60410762e+00 -1.26253402e+00</data></hand_right>
</opencv_storage>
