<?xml version="1.0"?>
<opencv_storage>
<hand_right type_id="opencv-matrix">
  <rows>21</rows>
  <cols>3</cols>
  <dt>f</dt>
  <data>
    -8.29722103e-06 -7.67099846e-06 3.64853668e-06 5.90696454e-01
    -3.88500214e-01 7.07917690e-01 1.33822846e+00 -6.56383991e-01
    -2.43682712e-02 1.73412895e+00 -5.64586759e-01 -8.25538456e-01
    1.95818067e+00 -5.55246830e-01 -1.45059669e+00 5.91239572e-01
    -5.98381758e-01 -1.15023983e+00 1.03309023e+00 -4.26315248e-01
    -1.90917778e+00 1.48649788e+00 -2.09631413e-01 -2.03075385e+00
    1.81620812e+00 -4.82546091e-02 -2.08353901e+00 2.32315272e-01
    -8.12335089e-02 -1.29698980e+00 7.49279618e-01 1.83314040e-01
    -1.95272303e+00 1.14977241e+00 4.27223533e-01 -1.86772466e+00
    1.43003082e+00 5.56313634e-01 -1.73699832e+00 -3.55453044e-03
    3.93222660e-01 -1.18394279e+00 4.69494402e-01 7.04925299e-01
    -1.68388939e+00 8.39792013e-01 9.17914152e-01 -1.52354908e+00
    1.05516160e+00 1.01021397e+00 -1.30948520e+00 -1.82233527e-01
    9.55583155e-01 -9.07437861e-01 3.18146378e-01 1.33067679e+00
    -1.42296815e+00 5.80400825e-01 1.49039483e+00 -1.34238076e+00
    7.87805438e-01 1.60362053e+00 -1.26241553e+00</data></hand_right>
</opencv_storage>
