<?xml version="1.0"?>
<opencv_storage>
<hand_right type_id="opencv-matrix">
  <rows>21</rows>
  <cols>3</cols>
  <dt>f</dt>
  <data>
    -8.29095461e-06 -7.67449728e-06 3.65399364e-06 5.91290951e-01
    -3.88219237e-01 7.07567811e-01 1.33852041e+00 -6.55738115e-01
    -2.51439661e-02 1.73392653e+00 -5.63771784e-01 -8.26538026e-01
    1.95759118e+00 -5.54300547e-01 -1.45171165e+00 5.90847194e-01
    -5.98100781e-01 -1.15058434e+00 1.03211069e+00 -4.25860882e-01
    -1.90983737e+00 1.48528123e+00 -2.09009051e-01 -2.03174353e+00
    1.81484294e+00 -4.75150943e-02 -2.08481741e+00 2.31590733e-01
    -8.11214820e-02 -1.29712272e+00 7.47988522e-01 1.83648646e-01
    -1.95318985e+00 1.14834118e+00 4.27712113e-01 -1.86851323e+00
    1.42856812e+00 5.56905985e-01 -1.73805308e+00 -4.43882123e-03
    3.93221736e-01 -1.18393946e+00 4.68123347e-01 7.05134809e-01
    -1.68419456e+00 8.38356018e-01 9.18282270e-01 -1.52414429e+00
    1.05377436e+00 1.01066899e+00 -1.31030178e+00 -1.83224112e-01
    9.55494642e-01 -9.07322407e-01 3.16642582e-01 1.33081996e+00
    -1.42314947e+00 5.78834414e-01 1.49064720e+00 -1.34273362e+00
    7.86211967e-01 1.60397673e+00 -1.26293874e+00</data></hand_right>
</opencv_storage>
