<?xml version="1.0"?>
<opencv_storage>
<hand_right type_id="opencv-matrix">
  <rows>21</rows>
  <cols>3</cols>
  <dt>f</dt>
  <data>
    -8.29808232e-06 -7.67189158e-06 3.65527171e-06 5.90983331e-01
    -3.87972951e-01 7.08030701e-01 1.33837295e+00 -6.56206012e-01
    -2.43587047e-02 1.73395824e+00 -5.64773917e-01 -8.25764656e-01
    1.95784473e+00 -5.55767298e-01 -1.45096326e+00 5.91068625e-01
    -5.99001110e-01 -1.15007055e+00 1.03279543e+00 -4.27240431e-01
    -1.90916538e+00 1.48632252e+00 -2.10435778e-01 -2.03086805e+00
    1.81616354e+00 -4.89116311e-02 -2.08370042e+00 2.32016668e-01
    -8.19806978e-02 -1.29703319e+00 7.48914957e-01 1.82330504e-01
    -1.95299852e+00 1.14958704e+00 4.26462084e-01 -1.86802959e+00
    1.43009806e+00 5.55811644e-01 -1.73714602e+00 -3.89961898e-03
    3.92518640e-01 -1.18421841e+00 4.69147116e-01 7.04057992e-01
    -1.68433619e+00 8.39560449e-01 9.17250812e-01 -1.52398431e+00
    1.05511236e+00 1.00978029e+00 -1.30968106e+00 -1.82590231e-01
    9.55035806e-01 -9.08013344e-01 3.17775637e-01 1.32992172e+00
    -1.42378962e+00 5.80103576e-01 1.48974478e+00 -1.34325147e+00
    7.87584543e-01 1.60305715e+00 -1.26316273e+00</data></hand_right>
</opencv_storage>
