<?xml version="1.0"?>
<opencv_storage>
<hand_left type_id="opencv-matrix">
  <rows>21</rows>
  <cols>3</cols>
  <dt>f</dt>
  <data>
    -8.29025521e-06 -7.67391612e-06 3.65755750e-06 5.91273606e-01
    -3.87622535e-01 7.07900226e-01 1.33860803e+00 -6.55544519e-01
    -2.45541185e-02 1.73404956e+00 -5.64060807e-01 -8.25980425e-01
    1.95776880e+00 -5.54988682e-01 -1.45113027e+00 5.91035128e-01
    -5.98850012e-01 -1.15009081e+00 1.03236735e+00 -4.27084208e-01
    -1.90942144e+00 1.48559332e+00 -2.10218161e-01 -2.03146362e+00
    1.81521738e+00 -4.86558974e-02 -2.08459902e+00 2.31718764e-01
    -8.20296556e-02 -1.29702950e+00 7.48143077e-01 1.82329223e-01
    -1.95328200e+00 1.14854026e+00 4.26549196e-01 -1.86880827e+00
    1.42881727e+00 5.55931568e-01 -1.73845255e+00 -4.39058989e-03
    3.92360449e-01 -1.18422306e+00 4.68205303e-01 7.03985035e-01
    -1.68465018e+00 8.38423014e-01 9.17313933e-01 -1.52474213e+00
    1.05384243e+00 1.00992274e+00 -1.31096387e+00 -1.83288097e-01
    9.54803407e-01 -9.08031821e-01 3.16592932e-01 1.32984674e+00
    -1.42408109e+00 5.78802526e-01 1.48977947e+00 -1.34375048e+00
    7.86178350e-01 1.60319543e+00 -1.26395357e+00</data></hand_left>
</opencv_storage>
