<?xml version="1.0"?>
<opencv_storage>
<hand_left type_id="opencv-matrix">
  <rows>21</rows>
  <cols>3</cols>
  <dt>f</dt>
  <data>
    -8.29055080e-06 -7.67197616e-06 3.65297569e-06 5.91006279e-01
    -3.87923479e-01 7.07913756e-01 1.33846676e+00 -6.55774355e-01
    -2.43962705e-02 1.73416126e+00 -5.64188123e-01 -8.25686216e-01
    1.95801282e+00 -5.54979146e-01 -1.45074105e+00 5.91183066e-01
    -5.98629177e-01 -1.15009701e+00 1.03265667e+00 -4.26799089e-01
    -1.90935564e+00 1.48589301e+00 -2.10038155e-01 -2.03142023e+00
    1.81553257e+00 -4.85544205e-02 -2.08460784e+00 2.31994361e-01
    -8.17188770e-02 -1.29697955e+00 7.48540699e-01 1.82675198e-01
    -1.95311058e+00 1.14889228e+00 4.26767081e-01 -1.86868143e+00
    1.42910242e+00 5.56032419e-01 -1.73845577e+00 -4.06587124e-03
    3.92673075e-01 -1.18409920e+00 4.68635380e-01 7.04326153e-01
    -1.68439496e+00 8.38793516e-01 9.17531371e-01 -1.52450824e+00
    1.05412507e+00 1.01003027e+00 -1.31087017e+00 -1.82945013e-01
    9.55054343e-01 -9.07793701e-01 3.17047715e-01 1.33016121e+00
    -1.42366552e+00 5.79234779e-01 1.49002063e+00 -1.34327853e+00
    7.86579072e-01 1.60337389e+00 -1.26349568e+00</data></hand_left>
</opencv_storage>
