<?xml version="1.0"?>
<opencv_storage>
<hand_right type_id="opencv-matrix">
  <rows>21</rows>
  <cols>3</cols>
  <dt>f</dt>
  <data>
    -8.29425153e-06 -7.67235179e-06 3.65064739e-06 5.90930045e-01
    -3.88283670e-01 7.07834005e-01 1.33837211e+00 -6.56071663e-01
    -2.45779902e-02 1.73408926e+00 -5.64284682e-01 -8.25854123e-01
    1.95799625e+00 -5.54959178e-01 -1.45094085e+00 5.91130197e-01
    -5.98381698e-01 -1.15029430e+00 1.03273106e+00 -4.26343620e-01
    -1.90941238e+00 1.48605943e+00 -2.09595382e-01 -2.03124380e+00
    1.81574905e+00 -4.81466353e-02 -2.08424187e+00 2.32052922e-01
    -8.13321322e-02 -1.29702568e+00 7.48761773e-01 1.83217689e-01
    -1.95296538e+00 1.14920282e+00 4.27220106e-01 -1.86823606e+00
    1.42947841e+00 5.56400061e-01 -1.73774958e+00 -3.90488282e-03
    3.93082529e-01 -1.18398964e+00 4.68936145e-01 7.04820335e-01
    -1.68410182e+00 8.39193702e-01 9.17911828e-01 -1.52397585e+00
    1.05459356e+00 1.01030231e+00 -1.31009483e+00 -1.82659000e-01
    9.55431104e-01 -9.07510459e-01 3.17503542e-01 1.33058512e+00
    -1.42320979e+00 5.79738259e-01 1.49037313e+00 -1.34271693e+00
    7.87138164e-01 1.60366428e+00 -1.26282716e+00</data></hand_right>
</opencv_storage>
