<?xml version="1.0"?>
<opencv_storage>
<hand_right type_id="opencv-matrix">
  <rows>21</rows>
  <cols>3</cols>
  <dt>f</dt>
  <data>
    -8.28987959e-06 -7.67577421e-06 3.66276595e-06 5.91619909e-01
    -3.87436152e-01 7.07792938e-01 1.33878541e+00 -6.55339956e-01
    -2.49296725e-02 1.73394275e+00 -5.63871026e-01 -8.26518416e-01
    1.95748281e+00 -5.54859221e-01 -1.45181215e+00 5.90775371e-01
    -5.98938882e-01 -1.15024185e+00 1.03188157e+00 -4.27145451e-01
    -1.90966761e+00 1.48501682e+00 -2.10201681e-01 -2.03168273e+00
    1.81454241e+00 -4.86122072e-02 -2.08478260e+00 2.31330082e-01
    -8.21673423e-02 -1.29714417e+00 7.47568607e-01 1.82235956e-01
    -1.95351315e+00 1.14795959e+00 4.26527441e-01 -1.86893725e+00
    1.42824125e+00 5.55945337e-01 -1.73842478e+00 -4.80174646e-03
    3.92221451e-01 -1.18430471e+00 4.67604220e-01 7.03857601e-01
    -1.68491101e+00 8.37897301e-01 9.17266488e-01 -1.52499235e+00
    1.05342722e+00 1.00992715e+00 -1.31109381e+00 -1.83664501e-01
    9.54715133e-01 -9.08129632e-01 3.16044092e-01 1.32971239e+00
    -1.42440617e+00 5.78268766e-01 1.48970103e+00 -1.34416842e+00
    7.85685897e-01 1.60317206e+00 -1.26442075e+00</data></hand_right>
</opencv_storage>
