<?xml version="1.0"?>
<opencv_storage>
<hand_left type_id="opencv-matrix">
  <rows>21</rows>
  <cols>3</cols>
  <dt>f</dt>
  <data>
    -8.29961573e-06 -7.67334677e-06 3.67928806e-06 5.91742814e-01
    -3.86654258e-01 7.08329201e-01 1.33871222e+00 -6.55880570e-01
    -2.43161321e-02 1.73360538e+00 -5.65501451e-01 -8.26157570e-01
    1.95714366e+00 -5.57614446e-01 -1.45167100e+00 5.90584219e-01
    -6.00631535e-01 -1.14961565e+00 1.03192663e+00 -4.29681420e-01
    -1.90894115e+00 1.48511350e+00 -2.12861210e-01 -2.03034663e+00
    1.81451702e+00 -5.14742732e-02 -2.08291936e+00 2.31256053e-01
    -8.39020610e-02 -1.29718935e+00 7.47953832e-01 1.79811701e-01
    -1.95343041e+00 1.14844239e+00 4.24143732e-01 -1.86784220e+00
    1.42866802e+00 5.53581297e-01 -1.73616993e+00 -4.69775125e-03
    3.90731901e-01 -1.18490589e+00 4.68054771e-01 7.01729417e-01
    -1.68560350e+00 8.38557839e-01 9.15217996e-01 -1.52491558e+00
    1.05409420e+00 1.00794733e+00 -1.30990267e+00 -1.83304757e-01
    9.53730464e-01 -9.09440100e-01 3.16802621e-01 1.32782722e+00
    -1.42595625e+00 5.79044819e-01 1.48779440e+00 -1.34560990e+00
    7.86466897e-01 1.60125470e+00 -1.26568246e+00</data></hand_left>
</opencv_storage>
