<?xml version="1.0"?>
<opencv_storage>
<hand_left type_id="opencv-matrix">
  <rows>21</rows>
  <cols>3</cols>
  <dt>f</dt>
  <data>
    -8.29134569e-06 -7.67407892e-06 3.66274458e-06 5.91452837e-01
    -3.87423843e-01 7.07946002e-01 1.33869922e+00 -6.55539334e-01
    -2.46259868e-02 1.73400021e+00 -5.64242363e-01 -8.26173902e-01
    1.95762134e+00 -5.55347443e-01 -1.45144010e+00 5.90880513e-01
    -5.99186480e-01 -1.15007305e+00 1.03213167e+00 -4.27565753e-01
    -1.90946710e+00 1.48531151e+00 -2.10705996e-01 -2.03142548e+00
    1.81485438e+00 -4.91792560e-02 -2.08447409e+00 2.31529847e-01
    -8.23796764e-02 -1.29710698e+00 7.47911930e-01 1.81859896e-01
    -1.95343757e+00 1.14830518e+00 4.26098168e-01 -1.86881304e+00
    1.42854536e+00 5.55474937e-01 -1.73825645e+00 -4.55502048e-03
    3.92061174e-01 -1.18437207e+00 4.67986226e-01 7.03567982e-01
    -1.68494356e+00 8.38249445e-01 9.16932225e-01 -1.52496004e+00
    1.05370235e+00 1.00956106e+00 -1.31101799e+00 -1.83386296e-01
    9.54624295e-01 -9.08297896e-01 3.16466570e-01 1.32948649e+00
    -1.42453527e+00 5.78684151e-01 1.48943615e+00 -1.34424663e+00
    7.86071062e-01 1.60287094e+00 -1.26445818e+00</data></hand_left>
</opencv_storage>
