<?xml version="1.0"?>
<opencv_storage>
<hand_right type_id="opencv-matrix">
  <rows>21</rows>
  <cols>3</cols>
  <dt>f</dt>
  <data>
    -8.29323290e-06 -7.67065649e-06 3.65447931e-06 5.90897799e-01
    -3.87766808e-01 7.08112001e-01 1.33840239e+00 -6.55938029e-01
    -2.40691006e-02 1.73414683e+00 -5.64624786e-01 -8.25379133e-01
    1.95808041e+00 -5.55652618e-01 -1.45044231e+00 5.91254592e-01
    -5.99062383e-01 -1.14984906e+00 1.03285956e+00 -4.27500010e-01
    -1.90908647e+00 1.48620343e+00 -2.10788578e-01 -2.03112745e+00
    1.81593370e+00 -4.93134558e-02 -2.08428311e+00 2.32142493e-01
    -8.21496323e-02 -1.29693055e+00 7.48837233e-01 1.81998581e-01
    -1.95306063e+00 1.14927649e+00 4.26104784e-01 -1.86858618e+00
    1.42958498e+00 5.55424750e-01 -1.73827219e+00 -3.87118384e-03
    3.92309129e-01 -1.18422735e+00 4.68979478e-01 7.03766584e-01
    -1.68450558e+00 8.39187920e-01 9.16993201e-01 -1.52455819e+00
    1.05457032e+00 1.00955892e+00 -1.31078935e+00 -1.82705760e-01
    9.54802513e-01 -9.08124328e-01 3.17462564e-01 1.32968557e+00
    -1.42401350e+00 5.79686999e-01 1.48954463e+00 -1.34359741e+00
    7.87074387e-01 1.60290754e+00 -1.26372933e+00</data></hand_right>
</opencv_storage>
