<?xml version="1.0"?>
<opencv_storage>
<hand_right type_id="opencv-matrix">
  <rows>21</rows>
  <cols>3</cols>
  <dt>f</dt>
  <data>
    -8.29013061e-06 -7.67205802e-06 3.65527467e-06 5.91107428e-01
    -3.87853712e-01 7.07879841e-01 1.33851326e+00 -6.55701339e-01
    -2.44944990e-02 1.73413801e+00 -5.64140677e-01 -8.25800478e-01
    1.95795310e+00 -5.54971933e-01 -1.45088828e+00 5.91103375e-01
    -5.98653913e-01 -1.15011823e+00 1.03248739e+00 -4.26820159e-01
    -1.90937710e+00 1.48562026e+00 -2.10064560e-01 -2.03141356e+00
    1.81514764e+00 -4.86209989e-02 -2.08460569e+00 2.31878027e-01
    -8.17685723e-02 -1.29699540e+00 7.48353064e-01 1.82635233e-01
    -1.95312011e+00 1.14863825e+00 4.26716983e-01 -1.86862385e+00
    1.42877126e+00 5.55950165e-01 -1.73835158e+00 -4.18400392e-03
    3.92616868e-01 -1.18410873e+00 4.68402207e-01 7.04251051e-01
    -1.68447959e+00 8.38585675e-01 9.17477369e-01 -1.52461147e+00
    1.05396521e+00 1.00999117e+00 -1.31098139e+00 -1.83047175e-01
    9.55009580e-01 -9.07811105e-01 3.16844165e-01 1.33006847e+00
    -1.42377913e+00 5.79016745e-01 1.48994839e+00 -1.34348130e+00
    7.86378682e-01 1.60333312e+00 -1.26380610e+00</data></hand_right>
</opencv_storage>
