<?xml version="1.0"?>
<opencv_storage>
<hand_right type_id="opencv-matrix">
  <rows>21</rows>
  <cols>3</cols>
  <dt>f</dt>
  <data>
    -8.28895190e-06 -7.67445181e-06 3.66157838e-06 5.91525257e-01
    -3.87345672e-01 7.07847059e-01 1.33869064e+00 -6.55351281e-01
    -2.47725099e-02 1.73386109e+00 -5.64000785e-01 -8.26363325e-01
    1.95741630e+00 -5.55073619e-01 -1.45159376e+00 5.90824246e-01
    -5.99057794e-01 -1.15008831e+00 1.03193724e+00 -4.27414119e-01
    -1.90956402e+00 1.48515797e+00 -2.10477680e-01 -2.03180289e+00
    1.81481314e+00 -4.88381088e-02 -2.08508229e+00 2.31393218e-01
    -8.23293999e-02 -1.29705882e+00 7.47634709e-01 1.81943983e-01
    -1.95349646e+00 1.14807606e+00 4.26274210e-01 -1.86915910e+00
    1.42846417e+00 5.55777311e-01 -1.73886967e+00 -4.75304201e-03
    3.92052889e-01 -1.18431854e+00 4.67705786e-01 7.03627467e-01
    -1.68489182e+00 8.37971449e-01 9.17064369e-01 -1.52509284e+00
    1.05350339e+00 1.00979161e+00 -1.31131959e+00 -1.83653280e-01
    9.54536557e-01 -9.08233166e-01 3.16093802e-01 1.32951629e+00
    -1.42446446e+00 5.78322887e-01 1.48950946e+00 -1.34421217e+00
    7.85740376e-01 1.60298109e+00 -1.26443255e+00</data></hand_right>
</opencv_storage>
