<?xml version="1.0"?>
<opencv_storage>
<hand_right type_id="opencv-matrix">
  <rows>21</rows>
  <cols>3</cols>
  <dt>f</dt>
  <data>
    -8.29250894e-06 -7.67185156e-06 3.65385858e-06 5.91010749e-01
    -3.87935966e-01 7.07930446e-01 1.33844721e+00 -6.55862808e-01
    -2.44102627e-02 1.73410940e+00 -5.64306855e-01 -8.25718820e-01
    1.95797956e+00 -5.55147767e-01 -1.45081067e+00 5.91146588e-01
    -5.98696709e-01 -1.15009165e+00 1.03265119e+00 -4.26871538e-01
    -1.90930080e+00 1.48592353e+00 -2.10108876e-01 -2.03130078e+00
    1.81558490e+00 -4.86288667e-02 -2.08444905e+00 2.31989458e-01
    -8.17632601e-02 -1.29698312e+00 7.48597383e-01 1.82616651e-01
    -1.95305943e+00 1.14900911e+00 4.26708102e-01 -1.86850774e+00
    1.42929268e+00 5.55988908e-01 -1.73814690e+00 -4.03199345e-03
    3.92648607e-01 -1.18411088e+00 4.68707979e-01 7.04266667e-01
    -1.68437672e+00 8.38949203e-01 9.17475522e-01 -1.52441871e+00
    1.05439615e+00 1.01000547e+00 -1.31066310e+00 -1.82857782e-01
    9.55054522e-01 -9.07821715e-01 3.17194670e-01 1.33009243e+00
    -1.42368972e+00 5.79419136e-01 1.48995078e+00 -1.34331846e+00
    7.86830306e-01 1.60331941e+00 -1.26351261e+00</data></hand_right>
</opencv_storage>
