<?xml version="1.0"?>
<opencv_storage>
<hand_right type_id="opencv-matrix">
  <rows>21</rows>
  <cols>3</cols>
  <dt>f</dt>
  <data>
    -8.29208420e-06 -7.67596612e-06 3.66640097e-06 5.91767251e-01
    -3.87428045e-01 7.07718849e-01 1.33873820e+00 -6.55493736e-01
    -2.51844376e-02 1.73366904e+00 -5.64081550e-01 -8.26872110e-01
    1.95710957e+00 -5.55202484e-01 -1.45226276e+00 5.90517521e-01
    -5.99058568e-01 -1.15033770e+00 1.03160667e+00 -4.27240610e-01
    -1.90969825e+00 1.48476076e+00 -2.10264236e-01 -2.03148746e+00
    1.81424785e+00 -4.87022698e-02 -2.08437967e+00 2.31083483e-01
    -8.22648853e-02 -1.29720712e+00 7.47396410e-01 1.82174623e-01
    -1.95348668e+00 1.14786530e+00 4.26473141e-01 -1.86851668e+00
    1.42816544e+00 5.55867910e-01 -1.73757708e+00 -4.97760996e-03
    3.92152220e-01 -1.18434179e+00 4.67475414e-01 7.03773379e-01
    -1.68491924e+00 8.37894320e-01 9.17165518e-01 -1.52470672e+00
    1.05348217e+00 1.00978708e+00 -1.31041873e+00 -1.83721736e-01
    9.54693794e-01 -9.08170402e-01 3.16028744e-01 1.32959938e+00
    -1.42445862e+00 5.78283191e-01 1.48956203e+00 -1.34418166e+00
    7.85721183e-01 1.60299504e+00 -1.26437426e+00</data></hand_right>
</opencv_storage>
