<?xml version="1.0"?>
<opencv_storage>
<hand_right type_id="opencv-matrix">
  <rows>21</rows>
  <cols>3</cols>
  <dt>f</dt>
  <data>
    -8.28775774e-06 -7.67593338e-06 3.66120776e-06 5.91671348e-01
    -3.87732685e-01 7.07577586e-01 1.33881807e+00 -6.55294120e-01
    -2.52747387e-02 1.73399019e+00 -5.63534975e-01 -8.26820612e-01
    1.95749342e+00 -5.54284632e-01 -1.45210147e+00 5.90754628e-01
    -5.98358452e-01 -1.15054715e+00 1.03172302e+00 -4.26246464e-01
    -1.90997875e+00 1.48465776e+00 -2.09326029e-01 -2.03200030e+00
    1.81398737e+00 -4.78245318e-02 -2.08517671e+00 2.31269807e-01
    -8.15439895e-02 -1.29720592e+00 7.47395635e-01 1.83174476e-01
    -1.95346999e+00 1.14757204e+00 4.27357405e-01 -1.86881840e+00
    1.42763746e+00 5.56601405e-01 -1.73835933e+00 -4.88710776e-03
    3.92775178e-01 -1.18411756e+00 4.67370987e-01 7.04646707e-01
    -1.68467093e+00 8.37563157e-01 9.17964816e-01 -1.52473271e+00
    1.05298269e+00 1.01045609e+00 -1.31090975e+00 -1.83772132e-01
    9.55130160e-01 -9.07658756e-01 3.15794289e-01 1.33036697e+00
    -1.42383921e+00 5.77917933e-01 1.49031842e+00 -1.34358275e+00
    7.85267770e-01 1.60376501e+00 -1.26394892e+00</data></hand_right>
</opencv_storage>
