<?xml version="1.0"?>
<opencv_storage>
<hand_left type_id="opencv-matrix">
  <rows>21</rows>
  <cols>3</cols>
  <dt>f</dt>
  <data>
    -8.29396231e-06 -7.66978337e-06 3.65996902e-06 5.91045022e-01
    -3.87482941e-01 7.08178639e-01 1.33843303e+00 -6.55938387e-01
    -2.40605772e-02 1.73400462e+00 -5.64901948e-01 -8.25488091e-01
    1.95784914e+00 -5.56183279e-01 -1.45063114e+00 5.91134310e-01
    -5.99435985e-01 -1.14974177e+00 1.03264904e+00 -4.28062797e-01
    -1.90904081e+00 1.48595321e+00 -2.11342633e-01 -2.03112769e+00
    1.81565070e+00 -4.98789549e-02 -2.08435917e+00 2.31975242e-01
    -8.25876892e-02 -1.29695487e+00 7.48672366e-01 1.81430653e-01
    -1.95312059e+00 1.14911795e+00 4.25601989e-01 -1.86850083e+00
    1.42945719e+00 5.54988384e-01 -1.73799288e+00 -4.03923914e-03
    3.91900361e-01 -1.18437791e+00 4.68793929e-01 7.03238130e-01
    -1.68474269e+00 8.39060485e-01 9.16545212e-01 -1.52472055e+00
    1.05453384e+00 1.00920236e+00 -1.31077766e+00 -1.82849839e-01
    9.54490125e-01 -9.08442557e-01 3.17298353e-01 1.32919359e+00
    -1.42444968e+00 5.79515278e-01 1.48908269e+00 -1.34409213e+00
    7.86931276e-01 1.60249078e+00 -1.26425052e+00</data></hand_left>
</opencv_storage>
