<?xml version="1.0"?>
<opencv_storage>
<hand_right type_id="opencv-matrix">
  <rows>21</rows>
  <cols>3</cols>
  <dt>f</dt>
  <data>
    -8.29151577e-06 -7.67196707e-06 3.65449887e-06 5.91084480e-01
    -3.87880236e-01 7.07878351e-01 1.33843899e+00 -6.55809879e-01
    -2.45338380e-02 1.73398173e+00 -5.64270854e-01 -8.25917244e-01
    1.95776498e+00 -5.55122018e-01 -1.45102358e+00 5.91063261e-01
    -5.98699570e-01 -1.15012217e+00 1.03245723e+00 -4.26905483e-01
    -1.90942729e+00 1.48575616e+00 -2.10115880e-01 -2.03159499e+00
    1.81548643e+00 -4.85831499e-02 -2.08487654e+00 2.31865287e-01
    -8.17938820e-02 -1.29698825e+00 7.48386383e-01 1.82575122e-01
    -1.95316398e+00 1.14882302e+00 4.26709920e-01 -1.86874688e+00
    1.42919052e+00 5.56052208e-01 -1.73849249e+00 -4.17565927e-03
    3.92604709e-01 -1.18411899e+00 4.68538344e-01 7.04243541e-01
    -1.68440306e+00 8.38759303e-01 9.17476177e-01 -1.52450371e+00
    1.05421746e+00 1.01003551e+00 -1.31077850e+00 -1.83014318e-01
    9.54996169e-01 -9.07833755e-01 3.17005485e-01 1.33006859e+00
    -1.42370653e+00 5.79226851e-01 1.48993206e+00 -1.34331524e+00
    7.86633790e-01 1.60330725e+00 -1.26346612e+00</data></hand_right>
</opencv_storage>
