<?xml version="1.0"?>
<opencv_storage>
<hand_left type_id="opencv-matrix">
  <rows>21</rows>
  <cols>3</cols>
  <dt>f</dt>
  <data>
    -8.29966666e-06 -7.64403103e-06 3.68132214e-06 5.89251041e-01
    -3.83306473e-01 7.11968362e-01 1.33831275e+00 -6.56391203e-01
    -1.69636756e-02 1.73586011e+00 -5.70345163e-01 -8.18172812e-01
    1.96102142e+00 -5.65537870e-01 -1.44275904e+00 5.93494475e-01
    -6.07019246e-01 -1.14468372e+00 1.03677511e+00 -4.40831810e-01
    -1.90448153e+00 1.49063349e+00 -2.25121915e-01 -2.02740312e+00
    1.82086849e+00 -6.39830232e-02 -2.08100033e+00 2.34837502e-01
    -9.09221917e-02 -1.29596066e+00 7.52846479e-01 1.68410182e-01
    -1.95325303e+00 1.15327168e+00 4.12908375e-01 -1.87020302e+00
    1.43319607e+00 5.42925775e-01 -1.74075341e+00 -1.26780570e-03
    3.84408087e-01 -1.18696153e+00 4.72770840e-01 6.92272305e-01
    -1.68854046e+00 8.42413425e-01 9.06284153e-01 -1.52959299e+00
    1.05686486e+00 1.00000095e+00 -1.31662607e+00 -1.80519029e-01
    9.48868155e-01 -9.14996207e-01 3.20802987e-01 1.32020485e+00
    -1.43258035e+00 5.82916319e-01 1.48043251e+00 -1.35254943e+00
    7.89848626e-01 1.59401131e+00 -1.27283525e+00</data></hand_left>
</opencv_storage>
