<?xml version="1.0"?>
<opencv_storage>
<hand_right type_id="opencv-matrix">
  <rows>21</rows>
  <cols>3</cols>
  <dt>f</dt>
  <data>
    -8.29483724e-06 -7.67264100e-06 3.65666347e-06 5.91089547e-01
    -3.87898088e-01 7.07957149e-01 1.33845901e+00 -6.55982554e-01
    -2.44512260e-02 1.73402691e+00 -5.64510942e-01 -8.25819314e-01
    1.95785892e+00 -5.55454195e-01 -1.45098269e+00 5.91027796e-01
    -5.98903060e-01 -1.15011191e+00 1.03259301e+00 -4.27123129e-01
    -1.90927291e+00 1.48588324e+00 -2.10364014e-01 -2.03097916e+00
    1.81550419e+00 -4.89249527e-02 -2.08384991e+00 2.31894895e-01
    -8.19354504e-02 -1.29704750e+00 7.48601377e-01 1.82421237e-01
    -1.95306182e+00 1.14904797e+00 4.26503986e-01 -1.86817372e+00
    1.42929947e+00 5.55747509e-01 -1.73742914e+00 -4.07269225e-03
    3.92526984e-01 -1.18419564e+00 4.68761861e-01 7.04099655e-01
    -1.68444443e+00 8.39044929e-01 9.17281866e-01 -1.52420402e+00
    1.05443609e+00 1.00974333e+00 -1.31008434e+00 -1.82811901e-01
    9.55019712e-01 -9.07958210e-01 3.17338347e-01 1.32994866e+00
    -1.42383170e+00 5.79569876e-01 1.48977697e+00 -1.34336078e+00
    7.86948562e-01 1.60309744e+00 -1.26344848e+00</data></hand_right>
</opencv_storage>
