<?xml version="1.0"?>
<opencv_storage>
<hand_right type_id="opencv-matrix">
  <rows>21</rows>
  <cols>3</cols>
  <dt>f</dt>
  <data>
    -8.29408145e-06 -7.67059555e-06 3.65594587e-06 5.90935349e-01
    -3.87765676e-01 7.08111346e-01 1.33842242e+00 -6.55966043e-01
    -2.41029859e-02 1.73414981e+00 -5.64657331e-01 -8.25404286e-01
    1.95808113e+00 -5.55696130e-01 -1.45050824e+00 5.91214955e-01
    -5.99091113e-01 -1.14987016e+00 1.03284478e+00 -4.27485675e-01
    -1.90903509e+00 1.48614502e+00 -2.10770667e-01 -2.03091311e+00
    1.81579316e+00 -4.93322909e-02 -2.08395052e+00 2.32111484e-01
    -8.21676180e-02 -1.29695225e+00 7.48861492e-01 1.82022169e-01
    -1.95298827e+00 1.14928901e+00 4.26113844e-01 -1.86828530e+00
    1.42954850e+00 5.55397034e-01 -1.73774338e+00 -3.87990102e-03
    3.92301172e-01 -1.18423557e+00 4.68974978e-01 7.03754067e-01
    -1.68450785e+00 8.39231789e-01 9.16974545e-01 -1.52443135e+00
    1.05465364e+00 1.00952578e+00 -1.31051970e+00 -1.82678550e-01
    9.54816401e-01 -9.08131003e-01 3.17499280e-01 1.32964969e+00
    -1.42402601e+00 5.79727173e-01 1.48950338e+00 -1.34363103e+00
    7.87129879e-01 1.60286462e+00 -1.26378834e+00</data></hand_right>
</opencv_storage>
