<?xml version="1.0"?>
<opencv_storage>
<hand_right type_id="opencv-matrix">
  <rows>21</rows>
  <cols>3</cols>
  <dt>f</dt>
  <data>
    -8.29405053e-06 -7.67022448e-06 3.64998687e-06 5.90728283e-01
    -3.88286710e-01 7.07964599e-01 1.33829236e+00 -6.56176209e-01
    -2.42341757e-02 1.73422360e+00 -5.64509392e-01 -8.25387895e-01
    1.95825028e+00 -5.55227280e-01 -1.45039690e+00 5.91296554e-01
    -5.98501384e-01 -1.15011120e+00 1.03301215e+00 -4.26592886e-01
    -1.90917802e+00 1.48626518e+00 -2.09960848e-01 -2.03097296e+00
    1.81587029e+00 -4.86209691e-02 -2.08397651e+00 2.32299998e-01
    -8.14417824e-02 -1.29695332e+00 7.49096751e-01 1.82988346e-01
    -1.95282578e+00 1.14942658e+00 4.26901996e-01 -1.86811090e+00
    1.42954528e+00 5.55987358e-01 -1.73769522e+00 -3.63939255e-03
    3.92993659e-01 -1.18399405e+00 4.69243824e-01 7.04627275e-01
    -1.68410242e+00 8.39421988e-01 9.17666793e-01 -1.52401412e+00
    1.05470765e+00 1.01001275e+00 -1.31024909e+00 -1.82404980e-01
    9.55365360e-01 -9.07584310e-01 3.17802668e-01 1.33042383e+00
    -1.42325687e+00 5.79986989e-01 1.49018180e+00 -1.34278417e+00
    7.87333965e-01 1.60345745e+00 -1.26298606e+00</data></hand_right>
</opencv_storage>
