<?xml version="1.0"?>
<opencv_storage>
<hand_right type_id="opencv-matrix">
  <rows>21</rows>
  <cols>3</cols>
  <dt>f</dt>
  <data>
    -8.29168766e-06 -7.67182064e-06 3.65324559e-06 5.90997875e-01
    -3.88000876e-01 7.07900643e-01 1.33843708e+00 -6.55870080e-01
    -2.44440436e-02 1.73412609e+00 -5.64260960e-01 -8.25730205e-01
    1.95798838e+00 -5.55053890e-01 -1.45080328e+00 5.91142058e-01
    -5.98618209e-01 -1.15013587e+00 1.03264523e+00 -4.26756471e-01
    -1.90934491e+00 1.48587739e+00 -2.10016757e-01 -2.03129959e+00
    1.81548965e+00 -4.85706925e-02 -2.08439994e+00 2.31990084e-01
    -8.16682279e-02 -1.29699302e+00 7.48573899e-01 1.82739794e-01
    -1.95306814e+00 1.14892960e+00 4.26788896e-01 -1.86852169e+00
    1.42911768e+00 5.56004107e-01 -1.73819590e+00 -4.02824581e-03
    3.92739266e-01 -1.18408287e+00 4.68689680e-01 7.04381108e-01
    -1.68435454e+00 8.38878214e-01 9.17546749e-01 -1.52439594e+00
    1.05422235e+00 1.01000762e+00 -1.31068730e+00 -1.82852492e-01
    9.55130041e-01 -9.07749414e-01 3.17170680e-01 1.33020449e+00
    -1.42360878e+00 5.79366148e-01 1.49004221e+00 -1.34321666e+00
    7.86723018e-01 1.60337925e+00 -1.26343691e+00</data></hand_right>
</opencv_storage>
