<?xml version="1.0"?>
<opencv_storage>
<hand_right type_id="opencv-matrix">
  <rows>21</rows>
  <cols>3</cols>
  <dt>f</dt>
  <data>
    -8.29274632e-06 -7.67154052e-06 3.65519190e-06 5.91017783e-01
    -3.87997150e-01 7.07925200e-01 1.33847952e+00 -6.55907273e-01
    -2.44167745e-02 1.73420060e+00 -5.64341426e-01 -8.25683653e-01
    1.95810080e+00 -5.55173397e-01 -1.45080352e+00 5.91152668e-01
    -5.98647237e-01 -1.15014172e+00 1.03268123e+00 -4.26765114e-01
    -1.90929878e+00 1.48582625e+00 -2.10050732e-01 -2.03109717e+00
    1.81530547e+00 -4.86776531e-02 -2.08408952e+00 2.32012391e-01
    -8.16850364e-02 -1.29702508e+00 7.48651385e-01 1.82761356e-01
    -1.95300925e+00 1.14893818e+00 4.26775545e-01 -1.86822426e+00
    1.42903376e+00 5.55923700e-01 -1.73766756e+00 -3.99288163e-03
    3.92736256e-01 -1.18409777e+00 4.68719006e-01 7.04370618e-01
    -1.68438029e+00 8.38927388e-01 9.17525768e-01 -1.52429795e+00
    1.05427635e+00 1.00994933e+00 -1.31043088e+00 -1.82795376e-01
    9.55158532e-01 -9.07762647e-01 3.17241102e-01 1.33017170e+00
    -1.42364872e+00 5.79414427e-01 1.49000788e+00 -1.34326148e+00
    7.86779284e-01 1.60335970e+00 -1.26351058e+00</data></hand_right>
</opencv_storage>
