<?xml version="1.0"?>
<opencv_storage>
<hand_left type_id="opencv-matrix">
  <rows>21</rows>
  <cols>3</cols>
  <dt>f</dt>
  <data>
    -8.29547298e-06 -7.67140318e-06 3.65611049e-06 5.91021121e-01
    -3.87899876e-01 7.07997680e-01 1.33839703e+00 -6.56068563e-01
    -2.43782848e-02 1.73398244e+00 -5.64651787e-01 -8.25756907e-01
    1.95783365e+00 -5.55632591e-01 -1.45091879e+00 5.91060042e-01
    -5.98961949e-01 -1.15005362e+00 1.03265905e+00 -4.27230954e-01
    -1.90921962e+00 1.48603666e+00 -2.10467070e-01 -2.03105044e+00
    1.81576109e+00 -4.89911139e-02 -2.08403111e+00 2.31959537e-01
    -8.19898918e-02 -1.29701567e+00 7.48720944e-01 1.82310387e-01
    -1.95304036e+00 1.14924693e+00 4.26414311e-01 -1.86821806e+00
    1.42961860e+00 5.55716991e-01 -1.73752689e+00 -3.99552658e-03
    3.92480493e-01 -1.18420362e+00 4.68903482e-01 7.04017401e-01
    -1.68441629e+00 8.39226842e-01 9.17213261e-01 -1.52421749e+00
    1.05471039e+00 1.00973570e+00 -1.31013274e+00 -1.82732120e-01
    9.54974413e-01 -9.07996237e-01 3.17483157e-01 1.32987702e+00
    -1.42383647e+00 5.79747438e-01 1.48970723e+00 -1.34338021e+00
    7.87179232e-01 1.60304236e+00 -1.26343608e+00</data></hand_left>
</opencv_storage>
