<?xml version="1.0"?>
<opencv_storage>
<hand_left type_id="opencv-matrix">
  <rows>21</rows>
  <cols>3</cols>
  <dt>f</dt>
  <data>
    -8.29276541e-06 -7.66968333e-06 3.66169797e-06 5.91088891e-01
    -3.87236297e-01 7.08269119e-01 1.33848751e+00 -6.55809581e-01
    -2.39096582e-02 1.73404074e+00 -5.64946890e-01 -8.25367093e-01
    1.95786595e+00 -5.56362152e-01 -1.45050573e+00 5.91148674e-01
    -5.99713981e-01 -1.14958322e+00 1.03262460e+00 -4.28533792e-01
    -1.90895748e+00 1.48591173e+00 -2.11816579e-01 -2.03113556e+00
    1.81560493e+00 -5.03355861e-02 -2.08441901e+00 2.31944099e-01
    -8.29368532e-02 -1.29693234e+00 7.48575211e-01 1.80917054e-01
    -1.95322204e+00 1.14900494e+00 4.25140858e-01 -1.86875355e+00
    1.42933095e+00 5.54583609e-01 -1.73836005e+00 -4.10695747e-03
    3.91563922e-01 -1.18448436e+00 4.68674779e-01 7.02790141e-01
    -1.68497145e+00 8.38913321e-01 9.16165352e-01 -1.52506459e+00
    1.05436063e+00 1.00889456e+00 -1.31121504e+00 -1.82957828e-01
    9.54216540e-01 -9.08705175e-01 3.17133605e-01 1.32881999e+00
    -1.42484832e+00 5.79346180e-01 1.48875082e+00 -1.34454405e+00
    7.86742508e-01 1.60218883e+00 -1.26473856e+00</data></hand_left>
</opencv_storage>
