<?xml version="1.0"?>
<opencv_storage>
<hand_right type_id="opencv-matrix">
  <rows>21</rows>
  <cols>3</cols>
  <dt>f</dt>
  <data>
    -8.29456621e-06 -7.67056554e-06 3.65612505e-06 5.90913653e-01
    -3.87655318e-01 7.08191812e-01 1.33841598e+00 -6.55980170e-01
    -2.39721090e-02 1.73413920e+00 -5.64793468e-01 -8.25315893e-01
    1.95808053e+00 -5.55944562e-01 -1.45041037e+00 5.91249168e-01
    -5.99282503e-01 -1.14976323e+00 1.03289986e+00 -4.27822530e-01
    -1.90898669e+00 1.48628259e+00 -2.11105913e-01 -2.03096795e+00
    1.81603241e+00 -4.96269464e-02 -2.08406544e+00 2.32146025e-01
    -8.23795199e-02 -1.29693532e+00 7.48905301e-01 1.81680635e-01
    -1.95306027e+00 1.14939177e+00 4.25815672e-01 -1.86848867e+00
    1.42973971e+00 5.55171728e-01 -1.73804057e+00 -3.85309383e-03
    3.92110080e-01 -1.18431067e+00 4.69050258e-01 7.03488290e-01
    -1.68460155e+00 8.39305341e-01 9.16746557e-01 -1.52458310e+00
    1.05472970e+00 1.00935340e+00 -1.31068957e+00 -1.82665527e-01
    9.54668343e-01 -9.08306897e-01 3.17561924e-01 1.32944477e+00
    -1.42423284e+00 5.79807997e-01 1.48931634e+00 -1.34381461e+00
    7.87218153e-01 1.60268748e+00 -1.26391268e+00</data></hand_right>
</opencv_storage>
