<?xml version="1.0"?>
<opencv_storage>
<hand_left type_id="opencv-matrix">
  <rows>21</rows>
  <cols>3</cols>
  <dt>f</dt>
  <data>
    -8.29384862e-06 -7.66985522e-06 3.64913194e-06 5.90662718e-01
    -3.88252676e-01 7.08014369e-01 1.33826637e+00 -6.56183600e-01
    -2.41092891e-02 1.73424983e+00 -5.64570904e-01 -8.25246096e-01
    1.95830762e+00 -5.55322528e-01 -1.45021915e+00 5.91360509e-01
    -5.98562121e-01 -1.15002823e+00 1.03309131e+00 -4.26728547e-01
    -1.90912437e+00 1.48638010e+00 -2.10113794e-01 -2.03102565e+00
    1.81603825e+00 -4.87566590e-02 -2.08412147e+00 2.32377261e-01
    -8.15128013e-02 -1.29691756e+00 7.49175429e-01 1.82845458e-01
    -1.95283031e+00 1.14951825e+00 4.26768035e-01 -1.86825538e+00
    1.42967916e+00 5.55889726e-01 -1.73797643e+00 -3.57063860e-03
    3.92925501e-01 -1.18400931e+00 4.69335526e-01 7.04523444e-01
    -1.68411398e+00 8.39492083e-01 9.17575479e-01 -1.52410936e+00
    1.05478013e+00 1.00995791e+00 -1.31043684e+00 -1.82360291e-01
    9.55300450e-01 -9.07639563e-01 3.17872345e-01 1.33034599e+00
    -1.42330039e+00 5.80061793e-01 1.49010944e+00 -1.34282899e+00
    7.87415564e-01 1.60339904e+00 -1.26301837e+00</data></hand_left>
</opencv_storage>
