<?xml version="1.0"?>
<opencv_storage>
<hand_right type_id="opencv-matrix">
  <rows>21</rows>
  <cols>3</cols>
  <dt>f</dt>
  <data>
    -8.29353576e-06 -7.67236088e-06 3.65265532e-06 5.90994656e-01
    -3.88243377e-01 7.07800686e-01 1.33840203e+00 -6.56001329e-01
    -2.46394426e-02 1.73408043e+00 -5.64226091e-01 -8.25914383e-01
    1.95794976e+00 -5.54894447e-01 -1.45100951e+00 5.91104507e-01
    -5.98340869e-01 -1.15032279e+00 1.03260636e+00 -4.26288962e-01
    -1.90947354e+00 1.48580527e+00 -2.09565878e-01 -2.03130198e+00
    1.81537938e+00 -4.81705666e-02 -2.08435655e+00 2.31990501e-01
    -8.13130662e-02 -1.29703772e+00 7.48626828e-01 1.83277652e-01
    -1.95296466e+00 1.14894474e+00 4.27253842e-01 -1.86819506e+00
    1.42911959e+00 5.56389213e-01 -1.73769784e+00 -3.98573652e-03
    3.93085301e-01 -1.18398428e+00 4.68763858e-01 7.04844415e-01
    -1.68413341e+00 8.38967741e-01 9.17935848e-01 -1.52401161e+00
    1.05433547e+00 1.01030445e+00 -1.31014109e+00 -1.82752788e-01
    9.55422819e-01 -9.07486022e-01 3.17328095e-01 1.33058095e+00
    -1.42319906e+00 5.79503536e-01 1.49036348e+00 -1.34273803e+00
    7.86875546e-01 1.60367882e+00 -1.26292932e+00</data></hand_right>
</opencv_storage>
