<?xml version="1.0"?>
<opencv_storage>
<hand_right type_id="opencv-matrix">
  <rows>21</rows>
  <cols>3</cols>
  <dt>f</dt>
  <data>
    -8.29261262e-06 -7.67203255e-06 3.65651613e-06 5.91103494e-01
    -3.87835979e-01 7.07948744e-01 1.33851469e+00 -6.55828714e-01
    -2.44304985e-02 1.73412395e+00 -5.64342380e-01 -8.25773537e-01
    1.95796752e+00 -5.55260181e-01 -1.45092368e+00 5.91108203e-01
    -5.98804653e-01 -1.15009332e+00 1.03260159e+00 -4.26994503e-01
    -1.90929592e+00 1.48581803e+00 -2.10215539e-01 -2.03116989e+00
    1.81538522e+00 -4.87633348e-02 -2.08419514e+00 2.31918707e-01
    -8.18899944e-02 -1.29702711e+00 7.48531699e-01 1.82494059e-01
    -1.95309687e+00 1.14890766e+00 4.26598758e-01 -1.86836493e+00
    1.42911410e+00 5.55854201e-01 -1.73780513e+00 -4.11159545e-03
    3.92534554e-01 -1.18417203e+00 4.68605369e-01 7.04136491e-01
    -1.68449438e+00 8.38855267e-01 9.17362392e-01 -1.52443302e+00
    1.05427003e+00 1.00987661e+00 -1.31052518e+00 -1.82933688e-01
    9.54988480e-01 -9.07923222e-01 3.17093819e-01 1.32996988e+00
    -1.42386699e+00 5.79300284e-01 1.48984241e+00 -1.34349716e+00
    7.86694109e-01 1.60321987e+00 -1.26369607e+00</data></hand_right>
</opencv_storage>
