<?xml version="1.0"?>
<opencv_storage>
<hand_left type_id="opencv-matrix">
  <rows>21</rows>
  <cols>3</cols>
  <dt>f</dt>
  <data>
    -8.29322562e-06 -7.67320307e-06 3.65035476e-06 5.91015220e-01
    -3.88412118e-01 7.07675636e-01 1.33838677e+00 -6.55990839e-01
    -2.48644352e-02 1.73402262e+00 -5.64008355e-01 -8.26135278e-01
    1.95785654e+00 -5.54500878e-01 -1.45124745e+00 5.91015160e-01
    -5.98102450e-01 -1.15047812e+00 1.03250670e+00 -4.25877869e-01
    -1.90960181e+00 1.48578143e+00 -2.09096104e-01 -2.03143048e+00
    1.81542194e+00 -4.76346612e-02 -2.08443904e+00 2.31907561e-01
    -8.10392052e-02 -1.29705322e+00 7.48512149e-01 1.83672860e-01
    -1.95299137e+00 1.14893985e+00 4.27662492e-01 -1.86827123e+00
    1.42921340e+00 5.56817472e-01 -1.73779655e+00 -4.05325741e-03
    3.93337786e-01 -1.18388665e+00 4.68689799e-01 7.05193341e-01
    -1.68400884e+00 8.38957727e-01 9.18263793e-01 -1.52391553e+00
    1.05440378e+00 1.01062763e+00 -1.31008554e+00 -1.82796702e-01
    9.55611885e-01 -9.07262087e-01 3.17267507e-01 1.33088481e+00
    -1.42294884e+00 5.79506695e-01 1.49066484e+00 -1.34249067e+00
    7.86922991e-01 1.60396004e+00 -1.26263881e+00</data></hand_left>
</opencv_storage>
