<?xml version="1.0"?>
<opencv_storage>
<hand_left type_id="opencv-matrix">
  <rows>21</rows>
  <cols>3</cols>
  <dt>f</dt>
  <data>
    -8.29218607e-06 -7.67031725e-06 3.66029849e-06 5.91087818e-01
    -3.87356460e-01 7.08189130e-01 1.33848703e+00 -6.55774891e-01
    -2.40257382e-02 1.73404562e+00 -5.64771056e-01 -8.25462401e-01
    1.95786381e+00 -5.56068599e-01 -1.45058107e+00 5.91158390e-01
    -5.99478662e-01 -1.14968836e+00 1.03259158e+00 -4.28175747e-01
    -1.90906966e+00 1.48584700e+00 -2.11454332e-01 -2.03127623e+00
    1.81552505e+00 -4.99722064e-02 -2.08460021e+00 2.31941789e-01
    -8.26853290e-02 -1.29693890e+00 7.48523116e-01 1.81280330e-01
    -1.95321023e+00 1.14890981e+00 4.25478995e-01 -1.86878836e+00
    1.42921340e+00 5.54892302e-01 -1.73847222e+00 -4.12225351e-03
    3.91785353e-01 -1.18440461e+00 4.68620151e-01 7.03107357e-01
    -1.68485188e+00 8.38818848e-01 9.16453600e-01 -1.52497160e+00
    1.05423832e+00 1.00914097e+00 -1.31118357e+00 -1.82990521e-01
    9.54374850e-01 -9.08516824e-01 3.17065716e-01 1.32909083e+00
    -1.42459548e+00 5.79256713e-01 1.48900700e+00 -1.34427023e+00
    7.86637783e-01 1.60243940e+00 -1.26447248e+00</data></hand_left>
</opencv_storage>
