<?xml version="1.0"?>
<opencv_storage>
<hand_right type_id="opencv-matrix">
  <rows>21</rows>
  <cols>3</cols>
  <dt>f</dt>
  <data>
    -8.29223973e-06 -7.67377878e-06 3.65977371e-06 5.91358662e-01
    -3.87855828e-01 7.07784593e-01 1.33860087e+00 -6.55746877e-01
    -2.48595327e-02 1.73399234e+00 -5.64161539e-01 -8.26301277e-01
    1.95767879e+00 -5.55039465e-01 -1.45154369e+00 5.90845168e-01
    -5.98708212e-01 -1.15032291e+00 1.03213978e+00 -4.26785469e-01
    -1.90957940e+00 1.48522818e+00 -2.09989816e-01 -2.03135443e+00
    1.81465054e+00 -4.85782921e-02 -2.08430362e+00 2.31586397e-01
    -8.17806125e-02 -1.29713476e+00 7.48039603e-01 1.82714403e-01
    -1.95323861e+00 1.14834607e+00 4.26792443e-01 -1.86836660e+00
    1.42845440e+00 5.55972934e-01 -1.73767781e+00 -4.42511588e-03
    3.92638236e-01 -1.18416607e+00 4.68122602e-01 7.04298317e-01
    -1.68459129e+00 8.38396966e-01 9.17506456e-01 -1.52447224e+00
    1.05382371e+00 1.00995862e+00 -1.31047821e+00 -1.83174908e-01
    9.55097497e-01 -9.07821059e-01 3.16706538e-01 1.33009040e+00
    -1.42388082e+00 5.78898787e-01 1.48995757e+00 -1.34355187e+00
    7.86283493e-01 1.60333037e+00 -1.26381731e+00</data></hand_right>
</opencv_storage>
