<?xml version="1.0"?>
<opencv_storage>
<hand_right type_id="opencv-matrix">
  <rows>21</rows>
  <cols>3</cols>
  <dt>f</dt>
  <data>
    -8.29023520e-06 -7.67520669e-06 3.66049767e-06 5.91523409e-01
    -3.87661964e-01 7.07724154e-01 1.33868766e+00 -6.55490279e-01
    -2.49882787e-02 1.73389995e+00 -5.63901067e-01 -8.26529622e-01
    1.95746636e+00 -5.54790497e-01 -1.45178235e+00 5.90795159e-01
    -5.98690152e-01 -1.15034401e+00 1.03196216e+00 -4.26766753e-01
    -1.90970993e+00 1.48510361e+00 -2.09852010e-01 -2.03164959e+00
    1.81463313e+00 -4.83025312e-02 -2.08471465e+00 2.31402770e-01
    -8.18621516e-02 -1.29714060e+00 7.47731566e-01 1.82677001e-01
    -1.95336699e+00 1.14808464e+00 4.26899403e-01 -1.86865902e+00
    1.42832422e+00 5.56239486e-01 -1.73805785e+00 -4.70182300e-03
    3.92509907e-01 -1.18420088e+00 4.67797577e-01 7.04252958e-01
    -1.68464398e+00 8.38041067e-01 9.17574167e-01 -1.52456915e+00
    1.05347061e+00 1.01011205e+00 -1.31056559e+00 -1.83545738e-01
    9.54935551e-01 -9.07897532e-01 3.16245556e-01 1.33004880e+00
    -1.42396486e+00 5.78424752e-01 1.48996925e+00 -1.34360087e+00
    7.85784423e-01 1.60337257e+00 -1.26379597e+00</data></hand_right>
</opencv_storage>
