<?xml version="1.0"?>
<opencv_storage>
<hand_right type_id="opencv-matrix">
  <rows>21</rows>
  <cols>3</cols>
  <dt>f</dt>
  <data>
    -8.29057262e-06 -7.67318033e-06 3.65424694e-06 5.91197312e-01
    -3.87992084e-01 7.07745969e-01 1.33851194e+00 -6.55720115e-01
    -2.47948617e-02 1.73400164e+00 -5.63987732e-01 -8.26177955e-01
    1.95773160e+00 -5.54698706e-01 -1.45131290e+00 5.90984166e-01
    -5.98435640e-01 -1.15032172e+00 1.03232753e+00 -4.26431477e-01
    -1.90959871e+00 1.48555756e+00 -2.09591448e-01 -2.03164124e+00
    1.81519139e+00 -4.80655730e-02 -2.08480549e+00 2.31735304e-01
    -8.15174580e-02 -1.29705453e+00 7.48194039e-01 1.83037013e-01
    -1.95319247e+00 1.14859009e+00 4.27160472e-01 -1.86866033e+00
    1.42885900e+00 5.56439102e-01 -1.73831463e+00 -4.32188809e-03
    3.92849743e-01 -1.18405211e+00 4.68300283e-01 7.04614937e-01
    -1.68435597e+00 8.38530779e-01 9.17829514e-01 -1.52440536e+00
    1.05395591e+00 1.01032209e+00 -1.31065726e+00 -1.83162317e-01
    9.55190003e-01 -9.07630444e-01 3.16749275e-01 1.33038616e+00
    -1.42352784e+00 5.78959882e-01 1.49025333e+00 -1.34315324e+00
    7.86343694e-01 1.60360932e+00 -1.26335669e+00</data></hand_right>
</opencv_storage>
