<?xml version="1.0"?>
<opencv_storage>
<hand_right type_id="opencv-matrix">
  <rows>21</rows>
  <cols>3</cols>
  <dt>f</dt>
  <data>
    -8.29299097e-06 -7.67499932e-06 3.65667665e-06 5.91399133e-01
    -3.88082802e-01 7.07601070e-01 1.33853126e+00 -6.55796289e-01
    -2.52004564e-02 1.73378658e+00 -5.63959002e-01 -8.26682210e-01
    1.95740592e+00 -5.54660916e-01 -1.45193756e+00 5.90691686e-01
    -5.98393023e-01 -1.15054023e+00 1.03196979e+00 -4.26246852e-01
    -1.90975809e+00 1.48522782e+00 -2.09351480e-01 -2.03156114e+00
    1.81483626e+00 -4.78213131e-02 -2.08449268e+00 2.31440961e-01
    -8.14197585e-02 -1.29714835e+00 7.47885108e-01 1.83246821e-01
    -1.95324230e+00 1.14838517e+00 4.27369803e-01 -1.86840343e+00
    1.42873073e+00 5.56631505e-01 -1.73771119e+00 -4.54157591e-03
    3.92967165e-01 -1.18403840e+00 4.68056709e-01 7.04774857e-01
    -1.68434215e+00 8.38438034e-01 9.17968094e-01 -1.52418911e+00
    1.05400085e+00 1.01043141e+00 -1.31013799e+00 -1.83246106e-01
    9.55329418e-01 -9.07530665e-01 3.16667229e-01 1.33049655e+00
    -1.42347002e+00 5.78945458e-01 1.49034882e+00 -1.34308839e+00
    7.86404073e-01 1.60369265e+00 -1.26322901e+00</data></hand_right>
</opencv_storage>
