<?xml version="1.0"?>
<opencv_storage>
<hand_right type_id="opencv-matrix">
  <rows>21</rows>
  <cols>3</cols>
  <dt>f</dt>
  <data>
    -8.28407246e-06 -7.67860001e-06 3.66579889e-06 5.92131972e-01
    -3.87479722e-01 7.07380295e-01 1.33905959e+00 -6.54894233e-01
    -2.57973373e-02 1.73384452e+00 -5.63082695e-01 -8.27547610e-01
    1.95707691e+00 -5.53873897e-01 -1.45292532e+00 5.90472400e-01
    -5.98289967e-01 -1.15077722e+00 1.03109169e+00 -4.26089346e-01
    -1.91038692e+00 1.48387575e+00 -2.09045082e-01 -2.03251266e+00
    1.81309628e+00 -4.74720001e-02 -2.08575130e+00 2.30748236e-01
    -8.15896168e-02 -1.29733574e+00 7.46567607e-01 1.83265492e-01
    -1.95378137e+00 1.14665556e+00 4.27565873e-01 -1.86913514e+00
    1.42664480e+00 5.56861401e-01 -1.73864746e+00 -5.50876185e-03
    3.92674714e-01 -1.18418825e+00 4.66483176e-01 7.04673171e-01
    -1.68491042e+00 8.36639881e-01 9.18092906e-01 -1.52498186e+00
    1.05202007e+00 1.01059842e+00 -1.31110513e+00 -1.84445634e-01
    9.55023766e-01 -9.07701433e-01 3.14826667e-01 1.33037114e+00
    -1.42407918e+00 5.76897979e-01 1.49039054e+00 -1.34386432e+00
    7.84178138e-01 1.60386360e+00 -1.26427627e+00</data></hand_right>
</opencv_storage>
