<?xml version="1.0"?>
<opencv_storage>
<hand_left type_id="opencv-matrix">
  <rows>21</rows>
  <cols>3</cols>
  <dt>f</dt>
  <data>
    -8.29564397e-06 -7.67001620e-06 3.65781580e-06 5.90968311e-01
    -3.87669384e-01 7.08151877e-01 1.33837700e+00 -6.56078696e-01
    -2.40952075e-02 1.73399389e+00 -5.64924836e-01 -8.25489879e-01
    1.95788264e+00 -5.56115389e-01 -1.45063162e+00 5.91142297e-01
    -5.99303603e-01 -1.14981771e+00 1.03276396e+00 -4.27820057e-01
    -1.90903246e+00 1.48614991e+00 -2.11092502e-01 -2.03099823e+00
    1.81590605e+00 -4.96217310e-02 -2.08411050e+00 2.32046038e-01
    -8.23895112e-02 -1.29696131e+00 7.48851538e-01 1.81707770e-01
    -1.95303369e+00 1.14937329e+00 4.25849855e-01 -1.86829126e+00
    1.42976606e+00 5.55214643e-01 -1.73766196e+00 -3.92450765e-03
    3.92106563e-01 -1.18431807e+00 4.69014883e-01 7.03496039e-01
    -1.68457198e+00 8.39328349e-01 9.16748881e-01 -1.52443480e+00
    1.05482185e+00 1.00935936e+00 -1.31037939e+00 -1.82691321e-01
    9.54672277e-01 -9.08298314e-01 3.17563087e-01 1.32942295e+00
    -1.42419612e+00 5.79817414e-01 1.48927820e+00 -1.34377265e+00
    7.87255108e-01 1.60264492e+00 -1.26384735e+00</data></hand_left>
</opencv_storage>
