<?xml version="1.0"?>
<opencv_storage>
<hand_left type_id="opencv-matrix">
  <rows>21</rows>
  <cols>3</cols>
  <dt>f</dt>
  <data>
    -8.29269356e-06 -7.67246729e-06 3.67715757e-06 5.91693044e-01
    -3.86363268e-01 7.08383143e-01 1.33880234e+00 -6.55417979e-01
    -2.40230113e-02 1.73384941e+00 -5.65102458e-01 -8.25757384e-01
    1.95739746e+00 -5.57123423e-01 -1.45112860e+00 5.90762317e-01
    -6.00675821e-01 -1.14938080e+00 1.03198218e+00 -4.29895908e-01
    -1.90887105e+00 1.48507702e+00 -2.13074327e-01 -2.03070903e+00
    1.81446230e+00 -5.16127348e-02 -2.08361650e+00 2.31317312e-01
    -8.41113031e-02 -1.29706371e+00 7.47740507e-01 1.79446459e-01
    -1.95358574e+00 1.14811516e+00 4.23861295e-01 -1.86872339e+00
    1.42826509e+00 5.53395510e-01 -1.73776269e+00 -4.78954613e-03
    3.90455961e-01 -1.18491268e+00 4.67731684e-01 7.01398373e-01
    -1.68584800e+00 8.38067651e-01 9.15007472e-01 -1.52573931e+00
    1.05350661e+00 1.00787961e+00 -1.31142139e+00 -1.83609575e-01
    9.53401506e-01 -9.09574270e-01 3.16213489e-01 1.32757545e+00
    -1.42629468e+00 5.78413606e-01 1.48764539e+00 -1.34614909e+00
    7.85776019e-01 1.60118258e+00 -1.26644480e+00</data></hand_left>
</opencv_storage>
