<?xml version="1.0"?>
<opencv_storage>
<hand_right type_id="opencv-matrix">
  <rows>21</rows>
  <cols>3</cols>
  <dt>f</dt>
  <data>
    -8.29545570e-06 -7.67701476e-06 3.68444648e-06 5.92355728e-01
    -3.86548340e-01 7.07904220e-01 1.33894157e+00 -6.55419230e-01
    -2.52836794e-02 1.73326755e+00 -5.64760506e-01 -8.27361107e-01
    1.95639408e+00 -5.56668222e-01 -1.45305884e+00 5.90010881e-01
    -6.00330055e-01 -1.15008807e+00 1.03088641e+00 -4.29076195e-01
    -1.90957284e+00 1.48396754e+00 -2.12040454e-01 -2.03100324e+00
    1.81325912e+00 -5.05206883e-02 -2.08351421e+00 2.30425745e-01
    -8.36878344e-02 -1.29736304e+00 7.46670008e-01 1.80312708e-01
    -1.95385134e+00 1.14720356e+00 4.24785972e-01 -1.86830473e+00
    1.42747879e+00 5.54296255e-01 -1.73657632e+00 -5.59411198e-03
    3.90868515e-01 -1.18486416e+00 4.66770113e-01 7.02083588e-01
    -1.68581951e+00 8.37369740e-01 9.15674508e-01 -1.52521801e+00
    1.05304480e+00 1.00844276e+00 -1.31018174e+00 -1.84180081e-01
    9.53795135e-01 -9.09219146e-01 3.15504819e-01 1.32809424e+00
    -1.42603076e+00 5.77792048e-01 1.48814464e+00 -1.34582818e+00
    7.85248935e-01 1.60164618e+00 -1.26597404e+00</data></hand_right>
</opencv_storage>
