<?xml version="1.0"?>
<opencv_storage>
<hand_right type_id="opencv-matrix">
  <rows>21</rows>
  <cols>3</cols>
  <dt>f</dt>
  <data>
    -8.29123383e-06 -7.67488564e-06 3.66445306e-06 5.91615498e-01
    -3.87368053e-01 7.07813859e-01 1.33866239e+00 -6.55495286e-01
    -2.49307305e-02 1.73370326e+00 -5.64181089e-01 -8.26575398e-01
    1.95720184e+00 -5.55323124e-01 -1.45188403e+00 5.90653300e-01
    -5.99159539e-01 -1.15015984e+00 1.03176212e+00 -4.27496552e-01
    -1.90957773e+00 1.48496866e+00 -2.10564196e-01 -2.03160715e+00
    1.81456494e+00 -4.89752293e-02 -2.08472562e+00 2.31253132e-01
    -8.23893696e-02 -1.29711246e+00 7.47564435e-01 1.81907251e-01
    -1.95345831e+00 1.14803779e+00 4.26211864e-01 -1.86879194e+00
    1.42841804e+00 5.55671811e-01 -1.73815775e+00 -4.82437015e-03
    3.92027378e-01 -1.18434906e+00 4.67674792e-01 7.03576446e-01
    -1.68489802e+00 8.38028014e-01 9.16980386e-01 -1.52487278e+00
    1.05362022e+00 1.00967181e+00 -1.31081104e+00 -1.83617622e-01
    9.54560876e-01 -9.08258379e-01 3.16187501e-01 1.32944202e+00
    -1.42448318e+00 5.78437924e-01 1.48940074e+00 -1.34420741e+00
    7.85883367e-01 1.60285389e+00 -1.26439130e+00</data></hand_right>
</opencv_storage>
