<?xml version="1.0"?>
<opencv_storage>
<hand_right type_id="opencv-matrix">
  <rows>21</rows>
  <cols>3</cols>
  <dt>f</dt>
  <data>
    -8.29162218e-06 -7.67238544e-06 3.65476808e-06 5.91077924e-01
    -3.87918353e-01 7.07902312e-01 1.33849847e+00 -6.55798793e-01
    -2.44788378e-02 1.73413539e+00 -5.64219296e-01 -8.25797021e-01
    1.95797539e+00 -5.55060387e-01 -1.45089376e+00 5.91128170e-01
    -5.98654747e-01 -1.15014076e+00 1.03258514e+00 -4.26801741e-01
    -1.90936637e+00 1.48576224e+00 -2.10048527e-01 -2.03129959e+00
    1.81532228e+00 -4.86118197e-02 -2.08439493e+00 2.31933191e-01
    -8.17311630e-02 -1.29701710e+00 7.48490095e-01 1.82689786e-01
    -1.95309067e+00 1.14880192e+00 4.26756978e-01 -1.86847270e+00
    1.42894924e+00 5.55972934e-01 -1.73808062e+00 -4.10609692e-03
    3.92672539e-01 -1.18411684e+00 4.68566716e-01 7.04317212e-01
    -1.68442237e+00 8.38755071e-01 9.17512774e-01 -1.52442813e+00
    1.05410028e+00 1.00998330e+00 -1.31065798e+00 -1.82943001e-01
    9.55080807e-01 -9.07806873e-01 3.17039162e-01 1.33013725e+00
    -1.42371130e+00 5.79215288e-01 1.48999238e+00 -1.34333205e+00
    7.86565185e-01 1.60334969e+00 -1.26357663e+00</data></hand_right>
</opencv_storage>
