<?xml version="1.0"?>
<opencv_storage>
<hand_right type_id="opencv-matrix">
  <rows>21</rows>
  <cols>3</cols>
  <dt>f</dt>
  <data>
    -8.29175679e-06 -7.67456277e-06 3.65840378e-06 5.91377914e-01
    -3.87722671e-01 7.07799733e-01 1.33861029e+00 -6.55627489e-01
    -2.48122662e-02 1.73392558e+00 -5.64066648e-01 -8.26299012e-01
    1.95758772e+00 -5.54966569e-01 -1.45152438e+00 5.90870321e-01
    -5.98763883e-01 -1.15024984e+00 1.03217888e+00 -4.26880062e-01
    -1.90953779e+00 1.48543429e+00 -2.09974706e-01 -2.03145981e+00
    1.81506014e+00 -4.84048128e-02 -2.08448768e+00 2.31560096e-01
    -8.19025487e-02 -1.29709244e+00 7.48010874e-01 1.82564408e-01
    -1.95328188e+00 1.14848089e+00 4.26786780e-01 -1.86859429e+00
    1.42882609e+00 5.56161046e-01 -1.73800302e+00 -4.50538844e-03
    3.92493963e-01 -1.18419278e+00 4.68107492e-01 7.04176843e-01
    -1.68458033e+00 8.38428855e-01 9.17488933e-01 -1.52452016e+00
    1.05394375e+00 1.01007247e+00 -1.31052411e+00 -1.83324262e-01
    9.54932988e-01 -9.07923937e-01 3.16584349e-01 1.32999015e+00
    -1.42395639e+00 5.78833818e-01 1.48990953e+00 -1.34359992e+00
    7.86260366e-01 1.60331094e+00 -1.26374817e+00</data></hand_right>
</opencv_storage>
