<?xml version="1.0"?>
<opencv_storage>
<hand_right type_id="opencv-matrix">
  <rows>21</rows>
  <cols>3</cols>
  <dt>f</dt>
  <data>
    -8.30118097e-06 -7.62559330e-06 3.68871338e-06 5.88033199e-01
    -3.81955087e-01 7.13508785e-01 1.33783531e+00 -6.57151222e-01
    -1.36376768e-02 1.73663330e+00 -5.73434472e-01 -8.14444482e-01
    1.96245766e+00 -5.70040107e-01 -1.43859255e+00 5.94443142e-01
    -6.10059977e-01 -1.14242232e+00 1.03835201e+00 -4.46257591e-01
    -1.90248692e+00 1.49215412e+00 -2.31406212e-01 -2.02627015e+00
    1.82237601e+00 -7.07698762e-02 -2.08074737e+00 2.36267895e-01
    -9.41720083e-02 -1.29536712e+00 7.54736304e-01 1.62999675e-01
    -1.95305455e+00 1.15488040e+00 4.07294601e-01 -1.87129831e+00
    1.43449211e+00 5.37373781e-01 -1.74313736e+00 2.74423510e-04
    3.81516218e-01 -1.18782043e+00 4.74637568e-01 6.87734723e-01
    -1.68999696e+00 8.44023287e-01 9.01915550e-01 -1.53221595e+00
    1.05827022e+00 9.96136308e-01 -1.32049549e+00 -1.79050401e-01
    9.46653306e-01 -9.17397022e-01 3.22581708e-01 1.31646407e+00
    -1.43563867e+00 5.84601879e-01 1.47677529e+00 -1.35617220e+00
    7.91489124e-01 1.59053659e+00 -1.27718294e+00</data></hand_right>
</opencv_storage>
