<?xml version="1.0"?>
<opencv_storage>
<hand_left type_id="opencv-matrix">
  <rows>21</rows>
  <cols>3</cols>
  <dt>f</dt>
  <data>
    -8.29301734e-06 -7.67248184e-06 3.66312406e-06 5.91287911e-01
    -3.87342691e-01 7.08141148e-01 1.33864474e+00 -6.55713737e-01
    -2.42315531e-02 1.73409581e+00 -5.64623356e-01 -8.25723231e-01
    1.95785117e+00 -5.55916905e-01 -1.45094824e+00 5.91064334e-01
    -5.99451542e-01 -1.14985979e+00 1.03252029e+00 -4.27983701e-01
    -1.90916693e+00 1.48572159e+00 -2.11182833e-01 -2.03100014e+00
    1.81526279e+00 -4.97146845e-02 -2.08395696e+00 2.31781930e-01
    -8.26431289e-02 -1.29706836e+00 7.48393416e-01 1.81476116e-01
    -1.95327151e+00 1.14876938e+00 4.25696075e-01 -1.86842763e+00
    1.42893958e+00 5.55049241e-01 -1.73766541e+00 -4.28739563e-03
    3.91838729e-01 -1.18446290e+00 4.68432486e-01 7.03239083e-01
    -1.68495202e+00 8.38675618e-01 9.16591048e-01 -1.52479255e+00
    1.05403066e+00 1.00919986e+00 -1.31067848e+00 -1.83130503e-01
    9.54476476e-01 -9.08525646e-01 3.16881835e-01 1.32920945e+00
    -1.42468822e+00 5.79069376e-01 1.48913765e+00 -1.34432864e+00
    7.86404669e-01 1.60254383e+00 -1.26449811e+00</data></hand_left>
</opencv_storage>
