<?xml version="1.0"?>
<opencv_storage>
<hand_left type_id="opencv-matrix">
  <rows>21</rows>
  <cols>3</cols>
  <dt>f</dt>
  <data>
    -8.29869714e-06 -7.67095480e-06 3.65932306e-06 5.90968907e-01
    -3.87901306e-01 7.08094656e-01 1.33832240e+00 -6.56320810e-01
    -2.42371261e-02 1.73394299e+00 -5.65072119e-01 -8.25584054e-01
    1.95784950e+00 -5.56227565e-01 -1.45077646e+00 5.91003537e-01
    -5.99249363e-01 -1.14996207e+00 1.03272426e+00 -4.27634716e-01
    -1.90900373e+00 1.48604774e+00 -2.10971445e-01 -2.03046846e+00
    1.81561971e+00 -4.96494472e-02 -2.08313942e+00 2.32006520e-01
    -8.22166875e-02 -1.29702926e+00 7.48903513e-01 1.81964234e-01
    -1.95293391e+00 1.14938402e+00 4.25962627e-01 -1.86775839e+00
    1.42960310e+00 5.55127740e-01 -1.73673356e+00 -3.84813547e-03
    3.92325699e-01 -1.18427312e+00 4.69123721e-01 7.03712106e-01
    -1.68449426e+00 8.39480698e-01 9.16827917e-01 -1.52407014e+00
    1.05488527e+00 1.00925422e+00 -1.30972683e+00 -1.82460785e-01
    9.54927385e-01 -9.08148110e-01 3.17855000e-01 1.32960439e+00
    -1.42402518e+00 5.80113113e-01 1.48938060e+00 -1.34354246e+00
    7.87524581e-01 1.60267663e+00 -1.26361299e+00</data></hand_left>
</opencv_storage>
