<?xml version="1.0"?>
<opencv_storage>
<hand_right type_id="opencv-matrix">
  <rows>21</rows>
  <cols>3</cols>
  <dt>f</dt>
  <data>
    -8.29703458e-06 -7.66935318e-06 3.65004325e-06 5.90614498e-01
    -3.88241172e-01 7.08122849e-01 1.33824110e+00 -6.56379521e-01
    -2.39767432e-02 1.73424041e+00 -5.64877272e-01 -8.25144529e-01
    1.95835054e+00 -5.55747867e-01 -1.45016754e+00 5.91379583e-01
    -5.98785460e-01 -1.14996278e+00 1.03328657e+00 -4.27013278e-01
    -1.90896749e+00 1.48669016e+00 -2.10389704e-01 -2.03066945e+00
    1.81642044e+00 -4.90301251e-02 -2.08357286e+00 2.32461587e-01
    -8.16956013e-02 -1.29693937e+00 7.49482632e-01 1.82610437e-01
    -1.95273972e+00 1.14994645e+00 4.26551312e-01 -1.86784995e+00
    1.43018329e+00 5.55692136e-01 -1.73720562e+00 -3.43360379e-03
    3.92797351e-01 -1.18408966e+00 4.69669521e-01 7.04327941e-01
    -1.68410468e+00 8.39918256e-01 9.17374074e-01 -1.52383828e+00
    1.05524278e+00 1.00974941e+00 -1.30983734e+00 -1.82160899e-01
    9.55252886e-01 -9.07803118e-01 3.18265855e-01 1.33018076e+00
    -1.42340958e+00 5.80498278e-01 1.48992538e+00 -1.34284616e+00
    7.87874579e-01 1.60317707e+00 -1.26290154e+00</data></hand_right>
</opencv_storage>
