<?xml version="1.0"?>
<opencv_storage>
<hand_right type_id="opencv-matrix">
  <rows>21</rows>
  <cols>3</cols>
  <dt>f</dt>
  <data>
    -8.29010696e-06 -7.67331221e-06 3.65479013e-06 5.91208220e-01
    -3.88018608e-01 7.07717538e-01 1.33852351e+00 -6.55686796e-01
    -2.48202235e-02 1.73402882e+00 -5.63929081e-01 -8.26180100e-01
    1.95775366e+00 -5.54603100e-01 -1.45129848e+00 5.90996087e-01
    -5.98345876e-01 -1.15035415e+00 1.03227711e+00 -4.26317573e-01
    -1.90965557e+00 1.48540115e+00 -2.09520340e-01 -2.03169155e+00
    1.81494474e+00 -4.80518341e-02 -2.08490396e+00 2.31734782e-01
    -8.14267918e-02 -1.29705846e+00 7.48135090e-01 1.83169842e-01
    -1.95317650e+00 1.14841080e+00 4.27244127e-01 -1.86865139e+00
    1.42858398e+00 5.56464672e-01 -1.73835182e+00 -4.33192030e-03
    3.92926216e-01 -1.18402362e+00 4.68225718e-01 7.04721212e-01
    -1.68433380e+00 8.38384688e-01 9.17912722e-01 -1.52440012e+00
    1.05374908e+00 1.01035881e+00 -1.31069374e+00 -1.83182433e-01
    9.55245852e-01 -9.07559514e-01 3.16679597e-01 1.33046877e+00
    -1.42343462e+00 5.78832150e-01 1.49031937e+00 -1.34306049e+00
    7.86180317e-01 1.60368371e+00 -1.26332295e+00</data></hand_right>
</opencv_storage>
