<?xml version="1.0"?>
<opencv_storage>
<hand_right type_id="opencv-matrix">
  <rows>21</rows>
  <cols>3</cols>
  <dt>f</dt>
  <data>
    -8.29775581e-06 -7.67030906e-06 3.64897119e-06 5.90634108e-01
    -3.88440609e-01 7.07995713e-01 1.33820188e+00 -6.56437755e-01
    -2.41986364e-02 1.73415864e+00 -5.64761043e-01 -8.25349689e-01
    1.95824432e+00 -5.55483222e-01 -1.45038831e+00 5.91281533e-01
    -5.98540962e-01 -1.15013182e+00 1.03316450e+00 -4.26593602e-01
    -1.90908623e+00 1.48658395e+00 -2.09952980e-01 -2.03069472e+00
    1.81631064e+00 -4.85954285e-02 -2.08352542e+00 2.32387856e-01
    -8.13950673e-02 -1.29696178e+00 7.49378562e-01 1.83046505e-01
    -1.95271850e+00 1.14987016e+00 4.26949710e-01 -1.86778915e+00
    1.43015122e+00 5.56058943e-01 -1.73711765e+00 -3.47107649e-03
    3.93083215e-01 -1.18398678e+00 4.69612360e-01 7.04706788e-01
    -1.68394876e+00 8.39898169e-01 9.17704225e-01 -1.52365768e+00
    1.05527234e+00 1.01003587e+00 -1.30962670e+00 -1.82146639e-01
    9.55479622e-01 -9.07557428e-01 3.18273962e-01 1.33049798e+00
    -1.42309773e+00 5.80528557e-01 1.49021554e+00 -1.34252179e+00
    7.87943006e-01 1.60345662e+00 -1.26256263e+00</data></hand_right>
</opencv_storage>
