<?xml version="1.0"?>
<opencv_storage>
<hand_right type_id="opencv-matrix">
  <rows>21</rows>
  <cols>3</cols>
  <dt>f</dt>
  <data>
    -8.29184501e-06 -7.67618712e-06 3.67953680e-06 5.92143774e-01
    -3.86669427e-01 7.07917750e-01 1.33894074e+00 -6.55278504e-01
    -2.50374377e-02 1.73355925e+00 -5.64492822e-01 -8.26944947e-01
    1.95681453e+00 -5.56235790e-01 -1.45246327e+00 5.90351582e-01
    -5.99941194e-01 -1.15004778e+00 1.03121734e+00 -4.28608477e-01
    -1.90959764e+00 1.48412633e+00 -2.11661369e-01 -2.03129411e+00
    1.81335056e+00 -5.01962900e-02 -2.08412623e+00 2.30744213e-01
    -8.33272561e-02 -1.29728556e+00 7.46921182e-01 1.80772826e-01
    -1.95374954e+00 1.14718246e+00 4.25164580e-01 -1.86853564e+00
    1.42722917e+00 5.54585218e-01 -1.73726916e+00 -5.37835434e-03
    3.91152442e-01 -1.18473458e+00 4.66914415e-01 7.02493846e-01
    -1.68562865e+00 8.37243080e-01 9.16036129e-01 -1.52526319e+00
    1.05265808e+00 1.00871885e+00 -1.31065369e+00 -1.84139356e-01
    9.53949273e-01 -9.08981025e-01 3.15445989e-01 1.32847095e+00
    -1.42564309e+00 5.77577233e-01 1.48849726e+00 -1.34541500e+00
    7.84884453e-01 1.60199177e+00 -1.26569450e+00</data></hand_right>
</opencv_storage>
