<?xml version="1.0"?>
<opencv_storage>
<hand_right type_id="opencv-matrix">
  <rows>21</rows>
  <cols>3</cols>
  <dt>f</dt>
  <data>
    -8.29032342e-06 -7.67669371e-06 3.66654967e-06 5.91843009e-01
    -3.87294173e-01 7.07690537e-01 1.33876431e+00 -6.55326128e-01
    -2.52393484e-02 1.73360538e+00 -5.63939095e-01 -8.26973915e-01
    1.95697951e+00 -5.55072188e-01 -1.45235622e+00 5.90478063e-01
    -5.99089384e-01 -1.15030468e+00 1.03144312e+00 -4.27331448e-01
    -1.90976250e+00 1.48461413e+00 -2.10315228e-01 -2.03175926e+00
    1.81416845e+00 -4.86792326e-02 -2.08482003e+00 2.30979040e-01
    -8.23572353e-02 -1.29717827e+00 7.47157872e-01 1.82038203e-01
    -1.95358658e+00 1.14764190e+00 4.26403075e-01 -1.86886716e+00
    1.42803669e+00 5.55895567e-01 -1.73814392e+00 -5.12738153e-03
    3.92035007e-01 -1.18435514e+00 4.67249185e-01 7.03655720e-01
    -1.68498266e+00 8.37641597e-01 9.17110443e-01 -1.52493310e+00
    1.05327535e+00 1.00981796e+00 -1.31078947e+00 -1.83918148e-01
    9.54559267e-01 -9.08226728e-01 3.15756500e-01 1.32949376e+00
    -1.42454934e+00 5.78011513e-01 1.48948860e+00 -1.34430289e+00
    7.85464406e-01 1.60296059e+00 -1.26449931e+00</data></hand_right>
</opencv_storage>
