<?xml version="1.0"?>
<opencv_storage>
<hand_left type_id="opencv-matrix">
  <rows>21</rows>
  <cols>3</cols>
  <dt>f</dt>
  <data>
    -8.29505370e-06 -7.67058282e-06 3.65376218e-06 5.90859175e-01
    -3.87977779e-01 7.08057046e-01 1.33835649e+00 -6.56098306e-01
    -2.41742730e-02 1.73413181e+00 -5.64661026e-01 -8.25445473e-01
    1.95809209e+00 -5.55588722e-01 -1.45052993e+00 5.91215074e-01
    -5.98902643e-01 -1.14997268e+00 1.03288984e+00 -4.27193403e-01
    -1.90911102e+00 1.48622787e+00 -2.10499704e-01 -2.03096843e+00
    1.81592000e+00 -4.90765572e-02 -2.08399749e+00 2.32166231e-01
    -8.19128752e-02 -1.29696310e+00 7.48958349e-01 1.82352677e-01
    -1.95295095e+00 1.14941108e+00 4.26391125e-01 -1.86824000e+00
    1.42969298e+00 5.55630088e-01 -1.73771739e+00 -3.78891826e-03
    3.92554939e-01 -1.18415785e+00 4.69118357e-01 7.04066753e-01
    -1.68435287e+00 8.39378476e-01 9.17220354e-01 -1.52425456e+00
    1.05478907e+00 1.00971031e+00 -1.31035328e+00 -1.82553053e-01
    9.55026984e-01 -9.07941282e-01 3.17679048e-01 1.32993484e+00
    -1.42374110e+00 5.79918623e-01 1.48974633e+00 -1.34329927e+00
    7.87324131e-01 1.60307312e+00 -1.26342034e+00</data></hand_left>
</opencv_storage>
