<?xml version="1.0"?>
<opencv_storage>
<hand_right type_id="opencv-matrix">
  <rows>21</rows>
  <cols>3</cols>
  <dt>f</dt>
  <data>
    -8.29441706e-06 -7.67086021e-06 3.65567530e-06 5.90971351e-01
    -3.87842894e-01 7.08047569e-01 1.33840513e+00 -6.56020284e-01
    -2.42384374e-02 1.73407567e+00 -5.64659059e-01 -8.25570107e-01
    1.95797491e+00 -5.55673063e-01 -1.45069277e+00 5.91137528e-01
    -5.99009871e-01 -1.14996409e+00 1.03275228e+00 -4.27339315e-01
    -1.90912914e+00 1.48609161e+00 -2.10601538e-01 -2.03099871e+00
    1.81577575e+00 -4.91456389e-02 -2.08400989e+00 2.32035443e-01
    -8.20633769e-02 -1.29698181e+00 7.48780012e-01 1.82179227e-01
    -1.95302415e+00 1.14925599e+00 4.26274478e-01 -1.86829591e+00
    1.42956257e+00 5.55561900e-01 -1.73772085e+00 -3.93954292e-03
    3.92403215e-01 -1.18421245e+00 4.68923092e-01 7.03899205e-01
    -1.68446732e+00 8.39216113e-01 9.17107642e-01 -1.52436042e+00
    1.05465925e+00 1.00964308e+00 -1.31040120e+00 -1.82711482e-01
    9.54902649e-01 -9.08050001e-01 3.17467391e-01 1.32977962e+00
    -1.42393601e+00 5.79714775e-01 1.48962688e+00 -1.34352088e+00
    7.87131786e-01 1.60297227e+00 -1.26364541e+00</data></hand_right>
</opencv_storage>
