<?xml version="1.0"?>
<opencv_storage>
<hand_left type_id="opencv-matrix">
  <rows>21</rows>
  <cols>3</cols>
  <dt>f</dt>
  <data>
    -8.30219869e-06 -7.66778794e-06 3.65119422e-06 5.90384305e-01
    -3.88205886e-01 7.08371997e-01 1.33808768e+00 -6.56775832e-01
    -2.35161334e-02 1.73423839e+00 -5.65580189e-01 -8.24625134e-01
    1.95851469e+00 -5.56716919e-01 -1.44964993e+00 5.91475666e-01
    -5.99268258e-01 -1.14968204e+00 1.03367066e+00 -4.27748770e-01
    -1.90852427e+00 1.48720932e+00 -2.11221874e-01 -2.02995467e+00
    1.81698775e+00 -4.99469340e-02 -2.08261561e+00 2.32736498e-01
    -8.21092576e-02 -1.29688168e+00 7.50064850e-01 1.81944683e-01
    -1.95253980e+00 1.15063739e+00 4.25831616e-01 -1.86736679e+00
    1.43093657e+00 5.54958403e-01 -1.73640990e+00 -3.04185227e-03
    3.92486155e-01 -1.18420625e+00 4.70325887e-01 7.03782499e-01
    -1.68412745e+00 8.40671241e-01 9.16787922e-01 -1.52363896e+00
    1.05603433e+00 1.00917315e+00 -1.30933166e+00 -1.81656018e-01
    9.55082595e-01 -9.08112943e-01 3.19067121e-01 1.32971323e+00
    -1.42366254e+00 5.81353664e-01 1.48941660e+00 -1.34303236e+00
    7.88787484e-01 1.60264957e+00 -1.26297832e+00</data></hand_left>
</opencv_storage>
