<?xml version="1.0"?>
<opencv_storage>
<hand_left type_id="opencv-matrix">
  <rows>21</rows>
  <cols>3</cols>
  <dt>f</dt>
  <data>
    -8.29427700e-06 -7.67046186e-06 3.65561505e-06 5.90957880e-01
    -3.87873977e-01 7.08040476e-01 1.33839655e+00 -6.56059682e-01
    -2.42321789e-02 1.73408520e+00 -5.64701974e-01 -8.25556934e-01
    1.95798481e+00 -5.55715799e-01 -1.45066381e+00 5.91147482e-01
    -5.98972678e-01 -1.14998293e+00 1.03276229e+00 -4.27290678e-01
    -1.90915263e+00 1.48606086e+00 -2.10577071e-01 -2.03103185e+00
    1.81571698e+00 -4.91552353e-02 -2.08407259e+00 2.32047752e-01
    -8.20206106e-02 -1.29699075e+00 7.48804688e-01 1.82245418e-01
    -1.95300376e+00 1.14923286e+00 4.26317722e-01 -1.86824107e+00
    1.42948115e+00 5.55572569e-01 -1.73765993e+00 -3.92865390e-03
    3.92443001e-01 -1.18420446e+00 4.68934536e-01 7.03954577e-01
    -1.68444800e+00 8.39202106e-01 9.17148232e-01 -1.52432311e+00
    1.05460334e+00 1.00965333e+00 -1.31035936e+00 -1.82704762e-01
    9.54933107e-01 -9.08022463e-01 3.17459106e-01 1.32982779e+00
    -1.42389154e+00 5.79679132e-01 1.48966551e+00 -1.34347200e+00
    7.87066579e-01 1.60300469e+00 -1.26363242e+00</data></hand_left>
</opencv_storage>
