<?xml version="1.0"?>
<opencv_storage>
<hand_left type_id="opencv-matrix">
  <rows>21</rows>
  <cols>3</cols>
  <dt>f</dt>
  <data>
    -8.29662986e-06 -7.67074198e-06 3.64912785e-06 5.90707600e-01
    -3.88437748e-01 7.07928419e-01 1.33824766e+00 -6.56326890e-01
    -2.43304372e-02 1.73415017e+00 -5.64576626e-01 -8.25503707e-01
    1.95818996e+00 -5.55245042e-01 -1.45054567e+00 5.91267288e-01
    -5.98395526e-01 -1.15020883e+00 1.03304958e+00 -4.26374257e-01
    -1.90921175e+00 1.48640895e+00 -2.09707350e-01 -2.03092289e+00
    1.81610870e+00 -4.83348072e-02 -2.08386660e+00 2.32315719e-01
    -8.12754780e-02 -1.29697847e+00 7.49225140e-01 1.83250368e-01
    -1.95275283e+00 1.14966512e+00 4.27169412e-01 -1.86787009e+00
    1.42992675e+00 5.56286335e-01 -1.73726785e+00 -3.58165801e-03
    3.93169254e-01 -1.18395579e+00 4.69420731e-01 7.04865336e-01
    -1.68393326e+00 8.39683056e-01 9.17883694e-01 -1.52369225e+00
    1.05507195e+00 1.01022482e+00 -1.30972397e+00 -1.82295248e-01
    9.55522597e-01 -9.07470167e-01 3.18039119e-01 1.33061993e+00
    -1.42301691e+00 5.80269933e-01 1.49035120e+00 -1.34246886e+00
    7.87680209e-01 1.60361624e+00 -1.26255369e+00</data></hand_left>
</opencv_storage>
