<?xml version="1.0"?>
<opencv_storage>
<hand_left type_id="opencv-matrix">
  <rows>21</rows>
  <cols>3</cols>
  <dt>f</dt>
  <data>
    -8.29581768e-06 -7.67037091e-06 3.65917094e-06 5.91017067e-01
    -3.87575358e-01 7.08204627e-01 1.33845031e+00 -6.56049371e-01
    -2.40297318e-02 1.73406911e+00 -5.64964414e-01 -8.25439930e-01
    1.95796394e+00 -5.56236565e-01 -1.45060515e+00 5.91159344e-01
    -5.99428296e-01 -1.14978480e+00 1.03281903e+00 -4.27982718e-01
    -1.90897846e+00 1.48617947e+00 -2.11247414e-01 -2.03081703e+00
    1.81588268e+00 -4.97935712e-02 -2.08379984e+00 2.32038543e-01
    -8.25294033e-02 -1.29699326e+00 7.48868585e-01 1.81542873e-01
    -1.95305455e+00 1.14937019e+00 4.25702095e-01 -1.86818945e+00
    1.42969203e+00 5.55055618e-01 -1.73742676e+00 -3.94381583e-03
    3.91983241e-01 -1.18438649e+00 4.68991935e-01 7.03341901e-01
    -1.68468606e+00 8.39310408e-01 9.16623354e-01 -1.52446890e+00
    1.05475986e+00 1.00922441e+00 -1.31030881e+00 -1.82716668e-01
    9.54599321e-01 -9.08427775e-01 3.17524374e-01 1.32930028e+00
    -1.42439771e+00 5.79769135e-01 1.48917699e+00 -1.34396982e+00
    7.87176549e-01 1.60254717e+00 -1.26405704e+00</data></hand_left>
</opencv_storage>
