<?xml version="1.0"?>
<opencv_storage>
<hand_left type_id="opencv-matrix">
  <rows>21</rows>
  <cols>3</cols>
  <dt>f</dt>
  <data>
    -8.27611711e-06 -7.68537393e-06 3.66832251e-06 5.93051493e-01
    -3.87810022e-01 7.06386685e-01 1.33927488e+00 -6.54213667e-01
    -2.78407335e-02 1.73315573e+00 -5.61555386e-01 -8.29921484e-01
    1.95568013e+00 -5.51728964e-01 -1.45549154e+00 5.89431286e-01
    -5.97088099e-01 -1.15186393e+00 1.02899408e+00 -4.24166858e-01
    -1.91188431e+00 1.48145533e+00 -2.06919998e-01 -2.03448272e+00
    1.81050396e+00 -4.52147126e-02 -2.08812952e+00 2.29340851e-01
    -8.04209113e-02 -1.29759550e+00 7.44133115e-01 1.85074419e-01
    -1.95449281e+00 1.14409280e+00 4.29388225e-01 -1.87039566e+00
    1.42411137e+00 5.58637142e-01 -1.74049306e+00 -6.97214156e-03
    3.93642694e-01 -1.18380034e+00 4.64160204e-01 7.06167758e-01
    -1.68488407e+00 8.34332645e-01 9.19578016e-01 -1.52543294e+00
    1.04991651e+00 1.01199746e+00 -1.31205022e+00 -1.85809344e-01
    9.55668986e-01 -9.06675458e-01 3.12627256e-01 1.33158517e+00
    -1.42336369e+00 5.74684262e-01 1.49163485e+00 -1.34340119e+00
    7.82014668e-01 1.60515440e+00 -1.26407886e+00</data></hand_left>
</opencv_storage>
