<?xml version="1.0"?>
<opencv_storage>
<hand_right type_id="opencv-matrix">
  <rows>21</rows>
  <cols>3</cols>
  <dt>f</dt>
  <data>
    -8.29641340e-06 -7.67083657e-06 3.65772689e-06 5.90939105e-01
    -3.87617409e-01 7.08241105e-01 1.33845353e+00 -6.56022429e-01
    -2.39272267e-02 1.73417008e+00 -5.64878345e-01 -8.25270414e-01
    1.95813918e+00 -5.56093216e-01 -1.45041597e+00 5.91262341e-01
    -5.99374592e-01 -1.14974308e+00 1.03299153e+00 -4.27891672e-01
    -1.90886641e+00 1.48637068e+00 -2.11153209e-01 -2.03063488e+00
    1.81606817e+00 -4.96931970e-02 -2.08355880e+00 2.32168943e-01
    -8.24631825e-02 -1.29695690e+00 7.49031544e-01 1.81619167e-01
    -1.95297158e+00 1.14953876e+00 4.25765276e-01 -1.86812043e+00
    1.42987525e+00 5.55117130e-01 -1.73738360e+00 -3.81238759e-03
    3.92046392e-01 -1.18435061e+00 4.69137758e-01 7.03405261e-01
    -1.68461537e+00 8.39463770e-01 9.16681468e-01 -1.52442110e+00
    1.05495048e+00 1.00929916e+00 -1.31030321e+00 -1.82596475e-01
    9.54647541e-01 -9.08382952e-01 3.17682922e-01 1.32935119e+00
    -1.42431581e+00 5.79946339e-01 1.48923242e+00 -1.34389949e+00
    7.87387669e-01 1.60261881e+00 -1.26398551e+00</data></hand_right>
</opencv_storage>
