<?xml version="1.0"?>
<opencv_storage>
<hand_left type_id="opencv-matrix">
  <rows>21</rows>
  <cols>3</cols>
  <dt>f</dt>
  <data>
    -8.29353030e-06 -7.67210258e-06 3.66518543e-06 5.91294467e-01
    -3.87045503e-01 7.08277643e-01 1.33864689e+00 -6.55652404e-01
    -2.39927769e-02 1.73406851e+00 -5.64827204e-01 -8.25500906e-01
    1.95784426e+00 -5.56326032e-01 -1.45072949e+00 5.91044128e-01
    -5.99893153e-01 -1.14960146e+00 1.03251171e+00 -4.28699374e-01
    -1.90893185e+00 1.48577166e+00 -2.11900473e-01 -2.03083515e+00
    1.81537056e+00 -5.03941774e-02 -2.08383203e+00 2.31762767e-01
    -8.31569955e-02 -1.29700124e+00 7.48372734e-01 1.80713356e-01
    -1.95330429e+00 1.14883947e+00 4.25013542e-01 -1.86859119e+00
    1.42913568e+00 5.54489791e-01 -1.73787904e+00 -4.30503860e-03
    3.91360343e-01 -1.18458700e+00 4.68418479e-01 7.02566683e-01
    -1.68518233e+00 8.38742137e-01 9.16018009e-01 -1.52513456e+00
    1.05422652e+00 1.00878572e+00 -1.31104493e+00 -1.83142841e-01
    9.54090774e-01 -9.08882976e-01 3.16887498e-01 1.32861960e+00
    -1.42518735e+00 5.79135358e-01 1.48860550e+00 -1.34491825e+00
    7.86550224e-01 1.60207319e+00 -1.26510084e+00</data></hand_left>
</opencv_storage>
