<?xml version="1.0"?>
<opencv_storage>
<hand_left type_id="opencv-matrix">
  <rows>21</rows>
  <cols>3</cols>
  <dt>f</dt>
  <data>
    -8.29326382e-06 -7.67139682e-06 3.65245501e-06 5.90954781e-01
    -3.88200819e-01 7.07828641e-01 1.33833885e+00 -6.56059206e-01
    -2.45810151e-02 1.73401499e+00 -5.64370692e-01 -8.25856864e-01
    1.95787346e+00 -5.55086732e-01 -1.45094776e+00 5.91035843e-01
    -5.98513961e-01 -1.15024054e+00 1.03255653e+00 -4.26577508e-01
    -1.90940440e+00 1.48582649e+00 -2.09870726e-01 -2.03130198e+00
    1.81546164e+00 -4.84567285e-02 -2.08436632e+00 2.31962234e-01
    -8.14868286e-02 -1.29700506e+00 7.48596430e-01 1.82969570e-01
    -1.95301569e+00 1.14900744e+00 4.26954955e-01 -1.86837697e+00
    1.42924762e+00 5.56120872e-01 -1.73796761e+00 -3.98040190e-03
    3.92935932e-01 -1.18401217e+00 4.68789667e-01 7.04596698e-01
    -1.68422115e+00 8.39039445e-01 9.17687774e-01 -1.52419269e+00
    1.05444884e+00 1.01009881e+00 -1.31041121e+00 -1.82711586e-01
    9.55306828e-01 -9.07582223e-01 3.17384183e-01 1.33038092e+00
    -1.42336750e+00 5.79616666e-01 1.49016690e+00 -1.34295237e+00
    7.87017465e-01 1.60347044e+00 -1.26313496e+00</data></hand_left>
</opencv_storage>
