<?xml version="1.0"?>
<opencv_storage>
<hand_left type_id="opencv-matrix">
  <rows>21</rows>
  <cols>3</cols>
  <dt>f</dt>
  <data>
    -8.29403234e-06 -7.67040183e-06 3.65262804e-06 5.90833545e-01
    -3.88004899e-01 7.08034873e-01 1.33832669e+00 -6.56089902e-01
    -2.41900235e-02 1.73410678e+00 -5.64630270e-01 -8.25465381e-01
    1.95805013e+00 -5.55528045e-01 -1.45052361e+00 5.91220617e-01
    -5.98848701e-01 -1.14998007e+00 1.03286481e+00 -4.27149802e-01
    -1.90916622e+00 1.48622036e+00 -2.10463554e-01 -2.03113699e+00
    1.81595278e+00 -4.90221083e-02 -2.08424783e+00 2.32169643e-01
    -8.18611011e-02 -1.29694784e+00 7.48916984e-01 1.82393715e-01
    -1.95299149e+00 1.14936554e+00 4.26429689e-01 -1.86842871e+00
    1.42966223e+00 5.55676579e-01 -1.73805845e+00 -3.79559398e-03
    3.92596126e-01 -1.18413472e+00 4.69102591e-01 7.04124093e-01
    -1.68432903e+00 8.39321017e-01 9.17266548e-01 -1.52430916e+00
    1.05469263e+00 1.00974834e+00 -1.31051135e+00 -1.82577848e-01
    9.55042720e-01 -9.07898605e-01 3.17638934e-01 1.32999516e+00
    -1.42368293e+00 5.79869986e-01 1.48980093e+00 -1.34322488e+00
    7.87254214e-01 1.60311806e+00 -1.26333594e+00</data></hand_left>
</opencv_storage>
