<?xml version="1.0"?>
<opencv_storage>
<hand_right type_id="opencv-matrix">
  <rows>21</rows>
  <cols>3</cols>
  <dt>f</dt>
  <data>
    -8.29394685e-06 -7.67250640e-06 3.65183541e-06 5.90967894e-01
    -3.88289958e-01 7.07785726e-01 1.33836806e+00 -6.56038165e-01
    -2.46517062e-02 1.73404956e+00 -5.64229071e-01 -8.25912714e-01
    1.95792484e+00 -5.54869175e-01 -1.45100760e+00 5.91084361e-01
    -5.98318577e-01 -1.15033007e+00 1.03262520e+00 -4.26238030e-01
    -1.90944171e+00 1.48587346e+00 -2.09501743e-01 -2.03122735e+00
    1.81548321e+00 -4.80873883e-02 -2.08422494e+00 2.31994659e-01
    -8.12756345e-02 -1.29702520e+00 7.48659313e-01 1.83326423e-01
    -1.95293534e+00 1.14903378e+00 4.27306294e-01 -1.86815667e+00
    1.42925668e+00 5.56453347e-01 -1.73762918e+00 -3.96413356e-03
    3.93124968e-01 -1.18395853e+00 4.68820810e-01 7.04890192e-01
    -1.68407869e+00 8.39055479e-01 9.17971849e-01 -1.52393723e+00
    1.05444586e+00 1.01034045e+00 -1.31003821e+00 -1.82713017e-01
    9.55453336e-01 -9.07446861e-01 3.17399353e-01 1.33062053e+00
    -1.42313254e+00 5.79600751e-01 1.49039793e+00 -1.34265554e+00
    7.86990941e-01 1.60370255e+00 -1.26281285e+00</data></hand_right>
</opencv_storage>
