<?xml version="1.0"?>
<opencv_storage>
<hand_left type_id="opencv-matrix">
  <rows>21</rows>
  <cols>3</cols>
  <dt>f</dt>
  <data>
    -8.29453984e-06 -7.67305846e-06 3.66714607e-06 5.91455221e-01
    -3.87337208e-01 7.08024621e-01 1.33859670e+00 -6.55794561e-01
    -2.45363861e-02 1.73381531e+00 -5.64736009e-01 -8.26102078e-01
    1.95744956e+00 -5.56113362e-01 -1.45141017e+00 5.90753138e-01
    -5.99542737e-01 -1.14996028e+00 1.03209686e+00 -4.28073198e-01
    -1.90923691e+00 1.48524427e+00 -2.11283118e-01 -2.03087115e+00
    1.81467998e+00 -4.98782694e-02 -2.08365631e+00 2.31480807e-01
    -8.27139318e-02 -1.29711092e+00 7.48029590e-01 1.81407377e-01
    -1.95329618e+00 1.14841402e+00 4.25589681e-01 -1.86823010e+00
    1.42856407e+00 5.54884195e-01 -1.73722422e+00 -4.51035798e-03
    3.91790062e-01 -1.18446231e+00 4.68139917e-01 7.03150153e-01
    -1.68500137e+00 8.38468313e-01 9.16466355e-01 -1.52469492e+00
    1.05387676e+00 1.00902998e+00 -1.31035483e+00 -1.83217913e-01
    9.54462349e-01 -9.08514321e-01 3.16750139e-01 1.32908916e+00
    -1.42474926e+00 5.78958631e-01 1.48899078e+00 -1.34440625e+00
    7.86323905e-01 1.60238242e+00 -1.26459026e+00</data></hand_left>
</opencv_storage>
