<?xml version="1.0"?>
<opencv_storage>
<hand_left type_id="opencv-matrix">
  <rows>21</rows>
  <cols>3</cols>
  <dt>f</dt>
  <data>
    -8.29047895e-06 -7.67497659e-06 3.66338372e-06 5.91578960e-01
    -3.87356937e-01 7.07868814e-01 1.33874559e+00 -6.55415297e-01
    -2.47976184e-02 1.73391604e+00 -5.64074814e-01 -8.26398253e-01
    1.95746207e+00 -5.55157602e-01 -1.45169532e+00 5.90772688e-01
    -5.99152207e-01 -1.15013802e+00 1.03193688e+00 -4.27483261e-01
    -1.90957189e+00 1.48514700e+00 -2.10546494e-01 -2.03159785e+00
    1.81473684e+00 -4.89434004e-02 -2.08468342e+00 2.31356695e-01
    -8.23850632e-02 -1.29712546e+00 7.47651279e-01 1.81897148e-01
    -1.95353305e+00 1.14811528e+00 4.26212072e-01 -1.86897933e+00
    1.42845583e+00 5.55673957e-01 -1.73844624e+00 -4.75627556e-03
    3.92033696e-01 -1.18437314e+00 4.67720300e-01 7.03580976e-01
    -1.68499756e+00 8.38038683e-01 9.17006373e-01 -1.52507389e+00
    1.05357969e+00 1.00970578e+00 -1.31114793e+00 -1.83603674e-01
    9.54577863e-01 -9.08290386e-01 3.16164672e-01 1.32949007e+00
    -1.42459273e+00 5.78416944e-01 1.48947811e+00 -1.34435272e+00
    7.85843492e-01 1.60294235e+00 -1.26456797e+00</data></hand_left>
</opencv_storage>
