<?xml version="1.0"?>
<opencv_storage>
<hand_right type_id="opencv-matrix">
  <rows>21</rows>
  <cols>3</cols>
  <dt>f</dt>
  <data>
    -8.28987413e-06 -7.67292295e-06 3.65945425e-06 5.91331780e-01
    -3.87501657e-01 7.07896829e-01 1.33858514e+00 -6.55532479e-01
    -2.45980322e-02 1.73392558e+00 -5.64180374e-01 -8.26097488e-01
    1.95758176e+00 -5.55208802e-01 -1.45127392e+00 5.90950966e-01
    -5.98983049e-01 -1.15004098e+00 1.03216624e+00 -4.27333683e-01
    -1.90945876e+00 1.48539245e+00 -2.10474342e-01 -2.03171492e+00
    1.81505799e+00 -4.88930345e-02 -2.08506346e+00 2.31613204e-01
    -8.22000951e-02 -1.29701185e+00 7.47970700e-01 1.82072431e-01
    -1.95334101e+00 1.14838147e+00 4.26325262e-01 -1.86899054e+00
    1.42875302e+00 5.55772424e-01 -1.73873603e+00 -4.49804217e-03
    3.92190844e-01 -1.18425930e+00 4.68058467e-01 7.03759730e-01
    -1.68472362e+00 8.38293076e-01 9.17128563e-01 -1.52491021e+00
    1.05381024e+00 1.00981331e+00 -1.31117749e+00 -1.83386371e-01
    9.54648137e-01 -9.08132792e-01 3.16471100e-01 1.32962811e+00
    -1.42422390e+00 5.78681827e-01 1.48957467e+00 -1.34393859e+00
    7.86100388e-01 1.60302687e+00 -1.26415718e+00</data></hand_right>
</opencv_storage>
