<?xml version="1.0"?>
<opencv_storage>
<hand_right type_id="opencv-matrix">
  <rows>21</rows>
  <cols>3</cols>
  <dt>f</dt>
  <data>
    -8.28903649e-06 -7.67547044e-06 3.68335304e-06 5.92285633e-01
    -3.86297494e-01 7.07993507e-01 1.33903050e+00 -6.55099034e-01
    -2.49263793e-02 1.73355079e+00 -5.64613402e-01 -8.26917171e-01
    1.95671129e+00 -5.56576252e-01 -1.45243335e+00 5.90270400e-01
    -6.00347221e-01 -1.14988077e+00 1.03097486e+00 -4.29313928e-01
    -1.90961933e+00 1.48380804e+00 -2.12397844e-01 -2.03154278e+00
    1.81299782e+00 -5.09306788e-02 -2.08454704e+00 2.30567828e-01
    -8.38420168e-02 -1.29728413e+00 7.46567488e-01 1.80017605e-01
    -1.95398974e+00 1.14675951e+00 4.24471676e-01 -1.86905587e+00
    1.42675543e+00 5.53959489e-01 -1.73801720e+00 -5.60759753e-03
    3.90653461e-01 -1.18490696e+00 4.66551751e-01 7.01840520e-01
    -1.68601894e+00 8.36804152e-01 9.15476441e-01 -1.52586555e+00
    1.05214596e+00 1.00824380e+00 -1.31143785e+00 -1.84415147e-01
    9.53541517e-01 -9.09359276e-01 3.15017700e-01 1.32793474e+00
    -1.42625260e+00 5.77112615e-01 1.48801446e+00 -1.34611785e+00
    7.84363091e-01 1.60154796e+00 -1.26648533e+00</data></hand_right>
</opencv_storage>
