<?xml version="1.0"?>
<opencv_storage>
<hand_left type_id="opencv-matrix">
  <rows>21</rows>
  <cols>3</cols>
  <dt>f</dt>
  <data>
    -8.29836699e-06 -7.66999256e-06 3.65293931e-06 5.90693593e-01
    -3.88044238e-01 7.08188772e-01 1.33826566e+00 -6.56365752e-01
    -2.39162892e-02 1.73416340e+00 -5.65042078e-01 -8.25142264e-01
    1.95824695e+00 -5.56076527e-01 -1.45021522e+00 5.91304183e-01
    -5.99085927e-01 -1.14985454e+00 1.03319383e+00 -4.27461445e-01
    -1.90887511e+00 1.48664057e+00 -2.10815877e-01 -2.03053308e+00
    1.81638968e+00 -4.94309664e-02 -2.08337831e+00 2.32373014e-01
    -8.20306987e-02 -1.29693997e+00 7.49388456e-01 1.82145655e-01
    -1.95280302e+00 1.14992440e+00 4.26147729e-01 -1.86788535e+00
    1.43025589e+00 5.55372119e-01 -1.73714697e+00 -3.51079181e-03
    3.92493546e-01 -1.18419635e+00 4.69597101e-01 7.03917563e-01
    -1.68427980e+00 8.39920461e-01 9.17032838e-01 -1.52399778e+00
    1.05533743e+00 1.00949967e+00 -1.30986953e+00 -1.82209477e-01
    9.55028713e-01 -9.08045590e-01 3.18237096e-01 1.32981539e+00
    -1.42375660e+00 5.80513000e-01 1.48959470e+00 -1.34322417e+00
    7.87947953e-01 1.60289049e+00 -1.26324427e+00</data></hand_left>
</opencv_storage>
