<?xml version="1.0"?>
<opencv_storage>
<hand_left type_id="opencv-matrix">
  <rows>21</rows>
  <cols>3</cols>
  <dt>f</dt>
  <data>
    -8.29390228e-06 -7.67225993e-06 3.65337610e-06 5.90975165e-01
    -3.88072670e-01 7.07935810e-01 1.33845210e+00 -6.55985773e-01
    -2.44126767e-02 1.73417807e+00 -5.64357102e-01 -8.25685859e-01
    1.95810294e+00 -5.55174291e-01 -1.45080185e+00 5.91185391e-01
    -5.98607481e-01 -1.15016603e+00 1.03281856e+00 -4.26669061e-01
    -1.90925622e+00 1.48606849e+00 -2.09916621e-01 -2.03096819e+00
    1.81564927e+00 -4.84999120e-02 -2.08386087e+00 2.32069686e-01
    -8.16162378e-02 -1.29702902e+00 7.48813868e-01 1.82869226e-01
    -1.95294464e+00 1.14919186e+00 4.26903427e-01 -1.86805379e+00
    1.42935276e+00 5.56077719e-01 -1.73738730e+00 -3.92039865e-03
    3.92811149e-01 -1.18408942e+00 4.68902349e-01 7.04480410e-01
    -1.68427134e+00 8.39148521e-01 9.17624712e-01 -1.52406120e+00
    1.05450237e+00 1.01003647e+00 -1.31007111e+00 -1.82710692e-01
    9.55226958e-01 -9.07735765e-01 3.17421019e-01 1.33027744e+00
    -1.42352676e+00 5.79622030e-01 1.49009919e+00 -1.34306538e+00
    7.86983490e-01 1.60341644e+00 -1.26322293e+00</data></hand_left>
</opencv_storage>
