<?xml version="1.0"?>
<opencv_storage>
<hand_left type_id="opencv-matrix">
  <rows>21</rows>
  <cols>3</cols>
  <dt>f</dt>
  <data>
    -8.29141027e-06 -7.67252823e-06 3.65977394e-06 5.91253996e-01
    -3.87525052e-01 7.07971275e-01 1.33854842e+00 -6.55659318e-01
    -2.44647413e-02 1.73395181e+00 -5.64363241e-01 -8.25935245e-01
    1.95767546e+00 -5.55456758e-01 -1.45110631e+00 5.91017962e-01
    -5.99065244e-01 -1.14998150e+00 1.03233635e+00 -4.27452117e-01
    -1.90933716e+00 1.48555446e+00 -2.10630089e-01 -2.03146648e+00
    1.81519032e+00 -4.91030216e-02 -2.08472013e+00 2.31731281e-01
    -8.22557136e-02 -1.29701042e+00 7.48210669e-01 1.81987762e-01
    -1.95324683e+00 1.14860415e+00 4.26204920e-01 -1.86871433e+00
    1.42891693e+00 5.55603981e-01 -1.73830330e+00 -4.35210392e-03
    3.92160088e-01 -1.18428373e+00 4.68286812e-01 7.03687668e-01
    -1.68470144e+00 8.38529646e-01 9.17026401e-01 -1.52475989e+00
    1.05400538e+00 1.00967419e+00 -1.31090021e+00 -1.83218256e-01
    9.54652786e-01 -9.08187449e-01 3.16724122e-01 1.32956433e+00
    -1.42423820e+00 5.78925610e-01 1.48948646e+00 -1.34391403e+00
    7.86328435e-01 1.60292470e+00 -1.26411688e+00</data></hand_left>
</opencv_storage>
