<?xml version="1.0"?>
<opencv_storage>
<hand_right type_id="opencv-matrix">
  <rows>21</rows>
  <cols>3</cols>
  <dt>f</dt>
  <data>
    -8.29653254e-06 -7.67450183e-06 3.64656944e-06 5.91008067e-01
    -3.88970941e-01 7.07423091e-01 1.33826232e+00 -6.56304479e-01
    -2.53763795e-02 1.73382688e+00 -5.63904643e-01 -8.26649368e-01
    1.95763040e+00 -5.54100394e-01 -1.45181847e+00 5.90781927e-01
    -5.97605169e-01 -1.15089273e+00 1.03235292e+00 -4.24984634e-01
    -1.90985799e+00 1.48576808e+00 -2.08169162e-01 -2.03138804e+00
    1.81548762e+00 -4.67078388e-02 -2.08409882e+00 2.31791526e-01
    -8.03529024e-02 -1.29714298e+00 7.48495936e-01 1.84651926e-01
    -1.95291150e+00 1.14909518e+00 4.28535908e-01 -1.86788976e+00
    1.42947423e+00 5.57576776e-01 -1.73713601e+00 -4.03230637e-03
    3.94030303e-01 -1.18367887e+00 4.68821049e-01 7.06074715e-01
    -1.68360853e+00 8.39236200e-01 9.18977261e-01 -1.52326238e+00
    1.05476463e+00 1.01116991e+00 -1.30918550e+00 -1.82593361e-01
    9.56211805e-01 -9.06724036e-01 3.17600548e-01 1.33164823e+00
    -1.42222512e+00 5.79935730e-01 1.49133039e+00 -1.34164631e+00
    7.87418664e-01 1.60451233e+00 -1.26164579e+00</data></hand_right>
</opencv_storage>
