<?xml version="1.0"?>
<opencv_storage>
<hand_left type_id="opencv-matrix">
  <rows>21</rows>
  <cols>3</cols>
  <dt>f</dt>
  <data>
    -8.29305009e-06 -7.67234178e-06 3.65525875e-06 5.91060400e-01
    -3.87863398e-01 7.07961321e-01 1.33849216e+00 -6.55848324e-01
    -2.43998468e-02 1.73412001e+00 -5.64342678e-01 -8.25741231e-01
    1.95797980e+00 -5.55249155e-01 -1.45087290e+00 5.91145754e-01
    -5.98783493e-01 -1.15007710e+00 1.03265834e+00 -4.26982760e-01
    -1.90928423e+00 1.48592865e+00 -2.10201204e-01 -2.03121734e+00
    1.81556892e+00 -4.87191677e-02 -2.08430076e+00 2.31968641e-01
    -8.18613395e-02 -1.29700828e+00 7.48592615e-01 1.82508424e-01
    -1.95308197e+00 1.14900243e+00 4.26622808e-01 -1.86843085e+00
    1.42927909e+00 5.55916190e-01 -1.73795259e+00 -4.06054407e-03
    3.92561495e-01 -1.18416059e+00 4.68686640e-01 7.04166353e-01
    -1.68444157e+00 8.38936865e-01 9.17399645e-01 -1.52440965e+00
    1.05438554e+00 1.00993824e+00 -1.31054187e+00 -1.82887524e-01
    9.55002010e-01 -9.07911777e-01 3.17174941e-01 1.33000374e+00
    -1.42381024e+00 5.79394817e-01 1.48987567e+00 -1.34342206e+00
    7.86802649e-01 1.60325909e+00 -1.26359546e+00</data></hand_left>
</opencv_storage>
