<?xml version="1.0"?>
<opencv_storage>
<hand_right type_id="opencv-matrix">
  <rows>21</rows>
  <cols>3</cols>
  <dt>f</dt>
  <data>
    -8.29391411e-06 -7.67323945e-06 3.65541564e-06 5.91172099e-01
    -3.87992024e-01 7.07824886e-01 1.33848178e+00 -6.55904293e-01
    -2.47106701e-02 1.73396122e+00 -5.64265132e-01 -8.26113343e-01
    1.95773351e+00 -5.55081367e-01 -1.45130134e+00 5.90954840e-01
    -5.98643780e-01 -1.15027332e+00 1.03243434e+00 -4.26690936e-01
    -1.90945435e+00 1.48575807e+00 -2.09850848e-01 -2.03127360e+00
    1.81543326e+00 -4.83357012e-02 -2.08423162e+00 2.31773734e-01
    -8.16796720e-02 -1.29707181e+00 7.48398244e-01 1.82818756e-01
    -1.95312047e+00 1.14890671e+00 4.26945657e-01 -1.86831689e+00
    1.42925656e+00 5.56237817e-01 -1.73765993e+00 -4.21761721e-03
    3.92741114e-01 -1.18411553e+00 4.68547404e-01 7.04431772e-01
    -1.68436158e+00 8.38887751e-01 9.17638958e-01 -1.52420247e+00
    1.05438852e+00 1.01013899e+00 -1.31016326e+00 -1.82974666e-01
    9.55157816e-01 -9.07760322e-01 3.17094445e-01 1.33022416e+00
    -1.42363834e+00 5.79360902e-01 1.49007702e+00 -1.34321392e+00
    7.86797822e-01 1.60342062e+00 -1.26331580e+00</data></hand_right>
</opencv_storage>
