<?xml version="1.0"?>
<opencv_storage>
<hand_left type_id="opencv-matrix">
  <rows>21</rows>
  <cols>3</cols>
  <dt>f</dt>
  <data>
    -8.29303281e-06 -7.67179336e-06 3.65894516e-06 5.91120124e-01
    -3.87644589e-01 7.08041131e-01 1.33849871e+00 -6.55840874e-01
    -2.42856294e-02 1.73406267e+00 -5.64566076e-01 -8.25666726e-01
    1.95787477e+00 -5.55650473e-01 -1.45080853e+00 5.91066539e-01
    -5.99139810e-01 -1.14993918e+00 1.03254437e+00 -4.27557588e-01
    -1.90919590e+00 1.48575258e+00 -2.10828125e-01 -2.03106833e+00
    1.81531477e+00 -4.94037867e-02 -2.08409286e+00 2.31880173e-01
    -8.22580755e-02 -1.29700792e+00 7.48484612e-01 1.81939408e-01
    -1.95314002e+00 1.14884162e+00 4.26052034e-01 -1.86844838e+00
    1.42902899e+00 5.55327952e-01 -1.73789513e+00 -4.13698703e-03
    3.92202556e-01 -1.18428326e+00 4.68595833e-01 7.03666389e-01
    -1.68466556e+00 8.38814259e-01 9.16913748e-01 -1.52459943e+00
    1.05416846e+00 1.00944769e+00 -1.31065702e+00 -1.82936668e-01
    9.54737425e-01 -9.08192098e-01 3.17108750e-01 1.32957315e+00
    -1.42419887e+00 5.79299748e-01 1.48944151e+00 -1.34381914e+00
    7.86652803e-01 1.60281384e+00 -1.26401389e+00</data></hand_left>
</opencv_storage>
