<?xml version="1.0"?>
<opencv_storage>
<hand_left type_id="opencv-matrix">
  <rows>21</rows>
  <cols>3</cols>
  <dt>f</dt>
  <data>
    -8.29506826e-06 -7.67254460e-06 3.65490178e-06 5.91034532e-01
    -3.87843728e-01 7.08016217e-01 1.33847177e+00 -6.55928373e-01
    -2.43308991e-02 1.73407722e+00 -5.64459145e-01 -8.25704634e-01
    1.95795751e+00 -5.55418491e-01 -1.45086169e+00 5.91160059e-01
    -5.98898649e-01 -1.15003312e+00 1.03278875e+00 -4.27118599e-01
    -1.90918171e+00 1.48621154e+00 -2.10281342e-01 -2.03101826e+00
    1.81598175e+00 -4.87301648e-02 -2.08397555e+00 2.32010856e-01
    -8.19638744e-02 -1.29700494e+00 7.48764515e-01 1.82380199e-01
    -1.95304167e+00 1.14932895e+00 4.26555216e-01 -1.86827350e+00
    1.42975640e+00 5.55930614e-01 -1.73761749e+00 -3.99865210e-03
    3.92482549e-01 -1.18420231e+00 4.68895942e-01 7.04069972e-01
    -1.68440175e+00 8.39231372e-01 9.17329013e-01 -1.52422845e+00
    1.05474329e+00 1.00990593e+00 -1.31015098e+00 -1.82804912e-01
    9.54955459e-01 -9.08005774e-01 3.17396551e-01 1.32992506e+00
    -1.42384982e+00 5.79676986e-01 1.48980176e+00 -1.34339070e+00
    7.87126541e-01 1.60316801e+00 -1.26341677e+00</data></hand_left>
</opencv_storage>
