<?xml version="1.0"?>
<opencv_storage>
<hand_left type_id="opencv-matrix">
  <rows>21</rows>
  <cols>3</cols>
  <dt>f</dt>
  <data>
    -8.29164674e-06 -7.67459187e-06 3.65988308e-06 5.91412306e-01
    -3.87654364e-01 7.07836211e-01 1.33867729e+00 -6.55567646e-01
    -2.47730464e-02 1.73401546e+00 -5.64044118e-01 -8.26262653e-01
    1.95768118e+00 -5.54967523e-01 -1.45151746e+00 5.90909541e-01
    -5.98815024e-01 -1.15023017e+00 1.03218627e+00 -4.26953793e-01
    -1.90954363e+00 1.48537934e+00 -2.10056245e-01 -2.03147721e+00
    1.81494164e+00 -4.85095978e-02 -2.08453512e+00 2.31573746e-01
    -8.19668248e-02 -1.29711044e+00 7.47986674e-01 1.82480350e-01
    -1.95332587e+00 1.14840114e+00 4.26701307e-01 -1.86863923e+00
    1.42869341e+00 5.56065798e-01 -1.73805881e+00 -4.51082736e-03
    3.92433852e-01 -1.18423116e+00 4.68039930e-01 7.04092503e-01
    -1.68468869e+00 8.38346481e-01 9.17428970e-01 -1.52467477e+00
    1.05387807e+00 1.01003706e+00 -1.31072116e+00 -1.83349207e-01
    9.54898238e-01 -9.07986224e-01 3.16511780e-01 1.32991886e+00
    -1.42409420e+00 5.78744054e-01 1.48985827e+00 -1.34379387e+00
    7.86179304e-01 1.60330105e+00 -1.26400316e+00</data></hand_left>
</opencv_storage>
