<?xml version="1.0"?>
<opencv_storage>
<hand_left type_id="opencv-matrix">
  <rows>21</rows>
  <cols>3</cols>
  <dt>f</dt>
  <data>
    -8.29387955e-06 -7.67121128e-06 3.65341020e-06 5.90877593e-01
    -3.87975603e-01 7.08042920e-01 1.33841968e+00 -6.56001389e-01
    -2.41687596e-02 1.73423719e+00 -5.64507246e-01 -8.25402558e-01
    1.95821762e+00 -5.55406213e-01 -1.45046878e+00 5.91284454e-01
    -5.98781824e-01 -1.15000021e+00 1.03295732e+00 -4.26993906e-01
    -1.90911150e+00 1.48620856e+00 -2.10290492e-01 -2.03091311e+00
    1.81580734e+00 -4.88891304e-02 -2.08390021e+00 2.32194915e-01
    -8.18137228e-02 -1.29697287e+00 7.48971999e-01 1.82538837e-01
    -1.95291495e+00 1.14933312e+00 4.26572025e-01 -1.86813402e+00
    1.42949140e+00 5.55768013e-01 -1.73757863e+00 -3.80112231e-03
    3.92628402e-01 -1.18413544e+00 4.69053030e-01 7.04204261e-01
    -1.68433285e+00 8.39268565e-01 9.17364717e-01 -1.52420807e+00
    1.05460560e+00 1.00981927e+00 -1.31031072e+00 -1.82617202e-01
    9.55075443e-01 -9.07882452e-01 3.17549556e-01 1.33004618e+00
    -1.42368233e+00 5.79743505e-01 1.48987353e+00 -1.34324276e+00
    7.87102103e-01 1.60320508e+00 -1.26342177e+00</data></hand_left>
</opencv_storage>
