<?xml version="1.0"?>
<opencv_storage>
<hand_right type_id="opencv-matrix">
  <rows>21</rows>
  <cols>3</cols>
  <dt>f</dt>
  <data>
    -8.29288638e-06 -7.67045458e-06 3.65869732e-06 5.91027260e-01
    -3.87488157e-01 7.08181441e-01 1.33849645e+00 -6.55817747e-01
    -2.39966512e-02 1.73416281e+00 -5.64704716e-01 -8.25345397e-01
    1.95805931e+00 -5.55910945e-01 -1.45045102e+00 5.91211796e-01
    -5.99345148e-01 -1.14973247e+00 1.03275442e+00 -4.27915215e-01
    -1.90899134e+00 1.48599827e+00 -2.11192966e-01 -2.03100348e+00
    1.81561577e+00 -4.97422516e-02 -2.08416653e+00 2.32033595e-01
    -8.25121775e-02 -1.29694188e+00 7.48699248e-01 1.81546047e-01
    -1.95309007e+00 1.14908624e+00 4.25705969e-01 -1.86851037e+00
    1.42933118e+00 5.55059731e-01 -1.73806369e+00 -4.00995836e-03
    3.91956955e-01 -1.18434691e+00 4.68756616e-01 7.03318834e-01
    -1.68474901e+00 8.39001894e-01 9.16635215e-01 -1.52479279e+00
    1.05443645e+00 1.00928473e+00 -1.31095970e+00 -1.82862490e-01
    9.54527140e-01 -9.08391476e-01 3.17216635e-01 1.32927203e+00
    -1.42443562e+00 5.79426646e-01 1.48918402e+00 -1.34412634e+00
    7.86827564e-01 1.60260248e+00 -1.26436245e+00</data></hand_right>
</opencv_storage>
