<?xml version="1.0"?>
<opencv_storage>
<hand_right type_id="opencv-matrix">
  <rows>21</rows>
  <cols>3</cols>
  <dt>f</dt>
  <data>
    -8.29227338e-06 -7.67318488e-06 3.65840879e-06 5.91267943e-01
    -3.87812853e-01 7.07857430e-01 1.33858824e+00 -6.55744255e-01
    -2.46689916e-02 1.73406410e+00 -5.64213157e-01 -8.26077461e-01
    1.95781505e+00 -5.55120349e-01 -1.45128369e+00 5.90968013e-01
    -5.98753393e-01 -1.15021741e+00 1.03233421e+00 -4.26883698e-01
    -1.90946567e+00 1.48548329e+00 -2.10080266e-01 -2.03132033e+00
    1.81498241e+00 -4.86318171e-02 -2.08433485e+00 2.31720120e-01
    -8.18469301e-02 -1.29708850e+00 7.48226881e-01 1.82602137e-01
    -1.95319712e+00 1.14857113e+00 4.26715344e-01 -1.86841869e+00
    1.42875028e+00 5.55958152e-01 -1.73780680e+00 -4.31514904e-03
    3.92568618e-01 -1.18417728e+00 4.68295425e-01 7.04211354e-01
    -1.68456566e+00 8.38564873e-01 9.17452931e-01 -1.52449512e+00
    1.05400836e+00 1.00995779e+00 -1.31054282e+00 -1.83113366e-01
    9.55024123e-01 -9.07885134e-01 3.16818655e-01 1.33002317e+00
    -1.42390680e+00 5.79020143e-01 1.48990870e+00 -1.34356844e+00
    7.86420584e-01 1.60330176e+00 -1.26380324e+00</data></hand_right>
</opencv_storage>
