<?xml version="1.0"?>
<opencv_storage>
<hand_left type_id="opencv-matrix">
  <rows>21</rows>
  <cols>3</cols>
  <dt>f</dt>
  <data>
    -8.29771034e-06 -7.67031906e-06 3.66249196e-06 5.90999961e-01
    -3.87508154e-01 7.08297670e-01 1.33840942e+00 -6.56184554e-01
    -2.39016712e-02 1.73405540e+00 -5.65268040e-01 -8.25286865e-01
    1.95797515e+00 -5.56703210e-01 -1.45046878e+00 5.91094375e-01
    -5.99743545e-01 -1.14967573e+00 1.03279817e+00 -4.28462327e-01
    -1.90882611e+00 1.48607445e+00 -2.11833000e-01 -2.03041291e+00
    1.81562102e+00 -5.05169034e-02 -2.08317566e+00 2.32043207e-01
    -8.28108266e-02 -1.29700112e+00 7.48912334e-01 1.81095213e-01
    -1.95304155e+00 1.14933741e+00 4.25156504e-01 -1.86799335e+00
    1.42948771e+00 5.54384351e-01 -1.73705840e+00 -3.86300683e-03
    3.91766131e-01 -1.18447340e+00 4.69069183e-01 7.02952862e-01
    -1.68485940e+00 8.39377046e-01 9.16170359e-01 -1.52455080e+00
    1.05472541e+00 1.00869823e+00 -1.31029105e+00 -1.82538196e-01
    9.54492569e-01 -9.08616662e-01 3.17736208e-01 1.32896984e+00
    -1.42468286e+00 5.79964042e-01 1.48880398e+00 -1.34426928e+00
    7.87335813e-01 1.60214472e+00 -1.26440811e+00</data></hand_left>
</opencv_storage>
