<?xml version="1.0"?>
<opencv_storage>
<hand_right type_id="opencv-matrix">
  <rows>21</rows>
  <cols>3</cols>
  <dt>f</dt>
  <data>
    -8.29684541e-06 -7.67263737e-06 3.64911330e-06 5.90924621e-01
    -3.88654381e-01 7.07658768e-01 1.33824825e+00 -6.56332493e-01
    -2.49380022e-02 1.73388588e+00 -5.64301491e-01 -8.26214492e-01
    1.95774949e+00 -5.54776549e-01 -1.45135438e+00 5.90902984e-01
    -5.98120809e-01 -1.15055943e+00 1.03254771e+00 -4.25850064e-01
    -1.90957022e+00 1.48597002e+00 -2.09097266e-01 -2.03118563e+00
    1.81570542e+00 -4.76621985e-02 -2.08397532e+00 2.31930286e-01
    -8.09359103e-02 -1.29707861e+00 7.48718262e-01 1.83777049e-01
    -1.95290542e+00 1.14930224e+00 4.27698791e-01 -1.86794090e+00
    1.42966807e+00 5.56799412e-01 -1.73721099e+00 -3.90597060e-03
    3.93495977e-01 -1.18385673e+00 4.69022572e-01 7.05323219e-01
    -1.68385506e+00 8.39406252e-01 9.18289423e-01 -1.52354610e+00
    1.05489779e+00 1.01057243e+00 -1.30947232e+00 -1.82500243e-01
    9.55798209e-01 -9.07171011e-01 3.17763209e-01 1.33100998e+00
    -1.42275405e+00 5.80080509e-01 1.49071789e+00 -1.34220064e+00
    7.87542284e-01 1.60392785e+00 -1.26220965e+00</data></hand_right>
</opencv_storage>
