<?xml version="1.0"?>
<opencv_storage>
<hand_right type_id="opencv-matrix">
  <rows>21</rows>
  <cols>3</cols>
  <dt>f</dt>
  <data>
    -8.29077635e-06 -7.67432721e-06 3.66061613e-06 5.91455579e-01
    -3.87576908e-01 7.07823455e-01 1.33866513e+00 -6.55541420e-01
    -2.48016417e-02 1.73393393e+00 -5.64077497e-01 -8.26326370e-01
    1.95754957e+00 -5.55051923e-01 -1.45157123e+00 5.90832949e-01
    -5.98908186e-01 -1.15020573e+00 1.03206778e+00 -4.27115291e-01
    -1.90956438e+00 1.48526287e+00 -2.10218161e-01 -2.03155375e+00
    1.81484103e+00 -4.86586988e-02 -2.08463597e+00 2.31477767e-01
    -8.20889995e-02 -1.29710782e+00 7.47856617e-01 1.82306588e-01
    -1.95337939e+00 1.14828420e+00 4.26549733e-01 -1.86874282e+00
    1.42857671e+00 5.55932522e-01 -1.73818898e+00 -4.61070985e-03
    3.92312974e-01 -1.18426108e+00 4.67926025e-01 7.03940392e-01
    -1.68476045e+00 8.38226736e-01 9.17289376e-01 -1.52476990e+00
    1.05372500e+00 1.00990486e+00 -1.31083548e+00 -1.83446929e-01
    9.54791725e-01 -9.08061922e-01 3.16377640e-01 1.32978976e+00
    -1.42421615e+00 5.78609645e-01 1.48973429e+00 -1.34392023e+00
    7.86017954e-01 1.60315859e+00 -1.26413286e+00</data></hand_right>
</opencv_storage>
