<?xml version="1.0"?>
<opencv_storage>
<hand_left type_id="opencv-matrix">
  <rows>21</rows>
  <cols>3</cols>
  <dt>f</dt>
  <data>
    -8.29716373e-06 -7.66859830e-06 3.64881862e-06 5.90474069e-01
    -3.88231993e-01 7.08208799e-01 1.33818686e+00 -6.56424284e-01
    -2.37354934e-02 1.73431730e+00 -5.64989328e-01 -8.24824572e-01
    1.95851755e+00 -5.55895388e-01 -1.44978607e+00 5.91519356e-01
    -5.98833919e-01 -1.14982891e+00 1.03350353e+00 -4.27132070e-01
    -1.90879703e+00 1.48691082e+00 -2.10551947e-01 -2.03052855e+00
    1.81664634e+00 -4.92176414e-02 -2.08347464e+00 2.32644275e-01
    -8.17487612e-02 -1.29687393e+00 7.49718070e-01 1.82487607e-01
    -1.95264471e+00 1.15014911e+00 4.26404953e-01 -1.86783206e+00
    1.43036771e+00 5.55543780e-01 -1.73729181e+00 -3.25406343e-03
    3.92746478e-01 -1.18408430e+00 4.69889641e-01 7.04229712e-01
    -1.68406487e+00 8.40101123e-01 9.17271137e-01 -1.52385640e+00
    1.05539954e+00 1.00966382e+00 -1.30993974e+00 -1.82012245e-01
    9.55199897e-01 -9.07842755e-01 3.18457842e-01 1.33009720e+00
    -1.42340291e+00 5.80674946e-01 1.48983908e+00 -1.34284592e+00
    7.88048565e-01 1.60310507e+00 -1.26292419e+00</data></hand_left>
</opencv_storage>
