<?xml version="1.0"?>
<opencv_storage>
<hand_right type_id="opencv-matrix">
  <rows>21</rows>
  <cols>3</cols>
  <dt>f</dt>
  <data>
    -8.29372857e-06 -7.67803976e-06 3.65777100e-06 5.91676414e-01
    -3.88086021e-01 7.07432389e-01 1.33866525e+00 -6.55655026e-01
    -2.56484598e-02 1.73362839e+00 -5.63624620e-01 -8.27291608e-01
    1.95709252e+00 -5.54237247e-01 -1.45268226e+00 5.90516031e-01
    -5.98178864e-01 -1.15081346e+00 1.03172481e+00 -4.25770938e-01
    -1.91002548e+00 1.48511338e+00 -2.08656967e-01 -2.03172088e+00
    1.81483746e+00 -4.69542444e-02 -2.08449578e+00 2.31142163e-01
    -8.12250152e-02 -1.29726505e+00 7.47560143e-01 1.83697969e-01
    -1.95336592e+00 1.14824748e+00 4.27983850e-01 -1.86830711e+00
    1.42880678e+00 5.57393432e-01 -1.73729348e+00 -4.88536060e-03
    3.93126279e-01 -1.18403280e+00 4.67726439e-01 7.05139399e-01
    -1.68428671e+00 8.38244081e-01 9.18426692e-01 -1.52391994e+00
    1.05395114e+00 1.01094055e+00 -1.30951023e+00 -1.83601454e-01
    9.55448091e-01 -9.07418549e-01 3.16284537e-01 1.33079219e+00
    -1.42335439e+00 5.78629792e-01 1.49069989e+00 -1.34289992e+00
    7.86147475e-01 1.60406029e+00 -1.26286912e+00</data></hand_right>
</opencv_storage>
