<?xml version="1.0"?>
<opencv_storage>
<hand_left type_id="opencv-matrix">
  <rows>21</rows>
  <cols>3</cols>
  <dt>f</dt>
  <data>
    -8.29612600e-06 -7.66867925e-06 3.65631831e-06 5.90701282e-01
    -3.87570024e-01 7.08414137e-01 1.33834720e+00 -6.56159461e-01
    -2.34882236e-02 1.73429060e+00 -5.65222859e-01 -8.24730873e-01
    1.95838702e+00 -5.56548357e-01 -1.44976163e+00 5.91445088e-01
    -5.99605381e-01 -1.14949107e+00 1.03328371e+00 -4.28364635e-01
    -1.90864551e+00 1.48665512e+00 -2.11759388e-01 -2.03054214e+00
    1.81637096e+00 -5.03747165e-02 -2.08359766e+00 2.32438773e-01
    -8.26927200e-02 -1.29686880e+00 7.49378026e-01 1.81170434e-01
    -1.95290983e+00 1.14981794e+00 4.25252438e-01 -1.86826289e+00
    1.43008149e+00 5.54570496e-01 -1.73775876e+00 -3.52976099e-03
    3.91849041e-01 -1.18439853e+00 4.69502270e-01 7.03058481e-01
    -1.68467057e+00 8.39728713e-01 9.16301131e-01 -1.52461267e+00
    1.05508375e+00 1.00891137e+00 -1.31069696e+00 -1.82341099e-01
    9.54493344e-01 -9.08554852e-01 3.18016112e-01 1.32908738e+00
    -1.42446375e+00 5.80240488e-01 1.48894262e+00 -1.34404206e+00
    7.87628412e-01 1.60231280e+00 -1.26417220e+00</data></hand_left>
</opencv_storage>
