<?xml version="1.0"?>
<opencv_storage>
<hand_right type_id="opencv-matrix">
  <rows>21</rows>
  <cols>3</cols>
  <dt>f</dt>
  <data>
    -8.29006513e-06 -7.67295296e-06 3.66338941e-06 5.91479182e-01
    -3.87304902e-01 7.07921207e-01 1.33864653e+00 -6.55483067e-01
    -2.46460140e-02 1.73385370e+00 -5.64283848e-01 -8.26229334e-01
    1.95743477e+00 -5.55475533e-01 -1.45146525e+00 5.90834141e-01
    -5.99229157e-01 -1.15000105e+00 1.03197181e+00 -4.27692920e-01
    -1.90946269e+00 1.48514199e+00 -2.10827559e-01 -2.03168488e+00
    1.81474197e+00 -4.92656827e-02 -2.08500314e+00 2.31447682e-01
    -8.24892595e-02 -1.29705012e+00 7.47764587e-01 1.81701943e-01
    -1.95342660e+00 1.14815700e+00 4.25987840e-01 -1.86896777e+00
    1.42849076e+00 5.55447459e-01 -1.73857641e+00 -4.66446579e-03
    3.91923159e-01 -1.18436491e+00 4.67832744e-01 7.03410864e-01
    -1.68493390e+00 8.38099837e-01 9.16828871e-01 -1.52507126e+00
    1.05363810e+00 1.00954604e+00 -1.31122935e+00 -1.83527008e-01
    9.54455674e-01 -9.08345282e-01 3.16273212e-01 1.32931387e+00
    -1.42456985e+00 5.78476429e-01 1.48928535e+00 -1.34433126e+00
    7.85894394e-01 1.60275817e+00 -1.26459098e+00</data></hand_right>
</opencv_storage>
