<?xml version="1.0"?>
<opencv_storage>
<hand_right type_id="opencv-matrix">
  <rows>21</rows>
  <cols>3</cols>
  <dt>f</dt>
  <data>
    -8.29718738e-06 -7.67409983e-06 3.65115375e-06 5.91084778e-01
    -3.88573766e-01 7.07606494e-01 1.33832860e+00 -6.56246781e-01
    -2.51079649e-02 1.73381972e+00 -5.64208388e-01 -8.26453030e-01
    1.95762110e+00 -5.54737449e-01 -1.45166087e+00 5.90805411e-01
    -5.98122001e-01 -1.15063322e+00 1.03238726e+00 -4.25791204e-01
    -1.90963244e+00 1.48579514e+00 -2.08967090e-01 -2.03116250e+00
    1.81549740e+00 -4.75011170e-02 -2.08386660e+00 2.31767789e-01
    -8.09656158e-02 -1.29712844e+00 7.48516202e-01 1.83815777e-01
    -1.95295417e+00 1.14912319e+00 4.27794397e-01 -1.86784720e+00
    1.42951679e+00 5.56933761e-01 -1.73694575e+00 -4.08579782e-03
    3.93457085e-01 -1.18388414e+00 4.68787640e-01 7.05324531e-01
    -1.68391156e+00 8.39235902e-01 9.18344855e-01 -1.52351594e+00
    1.05479705e+00 1.01066005e+00 -1.30927968e+00 -1.82674453e-01
    9.55770791e-01 -9.07197773e-01 3.17532957e-01 1.33098757e+00
    -1.42284608e+00 5.79863429e-01 1.49073267e+00 -1.34230804e+00
    7.87356377e-01 1.60397589e+00 -1.26230896e+00</data></hand_right>
</opencv_storage>
