<?xml version="1.0"?>
<opencv_storage>
<hand_left type_id="opencv-matrix">
  <rows>21</rows>
  <cols>3</cols>
  <dt>f</dt>
  <data>
    -8.30110730e-06 -7.66520316e-06 3.65276674e-06 5.90239346e-01
    -3.87805283e-01 7.08676815e-01 1.33811307e+00 -6.56694174e-01
    -2.28962153e-02 1.73444772e+00 -5.65908134e-01 -8.23965371e-01
    1.95883942e+00 -5.57336807e-01 -1.44891191e+00 5.91747999e-01
    -5.99796593e-01 -1.14924216e+00 1.03402138e+00 -4.28684592e-01
    -1.90816498e+00 1.48753405e+00 -2.12232381e-01 -2.02983212e+00
    1.81733477e+00 -5.09702563e-02 -2.08272552e+00 2.33000442e-01
    -8.27499628e-02 -1.29677367e+00 7.50387073e-01 1.80964649e-01
    -1.95252335e+00 1.15089190e+00 4.24909234e-01 -1.86758399e+00
    1.43115270e+00 5.54125428e-01 -1.73684919e+00 -2.84344703e-03
    3.91876459e-01 -1.18439364e+00 4.70560789e-01 7.02934802e-01
    -1.68441451e+00 8.40824127e-01 9.16047692e-01 -1.52411366e+00
    1.05614161e+00 1.00857663e+00 -1.31000638e+00 -1.81570604e-01
    9.54581439e-01 -9.08620298e-01 3.19178581e-01 1.32900059e+00
    -1.42427874e+00 5.81423044e-01 1.48876190e+00 -1.34372795e+00
    7.88826466e-01 1.60205936e+00 -1.26375830e+00</data></hand_left>
</opencv_storage>
