<?xml version="1.0"?>
<opencv_storage>
<hand_left type_id="opencv-matrix">
  <rows>21</rows>
  <cols>3</cols>
  <dt>f</dt>
  <data>
    -8.29370128e-06 -7.67006441e-06 3.65118649e-06 5.90767980e-01
    -3.88167292e-01 7.07991064e-01 1.33830571e+00 -6.56132936e-01
    -2.42072493e-02 1.73418951e+00 -5.64555824e-01 -8.25397313e-01
    1.95818782e+00 -5.55355549e-01 -1.45041251e+00 5.91278315e-01
    -5.98623276e-01 -1.15005434e+00 1.03295803e+00 -4.26792741e-01
    -1.90916407e+00 1.48621988e+00 -2.10145831e-01 -2.03103924e+00
    1.81584382e+00 -4.87840474e-02 -2.08410835e+00 2.32253119e-01
    -8.16013440e-02 -1.29694784e+00 7.49029160e-01 1.82769492e-01
    -1.95286882e+00 1.14937055e+00 4.26723391e-01 -1.86819696e+00
    1.42951608e+00 5.55854559e-01 -1.73780525e+00 -3.70432809e-03
    3.92836243e-01 -1.18404651e+00 4.69167203e-01 7.04432070e-01
    -1.68418884e+00 8.39347661e-01 9.17510986e-01 -1.52413106e+00
    1.05464888e+00 1.00990331e+00 -1.31037331e+00 -1.82488099e-01
    9.55231011e-01 -9.07701671e-01 3.17701280e-01 1.33025265e+00
    -1.42341650e+00 5.79885900e-01 1.49002993e+00 -1.34296274e+00
    7.87236273e-01 1.60332382e+00 -1.26316309e+00</data></hand_left>
</opencv_storage>
