<?xml version="1.0"?>
<opencv_storage>
<hand_right type_id="opencv-matrix">
  <rows>21</rows>
  <cols>3</cols>
  <dt>f</dt>
  <data>
    -8.26913492e-06 -7.68820064e-06 3.66493214e-06 5.93264341e-01
    -3.87723029e-01 7.06156969e-01 1.33957291e+00 -6.53433204e-01
    -2.81181633e-02 1.73339832e+00 -5.60346305e-01 -8.30158353e-01
    1.95584238e+00 -5.50116062e-01 -1.45568287e+00 5.89610696e-01
    -5.96351981e-01 -1.15206623e+00 1.02890337e+00 -4.23030555e-01
    -1.91219008e+00 1.48130333e+00 -2.05529571e-01 -2.03517294e+00
    1.81037521e+00 -4.35683727e-02 -2.08913612e+00 2.29232028e-01
    -7.98616558e-02 -1.29756296e+00 7.43612051e-01 1.86006486e-01
    -1.95466912e+00 1.14352345e+00 4.30537015e-01 -1.87121093e+00
    1.42368650e+00 5.60016274e-01 -1.74192345e+00 -7.34233484e-03
    3.94012749e-01 -1.18362486e+00 4.63456094e-01 7.06914127e-01
    -1.68476117e+00 8.33536923e-01 9.20533776e-01 -1.52578354e+00
    1.04923534e+00 1.01313603e+00 -1.31289208e+00 -1.86494634e-01
    9.55789447e-01 -9.06291604e-01 3.11557055e-01 1.33220851e+00
    -1.42300487e+00 5.73597908e-01 1.49243200e+00 -1.34319901e+00
    7.80976176e-01 1.60610867e+00 -1.26398087e+00</data></hand_right>
</opencv_storage>
