<?xml version="1.0"?>
<opencv_storage>
<hand_left type_id="opencv-matrix">
  <rows>21</rows>
  <cols>3</cols>
  <dt>f</dt>
  <data>
    -8.29270539e-06 -7.67236997e-06 3.65661208e-06 5.91090798e-01
    -3.87674123e-01 7.08031952e-01 1.33853388e+00 -6.55751586e-01
    -2.42659152e-02 1.73414266e+00 -5.64373970e-01 -8.25616777e-01
    1.95800102e+00 -5.55379391e-01 -1.45073903e+00 5.91176271e-01
    -5.98971367e-01 -1.14995468e+00 1.03268218e+00 -4.27281380e-01
    -1.90918696e+00 1.48594618e+00 -2.10482180e-01 -2.03115559e+00
    1.81559145e+00 -4.89739180e-02 -2.08426857e+00 2.31961414e-01
    -8.21092427e-02 -1.29698551e+00 7.48578846e-01 1.82176560e-01
    -1.95310128e+00 1.14899504e+00 4.26351845e-01 -1.86849380e+00
    1.42928934e+00 5.55713296e-01 -1.73802614e+00 -4.10189480e-03
    3.92316312e-01 -1.18423617e+00 4.68639731e-01 7.03862488e-01
    -1.68456650e+00 8.38894129e-01 9.17163849e-01 -1.52457023e+00
    1.05435395e+00 1.00977731e+00 -1.31069958e+00 -1.82970390e-01
    9.54795241e-01 -9.08101141e-01 3.17071408e-01 1.32973731e+00
    -1.42406130e+00 5.79292774e-01 1.48964691e+00 -1.34370804e+00
    7.86704779e-01 1.60306263e+00 -1.26389360e+00</data></hand_left>
</opencv_storage>
