<?xml version="1.0"?>
<opencv_storage>
<hand_right type_id="opencv-matrix">
  <rows>21</rows>
  <cols>3</cols>
  <dt>f</dt>
  <data>
    -8.29012333e-06 -7.67252368e-06 3.65259984e-06 5.91063738e-01
    -3.88150930e-01 7.07744718e-01 1.33845043e+00 -6.55785084e-01
    -2.47086436e-02 1.73409605e+00 -5.63972950e-01 -8.25982928e-01
    1.95789552e+00 -5.54583907e-01 -1.45104516e+00 5.91077864e-01
    -5.98282397e-01 -1.15032756e+00 1.03245783e+00 -4.26236928e-01
    -1.90956438e+00 1.48558164e+00 -2.09496379e-01 -2.03153706e+00
    1.81510687e+00 -4.80779707e-02 -2.08468819e+00 2.31887311e-01
    -8.13181847e-02 -1.29702461e+00 7.48355567e-01 1.83268145e-01
    -1.95307958e+00 1.14860296e+00 4.27267969e-01 -1.86854911e+00
    1.42869496e+00 5.56405663e-01 -1.73829353e+00 -4.14869934e-03
    3.93043429e-01 -1.18397176e+00 4.68459129e-01 7.04823852e-01
    -1.68423307e+00 8.38580847e-01 9.17940617e-01 -1.52429712e+00
    1.05386400e+00 1.01031780e+00 -1.31066847e+00 -1.82983905e-01
    9.55347061e-01 -9.07472551e-01 3.16930652e-01 1.33057261e+00
    -1.42328095e+00 5.79074264e-01 1.49038315e+00 -1.34288466e+00
    7.86387205e-01 1.60370290e+00 -1.26316154e+00</data></hand_right>
</opencv_storage>
