<?xml version="1.0"?>
<opencv_storage>
<hand_right type_id="opencv-matrix">
  <rows>21</rows>
  <cols>3</cols>
  <dt>f</dt>
  <data>
    -8.29220335e-06 -7.67410620e-06 3.67378811e-06 5.91770828e-01
    -3.86824131e-01 7.08075285e-01 1.33881187e+00 -6.55438185e-01
    -2.45636851e-02 1.73378539e+00 -5.64659715e-01 -8.26297522e-01
    1.95725846e+00 -5.56315184e-01 -1.45167041e+00 5.90675890e-01
    -5.99901319e-01 -1.14985061e+00 1.03177261e+00 -4.28643525e-01
    -1.90933514e+00 1.48478377e+00 -2.11786032e-01 -2.03115344e+00
    1.81413269e+00 -5.03317416e-02 -2.08410835e+00 2.31199026e-01
    -8.32419693e-02 -1.29716206e+00 7.47542620e-01 1.80760652e-01
    -1.95355582e+00 1.14782190e+00 4.25091624e-01 -1.86857831e+00
    1.42791533e+00 5.54511189e-01 -1.73759115e+00 -4.91223857e-03
    3.91246527e-01 -1.18467247e+00 4.67549503e-01 7.02538013e-01
    -1.68543208e+00 8.37815642e-01 9.16029930e-01 -1.52521276e+00
    1.05319214e+00 1.00872016e+00 -1.31085312e+00 -1.83724567e-01
    9.54007208e-01 -9.08936441e-01 3.16029847e-01 1.32854664e+00
    -1.42542624e+00 5.78169107e-01 1.48854375e+00 -1.34516573e+00
    7.85478532e-01 1.60202217e+00 -1.26542795e+00</data></hand_right>
</opencv_storage>
