<?xml version="1.0"?>
<opencv_storage>
<hand_right type_id="opencv-matrix">
  <rows>21</rows>
  <cols>3</cols>
  <dt>f</dt>
  <data>
    -8.27356143e-06 -7.68887548e-06 3.66799759e-06 5.93265772e-01
    -3.87755096e-01 7.06265330e-01 1.33956754e+00 -6.53673649e-01
    -2.80698091e-02 1.73339581e+00 -5.60673892e-01 -8.30135226e-01
    1.95589221e+00 -5.50630927e-01 -1.45573425e+00 5.89580417e-01
    -5.96609831e-01 -1.15204585e+00 1.02901363e+00 -4.23346400e-01
    -1.91204190e+00 1.48137569e+00 -2.05923200e-01 -2.03459454e+00
    1.81032574e+00 -4.40938175e-02 -2.08820081e+00 2.29289860e-01
    -8.00283104e-02 -1.29763114e+00 7.43859529e-01 1.85773015e-01
    -1.95455706e+00 1.14373112e+00 4.30199444e-01 -1.87057376e+00
    1.42373884e+00 5.59527636e-01 -1.74080276e+00 -7.18075782e-03
    3.93930376e-01 -1.18371379e+00 4.63723779e-01 7.06710219e-01
    -1.68481076e+00 8.33849907e-01 9.20239151e-01 -1.52547073e+00
    1.04948771e+00 1.01272106e+00 -1.31219506e+00 -1.86188191e-01
    9.55835879e-01 -9.06445026e-01 3.12024772e-01 1.33202934e+00
    -1.42316115e+00 5.74054837e-01 1.49218738e+00 -1.34326470e+00
    7.81411350e-01 1.60581362e+00 -1.26400518e+00</data></hand_right>
</opencv_storage>
