<?xml version="1.0"?>
<opencv_storage>
<hand_right type_id="opencv-matrix">
  <rows>21</rows>
  <cols>3</cols>
  <dt>f</dt>
  <data>
    -8.29411601e-06 -7.67386518e-06 3.65213418e-06 5.91133654e-01
    -3.88420403e-01 7.07626760e-01 1.33842659e+00 -6.56022489e-01
    -2.50385553e-02 1.73395693e+00 -5.64016104e-01 -8.26364279e-01
    1.95774102e+00 -5.54547668e-01 -1.45154941e+00 5.90893924e-01
    -5.98112464e-01 -1.15057898e+00 1.03239179e+00 -4.25810158e-01
    -1.90964127e+00 1.48565543e+00 -2.08988279e-01 -2.03126621e+00
    1.81523824e+00 -4.75426912e-02 -2.08407545e+00 2.31769219e-01
    -8.10340270e-02 -1.29711890e+00 7.48407900e-01 1.83749780e-01
    -1.95299637e+00 1.14885807e+00 4.27743733e-01 -1.86799669e+00
    1.42908955e+00 5.56860685e-01 -1.73723447e+00 -4.16697934e-03
    3.93354893e-01 -1.18390858e+00 4.68574226e-01 7.05234349e-01
    -1.68403316e+00 8.38908672e-01 9.18297052e-01 -1.52375245e+00
    1.05436039e+00 1.01061571e+00 -1.30969512e+00 -1.82856962e-01
    9.55657005e-01 -9.07260001e-01 3.17200303e-01 1.33090734e+00
    -1.42298687e+00 5.79448283e-01 1.49068558e+00 -1.34251082e+00
    7.86860108e-01 1.60395586e+00 -1.26264095e+00</data></hand_right>
</opencv_storage>
