<?xml version="1.0"?>
<opencv_storage>
<hand_left type_id="opencv-matrix">
  <rows>21</rows>
  <cols>3</cols>
  <dt>f</dt>
  <data>
    -8.29672899e-06 -7.67235906e-06 3.65813617e-06 5.91018438e-01
    -3.87614846e-01 7.08192348e-01 1.33847010e+00 -6.56005085e-01
    -2.40475833e-02 1.73409319e+00 -5.64827800e-01 -8.25432897e-01
    1.95801377e+00 -5.56038737e-01 -1.45060313e+00 5.91170788e-01
    -5.99371076e-01 -1.14980888e+00 1.03287554e+00 -4.27856326e-01
    -1.90894830e+00 1.48630309e+00 -2.11075336e-01 -2.03064466e+00
    1.81602788e+00 -4.95794713e-02 -2.08346534e+00 2.32056379e-01
    -8.24553072e-02 -1.29699028e+00 7.48885274e-01 1.81654871e-01
    -1.95305324e+00 1.14945066e+00 4.25832093e-01 -1.86818385e+00
    1.42984128e+00 5.55213690e-01 -1.73738480e+00 -3.92130017e-03
    3.92056733e-01 -1.18436241e+00 4.69031632e-01 7.03445792e-01
    -1.68463910e+00 8.39383900e-01 9.16731715e-01 -1.52440035e+00
    1.05486047e+00 1.00934291e+00 -1.31018281e+00 -1.82687879e-01
    9.54664886e-01 -9.08377349e-01 3.17590147e-01 1.32939553e+00
    -1.42432618e+00 5.79877257e-01 1.48928046e+00 -1.34386742e+00
    7.87322879e-01 1.60265875e+00 -1.26388156e+00</data></hand_left>
</opencv_storage>
