<?xml version="1.0"?>
<opencv_storage>
<hand_left type_id="opencv-matrix">
  <rows>21</rows>
  <cols>3</cols>
  <dt>f</dt>
  <data>
    -8.29825149e-06 -7.67347228e-06 3.64607558e-06 5.90832531e-01
    -3.88905525e-01 7.07611144e-01 1.33822405e+00 -6.56424999e-01
    -2.49854773e-02 1.73395777e+00 -5.64190388e-01 -8.26194167e-01
    1.95789838e+00 -5.54514647e-01 -1.45132482e+00 5.90989292e-01
    -5.97821951e-01 -1.15068007e+00 1.03273654e+00 -4.25348639e-01
    -1.90958178e+00 1.48619390e+00 -2.08584398e-01 -2.03105164e+00
    1.81594157e+00 -4.71555591e-02 -2.08373094e+00 2.32065976e-01
    -8.05654302e-02 -1.29708850e+00 7.48942375e-01 1.84312463e-01
    -1.95277798e+00 1.14954066e+00 4.28186655e-01 -1.86768341e+00
    1.42991519e+00 5.57237744e-01 -1.73686206e+00 -3.74953449e-03
    3.93852264e-01 -1.18374515e+00 4.69245434e-01 7.05796301e-01
    -1.68361044e+00 8.39646876e-01 9.18704391e-01 -1.52319598e+00
    1.05514753e+00 1.01092029e+00 -1.30904281e+00 -1.82331577e-01
    9.56090748e-01 -9.06913280e-01 3.18008989e-01 1.33141649e+00
    -1.42235482e+00 5.80336392e-01 1.49109554e+00 -1.34173381e+00
    7.87815094e-01 1.60428691e+00 -1.26169467e+00</data></hand_left>
</opencv_storage>
