<?xml version="1.0"?>
<opencv_storage>
<hand_right type_id="opencv-matrix">
  <rows>21</rows>
  <cols>3</cols>
  <dt>f</dt>
  <data>
    -8.29216788e-06 -7.67741949e-06 3.65412120e-06 5.91482520e-01
    -3.88523936e-01 7.07304895e-01 1.33855379e+00 -6.55748606e-01
    -2.57406533e-02 1.73376811e+00 -5.63408673e-01 -8.27171624e-01
    1.95731771e+00 -5.53688347e-01 -1.45246077e+00 5.90544105e-01
    -5.97728252e-01 -1.15097141e+00 1.03172708e+00 -4.25140560e-01
    -1.91013598e+00 1.48488617e+00 -2.08221227e-01 -2.03171635e+00
    1.81435764e+00 -4.67284322e-02 -2.08445644e+00 2.31290624e-01
    -8.06470886e-02 -1.29723752e+00 7.47593999e-01 1.84381217e-01
    -1.95326126e+00 1.14801860e+00 4.28387761e-01 -1.86832690e+00
    1.42823374e+00 5.57475209e-01 -1.73760474e+00 -4.66199219e-03
    3.93687963e-01 -1.18380213e+00 4.67796922e-01 7.05752373e-01
    -1.68407190e+00 8.38147044e-01 9.18808818e-01 -1.52387249e+00
    1.05364752e+00 1.01108158e+00 -1.30986738e+00 -1.83309466e-01
    9.55907762e-01 -9.06931579e-01 3.16483319e-01 1.33133733e+00
    -1.42279661e+00 5.78750610e-01 1.49112940e+00 -1.34238088e+00
    7.86178410e-01 1.60441816e+00 -1.26255524e+00</data></hand_right>
</opencv_storage>
