<?xml version="1.0"?>
<opencv_storage>
<hand_right type_id="opencv-matrix">
  <rows>21</rows>
  <cols>3</cols>
  <dt>f</dt>
  <data>
    -8.28927932e-06 -7.67597157e-06 3.66372160e-06 5.91688275e-01
    -3.87379169e-01 7.07765043e-01 1.33880496e+00 -6.55288339e-01
    -2.50011533e-02 1.73389316e+00 -5.63843369e-01 -8.26627374e-01
    1.95737743e+00 -5.54843068e-01 -1.45193624e+00 5.90709150e-01
    -5.98971903e-01 -1.15025818e+00 1.03174067e+00 -4.27201569e-01
    -1.90973866e+00 1.48486936e+00 -2.10242927e-01 -2.03181911e+00
    1.81440008e+00 -4.86339629e-02 -2.08497119e+00 2.31232673e-01
    -8.22200105e-02 -1.29715478e+00 7.47402489e-01 1.82166889e-01
    -1.95358956e+00 1.14780056e+00 4.26482797e-01 -1.86908484e+00
    1.42811084e+00 5.55932462e-01 -1.73862720e+00 -4.90890816e-03
    3.92164677e-01 -1.18432450e+00 4.67449903e-01 7.03796446e-01
    -1.68497956e+00 8.37746620e-01 9.17231083e-01 -1.52511275e+00
    1.05330229e+00 1.00992227e+00 -1.31124616e+00 -1.83773622e-01
    9.54662681e-01 -9.08160448e-01 3.15887451e-01 1.32965851e+00
    -1.42448509e+00 5.78118205e-01 1.48965883e+00 -1.34427214e+00
    7.85545349e-01 1.60314500e+00 -1.26453459e+00</data></hand_right>
</opencv_storage>
