<?xml version="1.0"?>
<opencv_storage>
<hand_right type_id="opencv-matrix">
  <rows>21</rows>
  <cols>3</cols>
  <dt>f</dt>
  <data>
    -8.29557757e-06 -7.67085112e-06 3.64830271e-06 5.90712726e-01
    -3.88488203e-01 7.07880020e-01 1.33824527e+00 -6.56286120e-01
    -2.44035870e-02 1.73414969e+00 -5.64455628e-01 -8.25561941e-01
    1.95817363e+00 -5.55047393e-01 -1.45059288e+00 5.91242671e-01
    -5.98301649e-01 -1.15025735e+00 1.03300941e+00 -4.26225603e-01
    -1.90925992e+00 1.48636270e+00 -2.09549755e-01 -2.03097153e+00
    1.81605339e+00 -4.81700897e-02 -2.08389616e+00 2.32284486e-01
    -8.11774954e-02 -1.29697800e+00 7.49150217e-01 1.83382094e-01
    -1.95277607e+00 1.14958668e+00 4.27290320e-01 -1.86795127e+00
    1.42981935e+00 5.56383252e-01 -1.73741567e+00 -3.61639261e-03
    3.93254250e-01 -1.18391764e+00 4.69351768e-01 7.04980493e-01
    -1.68390906e+00 8.39594901e-01 9.17977333e-01 -1.52371287e+00
    1.05494785e+00 1.01029181e+00 -1.30982971e+00 -1.82334259e-01
    9.55580175e-01 -9.07387078e-01 3.17959368e-01 1.33072793e+00
    -1.42293835e+00 5.80189943e-01 1.49045360e+00 -1.34239900e+00
    7.87579358e-01 1.60369670e+00 -1.26249945e+00</data></hand_right>
</opencv_storage>
