<?xml version="1.0"?>
<opencv_storage>
<hand_right type_id="opencv-matrix">
  <rows>21</rows>
  <cols>3</cols>
  <dt>f</dt>
  <data>
    -8.29737564e-06 -7.66883113e-06 3.64710968e-06 5.90470374e-01
    -3.88475120e-01 7.08083212e-01 1.33815217e+00 -6.56493604e-01
    -2.39661038e-02 1.73427963e+00 -5.64852297e-01 -8.25037539e-01
    1.95846927e+00 -5.55590451e-01 -1.45000553e+00 5.91453671e-01
    -5.98539114e-01 -1.15001917e+00 1.03341830e+00 -4.26649690e-01
    -1.90895534e+00 1.48681366e+00 -2.10072577e-01 -2.03063989e+00
    1.81653261e+00 -4.87588644e-02 -2.08356071e+00 2.32606515e-01
    -8.13878626e-02 -1.29690683e+00 7.49665141e-01 1.82996988e-01
    -1.95261860e+00 1.15009344e+00 4.26851392e-01 -1.86775625e+00
    1.43029535e+00 5.55913687e-01 -1.73720980e+00 -3.25811282e-03
    3.93090934e-01 -1.18396890e+00 4.69865263e-01 7.04675734e-01
    -1.68389738e+00 8.40092778e-01 9.17642474e-01 -1.52366519e+00
    1.05540037e+00 1.00995505e+00 -1.30977154e+00 -1.81969881e-01
    9.55477715e-01 -9.07561421e-01 3.18490207e-01 1.33047926e+00
    -1.42305529e+00 5.80714345e-01 1.49018359e+00 -1.34248352e+00
    7.88098395e-01 1.60341454e+00 -1.26257229e+00</data></hand_right>
</opencv_storage>
