<?xml version="1.0"?>
<opencv_storage>
<hand_right type_id="opencv-matrix">
  <rows>21</rows>
  <cols>3</cols>
  <dt>f</dt>
  <data>
    -8.29844885e-06 -7.67034908e-06 3.65824167e-06 5.90880334e-01
    -3.87738347e-01 7.08247960e-01 1.33834589e+00 -6.56269550e-01
    -2.39331126e-02 1.73407030e+00 -5.65171838e-01 -8.25266123e-01
    1.95805311e+00 -5.56424499e-01 -1.45041788e+00 5.91156423e-01
    -5.99486232e-01 -1.14975774e+00 1.03294718e+00 -4.28054690e-01
    -1.90884411e+00 1.48634863e+00 -2.11394340e-01 -2.03046155e+00
    1.81603110e+00 -5.00164330e-02 -2.08324051e+00 2.32162237e-01
    -8.24950710e-02 -1.29697442e+00 7.49097466e-01 1.81514516e-01
    -1.95296061e+00 1.14963520e+00 4.25572634e-01 -1.86798596e+00
    1.42994022e+00 5.54836452e-01 -1.73713219e+00 -3.72383744e-03
    3.92065614e-01 -1.18435943e+00 4.69298512e-01 7.03343868e-01
    -1.68461883e+00 8.39659214e-01 9.16530252e-01 -1.52433395e+00
    1.05510259e+00 1.00906730e+00 -1.31012106e+00 -1.82393014e-01
    9.54715848e-01 -9.08383965e-01 3.17973435e-01 1.32931280e+00
    -1.42431581e+00 5.80261827e-01 1.48913145e+00 -1.34386373e+00
    7.87700415e-01 1.60246146e+00 -1.26392138e+00</data></hand_right>
</opencv_storage>
