<?xml version="1.0"?>
<opencv_storage>
<hand_left type_id="opencv-matrix">
  <rows>21</rows>
  <cols>3</cols>
  <dt>f</dt>
  <data>
    -8.27138501e-06 -7.69058533e-06 3.67459870e-06 5.93870401e-01
    -3.87782425e-01 7.05733895e-01 1.33950472e+00 -6.53666139e-01
    -2.93016583e-02 1.73257494e+00 -5.60582042e-01 -8.31713855e-01
    1.95450675e+00 -5.50465405e-01 -1.45751584e+00 5.88574111e-01
    -5.96561134e-01 -1.15256548e+00 1.02737737e+00 -4.23218429e-01
    -1.91286016e+00 1.47968507e+00 -2.05729008e-01 -2.03570127e+00
    1.80862522e+00 -4.38585579e-02 -2.08951044e+00 2.28166401e-01
    -7.99754187e-02 -1.29780841e+00 7.42241263e-01 1.85892150e-01
    -1.95508456e+00 1.14224601e+00 4.30343568e-01 -1.87126720e+00
    1.42241240e+00 5.59696138e-01 -1.74156141e+00 -8.19483027e-03
    3.93972844e-01 -1.18366957e+00 4.62331891e-01 7.06787348e-01
    -1.68509889e+00 8.32644165e-01 9.20309901e-01 -1.52594173e+00
    1.04854023e+00 1.01281500e+00 -1.31272674e+00 -1.86948821e-01
    9.55857873e-01 -9.06236231e-01 3.10870647e-01 1.33205533e+00
    -1.42330074e+00 5.72998106e-01 1.49219334e+00 -1.34359920e+00
    7.80441642e-01 1.60580111e+00 -1.26445103e+00</data></hand_left>
</opencv_storage>
