<?xml version="1.0"?>
<opencv_storage>
<hand_left type_id="opencv-matrix">
  <rows>21</rows>
  <cols>3</cols>
  <dt>f</dt>
  <data>
    -8.29848523e-06 -7.66997346e-06 3.65737924e-06 5.90821207e-01
    -3.87914836e-01 7.08192468e-01 1.33829284e+00 -6.56366348e-01
    -2.39879787e-02 1.73407745e+00 -5.65162778e-01 -8.25265050e-01
    1.95807362e+00 -5.56311488e-01 -1.45039356e+00 5.91147721e-01
    -5.99316120e-01 -1.14984715e+00 1.03297043e+00 -4.27785456e-01
    -1.90888143e+00 1.48631477e+00 -2.11177409e-01 -2.03037643e+00
    1.81591630e+00 -4.98748720e-02 -2.08307123e+00 2.32199073e-01
    -8.22716132e-02 -1.29698479e+00 7.49160230e-01 1.81824774e-01
    -1.95288610e+00 1.14962292e+00 4.25792545e-01 -1.86781120e+00
    1.42980576e+00 5.54938138e-01 -1.73690093e+00 -3.65503132e-03
    3.92285615e-01 -1.18428445e+00 4.69384611e-01 7.03619123e-01
    -1.68448400e+00 8.39684248e-01 9.16710019e-01 -1.52411580e+00
    1.05501151e+00 1.00912166e+00 -1.30988204e+00 -1.82292894e-01
    9.54900026e-01 -9.08203244e-01 3.18088412e-01 1.32955396e+00
    -1.42404366e+00 5.80335259e-01 1.48931694e+00 -1.34353876e+00
    7.87712395e-01 1.60259175e+00 -1.26360297e+00</data></hand_left>
</opencv_storage>
