<?xml version="1.0"?>
<opencv_storage>
<hand_right type_id="opencv-matrix">
  <rows>21</rows>
  <cols>3</cols>
  <dt>f</dt>
  <data>
    -8.29186956e-06 -7.67471283e-06 3.65222377e-06 5.91222525e-01
    -3.88389051e-01 7.07530022e-01 1.33845961e+00 -6.55832708e-01
    -2.52081901e-02 1.73390889e+00 -5.63744068e-01 -8.26552272e-01
    1.95761240e+00 -5.54179966e-01 -1.45172679e+00 5.90820968e-01
    -5.97989559e-01 -1.15063989e+00 1.03214502e+00 -4.25659806e-01
    -1.90980840e+00 1.48535919e+00 -2.08817810e-01 -2.03161621e+00
    1.81492829e+00 -4.73346114e-02 -2.08458233e+00 2.31632441e-01
    -8.09486806e-02 -1.29711044e+00 7.48067975e-01 1.83855325e-01
    -1.95312703e+00 1.14847755e+00 4.27866608e-01 -1.86840677e+00
    1.42872453e+00 5.57012081e-01 -1.73792410e+00 -4.34235856e-03
    3.93403471e-01 -1.18386447e+00 4.68244076e-01 7.05323637e-01
    -1.68408000e+00 8.38530898e-01 9.18407917e-01 -1.52401698e+00
    1.05400240e+00 1.01076412e+00 -1.31019437e+00 -1.83066994e-01
    9.55654740e-01 -9.07171130e-01 3.16846430e-01 1.33098030e+00
    -1.42296398e+00 5.79088748e-01 1.49077809e+00 -1.34255588e+00
    7.86509871e-01 1.60408330e+00 -1.26274621e+00</data></hand_right>
</opencv_storage>
