<?xml version="1.0"?>
<opencv_storage>
<hand_left type_id="opencv-matrix">
  <rows>21</rows>
  <cols>3</cols>
  <dt>f</dt>
  <data>
    -8.29318560e-06 -7.67227539e-06 3.65619189e-06 5.91136515e-01
    -3.87933433e-01 7.07870483e-01 1.33845901e+00 -6.55925155e-01
    -2.45971829e-02 1.73397970e+00 -5.64384460e-01 -8.25986981e-01
    1.95774925e+00 -5.55249691e-01 -1.45114839e+00 5.90972483e-01
    -5.98759115e-01 -1.15019810e+00 1.03245127e+00 -4.26908910e-01
    -1.90941262e+00 1.48573446e+00 -2.10120708e-01 -2.03125596e+00
    1.81537163e+00 -4.86508906e-02 -2.08423996e+00 2.31801271e-01
    -8.18068311e-02 -1.29705632e+00 7.48420358e-01 1.82612270e-01
    -1.95312858e+00 1.14886475e+00 4.26711857e-01 -1.86836588e+00
    1.42913389e+00 5.55971622e-01 -1.73775589e+00 -4.19067219e-03
    3.92625660e-01 -1.18415260e+00 4.68574166e-01 7.04260588e-01
    -1.68442893e+00 8.38846028e-01 9.17453289e-01 -1.52429342e+00
    1.05425251e+00 1.00992584e+00 -1.31030178e+00 -1.82955608e-01
    9.55067277e-01 -9.07850206e-01 3.17103565e-01 1.33008814e+00
    -1.42374325e+00 5.79330087e-01 1.48992682e+00 -1.34331119e+00
    7.86709785e-01 1.60325420e+00 -1.26344705e+00</data></hand_left>
</opencv_storage>
