<?xml version="1.0"?>
<opencv_storage>
<hand_right type_id="opencv-matrix">
  <rows>21</rows>
  <cols>3</cols>
  <dt>f</dt>
  <data>
    -8.29251258e-06 -7.67211441e-06 3.65517690e-06 5.91034412e-01
    -3.87838840e-01 7.07984805e-01 1.33850336e+00 -6.55809879e-01
    -2.43186951e-02 1.73419106e+00 -5.64324021e-01 -8.25610280e-01
    1.95808935e+00 -5.55243433e-01 -1.45070744e+00 5.91188312e-01
    -5.98795414e-01 -1.15002894e+00 1.03270960e+00 -4.27014410e-01
    -1.90921259e+00 1.48591483e+00 -2.10263640e-01 -2.03111696e+00
    1.81548452e+00 -4.88202274e-02 -2.08418989e+00 2.32012287e-01
    -8.18864331e-02 -1.29698730e+00 7.48631358e-01 1.82466239e-01
    -1.95303178e+00 1.14897895e+00 4.26555753e-01 -1.86838162e+00
    1.42916715e+00 5.55810034e-01 -1.73793471e+00 -4.02328745e-03
    3.92531991e-01 -1.18415558e+00 4.68685091e-01 7.04113364e-01
    -1.68446100e+00 8.38919997e-01 9.17345285e-01 -1.52446198e+00
    1.05433834e+00 1.00987649e+00 -1.31065428e+00 -1.82863355e-01
    9.54974651e-01 -9.07924294e-01 3.17163646e-01 1.32995331e+00
    -1.42384720e+00 5.79365194e-01 1.48983300e+00 -1.34349883e+00
    7.86759734e-01 1.60321808e+00 -1.26374710e+00</data></hand_right>
</opencv_storage>
