<?xml version="1.0"?>
<opencv_storage>
<hand_left type_id="opencv-matrix">
  <rows>21</rows>
  <cols>3</cols>
  <dt>f</dt>
  <data>
    -8.29732926e-06 -7.66951780e-06 3.65277219e-06 5.90684712e-01
    -3.88066024e-01 7.08160698e-01 1.33824325e+00 -6.56348646e-01
    -2.39438713e-02 1.73415363e+00 -5.65006196e-01 -8.25152755e-01
    1.95821118e+00 -5.55988312e-01 -1.45020223e+00 5.91270089e-01
    -5.99062681e-01 -1.14986539e+00 1.03311443e+00 -4.27453309e-01
    -1.90891945e+00 1.48651981e+00 -2.10841715e-01 -2.03063488e+00
    1.81624150e+00 -4.94835973e-02 -2.08354020e+00 2.32343212e-01
    -8.20055008e-02 -1.29692829e+00 7.49299169e-01 1.82150394e-01
    -1.95283139e+00 1.14979160e+00 4.26118642e-01 -1.86802113e+00
    1.43007314e+00 5.55307329e-01 -1.73740613e+00 -3.53556126e-03
    3.92514855e-01 -1.18417561e+00 4.69526261e-01 7.03926206e-01
    -1.68429482e+00 8.39804411e-01 9.17011857e-01 -1.52410066e+00
    1.05517650e+00 1.00945485e+00 -1.31010759e+00 -1.82228908e-01
    9.55036521e-01 -9.08008158e-01 3.18169564e-01 1.32983065e+00
    -1.42373323e+00 5.80428541e-01 1.48959231e+00 -1.34322882e+00
    7.87835717e-01 1.60287213e+00 -1.26329947e+00</data></hand_left>
</opencv_storage>
