<?xml version="1.0"?>
<opencv_storage>
<hand_right type_id="opencv-matrix">
  <rows>21</rows>
  <cols>3</cols>
  <dt>f</dt>
  <data>
    -8.29211967e-06 -7.67339316e-06 3.65689971e-06 5.91247916e-01
    -3.87813389e-01 7.07827508e-01 1.33850729e+00 -6.55753553e-01
    -2.47217864e-02 1.73389733e+00 -5.64205885e-01 -8.26182961e-01
    1.95759714e+00 -5.55096626e-01 -1.45137060e+00 5.90930700e-01
    -5.98741949e-01 -1.15020502e+00 1.03227806e+00 -4.26895380e-01
    -1.90949237e+00 1.48557770e+00 -2.10038573e-01 -2.03151274e+00
    1.81527209e+00 -4.84840870e-02 -2.08464456e+00 2.31683388e-01
    -8.18474516e-02 -1.29704678e+00 7.48178780e-01 1.82574719e-01
    -1.95322037e+00 1.14865327e+00 4.26753044e-01 -1.86862183e+00
    1.42903483e+00 5.56114793e-01 -1.73814690e+00 -4.35511395e-03
    3.92555743e-01 -1.18415785e+00 4.68327105e-01 7.04217434e-01
    -1.68447042e+00 8.38609397e-01 9.17480826e-01 -1.52444601e+00
    1.05411005e+00 1.01004505e+00 -1.31052291e+00 -1.83161065e-01
    9.54974592e-01 -9.07875717e-01 3.16826940e-01 1.33002901e+00
    -1.42381120e+00 5.79066038e-01 1.48990989e+00 -1.34341395e+00
    7.86488771e-01 1.60328984e+00 -1.26353455e+00</data></hand_right>
</opencv_storage>
