<?xml version="1.0"?>
<opencv_storage>
<hand_right type_id="opencv-matrix">
  <rows>21</rows>
  <cols>3</cols>
  <dt>f</dt>
  <data>
    -8.29259716e-06 -7.67219080e-06 3.65569986e-06 5.91099858e-01
    -3.87803674e-01 7.07939506e-01 1.33844972e+00 -6.55841112e-01
    -2.44678259e-02 1.73397851e+00 -5.64384341e-01 -8.25871825e-01
    1.95776677e+00 -5.55322409e-01 -1.45100737e+00 5.91039419e-01
    -5.98891675e-01 -1.15006173e+00 1.03249240e+00 -4.27178681e-01
    -1.90934360e+00 1.48583269e+00 -2.10384220e-01 -2.03138518e+00
    1.81556344e+00 -4.88546491e-02 -2.08452415e+00 2.31856063e-01
    -8.19839984e-02 -1.29699850e+00 7.48423874e-01 1.82302371e-01
    -1.95318353e+00 1.14890790e+00 4.26449537e-01 -1.86868119e+00
    1.42927814e+00 5.55796742e-01 -1.73830533e+00 -4.16300818e-03
    3.92447740e-01 -1.18418837e+00 4.68591094e-01 7.04010963e-01
    -1.68450165e+00 8.38849425e-01 9.17252362e-01 -1.52453327e+00
    1.05429924e+00 1.00981688e+00 -1.31070161e+00 -1.82969302e-01
    9.54901755e-01 -9.07982290e-01 3.17096829e-01 1.32987928e+00
    -1.42391050e+00 5.79344273e-01 1.48974764e+00 -1.34350872e+00
    7.86755085e-01 1.60311198e+00 -1.26362205e+00</data></hand_right>
</opencv_storage>
