<?xml version="1.0"?>
<opencv_storage>
<hand_right type_id="opencv-matrix">
  <rows>21</rows>
  <cols>3</cols>
  <dt>f</dt>
  <data>
    -8.29595774e-06 -7.66912763e-06 3.64859534e-06 5.90529978e-01
    -3.88303608e-01 7.08112955e-01 1.33820593e+00 -6.56350970e-01
    -2.39049643e-02 1.73430514e+00 -5.64801931e-01 -8.24985266e-01
    1.95846224e+00 -5.55594325e-01 -1.44994569e+00 5.91443896e-01
    -5.98677993e-01 -1.14993691e+00 1.03333771e+00 -4.26891327e-01
    -1.90893221e+00 1.48667645e+00 -2.10318208e-01 -2.03067780e+00
    1.81635165e+00 -4.90010679e-02 -2.08364558e+00 2.32546702e-01
    -8.15845430e-02 -1.29689169e+00 7.49509215e-01 1.82719171e-01
    -1.95269799e+00 1.14988923e+00 4.26604837e-01 -1.86796427e+00
    1.43005502e+00 5.55697262e-01 -1.73752391e+00 -3.35342437e-03
    3.92890543e-01 -1.18402481e+00 4.69685853e-01 7.04422951e-01
    -1.68405437e+00 8.39872062e-01 9.17438388e-01 -1.52393007e+00
    1.05515516e+00 1.00979710e+00 -1.31013453e+00 -1.82102323e-01
    9.55304742e-01 -9.07701790e-01 3.18270862e-01 1.33026361e+00
    -1.42329323e+00 5.80475748e-01 1.48999858e+00 -1.34277642e+00
    7.87838757e-01 1.60326207e+00 -1.26292038e+00</data></hand_right>
</opencv_storage>
