<?xml version="1.0"?>
<opencv_storage>
<hand_right type_id="opencv-matrix">
  <rows>21</rows>
  <cols>3</cols>
  <dt>f</dt>
  <data>
    -8.29322653e-06 -7.67333768e-06 3.65525966e-06 5.91154814e-01
    -3.87849510e-01 7.07885683e-01 1.33848989e+00 -6.55811906e-01
    -2.45819539e-02 1.73396277e+00 -5.64272046e-01 -8.26009989e-01
    1.95773995e+00 -5.55169582e-01 -1.45117736e+00 5.91027975e-01
    -5.98753870e-01 -1.15015006e+00 1.03247237e+00 -4.26924407e-01
    -1.90939689e+00 1.48584557e+00 -2.10070282e-01 -2.03140235e+00
    1.81560707e+00 -4.84942794e-02 -2.08450556e+00 2.31818348e-01
    -8.18420649e-02 -1.29702246e+00 7.48390794e-01 1.82556629e-01
    -1.95316947e+00 1.14891839e+00 4.26741540e-01 -1.86859095e+00
    1.42936671e+00 5.56131661e-01 -1.73812532e+00 -4.21377644e-03
    3.92571211e-01 -1.18415403e+00 4.68549162e-01 7.04222560e-01
    -1.68441153e+00 8.38852584e-01 9.17489767e-01 -1.52437329e+00
    1.05437636e+00 1.01007104e+00 -1.31042218e+00 -1.83026791e-01
    9.54992831e-01 -9.07889366e-01 3.17047477e-01 1.33004510e+00
    -1.42377758e+00 5.79311728e-01 1.48993289e+00 -1.34334552e+00
    7.86761045e-01 1.60331726e+00 -1.26340866e+00</data></hand_right>
</opencv_storage>
