<?xml version="1.0"?>
<opencv_storage>
<hand_left type_id="opencv-matrix">
  <rows>21</rows>
  <cols>3</cols>
  <dt>f</dt>
  <data>
    -8.29697456e-06 -7.67123129e-06 3.66517884e-06 5.91142595e-01
    -3.87236029e-01 7.08341479e-01 1.33850408e+00 -6.55995965e-01
    -2.38916874e-02 1.73401761e+00 -5.65201402e-01 -8.25352669e-01
    1.95786726e+00 -5.56748390e-01 -1.45058322e+00 5.91035485e-01
    -5.99996030e-01 -1.14958239e+00 1.03267515e+00 -4.28832769e-01
    -1.90878510e+00 1.48597074e+00 -2.12133110e-01 -2.03038216e+00
    1.81553054e+00 -5.07470667e-02 -2.08311081e+00 2.31904417e-01
    -8.31432715e-02 -1.29700398e+00 7.48698115e-01 1.80664912e-01
    -1.95316195e+00 1.14917624e+00 4.24831629e-01 -1.86816144e+00
    1.42938828e+00 5.54165244e-01 -1.73719907e+00 -4.04313207e-03
    3.91439557e-01 -1.18458390e+00 4.68836248e-01 7.02558458e-01
    -1.68508184e+00 8.39177668e-01 9.15875018e-01 -1.52480316e+00
    1.05457878e+00 1.00850773e+00 -1.31050777e+00 -1.82748422e-01
    9.54226315e-01 -9.08866048e-01 3.17466706e-01 1.32862282e+00
    -1.42507625e+00 5.79724789e-01 1.48851657e+00 -1.34471118e+00
    7.87116766e-01 1.60189974e+00 -1.26482832e+00</data></hand_left>
</opencv_storage>
