<?xml version="1.0"?>
<opencv_storage>
<hand_left type_id="opencv-matrix">
  <rows>21</rows>
  <cols>3</cols>
  <dt>f</dt>
  <data>
    -8.29570308e-06 -7.67250458e-06 3.66346285e-06 5.91209114e-01
    -3.87306690e-01 7.08263755e-01 1.33861327e+00 -6.55842900e-01
    -2.40365118e-02 1.73412752e+00 -5.64868927e-01 -8.25514197e-01
    1.95795119e+00 -5.56256413e-01 -1.45075321e+00 5.91087818e-01
    -5.99720657e-01 -1.14972937e+00 1.03266490e+00 -4.28390980e-01
    -1.90897727e+00 1.48595142e+00 -2.11629212e-01 -2.03066993e+00
    1.81553924e+00 -5.01783788e-02 -2.08349156e+00 2.31885910e-01
    -8.28735679e-02 -1.29704583e+00 7.48606682e-01 1.81096300e-01
    -1.95322227e+00 1.14906752e+00 4.25300509e-01 -1.86830592e+00
    1.42931139e+00 5.54668427e-01 -1.73743415e+00 -4.12146002e-03
    3.91667217e-01 -1.18453014e+00 4.68701065e-01 7.02931643e-01
    -1.68501043e+00 8.39013815e-01 9.16278243e-01 -1.52479160e+00
    1.05443954e+00 1.00892019e+00 -1.31056786e+00 -1.82892978e-01
    9.54388559e-01 -9.08700228e-01 3.17261517e-01 1.32895577e+00
    -1.42487800e+00 5.79506278e-01 1.48887444e+00 -1.34450328e+00
    7.86899865e-01 1.60228097e+00 -1.26461172e+00</data></hand_left>
</opencv_storage>
