<?xml version="1.0"?>
<opencv_storage>
<hand_right type_id="opencv-matrix">
  <rows>21</rows>
  <cols>3</cols>
  <dt>f</dt>
  <data>
    -8.29624878e-06 -7.67196343e-06 3.65935034e-06 5.91121972e-01
    -3.87673020e-01 7.08081067e-01 1.33846116e+00 -6.56040072e-01
    -2.42973715e-02 1.73396230e+00 -5.64826429e-01 -8.25744092e-01
    1.95778823e+00 -5.56011915e-01 -1.45095110e+00 5.91002643e-01
    -5.99288166e-01 -1.14994502e+00 1.03259945e+00 -4.27719653e-01
    -1.90912843e+00 1.48597169e+00 -2.10947305e-01 -2.03086400e+00
    1.81565952e+00 -4.94774282e-02 -2.08373499e+00 2.31870636e-01
    -8.23591873e-02 -1.29703915e+00 7.48644352e-01 1.81817204e-01
    -1.95310116e+00 1.14918590e+00 4.25971746e-01 -1.86816442e+00
    1.42954504e+00 5.55310726e-01 -1.73731029e+00 -4.08565998e-03
    3.92145634e-01 -1.18433547e+00 4.68814850e-01 7.03577340e-01
    -1.68462801e+00 8.39179873e-01 9.16835725e-01 -1.52434480e+00
    1.05466175e+00 1.00939894e+00 -1.31008363e+00 -1.82804495e-01
    9.54736829e-01 -9.08281863e-01 3.17415148e-01 1.32949388e+00
    -1.42424524e+00 5.79688191e-01 1.48935795e+00 -1.34379065e+00
    7.87117422e-01 1.60271013e+00 -1.26383090e+00</data></hand_right>
</opencv_storage>
