<?xml version="1.0"?>
<opencv_storage>
<hand_left type_id="opencv-matrix">
  <rows>21</rows>
  <cols>3</cols>
  <dt>f</dt>
  <data>
    -8.29613509e-06 -7.67271558e-06 3.66187714e-06 5.91248214e-01
    -3.87597948e-01 7.08042681e-01 1.33850348e+00 -6.55966997e-01
    -2.44410634e-02 1.73389602e+00 -5.64752340e-01 -8.25928926e-01
    1.95764983e+00 -5.55972099e-01 -1.45119143e+00 5.90877950e-01
    -5.99362552e-01 -1.14998615e+00 1.03240311e+00 -4.27787542e-01
    -1.90917301e+00 1.48573184e+00 -2.10991502e-01 -2.03081822e+00
    1.81534982e+00 -4.95305359e-02 -2.08359504e+00 2.31710672e-01
    -8.24473873e-02 -1.29707229e+00 7.48411417e-01 1.81721166e-01
    -1.95317745e+00 1.14894843e+00 4.25883025e-01 -1.86816859e+00
    1.42926347e+00 5.55204272e-01 -1.73722279e+00 -4.23721969e-03
    3.92064780e-01 -1.18436897e+00 4.68575358e-01 7.03467309e-01
    -1.68475544e+00 8.38968694e-01 9.16736007e-01 -1.52446365e+00
    1.05446994e+00 1.00930357e+00 -1.31017447e+00 -1.82923183e-01
    9.54687297e-01 -9.08331275e-01 3.17216575e-01 1.32938993e+00
    -1.42440605e+00 5.79497933e-01 1.48926485e+00 -1.34400892e+00
    7.86935091e-01 1.60262501e+00 -1.26409364e+00</data></hand_left>
</opencv_storage>
