<?xml version="1.0"?>
<opencv_storage>
<hand_left type_id="opencv-matrix">
  <rows>21</rows>
  <cols>3</cols>
  <dt>f</dt>
  <data>
    -8.29865803e-06 -7.66915491e-06 3.65486540e-06 5.90683341e-01
    -3.87825072e-01 7.08327770e-01 1.33830607e+00 -6.56313181e-01
    -2.36870646e-02 1.73423254e+00 -5.65179527e-01 -8.24927032e-01
    1.95834911e+00 -5.56371033e-01 -1.45001161e+00 5.91398418e-01
    -5.99361956e-01 -1.14967036e+00 1.03331661e+00 -4.27907705e-01
    -1.90870905e+00 1.48675978e+00 -2.11266637e-01 -2.03041935e+00
    1.81651092e+00 -4.98765111e-02 -2.08332992e+00 2.32449546e-01
    -8.23618844e-02 -1.29690897e+00 7.49506414e-01 1.81676984e-01
    -1.95279360e+00 1.15003312e+00 4.25725907e-01 -1.86787653e+00
    1.43037748e+00 5.55007994e-01 -1.73711574e+00 -3.46135348e-03
    3.92181516e-01 -1.18430221e+00 4.69664872e-01 7.03496456e-01
    -1.68442953e+00 8.39988410e-01 9.16676939e-01 -1.52416706e+00
    1.05544364e+00 1.00923002e+00 -1.31002843e+00 -1.82197541e-01
    9.54782546e-01 -9.08309281e-01 3.18272442e-01 1.32944620e+00
    -1.42408061e+00 5.80541909e-01 1.48926067e+00 -1.34359086e+00
    7.87989438e-01 1.60260057e+00 -1.26362777e+00</data></hand_left>
</opencv_storage>
