<?xml version="1.0"?>
<opencv_storage>
<hand_right type_id="opencv-matrix">
  <rows>21</rows>
  <cols>3</cols>
  <dt>f</dt>
  <data>
    -8.28983411e-06 -7.67429447e-06 3.65974620e-06 5.91465294e-01
    -3.87704372e-01 7.07726896e-01 1.33866334e+00 -6.55499220e-01
    -2.49522477e-02 1.73394704e+00 -5.63896716e-01 -8.26441824e-01
    1.95754480e+00 -5.54714561e-01 -1.45168638e+00 5.90788543e-01
    -5.98697305e-01 -1.15031540e+00 1.03194225e+00 -4.26795095e-01
    -1.90969157e+00 1.48507643e+00 -2.09915370e-01 -2.03172636e+00
    1.81459999e+00 -4.83769774e-02 -2.08487368e+00 2.31435686e-01
    -8.18522871e-02 -1.29711032e+00 7.47716367e-01 1.82625204e-01
    -1.95340025e+00 1.14809322e+00 4.26818371e-01 -1.86886632e+00
    1.42836094e+00 5.56151032e-01 -1.73844385e+00 -4.64568660e-03
    3.92527610e-01 -1.18417108e+00 4.67796922e-01 7.04212964e-01
    -1.68469322e+00 8.38075042e-01 9.17522490e-01 -1.52481568e+00
    1.05360150e+00 1.01010954e+00 -1.31103611e+00 -1.83469877e-01
    9.54949737e-01 -9.07858312e-01 3.16284359e-01 1.33001840e+00
    -1.42401028e+00 5.78510046e-01 1.48994863e+00 -1.34376276e+00
    7.85939217e-01 1.60338223e+00 -1.26403725e+00</data></hand_right>
</opencv_storage>
