<?xml version="1.0"?>
<opencv_storage>
<hand_right type_id="opencv-matrix">
  <rows>21</rows>
  <cols>3</cols>
  <dt>f</dt>
  <data>
    -8.28900920e-06 -7.67799884e-06 3.66436416e-06 5.91903210e-01
    -3.87664706e-01 7.07485080e-01 1.33884561e+00 -6.55292034e-01
    -2.56165713e-02 1.73371530e+00 -5.63511550e-01 -8.27328920e-01
    1.95702815e+00 -5.54279327e-01 -1.45273042e+00 5.90464890e-01
    -5.98497987e-01 -1.15069163e+00 1.03135586e+00 -4.26356077e-01
    -1.91015983e+00 1.48441637e+00 -2.09323615e-01 -2.03205585e+00
    1.81384146e+00 -4.77266610e-02 -2.08503389e+00 2.30934277e-01
    -8.16737041e-02 -1.29729593e+00 7.47009158e-01 1.83050171e-01
    -1.95367062e+00 1.14736879e+00 4.27319288e-01 -1.86889112e+00
    1.42758322e+00 5.56650102e-01 -1.73819709e+00 -5.18739969e-03
    3.92673254e-01 -1.18420064e+00 4.67086434e-01 7.04547942e-01
    -1.68480396e+00 8.37383032e-01 9.17890668e-01 -1.52473485e+00
    1.05288053e+00 1.01041424e+00 -1.31067479e+00 -1.83988720e-01
    9.55081463e-01 -9.07747924e-01 3.15577477e-01 1.33029139e+00
    -1.42401564e+00 5.77787995e-01 1.49024260e+00 -1.34372747e+00
    7.85169542e-01 1.60366619e+00 -1.26394558e+00</data></hand_right>
</opencv_storage>
