<?xml version="1.0"?>
<opencv_storage>
<hand_left type_id="opencv-matrix">
  <rows>21</rows>
  <cols>3</cols>
  <dt>f</dt>
  <data>
    -8.29453074e-06 -7.66774792e-06 3.66025711e-06 5.90857923e-01
    -3.87309253e-01 7.08418369e-01 1.33837819e+00 -6.56042457e-01
    -2.35723704e-02 1.73414421e+00 -5.65289259e-01 -8.24933171e-01
    1.95811033e+00 -5.56760192e-01 -1.45002043e+00 5.91291428e-01
    -5.99882662e-01 -1.14942098e+00 1.03296673e+00 -4.28828239e-01
    -1.90871763e+00 1.48629904e+00 -2.12212145e-01 -2.03078890e+00
    1.81600595e+00 -5.08073270e-02 -2.08399034e+00 2.32214868e-01
    -8.30477476e-02 -1.29687977e+00 7.49032140e-01 1.80675894e-01
    -1.95307457e+00 1.14946747e+00 4.24820065e-01 -1.86853158e+00
    1.42974985e+00 5.54195464e-01 -1.73808312e+00 -3.77589092e-03
    3.91503185e-01 -1.18450451e+00 4.69163358e-01 7.02613831e-01
    -1.68492210e+00 8.39391172e-01 9.15920377e-01 -1.52494931e+00
    1.05477369e+00 1.00860155e+00 -1.31107295e+00 -1.82586864e-01
    9.54205096e-01 -9.08792317e-01 3.17675352e-01 1.32868898e+00
    -1.42485905e+00 5.79891562e-01 1.48857236e+00 -1.34450507e+00
    7.87274241e-01 1.60196841e+00 -1.26467299e+00</data></hand_left>
</opencv_storage>
