<?xml version="1.0"?>
<opencv_storage>
<hand_right type_id="opencv-matrix">
  <rows>21</rows>
  <cols>3</cols>
  <dt>f</dt>
  <data>
    -8.29002602e-06 -7.67499205e-06 3.65984260e-06 5.91494322e-01
    -3.87702912e-01 7.07716107e-01 1.33866990e+00 -6.55505717e-01
    -2.49841213e-02 1.73390937e+00 -5.63891649e-01 -8.26506674e-01
    1.95748520e+00 -5.54745913e-01 -1.45174325e+00 5.90804100e-01
    -5.98652065e-01 -1.15035260e+00 1.03197956e+00 -4.26715791e-01
    -1.90971577e+00 1.48511600e+00 -2.09814459e-01 -2.03166509e+00
    1.81464469e+00 -4.82740998e-02 -2.08474422e+00 2.31424868e-01
    -8.18138570e-02 -1.29713380e+00 7.47755051e-01 1.82731450e-01
    -1.95335579e+00 1.14810002e+00 4.26936269e-01 -1.86867499e+00
    1.42832613e+00 5.56259036e-01 -1.73811173e+00 -4.67456877e-03
    3.92556310e-01 -1.18418097e+00 4.67827559e-01 7.04305649e-01
    -1.68461466e+00 8.38057995e-01 9.17607367e-01 -1.52456009e+00
    1.05347133e+00 1.01012921e+00 -1.31059861e+00 -1.83517128e-01
    9.54969764e-01 -9.07856941e-01 3.16276252e-01 1.33009791e+00
    -1.42390680e+00 5.78452706e-01 1.49000871e+00 -1.34354234e+00
    7.85803974e-01 1.60339952e+00 -1.26374483e+00</data></hand_right>
</opencv_storage>
