<?xml version="1.0"?>
<opencv_storage>
<hand_right type_id="opencv-matrix">
  <rows>21</rows>
  <cols>3</cols>
  <dt>f</dt>
  <data>
    -8.29398596e-06 -7.67186248e-06 3.65451751e-06 5.90992510e-01
    -3.88025850e-01 7.07930326e-01 1.33840108e+00 -6.56017542e-01
    -2.44298875e-02 1.73406565e+00 -5.64463973e-01 -8.25733662e-01
    1.95792747e+00 -5.55296302e-01 -1.45084310e+00 5.91075361e-01
    -5.98754287e-01 -1.15013480e+00 1.03265667e+00 -4.26924765e-01
    -1.90929151e+00 1.48593497e+00 -2.10203201e-01 -2.03106117e+00
    1.81555748e+00 -4.87843454e-02 -2.08399916e+00 2.31976837e-01
    -8.17610621e-02 -1.29701793e+00 7.48677731e-01 1.82625070e-01
    -1.95301616e+00 1.14908934e+00 4.26656425e-01 -1.86823761e+00
    1.42930305e+00 5.55853844e-01 -1.73764467e+00 -3.98434326e-03
    3.92687440e-01 -1.18412328e+00 4.68847722e-01 7.04288721e-01
    -1.68434095e+00 8.39082062e-01 9.17421997e-01 -1.52418613e+00
    1.05442882e+00 1.00984406e+00 -1.31022775e+00 -1.82732746e-01
    9.55130279e-01 -9.07816231e-01 3.17410231e-01 1.33012342e+00
    -1.42362857e+00 5.79626024e-01 1.48992431e+00 -1.34316278e+00
    7.86984921e-01 1.60322237e+00 -1.26329136e+00</data></hand_right>
</opencv_storage>
