<?xml version="1.0"?>
<opencv_storage>
<hand_left type_id="opencv-matrix">
  <rows>21</rows>
  <cols>3</cols>
  <dt>f</dt>
  <data>
    -8.29197961e-06 -7.67292840e-06 3.65650340e-06 5.91158986e-01
    -3.87888730e-01 7.07884133e-01 1.33855343e+00 -6.55774534e-01
    -2.45594531e-02 1.73414016e+00 -5.64204752e-01 -8.25904489e-01
    1.95795166e+00 -5.55053174e-01 -1.45106339e+00 5.91070592e-01
    -5.98676503e-01 -1.15018654e+00 1.03249168e+00 -4.26798612e-01
    -1.90941322e+00 1.48562908e+00 -2.10031092e-01 -2.03127217e+00
    1.81512260e+00 -4.86067235e-02 -2.08430266e+00 2.31857270e-01
    -8.17524418e-02 -1.29705822e+00 7.48401225e-01 1.82704166e-01
    -1.95312333e+00 1.14870155e+00 4.26778048e-01 -1.86838484e+00
    1.42883337e+00 5.55984080e-01 -1.73784530e+00 -4.17939946e-03
    3.92657697e-01 -1.18413675e+00 4.68464732e-01 7.04313517e-01
    -1.68447709e+00 8.38682234e-01 9.17520940e-01 -1.52441883e+00
    1.05406570e+00 1.00999033e+00 -1.31053662e+00 -1.82998329e-01
    9.55088794e-01 -9.07818854e-01 3.16969842e-01 1.33011842e+00
    -1.42376769e+00 5.79151094e-01 1.48998332e+00 -1.34339452e+00
    7.86521316e-01 1.60336196e+00 -1.26363075e+00</data></hand_left>
</opencv_storage>
