<?xml version="1.0"?>
<opencv_storage>
<hand_right type_id="opencv-matrix">
  <rows>21</rows>
  <cols>3</cols>
  <dt>f</dt>
  <data>
    -8.29675992e-06 -7.67276379e-06 3.65664528e-06 5.91107488e-01
    -3.88028592e-01 7.07909882e-01 1.33842981e+00 -6.56121075e-01
    -2.45958567e-02 1.73395264e+00 -5.64579785e-01 -8.25988114e-01
    1.95779443e+00 -5.55533886e-01 -1.45120251e+00 5.90973318e-01
    -5.98799169e-01 -1.15021932e+00 1.03258085e+00 -4.26896036e-01
    -1.90929437e+00 1.48591125e+00 -2.10108876e-01 -2.03089094e+00
    1.81554151e+00 -4.86751497e-02 -2.08366799e+00 2.31871158e-01
    -8.17819536e-02 -1.29708397e+00 7.48664498e-01 1.82670668e-01
    -1.95299125e+00 1.14917123e+00 4.26737785e-01 -1.86786807e+00
    1.42946398e+00 5.55957377e-01 -1.73690975e+00 -4.05341759e-03
    3.92686784e-01 -1.18415797e+00 4.68824327e-01 7.04303503e-01
    -1.68433380e+00 8.39207411e-01 9.17461634e-01 -1.52394700e+00
    1.05469275e+00 1.00990272e+00 -1.30965328e+00 -1.82732940e-01
    9.55170214e-01 -9.07845736e-01 3.17471504e-01 1.33010340e+00
    -1.42367780e+00 5.79735994e-01 1.48991907e+00 -1.34319353e+00
    7.87170649e-01 1.60323203e+00 -1.26325631e+00</data></hand_right>
</opencv_storage>
