<?xml version="1.0"?>
<opencv_storage>
<hand_right type_id="opencv-matrix">
  <rows>21</rows>
  <cols>3</cols>
  <dt>f</dt>
  <data>
    -8.28794600e-06 -7.67784877e-06 3.66380664e-06 5.91915607e-01
    -3.87645721e-01 7.07455754e-01 1.33888674e+00 -6.55177295e-01
    -2.56269574e-02 1.73379219e+00 -5.63368440e-01 -8.27303767e-01
    1.95713770e+00 -5.54114938e-01 -1.45268941e+00 5.90497255e-01
    -5.98392963e-01 -1.15068388e+00 1.03131855e+00 -4.26227868e-01
    -1.91016877e+00 1.48429656e+00 -2.09206194e-01 -2.03217316e+00
    1.81366622e+00 -4.76195812e-02 -2.08529210e+00 2.30937108e-01
    -8.16020742e-02 -1.29727137e+00 7.46937633e-01 1.83157414e-01
    -1.95364034e+00 1.14723098e+00 4.27426189e-01 -1.86896431e+00
    1.42743516e+00 5.56760550e-01 -1.73839545e+00 -5.21542132e-03
    3.92713934e-01 -1.18414855e+00 4.66952980e-01 7.04610765e-01
    -1.68478942e+00 8.37253928e-01 9.17989850e-01 -1.52484155e+00
    1.05282414e+00 1.01055312e+00 -1.31091321e+00 -1.84051380e-01
    9.55084682e-01 -9.07679915e-01 3.15427899e-01 1.33031964e+00
    -1.42398155e+00 5.77619433e-01 1.49030411e+00 -1.34376979e+00
    7.85038531e-01 1.60378194e+00 -1.26409864e+00</data></hand_right>
</opencv_storage>
