<?xml version="1.0"?>
<opencv_storage>
<hand_left type_id="opencv-matrix">
  <rows>21</rows>
  <cols>3</cols>
  <dt>f</dt>
  <data>
    -8.29222427e-06 -7.67310485e-06 3.66084942e-06 5.91308475e-01
    -3.87588024e-01 7.07982481e-01 1.33864200e+00 -6.55698597e-01
    -2.45096534e-02 1.73409200e+00 -5.64352691e-01 -8.25977921e-01
    1.95781696e+00 -5.55430472e-01 -1.45120943e+00 5.91005921e-01
    -5.99069834e-01 -1.15007722e+00 1.03239512e+00 -4.27378535e-01
    -1.90936673e+00 1.48554730e+00 -2.10570365e-01 -2.03119159e+00
    1.81503534e+00 -4.91192639e-02 -2.08414459e+00 2.31725648e-01
    -8.22083056e-02 -1.29709995e+00 7.48254657e-01 1.82093650e-01
    -1.95326912e+00 1.14858770e+00 4.26250994e-01 -1.86845040e+00
    1.42870736e+00 5.55519402e-01 -1.73776782e+00 -4.33210656e-03
    3.92238647e-01 -1.18431962e+00 4.68302727e-01 7.03776002e-01
    -1.68477821e+00 8.38539839e-01 9.17061090e-01 -1.52465451e+00
    1.05390263e+00 1.00958967e+00 -1.31063056e+00 -1.83153242e-01
    9.54784214e-01 -9.08184826e-01 3.16793203e-01 1.32966423e+00
    -1.42430127e+00 5.78979552e-01 1.48957038e+00 -1.34394467e+00
    7.86325872e-01 1.60295939e+00 -1.26415217e+00</data></hand_left>
</opencv_storage>
