<?xml version="1.0"?>
<opencv_storage>
<hand_right type_id="opencv-matrix">
  <rows>21</rows>
  <cols>3</cols>
  <dt>f</dt>
  <data>
    -8.29656346e-06 -7.67302299e-06 3.65289407e-06 5.90996265e-01
    -3.88310134e-01 7.07820415e-01 1.33836031e+00 -6.56199098e-01
    -2.46742368e-02 1.73398137e+00 -5.64430237e-01 -8.25990438e-01
    1.95783877e+00 -5.55118918e-01 -1.45115805e+00 5.90972245e-01
    -5.98522425e-01 -1.15035439e+00 1.03264821e+00 -4.26468462e-01
    -1.90939391e+00 1.48603487e+00 -2.09704489e-01 -2.03090215e+00
    1.81570864e+00 -4.82724607e-02 -2.08357930e+00 2.31936470e-01
    -8.14230591e-02 -1.29708183e+00 7.48741627e-01 1.83136821e-01
    -1.95296252e+00 1.14927721e+00 4.27133709e-01 -1.86791694e+00
    1.42957377e+00 5.56286991e-01 -1.73704052e+00 -3.95247340e-03
    3.93038064e-01 -1.18403471e+00 4.68991548e-01 7.04751134e-01
    -1.68412399e+00 8.39320183e-01 9.17803466e-01 -1.52373433e+00
    1.05470657e+00 1.01013029e+00 -1.30951262e+00 -1.82603270e-01
    9.55450416e-01 -9.07567859e-01 3.17658365e-01 1.33052492e+00
    -1.42326272e+00 5.79932213e-01 1.49027658e+00 -1.34268606e+00
    7.87324607e-01 1.60351336e+00 -1.26267242e+00</data></hand_right>
</opencv_storage>
