<?xml version="1.0"?>
<opencv_storage>
<hand_right type_id="opencv-matrix">
  <rows>21</rows>
  <cols>3</cols>
  <dt>f</dt>
  <data>
    -8.29099190e-06 -7.67519577e-06 3.66220502e-06 5.91549218e-01
    -3.87475371e-01 7.07825422e-01 1.33872867e+00 -6.55448318e-01
    -2.48560458e-02 1.73391962e+00 -5.64017892e-01 -8.26434255e-01
    1.95749521e+00 -5.55031776e-01 -1.45171928e+00 5.90799809e-01
    -5.98977208e-01 -1.15020394e+00 1.03195453e+00 -4.27216321e-01
    -1.90961146e+00 1.48514271e+00 -2.10290641e-01 -2.03164911e+00
    1.81472516e+00 -4.87001240e-02 -2.08477759e+00 2.31400415e-01
    -8.21827874e-02 -1.29712439e+00 7.47702003e-01 1.82185739e-01
    -1.95346522e+00 1.14813983e+00 4.26469445e-01 -1.86888921e+00
    1.42849159e+00 5.55907130e-01 -1.73837149e+00 -4.70565632e-03
    3.92219961e-01 -1.18430221e+00 4.67768222e-01 7.03829408e-01
    -1.68486106e+00 8.38090956e-01 9.17229652e-01 -1.52492869e+00
    1.05366778e+00 1.00990772e+00 -1.31100023e+00 -1.83546767e-01
    9.54719424e-01 -9.08139229e-01 3.16237777e-01 1.32968664e+00
    -1.42436755e+00 5.78482807e-01 1.48966169e+00 -1.34411180e+00
    7.85933018e-01 1.60313320e+00 -1.26432920e+00</data></hand_right>
</opencv_storage>
