<?xml version="1.0"?>
<opencv_storage>
<hand_left type_id="opencv-matrix">
  <rows>21</rows>
  <cols>3</cols>
  <dt>f</dt>
  <data>
    -8.27310760e-06 -7.68652899e-06 3.66768631e-06 5.93160987e-01
    -3.87772918e-01 7.06307173e-01 1.33940721e+00 -6.53954148e-01
    -2.79682875e-02 1.73325503e+00 -5.61152816e-01 -8.30062866e-01
    1.95572960e+00 -5.51189065e-01 -1.45563078e+00 5.89491725e-01
    -5.96833169e-01 -1.15197837e+00 1.02896428e+00 -4.23757493e-01
    -1.91205716e+00 1.48136008e+00 -2.06425518e-01 -2.03474355e+00
    1.81037486e+00 -4.46574092e-02 -2.08846664e+00 2.29280382e-01
    -8.02262723e-02 -1.29763067e+00 7.43978858e-01 1.85449064e-01
    -1.95455110e+00 1.14387274e+00 4.29831654e-01 -1.87049842e+00
    1.42384017e+00 5.59110761e-01 -1.74063575e+00 -7.13657588e-03
    3.93775105e-01 -1.18376732e+00 4.63914007e-01 7.06466913e-01
    -1.68485880e+00 8.34010124e-01 9.19929504e-01 -1.52542973e+00
    1.04952848e+00 1.01234424e+00 -1.31209302e+00 -1.86094567e-01
    9.55730617e-01 -9.06558037e-01 3.12226176e-01 1.33184218e+00
    -1.42322206e+00 5.74231565e-01 1.49192810e+00 -1.34324431e+00
    7.81503439e-01 1.60546374e+00 -1.26393163e+00</data></hand_left>
</opencv_storage>
