<?xml version="1.0"?>
<opencv_storage>
<hand_left type_id="opencv-matrix">
  <rows>21</rows>
  <cols>3</cols>
  <dt>f</dt>
  <data>
    -8.29192686e-06 -7.67282927e-06 3.65494111e-06 5.91093600e-01
    -3.87803376e-01 7.07946539e-01 1.33852363e+00 -6.55743182e-01
    -2.44010836e-02 1.73413658e+00 -5.64229906e-01 -8.25736105e-01
    1.95797980e+00 -5.55121958e-01 -1.45084667e+00 5.91140866e-01
    -5.98777115e-01 -1.15006411e+00 1.03262091e+00 -4.26979721e-01
    -1.90929043e+00 1.48587680e+00 -2.10177273e-01 -2.03125834e+00
    1.81551409e+00 -4.86705601e-02 -2.08436203e+00 2.31928200e-01
    -8.18887651e-02 -1.29699779e+00 7.48501420e-01 1.82483196e-01
    -1.95310926e+00 1.14890456e+00 4.26627129e-01 -1.86854279e+00
    1.42917633e+00 5.55947423e-01 -1.73813522e+00 -4.12975624e-03
    3.92518431e-01 -1.18416226e+00 4.68576789e-01 7.04135060e-01
    -1.68447590e+00 8.38816643e-01 9.17397380e-01 -1.52450347e+00
    1.05424821e+00 1.00995982e+00 -1.31069803e+00 -1.82989821e-01
    9.54948306e-01 -9.07927334e-01 3.17018539e-01 1.32997787e+00
    -1.42385507e+00 5.79237223e-01 1.48987031e+00 -1.34349120e+00
    7.86634803e-01 1.60326147e+00 -1.26368392e+00</data></hand_left>
</opencv_storage>
