<?xml version="1.0"?>
<opencv_storage>
<hand_right type_id="opencv-matrix">
  <rows>21</rows>
  <cols>3</cols>
  <dt>f</dt>
  <data>
    -8.29266537e-06 -7.67277379e-06 3.65493725e-06 5.91129661e-01
    -3.88003826e-01 7.07826793e-01 1.33847117e+00 -6.55859828e-01
    -2.46670842e-02 1.73401093e+00 -5.64195573e-01 -8.26027989e-01
    1.95780230e+00 -5.54980516e-01 -1.45117569e+00 5.91018260e-01
    -5.98574281e-01 -1.15025151e+00 1.03247261e+00 -4.26616848e-01
    -1.90944338e+00 1.48572230e+00 -2.09811121e-01 -2.03132272e+00
    1.81534100e+00 -4.83319163e-02 -2.08435774e+00 2.31832430e-01
    -8.16208348e-02 -1.29704571e+00 7.48417020e-01 1.82881132e-01
    -1.95308828e+00 1.14883113e+00 4.26970780e-01 -1.86836123e+00
    1.42908728e+00 5.56216419e-01 -1.73782730e+00 -4.17740643e-03
    3.92782748e-01 -1.18408465e+00 4.68534946e-01 7.04478502e-01
    -1.68433964e+00 8.38802457e-01 9.17665124e-01 -1.52425706e+00
    1.05423999e+00 1.01013994e+00 -1.31036389e+00 -1.82966858e-01
    9.55173075e-01 -9.07712758e-01 3.17050874e-01 1.33026290e+00
    -1.42357552e+00 5.79271913e-01 1.49010563e+00 -1.34317529e+00
    7.86670089e-01 1.60345101e+00 -1.26335382e+00</data></hand_right>
</opencv_storage>
