<?xml version="1.0"?>
<opencv_storage>
<hand_right type_id="opencv-matrix">
  <rows>21</rows>
  <cols>3</cols>
  <dt>f</dt>
  <data>
    -8.29078454e-06 -7.67710117e-06 3.65365167e-06 5.91494977e-01
    -3.88429880e-01 7.07320571e-01 1.33857930e+00 -6.55660510e-01
    -2.56896019e-02 1.73379421e+00 -5.63370943e-01 -8.27135861e-01
    1.95733690e+00 -5.53695202e-01 -1.45239890e+00 5.90589523e-01
    -5.97744882e-01 -1.15092218e+00 1.03173435e+00 -4.25197721e-01
    -1.91013312e+00 1.48490381e+00 -2.08253771e-01 -2.03188300e+00
    1.81442070e+00 -4.67179120e-02 -2.08476424e+00 2.31290996e-01
    -8.07128027e-02 -1.29721498e+00 7.47552752e-01 1.84289396e-01
    -1.95329428e+00 1.14797401e+00 4.28344280e-01 -1.86850739e+00
    1.42822146e+00 5.57492852e-01 -1.73793352e+00 -4.70717996e-03
    3.93601865e-01 -1.18382096e+00 4.67722416e-01 7.05669880e-01
    -1.68410778e+00 8.38052928e-01 9.18778419e-01 -1.52401328e+00
    1.05356622e+00 1.01110947e+00 -1.31011534e+00 -1.83414236e-01
    9.55808461e-01 -9.06989276e-01 3.16332996e-01 1.33126819e+00
    -1.42287421e+00 5.78587294e-01 1.49109447e+00 -1.34248877e+00
    7.86014676e-01 1.60440576e+00 -1.26269138e+00</data></hand_right>
</opencv_storage>
