<?xml version="1.0"?>
<opencv_storage>
<hand_left type_id="opencv-matrix">
  <rows>21</rows>
  <cols>3</cols>
  <dt>f</dt>
  <data>
    -8.29298278e-06 -7.67377787e-06 3.66102813e-06 5.91328979e-01
    -3.87738615e-01 7.07900465e-01 1.33861756e+00 -6.55764341e-01
    -2.46751755e-02 1.73405147e+00 -5.64312518e-01 -8.26121986e-01
    1.95776176e+00 -5.55296719e-01 -1.45136535e+00 5.90906978e-01
    -5.98942459e-01 -1.15019655e+00 1.03225398e+00 -4.27160382e-01
    -1.90945816e+00 1.48534000e+00 -2.10398018e-01 -2.03117776e+00
    1.81474578e+00 -4.90121543e-02 -2.08407521e+00 2.31662348e-01
    -8.20228159e-02 -1.29712653e+00 7.48163223e-01 1.82349384e-01
    -1.95323825e+00 1.14845002e+00 4.26425517e-01 -1.86832941e+00
    1.42851198e+00 5.55602610e-01 -1.73759222e+00 -4.34407964e-03
    3.92429322e-01 -1.18425393e+00 4.68245208e-01 7.03991771e-01
    -1.68470705e+00 8.38492155e-01 9.17209923e-01 -1.52454984e+00
    1.05387068e+00 1.00966918e+00 -1.31051099e+00 -1.83090642e-01
    9.54958022e-01 -9.08022225e-01 3.16842616e-01 1.32983947e+00
    -1.42411578e+00 5.79025209e-01 1.48970461e+00 -1.34376836e+00
    7.86381960e-01 1.60307693e+00 -1.26401997e+00</data></hand_left>
</opencv_storage>
