<?xml version="1.0"?>
<opencv_storage>
<hand_right type_id="opencv-matrix">
  <rows>21</rows>
  <cols>3</cols>
  <dt>f</dt>
  <data>
    -8.29262990e-06 -7.67388974e-06 3.65469714e-06 5.91183782e-01
    -3.88011873e-01 7.07789540e-01 1.33852994e+00 -6.55778885e-01
    -2.47471333e-02 1.73404670e+00 -5.64051867e-01 -8.26117218e-01
    1.95782721e+00 -5.54800749e-01 -1.45128822e+00 5.91009498e-01
    -5.98488331e-01 -1.15030670e+00 1.03242600e+00 -4.26470429e-01
    -1.90950561e+00 1.48568046e+00 -2.09630370e-01 -2.03138852e+00
    1.81529784e+00 -4.81192470e-02 -2.08441401e+00 2.31792852e-01
    -8.15395489e-02 -1.29706180e+00 7.48317420e-01 1.83011860e-01
    -1.95313513e+00 1.14874291e+00 4.27122772e-01 -1.86845064e+00
    1.42903650e+00 5.56395292e-01 -1.73794937e+00 -4.23346087e-03
    3.92850518e-01 -1.18406665e+00 4.68422890e-01 7.04588532e-01
    -1.68434381e+00 8.38708758e-01 9.17802989e-01 -1.52430415e+00
    1.05420578e+00 1.01030469e+00 -1.31042361e+00 -1.83034360e-01
    9.55223858e-01 -9.07659352e-01 3.16940814e-01 1.33035696e+00
    -1.42355609e+00 5.79178751e-01 1.49022710e+00 -1.34317815e+00
    7.86609650e-01 1.60360444e+00 -1.26335871e+00</data></hand_right>
</opencv_storage>
