<?xml version="1.0"?>
<opencv_storage>
<hand_left type_id="opencv-matrix">
  <rows>21</rows>
  <cols>3</cols>
  <dt>f</dt>
  <data>
    -8.29929922e-06 -7.66865560e-06 3.65000051e-06 5.90471685e-01
    -3.88280869e-01 7.08226740e-01 1.33815575e+00 -6.56573176e-01
    -2.37454027e-02 1.73426676e+00 -5.65174818e-01 -8.24843287e-01
    1.95848095e+00 -5.56130111e-01 -1.44984508e+00 5.91463268e-01
    -5.98919213e-01 -1.14984667e+00 1.03351140e+00 -4.27219272e-01
    -1.90875173e+00 1.48694241e+00 -2.10658163e-01 -2.03030515e+00
    1.81665826e+00 -4.93642986e-02 -2.08309364e+00 2.32637823e-01
    -8.17874521e-02 -1.29690218e+00 7.49795914e-01 1.82437658e-01
    -1.95260715e+00 1.15026331e+00 4.26323205e-01 -1.86758840e+00
    1.43048310e+00 5.55425942e-01 -1.73683238e+00 -3.20480764e-03
    3.92742366e-01 -1.18410778e+00 4.70004320e-01 7.04190254e-01
    -1.68406177e+00 8.40269983e-01 9.17197108e-01 -1.52370739e+00
    1.05558538e+00 1.00955570e+00 -1.30960393e+00 -1.81889564e-01
    9.55238461e-01 -9.07870948e-01 3.18657815e-01 1.33006012e+00
    -1.42342222e+00 5.80895245e-01 1.48977613e+00 -1.34283435e+00
    7.88286209e-01 1.60302377e+00 -1.26287091e+00</data></hand_left>
</opencv_storage>
