<?xml version="1.0"?>
<opencv_storage>
<hand_right type_id="opencv-matrix">
  <rows>21</rows>
  <cols>3</cols>
  <dt>f</dt>
  <data>
    -8.28973589e-06 -7.67145775e-06 3.65789219e-06 5.91153979e-01
    -3.87474954e-01 7.08032548e-01 1.33854342e+00 -6.55589104e-01
    -2.42657363e-02 1.73407555e+00 -5.64345956e-01 -8.25684309e-01
    1.95784760e+00 -5.55429101e-01 -1.45078528e+00 5.91133416e-01
    -5.99106967e-01 -1.14986217e+00 1.03245306e+00 -4.27600384e-01
    -1.90927529e+00 1.48567903e+00 -2.10820228e-01 -2.03159261e+00
    1.81535482e+00 -4.92796600e-02 -2.08500433e+00 2.31851056e-01
    -8.23249072e-02 -1.29694796e+00 7.48273849e-01 1.81814253e-01
    -1.95327508e+00 1.14863718e+00 4.26028192e-01 -1.86905289e+00
    1.42895484e+00 5.55451572e-01 -1.73895657e+00 -4.26285714e-03
    3.92084152e-01 -1.18428242e+00 4.68349576e-01 7.03561902e-01
    -1.68474245e+00 8.38520408e-01 9.16915774e-01 -1.52501631e+00
    1.05395877e+00 1.00959945e+00 -1.31142235e+00 -1.83184683e-01
    9.54564452e-01 -9.08239245e-01 3.16733986e-01 1.32948172e+00
    -1.42431200e+00 5.78922093e-01 1.48942232e+00 -1.34402239e+00
    7.86311567e-01 1.60287070e+00 -1.26427126e+00</data></hand_right>
</opencv_storage>
