<?xml version="1.0"?>
<opencv_storage>
<hand_right type_id="opencv-matrix">
  <rows>21</rows>
  <cols>3</cols>
  <dt>f</dt>
  <data>
    -8.29169039e-06 -7.67262645e-06 3.65906362e-06 5.91286302e-01
    -3.87604535e-01 7.07906306e-01 1.33854389e+00 -6.55686319e-01
    -2.45947987e-02 1.73390341e+00 -5.64320743e-01 -8.26090276e-01
    1.95759225e+00 -5.55360675e-01 -1.45128036e+00 5.90945959e-01
    -5.98972797e-01 -1.15007293e+00 1.03224623e+00 -4.27288353e-01
    -1.90942693e+00 1.48551345e+00 -2.10443467e-01 -2.03156209e+00
    1.81519771e+00 -4.88859117e-02 -2.08481050e+00 2.31662259e-01
    -8.21397081e-02 -1.29702961e+00 7.48132467e-01 1.82162449e-01
    -1.95326757e+00 1.14858365e+00 4.26385045e-01 -1.86873257e+00
    1.42897105e+00 5.55799365e-01 -1.73829949e+00 -4.40504402e-03
    3.92272413e-01 -1.18424845e+00 4.68248248e-01 7.03847528e-01
    -1.68463469e+00 8.38523686e-01 9.17176127e-01 -1.52466953e+00
    1.05404782e+00 1.00981307e+00 -1.31076980e+00 -1.83242470e-01
    9.54742014e-01 -9.08095241e-01 3.16716492e-01 1.32970250e+00
    -1.42411375e+00 5.78941464e-01 1.48961926e+00 -1.34376717e+00
    7.86370099e-01 1.60303843e+00 -1.26392269e+00</data></hand_right>
</opencv_storage>
