<?xml version="1.0"?>
<opencv_storage>
<hand_right type_id="opencv-matrix">
  <rows>21</rows>
  <cols>3</cols>
  <dt>f</dt>
  <data>
    -8.29325927e-06 -7.67142774e-06 3.65937694e-06 5.91114938e-01
    -3.87462676e-01 7.08142519e-01 1.33851266e+00 -6.55794561e-01
    -2.41355747e-02 1.73405933e+00 -5.64659655e-01 -8.25562119e-01
    1.95788157e+00 -5.55866182e-01 -1.45071602e+00 5.91110945e-01
    -5.99382579e-01 -1.14978814e+00 1.03261650e+00 -4.27945852e-01
    -1.90907776e+00 1.48594153e+00 -2.11170495e-01 -2.03107905e+00
    1.81563401e+00 -4.96577621e-02 -2.08418536e+00 2.31911018e-01
    -8.25469419e-02 -1.29697013e+00 7.48540044e-01 1.81510106e-01
    -1.95318592e+00 1.14901567e+00 4.25714612e-01 -1.86861908e+00
    1.42936373e+00 5.55122733e-01 -1.73813200e+00 -4.12539393e-03
    3.91930073e-01 -1.18437135e+00 4.68656421e-01 7.03303397e-01
    -1.68477798e+00 8.38930011e-01 9.16633248e-01 -1.52478540e+00
    1.05439866e+00 1.00929832e+00 -1.31086755e+00 -1.82952255e-01
    9.54512537e-01 -9.08418357e-01 3.17146182e-01 1.32926548e+00
    -1.42447722e+00 5.79391658e-01 1.48918033e+00 -1.34412742e+00
    7.86807120e-01 1.60258985e+00 -1.26426530e+00</data></hand_right>
</opencv_storage>
