<?xml version="1.0"?>
<opencv_storage>
<hand_right type_id="opencv-matrix">
  <rows>21</rows>
  <cols>3</cols>
  <dt>f</dt>
  <data>
    -8.29256896e-06 -7.67346228e-06 3.66286304e-06 5.91401577e-01
    -3.87610972e-01 7.07915068e-01 1.33864892e+00 -6.55704081e-01
    -2.46869475e-02 1.73400235e+00 -5.64325333e-01 -8.26181054e-01
    1.95767832e+00 -5.55413604e-01 -1.45145845e+00 5.90895414e-01
    -5.99023163e-01 -1.15016282e+00 1.03222108e+00 -4.27265704e-01
    -1.90942335e+00 1.48529768e+00 -2.10454792e-01 -2.03112769e+00
    1.81468320e+00 -4.90480959e-02 -2.08399725e+00 2.31603459e-01
    -8.21516290e-02 -1.29713404e+00 7.48102784e-01 1.82214320e-01
    -1.95325434e+00 1.14839220e+00 4.26343083e-01 -1.86826324e+00
    1.42844510e+00 5.55553138e-01 -1.73743212e+00 -4.43205610e-03
    3.92293453e-01 -1.18430102e+00 4.68141317e-01 7.03850508e-01
    -1.68477678e+00 8.38408887e-01 9.17115808e-01 -1.52456391e+00
    1.05378985e+00 1.00960577e+00 -1.31043196e+00 -1.83206812e-01
    9.54840600e-01 -9.08122897e-01 3.16693902e-01 1.32969654e+00
    -1.42426956e+00 5.78867316e-01 1.48959231e+00 -1.34393251e+00
    7.86220729e-01 1.60298085e+00 -1.26418376e+00</data></hand_right>
</opencv_storage>
