<?xml version="1.0"?>
<opencv_storage>
<hand_left type_id="opencv-matrix">
  <rows>21</rows>
  <cols>3</cols>
  <dt>f</dt>
  <data>
    -8.29039163e-06 -7.67714937e-06 3.66667632e-06 5.91813743e-01
    -3.87351632e-01 7.07759440e-01 1.33887076e+00 -6.55314088e-01
    -2.51319110e-02 1.73386002e+00 -5.63881755e-01 -8.26831102e-01
    1.95727217e+00 -5.54932952e-01 -1.45221996e+00 5.90616703e-01
    -5.99062085e-01 -1.15034342e+00 1.03163648e+00 -4.27271247e-01
    -1.90981364e+00 1.48471832e+00 -2.10305721e-01 -2.03167009e+00
    1.81415105e+00 -4.87418771e-02 -2.08461428e+00 2.31118783e-01
    -8.22845399e-02 -1.29724145e+00 7.47306108e-01 1.82130530e-01
    -1.95364583e+00 1.14766359e+00 4.26425695e-01 -1.86886263e+00
    1.42785728e+00 5.55801868e-01 -1.73812211e+00 -5.00069186e-03
    3.92129838e-01 -1.18439448e+00 4.67363238e-01 7.03760266e-01
    -1.68506992e+00 8.37642968e-01 9.17161942e-01 -1.52499163e+00
    1.05310953e+00 1.00976634e+00 -1.31088889e+00 -1.83812991e-01
    9.54689145e-01 -9.08231318e-01 3.15861940e-01 1.32963336e+00
    -1.42459059e+00 5.78068078e-01 1.48960781e+00 -1.34431469e+00
    7.85434842e-01 1.60305846e+00 -1.26452827e+00</data></hand_left>
</opencv_storage>
