<?xml version="1.0"?>
<opencv_storage>
<hand_right type_id="opencv-matrix">
  <rows>21</rows>
  <cols>3</cols>
  <dt>f</dt>
  <data>
    -8.29310193e-06 -7.66975427e-06 3.65784854e-06 5.90940058e-01
    -3.87499928e-01 7.08238959e-01 1.33846164e+00 -6.55882478e-01
    -2.38595754e-02 1.73420727e+00 -5.64814746e-01 -8.25179040e-01
    1.95815194e+00 -5.56042790e-01 -1.45025826e+00 5.91279447e-01
    -5.99403501e-01 -1.14966595e+00 1.03288937e+00 -4.28027451e-01
    -1.90891337e+00 1.48616004e+00 -2.11335987e-01 -2.03093553e+00
    1.81580472e+00 -4.98960614e-02 -2.08409834e+00 2.32137382e-01
    -8.25590566e-02 -1.29691875e+00 7.48860121e-01 1.81446254e-01
    -1.95305717e+00 1.14925420e+00 4.25590575e-01 -1.86850142e+00
    1.42949378e+00 5.54936230e-01 -1.73807967e+00 -3.89717892e-03
    3.91923606e-01 -1.18435800e+00 4.68928635e-01 7.03249693e-01
    -1.68473971e+00 8.39153886e-01 9.16549921e-01 -1.52478302e+00
    1.05455053e+00 1.00918865e+00 -1.31096995e+00 -1.82753161e-01
    9.54505861e-01 -9.08432484e-01 3.17380130e-01 1.32922578e+00
    -1.42445016e+00 5.79588652e-01 1.48912692e+00 -1.34411728e+00
    7.86973715e-01 1.60252869e+00 -1.26433325e+00</data></hand_right>
</opencv_storage>
