<?xml version="1.0"?>
<opencv_storage>
<hand_right type_id="opencv-matrix">
  <rows>21</rows>
  <cols>3</cols>
  <dt>f</dt>
  <data>
    -8.29417240e-06 -7.66916764e-06 3.65673213e-06 5.90832710e-01
    -3.87553334e-01 7.08288193e-01 1.33837998e+00 -6.56002641e-01
    -2.37574279e-02 1.73417819e+00 -5.64965785e-01 -8.25069904e-01
    1.95816314e+00 -5.56209922e-01 -1.45012748e+00 5.91325998e-01
    -5.99458933e-01 -1.14960766e+00 1.03299809e+00 -4.28150415e-01
    -1.90885746e+00 1.48635173e+00 -2.11490422e-01 -2.03091955e+00
    1.81608641e+00 -5.00472188e-02 -2.08410788e+00 2.32244849e-01
    -8.25813860e-02 -1.29688740e+00 7.49023795e-01 1.81349337e-01
    -1.95303309e+00 1.14946365e+00 4.25470769e-01 -1.86854577e+00
    1.42977285e+00 5.54824769e-01 -1.73819399e+00 -3.75880674e-03
    3.91921908e-01 -1.18435740e+00 4.69155431e-01 7.03204632e-01
    -1.68468118e+00 8.39369178e-01 9.16470885e-01 -1.52473426e+00
    1.05475652e+00 1.00910234e+00 -1.31093466e+00 -1.82592228e-01
    9.54513490e-01 -9.08451617e-01 3.17647278e-01 1.32920182e+00
    -1.42440009e+00 5.79868972e-01 1.48907208e+00 -1.34401131e+00
    7.87260294e-01 1.60245574e+00 -1.26415610e+00</data></hand_right>
</opencv_storage>
