<?xml version="1.0"?>
<opencv_storage>
<hand_right type_id="opencv-matrix">
  <rows>21</rows>
  <cols>3</cols>
  <dt>f</dt>
  <data>
    -8.29309374e-06 -7.67375877e-06 3.65348478e-06 5.91167152e-01
    -3.88166368e-01 7.07708359e-01 1.33846378e+00 -6.55883193e-01
    -2.48814523e-02 1.73394680e+00 -5.64061522e-01 -8.26257825e-01
    1.95770407e+00 -5.54720879e-01 -1.45141780e+00 5.90951562e-01
    -5.98322809e-01 -1.15042162e+00 1.03236318e+00 -4.26205635e-01
    -1.90961766e+00 1.48565364e+00 -2.09360868e-01 -2.03151441e+00
    1.81532061e+00 -4.78449762e-02 -2.08456421e+00 2.31760159e-01
    -8.13328251e-02 -1.29708040e+00 7.48311758e-01 1.83309481e-01
    -1.95311630e+00 1.14877379e+00 4.27400619e-01 -1.86840320e+00
    1.42911422e+00 5.56660056e-01 -1.73788321e+00 -4.24307585e-03
    3.93048167e-01 -1.18400407e+00 4.68464345e-01 7.04861760e-01
    -1.68420351e+00 8.38764668e-01 9.18031693e-01 -1.52411211e+00
    1.05425656e+00 1.01048744e+00 -1.31018651e+00 -1.83017567e-01
    9.55375791e-01 -9.07495439e-01 3.16996157e-01 1.33059204e+00
    -1.42329466e+00 5.79241812e-01 1.49042702e+00 -1.34286499e+00
    7.86676288e-01 1.60377026e+00 -1.26299083e+00</data></hand_right>
</opencv_storage>
