<?xml version="1.0"?>
<opencv_storage>
<hand_right type_id="opencv-matrix">
  <rows>21</rows>
  <cols>3</cols>
  <dt>f</dt>
  <data>
    -8.29505916e-06 -7.67247275e-06 3.65124492e-06 5.90954959e-01
    -3.88307869e-01 7.07812250e-01 1.33835423e+00 -6.56114101e-01
    -2.46492922e-02 1.73401809e+00 -5.64307928e-01 -8.25944901e-01
    1.95789862e+00 -5.54967880e-01 -1.45106578e+00 5.91064692e-01
    -5.98396301e-01 -1.15032947e+00 1.03268313e+00 -4.26324248e-01
    -1.90941441e+00 1.48605847e+00 -2.09547341e-01 -2.03116822e+00
    1.81577229e+00 -4.80786562e-02 -2.08407998e+00 2.32000604e-01
    -8.13306347e-02 -1.29703903e+00 7.48734593e-01 1.83235660e-01
    -1.95296884e+00 1.14924705e+00 4.27252531e-01 -1.86816251e+00
    1.42957854e+00 5.56448519e-01 -1.73756611e+00 -3.93394753e-03
    3.93093765e-01 -1.18398905e+00 4.68936026e-01 7.04832852e-01
    -1.68409348e+00 8.39247465e-01 9.17921841e-01 -1.52390909e+00
    1.05469584e+00 1.01031840e+00 -1.30994034e+00 -1.82653323e-01
    9.55448985e-01 -9.07500207e-01 3.17534208e-01 1.33058965e+00
    -1.42320311e+00 5.79803348e-01 1.49037290e+00 -1.34270859e+00
    7.87232220e-01 1.60365891e+00 -1.26277983e+00</data></hand_right>
</opencv_storage>
