<?xml version="1.0"?>
<opencv_storage>
<hand_left type_id="opencv-matrix">
  <rows>21</rows>
  <cols>3</cols>
  <dt>f</dt>
  <data>
    -8.29493183e-06 -7.67308302e-06 3.66758559e-06 5.91464996e-01
    -3.87352914e-01 7.08017528e-01 1.33858919e+00 -6.55825138e-01
    -2.45642066e-02 1.73379016e+00 -5.64764261e-01 -8.26137185e-01
    1.95741606e+00 -5.56150556e-01 -1.45145774e+00 5.90729296e-01
    -5.99546731e-01 -1.14997780e+00 1.03208148e+00 -4.28063482e-01
    -1.90923703e+00 1.48522973e+00 -2.11272120e-01 -2.03081632e+00
    1.81465054e+00 -4.98785377e-02 -2.08354998e+00 2.31464103e-01
    -8.27077776e-02 -1.29712164e+00 7.48028219e-01 1.81424260e-01
    -1.95328879e+00 1.14841628e+00 4.25598145e-01 -1.86815512e+00
    1.42855382e+00 5.54876626e-01 -1.73708296e+00 -4.51504812e-03
    3.91801775e-01 -1.18446374e+00 4.68145669e-01 7.03163028e-01
    -1.68499529e+00 8.38482380e-01 9.16467547e-01 -1.52463913e+00
    1.05388176e+00 1.00901186e+00 -1.31024301e+00 -1.83205068e-01
    9.54479992e-01 -9.08508301e-01 3.16773832e-01 1.32909703e+00
    -1.42474008e+00 5.78981936e-01 1.48899102e+00 -1.34438372e+00
    7.86343992e-01 1.60237217e+00 -1.26455700e+00</data></hand_left>
</opencv_storage>
