<?xml version="1.0"?>
<opencv_storage>
<hand_right type_id="opencv-matrix">
  <rows>21</rows>
  <cols>3</cols>
  <dt>f</dt>
  <data>
    -8.28411430e-06 -7.67933670e-06 3.65958158e-06 5.91904163e-01
    -3.87853384e-01 7.07316518e-01 1.33899462e+00 -6.54909730e-01
    -2.57700086e-02 1.73402464e+00 -5.62742949e-01 -8.27343702e-01
    1.95740962e+00 -5.53222656e-01 -1.45261359e+00 5.90708852e-01
    -5.97746074e-01 -1.15088499e+00 1.03142595e+00 -4.25267547e-01
    -1.91038394e+00 1.48419523e+00 -2.08248138e-01 -2.03248668e+00
    1.81341505e+00 -4.66934741e-02 -2.08575964e+00 2.31053159e-01
    -8.09675828e-02 -1.29727793e+00 7.46905744e-01 1.84098214e-01
    -1.95357633e+00 1.14692140e+00 4.28295642e-01 -1.86903036e+00
    1.42686713e+00 5.57497621e-01 -1.73875690e+00 -5.20931557e-03
    3.93243670e-01 -1.18396342e+00 4.66795504e-01 7.05408931e-01
    -1.68451750e+00 8.36881101e-01 9.18728232e-01 -1.52466249e+00
    1.05222297e+00 1.01114488e+00 -1.31100345e+00 -1.84191704e-01
    9.55443323e-01 -9.07248616e-01 3.15122843e-01 1.33100796e+00
    -1.42339551e+00 5.77173054e-01 1.49097884e+00 -1.34314001e+00
    7.84461915e-01 1.60444021e+00 -1.26357412e+00</data></hand_right>
</opencv_storage>
