<?xml version="1.0"?>
<opencv_storage>
<hand_left type_id="opencv-matrix">
  <rows>21</rows>
  <cols>3</cols>
  <dt>f</dt>
  <data>
    -8.29419423e-06 -7.66769335e-06 3.65715209e-06 5.90667427e-01
    -3.87364477e-01 7.08534479e-01 1.33843279e+00 -6.55983686e-01
    -2.32212394e-02 1.73449516e+00 -5.65171599e-01 -8.24409604e-01
    1.95866168e+00 -5.56586325e-01 -1.44940209e+00 5.91632128e-01
    -5.99725723e-01 -1.14931202e+00 1.03347349e+00 -4.28599179e-01
    -1.90848446e+00 1.48671818e+00 -2.12020457e-01 -2.03046298e+00
    1.81632566e+00 -5.06701469e-02 -2.08362436e+00 2.32573569e-01
    -8.28967169e-02 -1.29682457e+00 7.49493301e-01 1.80890396e-01
    -1.95286632e+00 1.14979315e+00 4.24989522e-01 -1.86828411e+00
    1.42990518e+00 5.54298341e-01 -1.73788202e+00 -3.46966088e-03
    3.91628921e-01 -1.18445492e+00 4.69484091e-01 7.02780008e-01
    -1.68480504e+00 8.39633524e-01 9.16084051e-01 -1.52484643e+00
    1.05492902e+00 1.00873971e+00 -1.31108212e+00 -1.82385027e-01
    9.54294026e-01 -9.08725560e-01 3.17887515e-01 1.32883906e+00
    -1.42471468e+00 5.80047369e-01 1.48874235e+00 -1.34437573e+00
    7.87389398e-01 1.60216117e+00 -1.26464009e+00</data></hand_left>
</opencv_storage>
