<?xml version="1.0"?>
<opencv_storage>
<hand_right type_id="opencv-matrix">
  <rows>21</rows>
  <cols>3</cols>
  <dt>f</dt>
  <data>
    -8.29377586e-06 -7.67312395e-06 3.65257620e-06 5.91065943e-01
    -3.88183057e-01 7.07785964e-01 1.33843100e+00 -6.55962229e-01
    -2.47164369e-02 1.73402202e+00 -5.64186037e-01 -8.26044858e-01
    1.95785022e+00 -5.54873884e-01 -1.45117986e+00 5.91013730e-01
    -5.98430634e-01 -1.15033317e+00 1.03252518e+00 -4.26384568e-01
    -1.90948248e+00 1.48583889e+00 -2.09586322e-01 -2.03131700e+00
    1.81550944e+00 -4.81016338e-02 -2.08429980e+00 2.31880501e-01
    -8.14168230e-02 -1.29705322e+00 7.48509586e-01 1.83143497e-01
    -1.95305586e+00 1.14898324e+00 4.27198857e-01 -1.86832356e+00
    1.42929482e+00 5.56425214e-01 -1.73778999e+00 -4.09208238e-03
    3.92991066e-01 -1.18402052e+00 4.68674809e-01 7.04731882e-01
    -1.68420935e+00 8.38978291e-01 9.17872250e-01 -1.52410626e+00
    1.05444431e+00 1.01031208e+00 -1.31019711e+00 -1.82842776e-01
    9.55352426e-01 -9.07559335e-01 3.17240000e-01 1.33049452e+00
    -1.42335284e+00 5.79498410e-01 1.49031270e+00 -1.34291589e+00
    7.86926150e-01 1.60363126e+00 -1.26304126e+00</data></hand_right>
</opencv_storage>
