<?xml version="1.0"?>
<opencv_storage>
<hand_right type_id="opencv-matrix">
  <rows>21</rows>
  <cols>3</cols>
  <dt>f</dt>
  <data>
    -8.29411329e-06 -7.67323945e-06 3.65765345e-06 5.91229737e-01
    -3.87892693e-01 7.07848191e-01 1.33848870e+00 -6.55896425e-01
    -2.47192085e-02 1.73391151e+00 -5.64348221e-01 -8.26146603e-01
    1.95765162e+00 -5.55259705e-01 -1.45136356e+00 5.90868473e-01
    -5.98829329e-01 -1.15022337e+00 1.03231096e+00 -4.26976144e-01
    -1.90941107e+00 1.48559427e+00 -2.10164189e-01 -2.03116083e+00
    1.81520367e+00 -4.86871600e-02 -2.08404756e+00 2.31690064e-01
    -8.18740577e-02 -1.29707754e+00 7.48282671e-01 1.82531253e-01
    -1.95315456e+00 1.14877212e+00 4.26641434e-01 -1.86829817e+00
    1.42907119e+00 5.55906415e-01 -1.73757327e+00 -4.27482277e-03
    3.92571718e-01 -1.18416977e+00 4.68446910e-01 7.04173446e-01
    -1.68449187e+00 8.38803411e-01 9.17380571e-01 -1.52431333e+00
    1.05430639e+00 1.00988078e+00 -1.31023228e+00 -1.82985589e-01
    9.55045998e-01 -9.07884836e-01 3.17062914e-01 1.32999361e+00
    -1.42385256e+00 5.79333782e-01 1.48984718e+00 -1.34346068e+00
    7.86770701e-01 1.60319185e+00 -1.26359165e+00</data></hand_right>
</opencv_storage>
