<?xml version="1.0"?>
<opencv_storage>
<hand_left type_id="opencv-matrix">
  <rows>21</rows>
  <cols>3</cols>
  <dt>f</dt>
  <data>
    -8.29511373e-06 -7.66838002e-06 3.65798883e-06 5.90779066e-01
    -3.87458146e-01 7.08409250e-01 1.33839750e+00 -6.56047404e-01
    -2.35311091e-02 1.73428261e+00 -5.65143943e-01 -8.24801445e-01
    1.95833421e+00 -5.56492209e-01 -1.44986475e+00 5.91416657e-01
    -5.99655092e-01 -1.14947546e+00 1.03319097e+00 -4.28433776e-01
    -1.90865397e+00 1.48650956e+00 -2.11805880e-01 -2.03058124e+00
    1.81617641e+00 -5.04132509e-02 -2.08367848e+00 2.32362628e-01
    -8.27866122e-02 -1.29687274e+00 7.49256730e-01 1.81074992e-01
    -1.95293224e+00 1.14966643e+00 4.25188303e-01 -1.86826289e+00
    1.42990279e+00 5.54520249e-01 -1.73772824e+00 -3.63333896e-03
    3.91744524e-01 -1.18442416e+00 4.69339013e-01 7.02946424e-01
    -1.68474793e+00 8.39565217e-01 9.16225076e-01 -1.52469587e+00
    1.05494523e+00 1.00886655e+00 -1.31078219e+00 -1.82466432e-01
    9.54396605e-01 -9.08615708e-01 3.17830443e-01 1.32896984e+00
    -1.42457950e+00 5.80041051e-01 1.48884583e+00 -1.34420443e+00
    7.87426054e-01 1.60223818e+00 -1.26437271e+00</data></hand_left>
</opencv_storage>
