<?xml version="1.0"?>
<opencv_storage>
<hand_left type_id="opencv-matrix">
  <rows>21</rows>
  <cols>3</cols>
  <dt>f</dt>
  <data>
    -8.29044347e-06 -7.67250367e-06 3.65525420e-06 5.91114819e-01
    -3.87755007e-01 7.07927465e-01 1.33853996e+00 -6.55649960e-01
    -2.44153589e-02 1.73414254e+00 -5.64140677e-01 -8.25749636e-01
    1.95795918e+00 -5.55013657e-01 -1.45084202e+00 5.91146231e-01
    -5.98746240e-01 -1.15005386e+00 1.03254533e+00 -4.26967442e-01
    -1.90934217e+00 1.48574972e+00 -2.10172117e-01 -2.03144050e+00
    1.81536555e+00 -4.86617684e-02 -2.08467221e+00 2.31898502e-01
    -8.18905979e-02 -1.29698265e+00 7.48388290e-01 1.82473734e-01
    -1.95315063e+00 1.14874041e+00 4.26624298e-01 -1.86871958e+00
    1.42898846e+00 5.55953860e-01 -1.73845947e+00 -4.19034064e-03
    3.92496169e-01 -1.18415391e+00 4.68443334e-01 7.04119802e-01
    -1.68451095e+00 8.38636518e-01 9.17399526e-01 -1.52465320e+00
    1.05405879e+00 1.00998247e+00 -1.31098688e+00 -1.83087736e-01
    9.54903901e-01 -9.07918930e-01 3.16844702e-01 1.32996082e+00
    -1.42387509e+00 5.79038262e-01 1.48986542e+00 -1.34355235e+00
    7.86421418e-01 1.60327661e+00 -1.26380181e+00</data></hand_left>
</opencv_storage>
