<?xml version="1.0"?>
<opencv_storage>
<hand_left type_id="opencv-matrix">
  <rows>21</rows>
  <cols>3</cols>
  <dt>f</dt>
  <data>
    -8.29759483e-06 -7.66745052e-06 3.65654751e-06 5.90579748e-01
    -3.87422204e-01 7.08597302e-01 1.33830953e+00 -6.56233788e-01
    -2.31578201e-02 1.73433363e+00 -5.65496564e-01 -8.24404895e-01
    1.95851290e+00 -5.56988835e-01 -1.44942486e+00 5.91595531e-01
    -5.99905789e-01 -1.14926314e+00 1.03357434e+00 -4.28860009e-01
    -1.90839362e+00 1.48705399e+00 -2.12262779e-01 -2.03030491e+00
    1.81686914e+00 -5.08503914e-02 -2.08336067e+00 2.32631698e-01
    -8.30148831e-02 -1.29681265e+00 7.49718308e-01 1.80678785e-01
    -1.95283592e+00 1.15022588e+00 4.24802661e-01 -1.86816955e+00
    1.43057013e+00 5.54190338e-01 -1.73761642e+00 -3.33672017e-03
    3.91563177e-01 -1.18449569e+00 4.69845474e-01 7.02652454e-01
    -1.68471360e+00 8.40081215e-01 9.15930033e-01 -1.52459741e+00
    1.05544519e+00 1.00860238e+00 -1.31058824e+00 -1.82168126e-01
    9.54274952e-01 -9.08819616e-01 3.18345964e-01 1.32874358e+00
    -1.42469120e+00 5.80585539e-01 1.48860741e+00 -1.34421706e+00
    7.87984312e-01 1.60198271e+00 -1.26425195e+00</data></hand_left>
</opencv_storage>
