<?xml version="1.0"?>
<opencv_storage>
<hand_right type_id="opencv-matrix">
  <rows>21</rows>
  <cols>3</cols>
  <dt>f</dt>
  <data>
    -8.29239161e-06 -7.67168240e-06 3.65375217e-06 5.91013730e-01
    -3.87988925e-01 7.07907379e-01 1.33843112e+00 -6.55911922e-01
    -2.44572759e-02 1.73408604e+00 -5.64330637e-01 -8.25775623e-01
    1.95793629e+00 -5.55149198e-01 -1.45087123e+00 5.91118693e-01
    -5.98664045e-01 -1.15014231e+00 1.03263974e+00 -4.26810831e-01
    -1.90935278e+00 1.48591876e+00 -2.10049599e-01 -2.03130031e+00
    1.81557775e+00 -4.85814810e-02 -2.08438182e+00 2.31968418e-01
    -8.17113966e-02 -1.29700923e+00 7.48595774e-01 1.82696298e-01
    -1.95307672e+00 1.14900637e+00 4.26772475e-01 -1.86846328e+00
    1.42925036e+00 5.56021273e-01 -1.73804426e+00 -4.04391065e-03
    3.92705113e-01 -1.18410790e+00 4.68721092e-01 7.04344749e-01
    -1.68436587e+00 8.38949561e-01 9.17526960e-01 -1.52434742e+00
    1.05432773e+00 1.01000583e+00 -1.31054151e+00 -1.82857797e-01
    9.55110788e-01 -9.07788932e-01 3.17201018e-01 1.33017123e+00
    -1.42364800e+00 5.79415560e-01 1.49001145e+00 -1.34323645e+00
    7.86787987e-01 1.60334277e+00 -1.26341546e+00</data></hand_right>
</opencv_storage>
