<?xml version="1.0"?>
<opencv_storage>
<hand_left type_id="opencv-matrix">
  <rows>21</rows>
  <cols>3</cols>
  <dt>f</dt>
  <data>
    -8.29383771e-06 -7.67436995e-06 3.66614745e-06 5.91510057e-01
    -3.87320876e-01 7.08007574e-01 1.33867371e+00 -6.55660033e-01
    -2.46132612e-02 1.73387861e+00 -5.64504981e-01 -8.26209009e-01
    1.95747936e+00 -5.55773795e-01 -1.45155263e+00 5.90746284e-01
    -5.99514663e-01 -1.15000749e+00 1.03206551e+00 -4.28006381e-01
    -1.90933371e+00 1.48529482e+00 -2.11147010e-01 -2.03103065e+00
    1.81481409e+00 -4.96477187e-02 -2.08381248e+00 2.31437340e-01
    -8.26897472e-02 -1.29713142e+00 7.47908473e-01 1.81433380e-01
    -1.95343816e+00 1.14838958e+00 4.25675988e-01 -1.86854565e+00
    1.42864740e+00 5.55045009e-01 -1.73766208e+00 -4.57834825e-03
    3.91811490e-01 -1.18447316e+00 4.68031138e-01 7.03189373e-01
    -1.68508363e+00 8.38391960e-01 9.16549087e-01 -1.52491045e+00
    1.05387843e+00 1.00917864e+00 -1.31069648e+00 -1.83307961e-01
    9.54482138e-01 -9.08512831e-01 3.16628098e-01 1.32915187e+00
    -1.42482829e+00 5.78894615e-01 1.48908889e+00 -1.34452343e+00
    7.86308110e-01 1.60250568e+00 -1.26467597e+00</data></hand_left>
</opencv_storage>
