<?xml version="1.0"?>
<opencv_storage>
<hand_right type_id="opencv-matrix">
  <rows>21</rows>
  <cols>3</cols>
  <dt>f</dt>
  <data>
    -8.29200235e-06 -7.67624988e-06 3.65831829e-06 5.91594517e-01
    -3.87983322e-01 7.07516432e-01 1.33863497e+00 -6.55640721e-01
    -2.54316628e-02 1.73371053e+00 -5.63763797e-01 -8.27018559e-01
    1.95720840e+00 -5.54442704e-01 -1.45234394e+00 5.90572298e-01
    -5.98357618e-01 -1.15065527e+00 1.03174853e+00 -4.26137924e-01
    -1.90993845e+00 1.48503280e+00 -2.09131360e-01 -2.03177452e+00
    1.81467557e+00 -4.75091338e-02 -2.08470201e+00 2.31218651e-01
    -8.14319402e-02 -1.29721332e+00 7.47577608e-01 1.83321625e-01
    -1.95338929e+00 1.14814353e+00 4.27549958e-01 -1.86854053e+00
    1.42856884e+00 5.56902945e-01 -1.73777366e+00 -4.81307507e-03
    3.92932296e-01 -1.18407285e+00 4.67730999e-01 7.04820275e-01
    -1.68443155e+00 8.38154554e-01 9.18090463e-01 -1.52425599e+00
    1.05376852e+00 1.01060379e+00 -1.31011271e+00 -1.83549032e-01
    9.55287158e-01 -9.07552898e-01 3.16276729e-01 1.33053231e+00
    -1.42356837e+00 5.78574836e-01 1.49043202e+00 -1.34319484e+00
    7.86043048e-01 1.60379541e+00 -1.26329660e+00</data></hand_right>
</opencv_storage>
