<?xml version="1.0"?>
<opencv_storage>
<hand_right type_id="opencv-matrix">
  <rows>21</rows>
  <cols>3</cols>
  <dt>f</dt>
  <data>
    -8.29334749e-06 -7.67137135e-06 3.65666028e-06 5.91056705e-01
    -3.87835085e-01 7.07979023e-01 1.33842921e+00 -6.55938447e-01
    -2.43877620e-02 1.73403215e+00 -5.64525008e-01 -8.25729430e-01
    1.95786667e+00 -5.55499554e-01 -1.45086241e+00 5.91031075e-01
    -5.98977268e-01 -1.15002608e+00 1.03254938e+00 -4.27285373e-01
    -1.90922201e+00 1.48580301e+00 -2.10561305e-01 -2.03107405e+00
    1.81540108e+00 -4.91374433e-02 -2.08407140e+00 2.31901899e-01
    -8.20375383e-02 -1.29700065e+00 7.48540640e-01 1.82218552e-01
    -1.95308506e+00 1.14895630e+00 4.26285028e-01 -1.86838245e+00
    1.42917120e+00 5.55518925e-01 -1.73784459e+00 -4.06894460e-03
    3.92421663e-01 -1.18419683e+00 4.68687057e-01 7.03917563e-01
    -1.68452930e+00 8.38956237e-01 9.17105198e-01 -1.52446997e+00
    1.05436671e+00 1.00960743e+00 -1.31058240e+00 -1.82818994e-01
    9.54915941e-01 -9.08006132e-01 3.17258775e-01 1.32979012e+00
    -1.42396259e+00 5.79492927e-01 1.48963046e+00 -1.34359634e+00
    7.86884725e-01 1.60296929e+00 -1.26379168e+00</data></hand_right>
</opencv_storage>
