<?xml version="1.0"?>
<opencv_storage>
<hand_right type_id="opencv-matrix">
  <rows>21</rows>
  <cols>3</cols>
  <dt>f</dt>
  <data>
    -8.29074270e-06 -7.67555139e-06 3.65249593e-06 5.91358244e-01
    -3.88379574e-01 7.07435191e-01 1.33852208e+00 -6.55738831e-01
    -2.54216939e-02 1.73384726e+00 -5.63566566e-01 -8.26834679e-01
    1.95745611e+00 -5.53956866e-01 -1.45203936e+00 5.90720356e-01
    -5.97886682e-01 -1.15077126e+00 1.03197730e+00 -4.25461471e-01
    -1.90997982e+00 1.48520458e+00 -2.08545655e-01 -2.03179312e+00
    1.81479573e+00 -4.70056236e-02 -2.08472562e+00 2.31459677e-01
    -8.08667466e-02 -1.29716671e+00 7.47832060e-01 1.84033915e-01
    -1.95323265e+00 1.14827752e+00 4.28100944e-01 -1.86849630e+00
    1.42853808e+00 5.57276845e-01 -1.73796976e+00 -4.54656780e-03
    3.93462747e-01 -1.18386471e+00 4.68000919e-01 7.05470622e-01
    -1.68410516e+00 8.38299274e-01 9.18583155e-01 -1.52400589e+00
    1.05374813e+00 1.01092899e+00 -1.31013322e+00 -1.83290541e-01
    9.55691457e-01 -9.07119513e-01 3.16548169e-01 1.33111680e+00
    -1.42294741e+00 5.78795075e-01 1.49093556e+00 -1.34252262e+00
    7.86190331e-01 1.60422504e+00 -1.26268327e+00</data></hand_right>
</opencv_storage>
