<?xml version="1.0"?>
<opencv_storage>
<hand_left type_id="opencv-matrix">
  <rows>21</rows>
  <cols>3</cols>
  <dt>f</dt>
  <data>
    -8.29241617e-06 -7.67449819e-06 3.65569508e-06 5.91299474e-01
    -3.87989730e-01 7.07723200e-01 1.33855295e+00 -6.55753911e-01
    -2.49265432e-02 1.73392904e+00 -5.64001858e-01 -8.26374531e-01
    1.95762134e+00 -5.54746389e-01 -1.45158148e+00 5.90885162e-01
    -5.98484516e-01 -1.15039718e+00 1.03224683e+00 -4.26429510e-01
    -1.90962875e+00 1.48552871e+00 -2.09537894e-01 -2.03149414e+00
    1.81517553e+00 -4.79881167e-02 -2.08447385e+00 2.31628835e-01
    -8.15444440e-02 -1.29711056e+00 7.48127699e-01 1.83052316e-01
    -1.95321703e+00 1.14860404e+00 4.27204818e-01 -1.86847150e+00
    1.42893183e+00 5.56502819e-01 -1.73787320e+00 -4.40139323e-03
    3.92843157e-01 -1.18408561e+00 4.68258381e-01 7.04620540e-01
    -1.68437469e+00 8.38572085e-01 9.17846620e-01 -1.52425718e+00
    1.05405557e+00 1.01033628e+00 -1.31026769e+00 -1.83186859e-01
    9.55219448e-01 -9.07661915e-01 3.16769451e-01 1.33038461e+00
    -1.42357719e+00 5.79021692e-01 1.49025571e+00 -1.34316444e+00
    7.86438882e-01 1.60360587e+00 -1.26328433e+00</data></hand_left>
</opencv_storage>
