<?xml version="1.0"?>
<opencv_storage>
<hand_right type_id="opencv-matrix">
  <rows>21</rows>
  <cols>3</cols>
  <dt>f</dt>
  <data>
    -8.29343571e-06 -7.67066194e-06 3.65247274e-06 5.90873361e-01
    -3.88082087e-01 7.07970381e-01 1.33835733e+00 -6.56058013e-01
    -2.43021846e-02 1.73413968e+00 -5.64492941e-01 -8.25556695e-01
    1.95807004e+00 -5.55309713e-01 -1.45061862e+00 5.91194451e-01
    -5.98698020e-01 -1.15008128e+00 1.03283119e+00 -4.26878035e-01
    -1.90923023e+00 1.48613191e+00 -2.10177124e-01 -2.03109813e+00
    1.81579149e+00 -4.87608314e-02 -2.08411932e+00 2.32125461e-01
    -8.16987604e-02 -1.29697990e+00 7.48853803e-01 1.82660133e-01
    -1.95297742e+00 1.14926183e+00 4.26673174e-01 -1.86831617e+00
    1.42946768e+00 5.55862784e-01 -1.73787868e+00 -3.84451076e-03
    3.92742336e-01 -1.18409216e+00 4.69002038e-01 7.04332829e-01
    -1.68429756e+00 8.39221954e-01 9.17457283e-01 -1.52424335e+00
    1.05455983e+00 1.00989056e+00 -1.31044137e+00 -1.82626113e-01
    9.55160499e-01 -9.07779217e-01 3.17523956e-01 1.33017278e+00
    -1.42357993e+00 5.79739153e-01 1.48997831e+00 -1.34314001e+00
    7.87102461e-01 1.60327852e+00 -1.26331639e+00</data></hand_right>
</opencv_storage>
