<?xml version="1.0"?>
<opencv_storage>
<hand_right type_id="opencv-matrix">
  <rows>21</rows>
  <cols>3</cols>
  <dt>f</dt>
  <data>
    -8.29325108e-06 -7.67160054e-06 3.65119377e-06 5.90851128e-01
    -3.88201326e-01 7.07915306e-01 1.33837306e+00 -6.56020403e-01
    -2.43530422e-02 1.73420477e+00 -5.64328551e-01 -8.25555682e-01
    1.95816469e+00 -5.55031896e-01 -1.45058739e+00 5.91256618e-01
    -5.98454297e-01 -1.15016437e+00 1.03285789e+00 -4.26514328e-01
    -1.90929890e+00 1.48607254e+00 -2.09838599e-01 -2.03115273e+00
    1.81566715e+00 -4.84586060e-02 -2.08422399e+00 2.32182667e-01
    -8.14351514e-02 -1.29697824e+00 7.48878479e-01 1.83049217e-01
    -1.95290875e+00 1.14917839e+00 4.27011311e-01 -1.86824405e+00
    1.42932427e+00 5.56146741e-01 -1.73785424e+00 -3.80180031e-03
    3.92975718e-01 -1.18400717e+00 4.69008803e-01 7.04666018e-01
    -1.68414545e+00 8.39158833e-01 9.17752385e-01 -1.52408159e+00
    1.05445492e+00 1.01012695e+00 -1.31030607e+00 -1.82605684e-01
    9.55333233e-01 -9.07586873e-01 3.17532361e-01 1.33044779e+00
    -1.42327583e+00 5.79696536e-01 1.49022722e+00 -1.34279919e+00
    7.87037313e-01 1.60353446e+00 -1.26298666e+00</data></hand_right>
</opencv_storage>
