<?xml version="1.0"?>
<opencv_storage>
<hand_left type_id="opencv-matrix">
  <rows>21</rows>
  <cols>3</cols>
  <dt>f</dt>
  <data>
    -8.29146211e-06 -7.67309575e-06 3.65660253e-06 5.91177285e-01
    -3.87806714e-01 7.07891226e-01 1.33855879e+00 -6.55700445e-01
    -2.45289952e-02 1.73410547e+00 -5.64159989e-01 -8.25893521e-01
    1.95789421e+00 -5.55035651e-01 -1.45102108e+00 5.91093600e-01
    -5.98697007e-01 -1.15014911e+00 1.03248692e+00 -4.26852912e-01
    -1.90941322e+00 1.48563886e+00 -2.10064501e-01 -2.03135157e+00
    1.81518328e+00 -4.86024618e-02 -2.08446693e+00 2.31841207e-01
    -8.18138942e-02 -1.29703808e+00 7.48361826e-01 1.82631984e-01
    -1.95313096e+00 1.14865911e+00 4.26749170e-01 -1.86847043e+00
    1.42882776e+00 5.56011081e-01 -1.73799872e+00 -4.23055887e-03
    3.92579764e-01 -1.18415499e+00 4.68418717e-01 7.04248071e-01
    -1.68447459e+00 8.38597238e-01 9.17489350e-01 -1.52443910e+00
    1.05395067e+00 1.00998712e+00 -1.31057143e+00 -1.83092564e-01
    9.54997182e-01 -9.07874703e-01 3.16859066e-01 1.33006310e+00
    -1.42379057e+00 5.79015791e-01 1.48993707e+00 -1.34340024e+00
    7.86359310e-01 1.60332084e+00 -1.26361775e+00</data></hand_left>
</opencv_storage>
