<?xml version="1.0"?>
<opencv_storage>
<hand_left type_id="opencv-matrix">
  <rows>21</rows>
  <cols>3</cols>
  <dt>f</dt>
  <data>
    -8.29324108e-06 -7.67176607e-06 3.65725600e-06 5.91102123e-01
    -3.87699008e-01 7.08010674e-01 1.33845365e+00 -6.55869186e-01
    -2.43647248e-02 1.73397231e+00 -5.64530730e-01 -8.25790644e-01
    1.95776796e+00 -5.55579007e-01 -1.45094430e+00 5.91061473e-01
    -5.99061251e-01 -1.14997661e+00 1.03254807e+00 -4.27432120e-01
    -1.90924931e+00 1.48589754e+00 -2.10637182e-01 -2.03125882e+00
    1.81562805e+00 -4.91136014e-02 -2.08437204e+00 2.31878504e-01
    -8.21719617e-02 -1.29699647e+00 7.48504758e-01 1.82051331e-01
    -1.95316529e+00 1.14899921e+00 4.26221669e-01 -1.86856604e+00
    1.42936969e+00 5.55590749e-01 -1.73807633e+00 -4.14112955e-03
    3.92278075e-01 -1.18425560e+00 4.68656123e-01 7.03785181e-01
    -1.68457294e+00 8.38929355e-01 9.17051971e-01 -1.52453578e+00
    1.05438364e+00 1.00964236e+00 -1.31060147e+00 -1.82948530e-01
    9.54778016e-01 -9.08131778e-01 3.17154616e-01 1.32967687e+00
    -1.42408121e+00 5.79396725e-01 1.48955369e+00 -1.34367239e+00
    7.86806941e-01 1.60292530e+00 -1.26377416e+00</data></hand_left>
</opencv_storage>
