<?xml version="1.0"?>
<opencv_storage>
<hand_left type_id="opencv-matrix">
  <rows>21</rows>
  <cols>3</cols>
  <dt>f</dt>
  <data>
    -8.29348937e-06 -7.66950689e-06 3.66112863e-06 5.91002345e-01
    -3.87189269e-01 7.08379388e-01 1.33852243e+00 -6.55812979e-01
    -2.36601979e-02 1.73421478e+00 -5.65010250e-01 -8.25044096e-01
    1.95814943e+00 -5.56472182e-01 -1.45015693e+00 5.91298699e-01
    -5.99802196e-01 -1.14946830e+00 1.03289962e+00 -4.28660750e-01
    -1.90877378e+00 1.48618042e+00 -2.11959571e-01 -2.03085041e+00
    1.81584382e+00 -5.04974425e-02 -2.08405256e+00 2.32115641e-01
    -8.30321684e-02 -1.29690754e+00 7.48846233e-01 1.80787072e-01
    -1.95312738e+00 1.14926076e+00 4.25012618e-01 -1.86858130e+00
    1.42954326e+00 5.54452598e-01 -1.73811114e+00 -3.94682214e-03
    3.91480863e-01 -1.18451810e+00 4.68886077e-01 7.02668071e-01
    -1.68498969e+00 8.39131832e-01 9.16064620e-01 -1.52504563e+00
    1.05456805e+00 1.00881219e+00 -1.31116199e+00 -1.82829410e-01
    9.54164267e-01 -9.08800304e-01 3.17312747e-01 1.32872164e+00
    -1.42493975e+00 5.79526246e-01 1.48867130e+00 -1.34464335e+00
    7.86925972e-01 1.60212564e+00 -1.26485324e+00</data></hand_left>
</opencv_storage>
