<?xml version="1.0"?>
<opencv_storage>
<hand_right type_id="opencv-matrix">
  <rows>21</rows>
  <cols>3</cols>
  <dt>f</dt>
  <data>
    -8.29327291e-06 -7.67179881e-06 3.65595247e-06 5.91050267e-01
    -3.87862176e-01 7.07985520e-01 1.33848155e+00 -6.55910850e-01
    -2.43573636e-02 1.73412704e+00 -5.64460635e-01 -8.25702846e-01
    1.95798838e+00 -5.55408478e-01 -1.45082283e+00 5.91144860e-01
    -5.98844767e-01 -1.15006828e+00 1.03266954e+00 -4.27085012e-01
    -1.90929091e+00 1.48590350e+00 -2.10343212e-01 -2.03119493e+00
    1.81551313e+00 -4.89077270e-02 -2.08426332e+00 2.31979936e-01
    -8.19111764e-02 -1.29702556e+00 7.48635530e-01 1.82433456e-01
    -1.95308292e+00 1.14900231e+00 4.26517129e-01 -1.86836743e+00
    1.42920446e+00 5.55765152e-01 -1.73784113e+00 -4.03794274e-03
    3.92526537e-01 -1.18419051e+00 4.68731880e-01 7.04106867e-01
    -1.68447769e+00 8.38954329e-01 9.17315245e-01 -1.52439773e+00
    1.05432105e+00 1.00980711e+00 -1.31049025e+00 -1.82852045e-01
    9.54992115e-01 -9.07957256e-01 3.17224145e-01 1.32996190e+00
    -1.42385721e+00 5.79416633e-01 1.48981202e+00 -1.34344518e+00
    7.86779344e-01 1.60316455e+00 -1.26362956e+00</data></hand_right>
</opencv_storage>
