<?xml version="1.0"?>
<opencv_storage>
<hand_left type_id="opencv-matrix">
  <rows>21</rows>
  <cols>3</cols>
  <dt>f</dt>
  <data>
    -8.29012151e-06 -7.67576421e-06 3.65382198e-06 5.91418803e-01
    -3.88218343e-01 7.07464397e-01 1.33856940e+00 -6.55633092e-01
    -2.53827274e-02 1.73384070e+00 -5.63560009e-01 -8.26834083e-01
    1.95742321e+00 -5.54030180e-01 -1.45204306e+00 5.90722084e-01
    -5.98001897e-01 -1.15070200e+00 1.03190529e+00 -4.25665915e-01
    -1.90998173e+00 1.48511863e+00 -2.08731174e-01 -2.03193951e+00
    1.81472659e+00 -4.71568704e-02 -2.08500814e+00 2.31409296e-01
    -8.10396448e-02 -1.29715729e+00 7.47722268e-01 1.83801696e-01
    -1.95329893e+00 1.14816284e+00 4.27927881e-01 -1.86867261e+00
    1.42847431e+00 5.57180941e-01 -1.73823011e+00 -4.63601574e-03
    3.93281937e-01 -1.18392003e+00 4.67863381e-01 7.05257654e-01
    -1.68421888e+00 8.38163555e-01 9.18442130e-01 -1.52421165e+00
    1.05366588e+00 1.01087248e+00 -1.31038809e+00 -1.83421507e-01
    9.55528915e-01 -9.07251537e-01 3.16366404e-01 1.33092511e+00
    -1.42314374e+00 5.78612447e-01 1.49078393e+00 -1.34276891e+00
    7.86029875e-01 1.60412288e+00 -1.26295257e+00</data></hand_left>
</opencv_storage>
