<?xml version="1.0"?>
<opencv_storage>
<hand_right type_id="opencv-matrix">
  <rows>21</rows>
  <cols>3</cols>
  <dt>f</dt>
  <data>
    -8.29349574e-06 -7.67162692e-06 3.65514825e-06 5.91001928e-01
    -3.87824476e-01 7.08013296e-01 1.33841336e+00 -6.55931592e-01
    -2.43030190e-02 1.73403931e+00 -5.64521074e-01 -8.25658321e-01
    1.95790148e+00 -5.55497885e-01 -1.45077145e+00 5.91120124e-01
    -5.98962843e-01 -1.14998209e+00 1.03268552e+00 -4.27282095e-01
    -1.90918803e+00 1.48604846e+00 -2.10515678e-01 -2.03112817e+00
    1.81577492e+00 -4.90158498e-02 -2.08417058e+00 2.31988326e-01
    -8.20346251e-02 -1.29697239e+00 7.48659134e-01 1.82212949e-01
    -1.95308483e+00 1.14914882e+00 4.26333666e-01 -1.86848640e+00
    1.42948937e+00 5.55653453e-01 -1.73802662e+00 -4.00857255e-03
    3.92416656e-01 -1.18419755e+00 4.68822122e-01 7.03936696e-01
    -1.68446672e+00 8.39085400e-01 9.17155862e-01 -1.52443027e+00
    1.05450964e+00 1.00970221e+00 -1.31054020e+00 -1.82802767e-01
    9.54892755e-01 -9.08026993e-01 3.17339867e-01 1.32981682e+00
    -1.42392039e+00 5.79587638e-01 1.48967361e+00 -1.34349108e+00
    7.86993802e-01 1.60301971e+00 -1.26359451e+00</data></hand_right>
</opencv_storage>
