<?xml version="1.0"?>
<opencv_storage>
<hand_left type_id="opencv-matrix">
  <rows>21</rows>
  <cols>3</cols>
  <dt>f</dt>
  <data>
    -8.29300279e-06 -7.67421261e-06 3.66347922e-06 5.91422141e-01
    -3.87368619e-01 7.08032668e-01 1.33869433e+00 -6.55612946e-01
    -2.44934261e-02 1.73401570e+00 -5.64398646e-01 -8.26036334e-01
    1.95768881e+00 -5.55602968e-01 -1.45131433e+00 5.90920091e-01
    -5.99354088e-01 -1.14999104e+00 1.03227401e+00 -4.27794635e-01
    -1.90932274e+00 1.48549056e+00 -2.10938364e-01 -2.03114319e+00
    1.81504595e+00 -4.94212806e-02 -2.08406949e+00 2.31598347e-01
    -8.25402141e-02 -1.29710531e+00 7.48097062e-01 1.81645006e-01
    -1.95337045e+00 1.14853024e+00 4.25892860e-01 -1.86857200e+00
    1.42877960e+00 5.55277944e-01 -1.73782468e+00 -4.46567312e-03
    3.91930610e-01 -1.18443084e+00 4.68166113e-01 7.03377485e-01
    -1.68497050e+00 8.38470519e-01 9.16748405e-01 -1.52485621e+00
    1.05392885e+00 1.00938654e+00 -1.31074786e+00 -1.83275118e-01
    9.54549372e-01 -9.08432901e-01 3.16669345e-01 1.32932150e+00
    -1.42465615e+00 5.78901827e-01 1.48926842e+00 -1.34433484e+00
    7.86293983e-01 1.60269749e+00 -1.26449955e+00</data></hand_left>
</opencv_storage>
