<?xml version="1.0"?>
<opencv_storage>
<hand_right type_id="opencv-matrix">
  <rows>21</rows>
  <cols>3</cols>
  <dt>f</dt>
  <data>
    -8.29330202e-06 -7.66903213e-06 3.65872643e-06 5.90869665e-01
    -3.87348831e-01 7.08375216e-01 1.33847415e+00 -6.55855417e-01
    -2.35839933e-02 1.73431242e+00 -5.64942956e-01 -8.24865699e-01
    1.95833230e+00 -5.56298018e-01 -1.44991612e+00 5.91422737e-01
    -5.99597633e-01 -1.14947903e+00 1.03309238e+00 -4.28357661e-01
    -1.90870607e+00 1.48633671e+00 -2.11694062e-01 -2.03072906e+00
    1.81594896e+00 -5.02792895e-02 -2.08391261e+00 2.32285708e-01
    -8.27927515e-02 -1.29686964e+00 7.49059200e-01 1.81099445e-01
    -1.95298779e+00 1.14940119e+00 4.25252527e-01 -1.86843312e+00
    1.42959654e+00 5.54612637e-01 -1.73802459e+00 -3.77105549e-03
    3.91702026e-01 -1.18442380e+00 4.69073027e-01 7.02938139e-01
    -1.68481672e+00 8.39269757e-01 9.16274309e-01 -1.52488017e+00
    1.05465090e+00 1.00896025e+00 -1.31108558e+00 -1.82669342e-01
    9.54328060e-01 -9.08621311e-01 3.17492545e-01 1.32895112e+00
    -1.42465913e+00 5.79675257e-01 1.48887384e+00 -1.34435010e+00
    7.87055135e-01 1.60230875e+00 -1.26460671e+00</data></hand_right>
</opencv_storage>
