<?xml version="1.0"?>
<opencv_storage>
<hand_left type_id="opencv-matrix">
  <rows>21</rows>
  <cols>3</cols>
  <dt>f</dt>
  <data>
    -8.30110912e-06 -7.67039637e-06 3.65619962e-06 5.90772271e-01
    -3.88131201e-01 7.08142281e-01 1.33822513e+00 -6.56557679e-01
    -2.40966529e-02 1.73400664e+00 -5.65229833e-01 -8.25360656e-01
    1.95804024e+00 -5.56315899e-01 -1.45052958e+00 5.91134906e-01
    -5.99133968e-01 -1.14996874e+00 1.03307033e+00 -4.27428842e-01
    -1.90887237e+00 1.48650146e+00 -2.10785568e-01 -2.03017330e+00
    1.81614566e+00 -4.94787097e-02 -2.08269811e+00 2.32249275e-01
    -8.20141882e-02 -1.29701102e+00 7.49361038e-01 1.82228968e-01
    -1.95274818e+00 1.14991558e+00 4.26176071e-01 -1.86738825e+00
    1.43017817e+00 5.55301905e-01 -1.73619628e+00 -3.55330855e-03
    3.92548144e-01 -1.18421078e+00 4.69612896e-01 7.03970730e-01
    -1.68425691e+00 8.40004861e-01 9.17014360e-01 -1.52365947e+00
    1.05540252e+00 1.00937653e+00 -1.30916178e+00 -1.82132378e-01
    9.55130935e-01 -9.08016503e-01 3.18378747e-01 1.32983732e+00
    -1.42371440e+00 5.80660462e-01 1.48956621e+00 -1.34312308e+00
    7.88087726e-01 1.60281551e+00 -1.26308584e+00</data></hand_left>
</opencv_storage>
