<?xml version="1.0"?>
<opencv_storage>
<hand_right type_id="opencv-matrix">
  <rows>21</rows>
  <cols>3</cols>
  <dt>f</dt>
  <data>
    -8.28694192e-06 -7.67867823e-06 3.68338442e-06 5.92558503e-01
    -3.86330545e-01 7.07746863e-01 1.33914828e+00 -6.54803157e-01
    -2.54549682e-02 1.73342228e+00 -5.64032316e-01 -8.27531099e-01
    1.95641708e+00 -5.55809200e-01 -1.45312035e+00 5.90023816e-01
    -6.00043178e-01 -1.15015030e+00 1.03051138e+00 -4.28784490e-01
    -1.90994322e+00 1.48332500e+00 -2.11737990e-01 -2.03187823e+00
    1.81249428e+00 -5.01715541e-02 -2.08482146e+00 2.30198681e-01
    -8.35691392e-02 -1.29735136e+00 7.45938182e-01 1.80475906e-01
    -1.95418811e+00 1.14618313e+00 4.24997985e-01 -1.86937058e+00
    1.42623734e+00 5.54524541e-01 -1.73841083e+00 -6.01449981e-03
    3.90869528e-01 -1.18481648e+00 4.65921104e-01 7.02205896e-01
    -1.68604720e+00 8.36239219e-01 9.15886581e-01 -1.52600384e+00
    1.05167580e+00 1.00867498e+00 -1.31165540e+00 -1.84820831e-01
    9.53682065e-01 -9.09125865e-01 3.14389586e-01 1.32823384e+00
    -1.42615688e+00 5.76534152e-01 1.48836541e+00 -1.34609604e+00
    7.83826113e-01 1.60192513e+00 -1.26649654e+00</data></hand_right>
</opencv_storage>
