<?xml version="1.0"?>
<opencv_storage>
<hand_right type_id="opencv-matrix">
  <rows>21</rows>
  <cols>3</cols>
  <dt>f</dt>
  <data>
    -8.29596047e-06 -7.67496749e-06 3.66949962e-06 5.91654956e-01
    -3.87228400e-01 7.07985997e-01 1.33867764e+00 -6.55749083e-01
    -2.47553885e-02 1.73368251e+00 -5.64710617e-01 -8.26465070e-01
    1.95721281e+00 -5.56189060e-01 -1.45187449e+00 5.90583444e-01
    -5.99671900e-01 -1.15004003e+00 1.03187168e+00 -4.28200781e-01
    -1.90935028e+00 1.48510861e+00 -2.11314052e-01 -2.03091550e+00
    1.81461692e+00 -4.98264432e-02 -2.08358192e+00 2.31252655e-01
    -8.28567445e-02 -1.29718697e+00 7.47776389e-01 1.81267381e-01
    -1.95344090e+00 1.14829683e+00 4.25542176e-01 -1.86825228e+00
    1.42858255e+00 5.54929495e-01 -1.73703837e+00 -4.73246351e-03
    3.91664833e-01 -1.18454385e+00 4.67918009e-01 7.03022957e-01
    -1.68512821e+00 8.38357747e-01 9.16405320e-01 -1.52471185e+00
    1.05386758e+00 1.00902224e+00 -1.31014502e+00 -1.83395699e-01
    9.54392135e-01 -9.08638418e-01 3.16571772e-01 1.32897854e+00
    -1.42497170e+00 5.78840435e-01 1.48891342e+00 -1.34460735e+00
    7.86253333e-01 1.60231268e+00 -1.26469529e+00</data></hand_right>
</opencv_storage>
