<?xml version="1.0"?>
<opencv_storage>
<hand_left type_id="opencv-matrix">
  <rows>21</rows>
  <cols>3</cols>
  <dt>f</dt>
  <data>
    -8.29506462e-06 -7.67096208e-06 3.66715358e-06 5.91212392e-01
    -3.87178689e-01 7.08295763e-01 1.33852851e+00 -6.55909061e-01
    -2.39565372e-02 1.73401690e+00 -5.65140247e-01 -8.25400829e-01
    1.95781684e+00 -5.56704521e-01 -1.45062339e+00 5.90974331e-01
    -5.99981844e-01 -1.14960039e+00 1.03250885e+00 -4.28828150e-01
    -1.90883803e+00 1.48564267e+00 -2.12171108e-01 -2.03043151e+00
    1.81503797e+00 -5.08632660e-02 -2.08318305e+00 2.31801972e-01
    -8.31620023e-02 -1.29701495e+00 7.48487890e-01 1.80655211e-01
    -1.95319784e+00 1.14881396e+00 4.24777627e-01 -1.86819911e+00
    1.42883682e+00 5.54023623e-01 -1.73727918e+00 -4.16402146e-03
    3.91404480e-01 -1.18458140e+00 4.68581736e-01 7.02519596e-01
    -1.68517470e+00 8.38844419e-01 9.15818691e-01 -1.52494478e+00
    1.05413353e+00 1.00839674e+00 -1.31073976e+00 -1.82882845e-01
    9.54187453e-01 -9.08855259e-01 3.17188382e-01 1.32857871e+00
    -1.42514420e+00 5.79375029e-01 1.48846877e+00 -1.34483612e+00
    7.86695063e-01 1.60185075e+00 -1.26508737e+00</data></hand_left>
</opencv_storage>
