<?xml version="1.0"?>
<opencv_storage>
<hand_left type_id="opencv-matrix">
  <rows>21</rows>
  <cols>3</cols>
  <dt>f</dt>
  <data>
    -8.29566034e-06 -7.67149777e-06 3.66993436e-06 5.91350496e-01
    -3.87043536e-01 7.08289862e-01 1.33857381e+00 -6.55875683e-01
    -2.40613669e-02 1.73391366e+00 -5.65188766e-01 -8.25595379e-01
    1.95764160e+00 -5.56866646e-01 -1.45088589e+00 5.90853751e-01
    -6.00142777e-01 -1.14960527e+00 1.03233480e+00 -4.29036438e-01
    -1.90886450e+00 1.48548245e+00 -2.12333888e-01 -2.03041601e+00
    1.81487679e+00 -5.09997904e-02 -2.08311129e+00 2.31639087e-01
    -8.33516717e-02 -1.29705274e+00 7.48305321e-01 1.80433393e-01
    -1.95327103e+00 1.14868212e+00 4.24611479e-01 -1.86816466e+00
    1.42875099e+00 5.53904772e-01 -1.73709178e+00 -4.32464108e-03
    3.91228616e-01 -1.18465555e+00 4.68400270e-01 7.02308118e-01
    -1.68530190e+00 8.38728666e-01 9.15656745e-01 -1.52500105e+00
    1.05408120e+00 1.00827861e+00 -1.31064808e+00 -1.83015883e-01
    9.54061329e-01 -9.08994436e-01 3.17034185e-01 1.32838202e+00
    -1.42537129e+00 5.79244673e-01 1.48829687e+00 -1.34507942e+00
    7.86590934e-01 1.60169673e+00 -1.26530862e+00</data></hand_left>
</opencv_storage>
