<?xml version="1.0"?>
<opencv_storage>
<hand_right type_id="opencv-matrix">
  <rows>21</rows>
  <cols>3</cols>
  <dt>f</dt>
  <data>
    -8.29405872e-06 -7.67161509e-06 3.65728010e-06 5.91064870e-01
    -3.87849480e-01 7.07990170e-01 1.33845592e+00 -6.55972362e-01
    -2.43715197e-02 1.73407304e+00 -5.64571857e-01 -8.25711131e-01
    1.95793283e+00 -5.55572391e-01 -1.45085287e+00 5.91070473e-01
    -5.98942816e-01 -1.15005004e+00 1.03260374e+00 -4.27214533e-01
    -1.90922558e+00 1.48581719e+00 -2.10495055e-01 -2.03102660e+00
    1.81537008e+00 -4.90991175e-02 -2.08400583e+00 2.31934190e-01
    -8.19970295e-02 -1.29702580e+00 7.48610616e-01 1.82309404e-01
    -1.95305359e+00 1.14898324e+00 4.26367640e-01 -1.86822867e+00
    1.42915869e+00 5.55581689e-01 -1.73759079e+00 -4.04402986e-03
    3.92460912e-01 -1.18420434e+00 4.68720376e-01 7.03986645e-01
    -1.68451262e+00 8.38987470e-01 9.17177320e-01 -1.52437937e+00
    1.05438542e+00 1.00966132e+00 -1.31040239e+00 -1.82803318e-01
    9.54958439e-01 -9.07995164e-01 3.17282498e-01 1.32984388e+00
    -1.42393219e+00 5.79492211e-01 1.48968434e+00 -1.34355021e+00
    7.86876202e-01 1.60303414e+00 -1.26375115e+00</data></hand_right>
</opencv_storage>
