<?xml version="1.0"?>
<opencv_storage>
<hand_right type_id="opencv-matrix">
  <rows>21</rows>
  <cols>3</cols>
  <dt>f</dt>
  <data>
    -8.28321390e-06 -7.67922484e-06 3.66762720e-06 5.92238188e-01
    -3.87362868e-01 7.07354665e-01 1.33910406e+00 -6.54787779e-01
    -2.58780271e-02 1.73379469e+00 -5.63016772e-01 -8.27665091e-01
    1.95696270e+00 -5.53843021e-01 -1.45307100e+00 5.90371430e-01
    -5.98386228e-01 -1.15077186e+00 1.03090358e+00 -4.26236570e-01
    -1.91042864e+00 1.48363900e+00 -2.09180892e-01 -2.03256321e+00
    1.81281066e+00 -4.76047993e-02 -2.08579206e+00 2.30602443e-01
    -8.17242190e-02 -1.29735005e+00 7.46325970e-01 1.83089763e-01
    -1.95387340e+00 1.14639926e+00 4.27415311e-01 -1.86927068e+00
    1.42636108e+00 5.56723118e-01 -1.73879802e+00 -5.66622242e-03
    3.92539620e-01 -1.18422472e+00 4.66233611e-01 7.04502404e-01
    -1.68505466e+00 8.36397469e-01 9.17956054e-01 -1.52518034e+00
    1.05178511e+00 1.01048875e+00 -1.31133592e+00 -1.84598863e-01
    9.54912901e-01 -9.07782733e-01 3.14577162e-01 1.33021784e+00
    -1.42427921e+00 5.76652527e-01 1.49026084e+00 -1.34412169e+00
    7.83928335e-01 1.60375404e+00 -1.26458514e+00</data></hand_right>
</opencv_storage>
