<?xml version="1.0"?>
<opencv_storage>
<hand_left type_id="opencv-matrix">
  <rows>21</rows>
  <cols>3</cols>
  <dt>f</dt>
  <data>
    -8.29472629e-06 -7.66976791e-06 3.65773553e-06 5.90913832e-01
    -3.87554109e-01 7.08250940e-01 1.33840775e+00 -6.56008780e-01
    -2.38752216e-02 1.73412395e+00 -5.64945996e-01 -8.25227439e-01
    1.95805955e+00 -5.56188464e-01 -1.45033133e+00 5.91244996e-01
    -5.99457800e-01 -1.14967942e+00 1.03291273e+00 -4.28093314e-01
    -1.90890265e+00 1.48627949e+00 -2.11395025e-01 -2.03085923e+00
    1.81600451e+00 -4.99403179e-02 -2.08394551e+00 2.32146770e-01
    -8.25730786e-02 -1.29692769e+00 7.48945475e-01 1.81413144e-01
    -1.95304537e+00 1.14942253e+00 4.25555140e-01 -1.86840403e+00
    1.42974460e+00 5.54915071e-01 -1.73787284e+00 -3.84670869e-03
    3.91934603e-01 -1.18437243e+00 4.69082117e-01 7.03247845e-01
    -1.68468571e+00 8.39338124e-01 9.16518450e-01 -1.52462256e+00
    1.05474973e+00 1.00914049e+00 -1.31066930e+00 -1.82653755e-01
    9.54538047e-01 -9.08447146e-01 3.17590296e-01 1.32923210e+00
    -1.42439938e+00 5.79826713e-01 1.48910284e+00 -1.34399343e+00
    7.87222803e-01 1.60247469e+00 -1.26409984e+00</data></hand_left>
</opencv_storage>
