<?xml version="1.0"?>
<opencv_storage>
<hand_left type_id="opencv-matrix">
  <rows>21</rows>
  <cols>3</cols>
  <dt>f</dt>
  <data>
    -8.29767941e-06 -7.66921494e-06 3.65451388e-06 5.90695381e-01
    -3.87907982e-01 7.08253562e-01 1.33827221e+00 -6.56339169e-01
    -2.37927884e-02 1.73417926e+00 -5.65157652e-01 -8.25025320e-01
    1.95824766e+00 -5.56285739e-01 -1.45008576e+00 5.91307163e-01
    -5.99284470e-01 -1.14974582e+00 1.03317189e+00 -4.27808285e-01
    -1.90881419e+00 1.48657250e+00 -2.11206317e-01 -2.03052115e+00
    1.81628120e+00 -4.98566031e-02 -2.08341217e+00 2.32368112e-01
    -8.22616518e-02 -1.29692221e+00 7.49350727e-01 1.81791484e-01
    -1.95284760e+00 1.14983201e+00 4.25788283e-01 -1.86800432e+00
    1.43010020e+00 5.55004358e-01 -1.73733425e+00 -3.52324545e-03
    3.92278939e-01 -1.18426371e+00 4.69557524e-01 7.03612387e-01
    -1.68442178e+00 8.39829922e-01 9.16738629e-01 -1.52419817e+00
    1.05518544e+00 1.00921547e+00 -1.31013608e+00 -1.82231233e-01
    9.54859912e-01 -9.08212006e-01 3.18185031e-01 1.32956052e+00
    -1.42399311e+00 5.80434203e-01 1.48934412e+00 -1.34349036e+00
    7.87828863e-01 1.60264361e+00 -1.26355267e+00</data></hand_left>
</opencv_storage>
