<?xml version="1.0"?>
<opencv_storage>
<hand_left type_id="opencv-matrix">
  <rows>21</rows>
  <cols>3</cols>
  <dt>f</dt>
  <data>
    -8.29150304e-06 -7.67500205e-06 3.66226095e-06 5.91522634e-01
    -3.87561589e-01 7.07835078e-01 1.33871520e+00 -6.55552268e-01
    -2.48590857e-02 1.73394465e+00 -5.64101219e-01 -8.26436043e-01
    1.95751572e+00 -5.55099607e-01 -1.45173156e+00 5.90806365e-01
    -5.98964214e-01 -1.15025330e+00 1.03202462e+00 -4.27171826e-01
    -1.90962887e+00 1.48520374e+00 -2.10272610e-01 -2.03152061e+00
    1.81473672e+00 -4.87344265e-02 -2.08450770e+00 2.31437653e-01
    -8.21235031e-02 -1.29716122e+00 7.47806311e-01 1.82270765e-01
    -1.95345104e+00 1.14820731e+00 4.26499635e-01 -1.86871409e+00
    1.42844391e+00 5.55846691e-01 -1.73805964e+00 -4.64151800e-03
    3.92299026e-01 -1.18431187e+00 4.67891514e-01 7.03921556e-01
    -1.68483424e+00 8.38167191e-01 9.17253733e-01 -1.52475917e+00
    1.05361748e+00 1.00982594e+00 -1.31072545e+00 -1.83453381e-01
    9.54817057e-01 -9.08111334e-01 3.16384733e-01 1.32978666e+00
    -1.42429626e+00 5.78602672e-01 1.48971808e+00 -1.34396493e+00
    7.85981536e-01 1.60312963e+00 -1.26413929e+00</data></hand_left>
</opencv_storage>
