<?xml version="1.0"?>
<opencv_storage>
<hand_right type_id="opencv-matrix">
  <rows>21</rows>
  <cols>3</cols>
  <dt>f</dt>
  <data>
    -8.29514920e-06 -7.67543770e-06 3.64890184e-06 5.91132343e-01
    -3.88732433e-01 7.07458258e-01 1.33836484e+00 -6.56102657e-01
    -2.53559798e-02 1.73383474e+00 -5.63796818e-01 -8.26686919e-01
    1.95757890e+00 -5.54094195e-01 -1.45188487e+00 5.90781093e-01
    -5.97758055e-01 -1.15082276e+00 1.03228831e+00 -4.25214738e-01
    -1.90983891e+00 1.48567724e+00 -2.08340615e-01 -2.03137517e+00
    1.81536627e+00 -4.68338132e-02 -2.08405757e+00 2.31697932e-01
    -8.05878937e-02 -1.29715109e+00 7.48324871e-01 1.84370846e-01
    -1.95300710e+00 1.14889896e+00 4.28337514e-01 -1.86800861e+00
    1.42925489e+00 5.57441354e-01 -1.73723972e+00 -4.18860093e-03
    3.93785477e-01 -1.18376732e+00 4.68600184e-01 7.05810308e-01
    -1.68377995e+00 8.38983059e-01 9.18793499e-01 -1.52344000e+00
    1.05447340e+00 1.01103854e+00 -1.30932605e+00 -1.82811782e-01
    9.56002653e-01 -9.06914055e-01 3.17303956e-01 1.33141553e+00
    -1.42251718e+00 5.79617560e-01 1.49114931e+00 -1.34194732e+00
    7.87065327e-01 1.60436392e+00 -1.26194310e+00</data></hand_right>
</opencv_storage>
