<?xml version="1.0"?>
<opencv_storage>
<hand_left type_id="opencv-matrix">
  <rows>21</rows>
  <cols>3</cols>
  <dt>f</dt>
  <data>
    -8.29243982e-06 -7.67260099e-06 3.65535516e-06 5.91092110e-01
    -3.87953460e-01 7.07880259e-01 1.33848524e+00 -6.55836225e-01
    -2.45284140e-02 1.73409522e+00 -5.64245880e-01 -8.25853825e-01
    1.95792007e+00 -5.55071115e-01 -1.45096338e+00 5.91092646e-01
    -5.98631680e-01 -1.15017760e+00 1.03253186e+00 -4.26757991e-01
    -1.90940273e+00 1.48569858e+00 -2.10016817e-01 -2.03130078e+00
    1.81524825e+00 -4.85964119e-02 -2.08439207e+00 2.31907934e-01
    -8.16904977e-02 -1.29702830e+00 7.48469591e-01 1.82757974e-01
    -1.95307386e+00 1.14877069e+00 4.26807970e-01 -1.86839819e+00
    1.42893124e+00 5.56012988e-01 -1.73794723e+00 -4.11468372e-03
    3.92716497e-01 -1.18410671e+00 4.68569040e-01 7.04375744e-01
    -1.68438292e+00 8.38756144e-01 9.17554736e-01 -1.52434146e+00
    1.05411398e+00 1.01000786e+00 -1.31050503e+00 -1.82926506e-01
    9.55122411e-01 -9.07771945e-01 3.17078263e-01 1.33017862e+00
    -1.42363453e+00 5.79246104e-01 1.49001479e+00 -1.34323287e+00
    7.86602259e-01 1.60337090e+00 -1.26345837e+00</data></hand_left>
</opencv_storage>
