<?xml version="1.0"?>
<opencv_storage>
<hand_right type_id="opencv-matrix">
  <rows>21</rows>
  <cols>3</cols>
  <dt>f</dt>
  <data>
    -8.29038800e-06 -7.67526944e-06 3.66059885e-06 5.91545582e-01
    -3.87578070e-01 7.07764089e-01 1.33872795e+00 -6.55458808e-01
    -2.49397308e-02 1.73392320e+00 -5.63926816e-01 -8.26514244e-01
    1.95749497e+00 -5.54874063e-01 -1.45178068e+00 5.90821981e-01
    -5.98774672e-01 -1.15030217e+00 1.03198719e+00 -4.26894844e-01
    -1.90969992e+00 1.48517561e+00 -2.09946543e-01 -2.03175163e+00
    1.81477427e+00 -4.83457446e-02 -2.08489704e+00 2.31405243e-01
    -8.19716901e-02 -1.29714382e+00 7.47731745e-01 1.82520941e-01
    -1.95343184e+00 1.14814901e+00 4.26802754e-01 -1.86880398e+00
    1.42847395e+00 5.56221306e-01 -1.73826027e+00 -4.72092628e-03
    3.92403543e-01 -1.18424904e+00 4.67778206e-01 7.04119921e-01
    -1.68473041e+00 8.38068962e-01 9.17500436e-01 -1.52473164e+00
    1.05358410e+00 1.01012373e+00 -1.31076980e+00 -1.83591217e-01
    9.54849243e-01 -9.07996833e-01 3.16189289e-01 1.32994151e+00
    -1.42413259e+00 5.78405738e-01 1.48990309e+00 -1.34381902e+00
    7.85810173e-01 1.60334420e+00 -1.26401293e+00</data></hand_right>
</opencv_storage>
