<?xml version="1.0"?>
<opencv_storage>
<hand_left type_id="opencv-matrix">
  <rows>21</rows>
  <cols>3</cols>
  <dt>f</dt>
  <data>
    -8.29108831e-06 -7.67093843e-06 3.66266113e-06 5.91242433e-01
    -3.87201071e-01 7.08148599e-01 1.33855510e+00 -6.55628264e-01
    -2.41544992e-02 1.73397231e+00 -5.64666808e-01 -8.25655043e-01
    1.95769918e+00 -5.56007326e-01 -1.45081937e+00 5.91039538e-01
    -5.99568009e-01 -1.14970124e+00 1.03236246e+00 -4.28292871e-01
    -1.90913713e+00 1.48558915e+00 -2.11520761e-01 -2.03137279e+00
    1.81524038e+00 -5.00020385e-02 -2.08470631e+00 2.31749192e-01
    -8.28304291e-02 -1.29696155e+00 7.48229742e-01 1.81123093e-01
    -1.95331848e+00 1.14863014e+00 4.25385356e-01 -1.86891770e+00
    1.42895317e+00 5.54850459e-01 -1.73857784e+00 -4.34274971e-03
    3.91630918e-01 -1.18445218e+00 4.68308538e-01 7.02942967e-01
    -1.68499827e+00 8.38536978e-01 9.16351318e-01 -1.52515042e+00
    1.05399907e+00 1.00909352e+00 -1.31134725e+00 -1.83221444e-01
    9.54240084e-01 -9.08609927e-01 3.16734761e-01 1.32893515e+00
    -1.42480326e+00 5.78934669e-01 1.48889053e+00 -1.34453487e+00
    7.86328495e-01 1.60235059e+00 -1.26476359e+00</data></hand_left>
</opencv_storage>
