<?xml version="1.0"?>
<opencv_storage>
<hand_right type_id="opencv-matrix">
  <rows>21</rows>
  <cols>3</cols>
  <dt>f</dt>
  <data>
    -8.28443990e-06 -7.68131486e-06 3.66898348e-06 5.92412472e-01
    -3.87499303e-01 7.07173944e-01 1.33912814e+00 -6.54761553e-01
    -2.63165981e-02 1.73361945e+00 -5.62784910e-01 -8.28184843e-01
    1.95667267e+00 -5.53487778e-01 -1.45370173e+00 5.90172172e-01
    -5.98139286e-01 -1.15102613e+00 1.03058791e+00 -4.25764620e-01
    -1.91066468e+00 1.48333514e+00 -2.08619654e-01 -2.03267121e+00
    1.81248474e+00 -4.70065475e-02 -2.08578396e+00 2.30369896e-01
    -8.14374462e-02 -1.29742730e+00 7.46004343e-01 1.83563963e-01
    -1.95393729e+00 1.14614081e+00 4.27901238e-01 -1.86919165e+00
    1.42618775e+00 5.57208776e-01 -1.73855686e+00 -5.87422028e-03
    3.92807186e-01 -1.18414426e+00 4.65944886e-01 7.04893708e-01
    -1.68497252e+00 8.36204886e-01 9.18339610e-01 -1.52500689e+00
    1.05172551e+00 1.01085639e+00 -1.31100583e+00 -1.84741080e-01
    9.55134273e-01 -9.07551050e-01 3.14383507e-01 1.33052099e+00
    -1.42405629e+00 5.76501071e-01 1.49056005e+00 -1.34389853e+00
    7.83854902e-01 1.60407257e+00 -1.26432598e+00</data></hand_right>
</opencv_storage>
