<?xml version="1.0"?>
<opencv_storage>
<hand_left type_id="opencv-matrix">
  <rows>21</rows>
  <cols>3</cols>
  <dt>f</dt>
  <data>
    -8.29531382e-06 -7.67070287e-06 3.66489940e-06 5.91133833e-01
    -3.87196988e-01 7.08341300e-01 1.33851027e+00 -6.55938864e-01
    -2.38518268e-02 1.73406243e+00 -5.65174460e-01 -8.25295508e-01
    1.95790982e+00 -5.56738436e-01 -1.45049071e+00 5.91054678e-01
    -5.99995077e-01 -1.14955044e+00 1.03265178e+00 -4.28880095e-01
    -1.90880251e+00 1.48589396e+00 -2.12209970e-01 -2.03050590e+00
    1.81542206e+00 -5.08438647e-02 -2.08332729e+00 2.31903210e-01
    -8.31696093e-02 -1.29698920e+00 7.48634696e-01 1.80604011e-01
    -1.95319891e+00 1.14904773e+00 4.24759030e-01 -1.86833179e+00
    1.42919064e+00 5.54074407e-01 -1.73752105e+00 -4.06824052e-03
    3.91400695e-01 -1.18458366e+00 4.68750447e-01 7.02506304e-01
    -1.68513501e+00 8.39035034e-01 9.15828526e-01 -1.52496362e+00
    1.05437136e+00 1.00845408e+00 -1.31081355e+00 -1.82806984e-01
    9.54178452e-01 -9.08879817e-01 3.17334533e-01 1.32858884e+00
    -1.42513275e+00 5.79557300e-01 1.48849106e+00 -1.34479702e+00
    7.86907196e-01 1.60187531e+00 -1.26499021e+00</data></hand_left>
</opencv_storage>
