<?xml version="1.0"?>
<opencv_storage>
<hand_right type_id="opencv-matrix">
  <rows>21</rows>
  <cols>3</cols>
  <dt>f</dt>
  <data>
    -8.28922293e-06 -7.67675556e-06 3.66167251e-06 5.91751575e-01
    -3.87657285e-01 7.07554102e-01 1.33877039e+00 -6.55333281e-01
    -2.53958851e-02 1.73376131e+00 -5.63604236e-01 -8.27039063e-01
    1.95717716e+00 -5.54380536e-01 -1.45238078e+00 5.90545535e-01
    -5.98581731e-01 -1.15054119e+00 1.03152704e+00 -4.26538318e-01
    -1.90998662e+00 1.48470581e+00 -2.09520936e-01 -2.03203011e+00
    1.81427956e+00 -4.78725433e-02 -2.08512759e+00 2.31074184e-01
    -8.17663670e-02 -1.29720497e+00 7.47199297e-01 1.82842970e-01
    -1.95360923e+00 1.14767885e+00 4.27140355e-01 -1.86906135e+00
    1.42806888e+00 5.56565046e-01 -1.73855615e+00 -5.03602624e-03
    3.92586201e-01 -1.18417931e+00 4.67302173e-01 7.04385281e-01
    -1.68476546e+00 8.37660372e-01 9.17761564e-01 -1.52485740e+00
    1.05327940e+00 1.01038849e+00 -1.31095839e+00 -1.83848113e-01
    9.54987049e-01 -9.07796502e-01 3.15783560e-01 1.33016098e+00
    -1.42404246e+00 5.78054309e-01 1.49013376e+00 -1.34380567e+00
    7.85517573e-01 1.60358286e+00 -1.26402187e+00</data></hand_right>
</opencv_storage>
