<?xml version="1.0"?>
<opencv_storage>
<hand_right type_id="opencv-matrix">
  <rows>21</rows>
  <cols>3</cols>
  <dt>f</dt>
  <data>
    -8.29293822e-06 -7.67360598e-06 3.65295637e-06 5.91134727e-01
    -3.88213456e-01 7.07702339e-01 1.33842719e+00 -6.55914307e-01
    -2.48927921e-02 1.73393464e+00 -5.64068079e-01 -8.26251030e-01
    1.95768881e+00 -5.54694891e-01 -1.45140457e+00 5.90906322e-01
    -5.98356962e-01 -1.15041614e+00 1.03233051e+00 -4.26269591e-01
    -1.90960491e+00 1.48563194e+00 -2.09459633e-01 -2.03146148e+00
    1.81529188e+00 -4.79642749e-02 -2.08444810e+00 2.31753722e-01
    -8.13395455e-02 -1.29706740e+00 7.48286009e-01 1.83248445e-01
    -1.95313311e+00 1.14875793e+00 4.27295804e-01 -1.86847341e+00
    1.42907059e+00 5.56509674e-01 -1.73800409e+00 -4.21293080e-03
    3.93057942e-01 -1.18398964e+00 4.68488038e-01 7.04825699e-01
    -1.68421662e+00 8.38777661e-01 9.17948246e-01 -1.52415943e+00
    1.05423796e+00 1.01036859e+00 -1.31030142e+00 -1.82943285e-01
    9.55397606e-01 -9.07479942e-01 3.17079127e-01 1.33057523e+00
    -1.42330205e+00 5.79340518e-01 1.49038553e+00 -1.34287429e+00
    7.86761940e-01 1.60369492e+00 -1.26300347e+00</data></hand_right>
</opencv_storage>
