<?xml version="1.0"?>
<opencv_storage>
<hand_left type_id="opencv-matrix">
  <rows>21</rows>
  <cols>3</cols>
  <dt>f</dt>
  <data>
    -8.29747205e-06 -7.66970152e-06 3.64952757e-06 5.90590298e-01
    -3.88314903e-01 7.08089769e-01 1.33821762e+00 -6.56391740e-01
    -2.40036696e-02 1.73423219e+00 -5.64833105e-01 -8.25136304e-01
    1.95835710e+00 -5.55641770e-01 -1.45014417e+00 5.91387868e-01
    -5.98675430e-01 -1.14999521e+00 1.03327346e+00 -4.26849097e-01
    -1.90898192e+00 1.48664832e+00 -2.10243583e-01 -2.03067780e+00
    1.81635833e+00 -4.89043593e-02 -2.08361316e+00 2.32484773e-01
    -8.15678984e-02 -1.29692495e+00 7.49482393e-01 1.82783142e-01
    -1.95269406e+00 1.14991093e+00 4.26692277e-01 -1.86782980e+00
    1.43015504e+00 5.55818021e-01 -1.73723638e+00 -3.40176001e-03
    3.92913699e-01 -1.18403697e+00 4.69678819e-01 7.04474509e-01
    -1.68401873e+00 8.39914143e-01 9.17501926e-01 -1.52378464e+00
    1.05526543e+00 1.00987101e+00 -1.30981708e+00 -1.82121232e-01
    9.55335855e-01 -9.07697678e-01 3.18299681e-01 1.33029413e+00
    -1.42325187e+00 5.80522418e-01 1.49002552e+00 -1.34269798e+00
    7.87918150e-01 1.60329556e+00 -1.26277387e+00</data></hand_left>
</opencv_storage>
