<?xml version="1.0"?>
<opencv_storage>
<hand_left type_id="opencv-matrix">
  <rows>21</rows>
  <cols>3</cols>
  <dt>f</dt>
  <data>
    -8.27802614e-06 -7.68447262e-06 3.66930726e-06 5.92965782e-01
    -3.87791872e-01 7.06498325e-01 1.33922052e+00 -6.54387832e-01
    -2.76509523e-02 1.73317635e+00 -5.61871648e-01 -8.29713643e-01
    1.95575297e+00 -5.52156746e-01 -1.45528221e+00 5.89446902e-01
    -5.97339749e-01 -1.15175223e+00 1.02911615e+00 -4.24556017e-01
    -1.91173160e+00 1.48161697e+00 -2.07376748e-01 -2.03422308e+00
    1.81066000e+00 -4.57279086e-02 -2.08776760e+00 2.29434028e-01
    -8.06332529e-02 -1.29758620e+00 7.44325578e-01 1.84715062e-01
    -1.95446980e+00 1.14431381e+00 4.28984165e-01 -1.87030709e+00
    1.42431474e+00 5.58197975e-01 -1.74032521e+00 -6.82023168e-03
    3.93486232e-01 -1.18387163e+00 4.64396954e-01 7.05879569e-01
    -1.68496752e+00 8.34585726e-01 9.19253409e-01 -1.52547204e+00
    1.05014670e+00 1.01165843e+00 -1.31203890e+00 -1.85595110e-01
    9.55591261e-01 -9.06837046e-01 3.12938452e-01 1.33136177e+00
    -1.42354918e+00 5.75017095e-01 1.49138451e+00 -1.34358120e+00
    7.82348037e-01 1.60488033e+00 -1.26424718e+00</data></hand_left>
</opencv_storage>
