<?xml version="1.0"?>
<opencv_storage>
<hand_left type_id="opencv-matrix">
  <rows>21</rows>
  <cols>3</cols>
  <dt>f</dt>
  <data>
    -8.29156215e-06 -7.67096117e-06 3.65411324e-06 5.90951562e-01
    -3.87888789e-01 7.08000839e-01 1.33845007e+00 -6.55872941e-01
    -2.42418796e-02 1.73421240e+00 -5.64410806e-01 -8.25510025e-01
    1.95812440e+00 -5.55315018e-01 -1.45055115e+00 5.91230452e-01
    -5.98785222e-01 -1.15000486e+00 1.03274655e+00 -4.27065551e-01
    -1.90924716e+00 1.48591280e+00 -2.10386992e-01 -2.03125954e+00
    1.81547797e+00 -4.89925444e-02 -2.08443975e+00 2.32082158e-01
    -8.18613768e-02 -1.29697311e+00 7.48694062e-01 1.82444438e-01
    -1.95304418e+00 1.14896715e+00 4.26477313e-01 -1.86850703e+00
    1.42907238e+00 5.55673361e-01 -1.73821485e+00 -3.94956023e-03
    3.92560512e-01 -1.18414521e+00 4.68771338e-01 7.04123318e-01
    -1.68444991e+00 8.38914812e-01 9.17303681e-01 -1.52451277e+00
    1.05420673e+00 1.00977302e+00 -1.31083369e+00 -1.82798713e-01
    9.54994917e-01 -9.07904804e-01 3.17232609e-01 1.32998395e+00
    -1.42379487e+00 5.79388738e-01 1.48982573e+00 -1.34341657e+00
    7.86714077e-01 1.60317361e+00 -1.26368833e+00</data></hand_left>
</opencv_storage>
