<?xml version="1.0"?>
<opencv_storage>
<hand_right type_id="opencv-matrix">
  <rows>21</rows>
  <cols>3</cols>
  <dt>f</dt>
  <data>
    -8.29366036e-06 -7.66978610e-06 3.66012637e-06 5.90959072e-01
    -3.87141526e-01 7.08419561e-01 1.33850777e+00 -6.55771554e-01
    -2.35748887e-02 1.73420691e+00 -5.64997911e-01 -8.24982047e-01
    1.95815468e+00 -5.56485891e-01 -1.45006740e+00 5.91380775e-01
    -5.99824131e-01 -1.14939630e+00 1.03297639e+00 -4.28741515e-01
    -1.90874481e+00 1.48634768e+00 -2.12015778e-01 -2.03097725e+00
    1.81612897e+00 -5.04848063e-02 -2.08429480e+00 2.32187405e-01
    -8.30751434e-02 -1.29686630e+00 7.48885036e-01 1.80681899e-01
    -1.95316470e+00 1.14934826e+00 4.24952030e-01 -1.86884069e+00
    1.42975545e+00 5.54480791e-01 -1.73857856e+00 -3.90210003e-03
    3.91430229e-01 -1.18452525e+00 4.68949437e-01 7.02604413e-01
    -1.68497384e+00 8.39172959e-01 9.16039765e-01 -1.52514803e+00
    1.05464268e+00 1.00885296e+00 -1.31136000e+00 -1.82825834e-01
    9.54098105e-01 -9.08849001e-01 3.17344159e-01 1.32867861e+00
    -1.42496896e+00 5.79571009e-01 1.48865008e+00 -1.34465361e+00
    7.86998034e-01 1.60213518e+00 -1.26481032e+00</data></hand_right>
</opencv_storage>
