<?xml version="1.0"?>
<opencv_storage>
<hand_right type_id="opencv-matrix">
  <rows>21</rows>
  <cols>3</cols>
  <dt>f</dt>
  <data>
    -8.29778946e-06 -7.66863286e-06 3.64698280e-06 5.90427458e-01
    -3.88454020e-01 7.08132267e-01 1.33814192e+00 -6.56520545e-01
    -2.38666981e-02 1.73431325e+00 -5.64924359e-01 -8.24922681e-01
    1.95853651e+00 -5.55698037e-01 -1.44987929e+00 5.91496944e-01
    -5.98610640e-01 -1.14995992e+00 1.03350425e+00 -4.26768839e-01
    -1.90888107e+00 1.48691344e+00 -2.10207433e-01 -2.03055024e+00
    1.81663895e+00 -4.89021242e-02 -2.08345199e+00 2.32668802e-01
    -8.14575553e-02 -1.29689217e+00 7.49761581e-01 1.82880223e-01
    -1.95259702e+00 1.15019321e+00 4.26729769e-01 -1.86773610e+00
    1.43039346e+00 5.55793226e-01 -1.73719025e+00 -3.19013372e-03
    3.93032819e-01 -1.18398893e+00 4.69960630e-01 7.04580069e-01
    -1.68391550e+00 8.40187430e-01 9.17547941e-01 -1.52368414e+00
    1.05548680e+00 1.00986719e+00 -1.30978918e+00 -1.81901947e-01
    9.55439091e-01 -9.07619059e-01 3.18588912e-01 1.33040214e+00
    -1.42311513e+00 5.80816150e-01 1.49010658e+00 -1.34254062e+00
    7.88201332e-01 1.60333812e+00 -1.26262617e+00</data></hand_right>
</opencv_storage>
