<?xml version="1.0"?>
<opencv_storage>
<hand_left type_id="opencv-matrix">
  <rows>21</rows>
  <cols>3</cols>
  <dt>f</dt>
  <data>
    -8.29527926e-06 -7.66851554e-06 3.65004394e-06 5.90576947e-01
    -3.88161033e-01 7.08149672e-01 1.33823276e+00 -6.56295776e-01
    -2.38679200e-02 1.73428738e+00 -5.64856172e-01 -8.24997067e-01
    1.95841098e+00 -5.55747151e-01 -1.44996667e+00 5.91443062e-01
    -5.98808885e-01 -1.14987206e+00 1.03328800e+00 -4.27116036e-01
    -1.90893245e+00 1.48661530e+00 -2.10531622e-01 -2.03080130e+00
    1.81630170e+00 -4.91971970e-02 -2.08387828e+00 2.32504874e-01
    -8.17636102e-02 -1.29689252e+00 7.49444485e-01 1.82475835e-01
    -1.95274961e+00 1.14981484e+00 4.26404536e-01 -1.86806345e+00
    1.42998493e+00 5.55539668e-01 -1.73765945e+00 -3.42493877e-03
    3.92710835e-01 -1.18408966e+00 4.69592720e-01 7.04203844e-01
    -1.68416584e+00 8.39771748e-01 9.17266726e-01 -1.52407980e+00
    1.05506074e+00 1.00967312e+00 -1.31030679e+00 -1.82206273e-01
    9.55151618e-01 -9.07840669e-01 3.18134427e-01 1.33007121e+00
    -1.42348945e+00 5.80327511e-01 1.48982990e+00 -1.34300196e+00
    7.87683487e-01 1.60311282e+00 -1.26316583e+00</data></hand_left>
</opencv_storage>
