<?xml version="1.0"?>
<opencv_storage>
<hand_left type_id="opencv-matrix">
  <rows>21</rows>
  <cols>3</cols>
  <dt>f</dt>
  <data>
    -8.29398505e-06 -7.67020356e-06 3.65000960e-06 5.90706766e-01
    -3.88270915e-01 7.07982898e-01 1.33829403e+00 -6.56153262e-01
    -2.41864026e-02 1.73425150e+00 -5.64498663e-01 -8.25326860e-01
    1.95829725e+00 -5.55218577e-01 -1.45031631e+00 5.91348588e-01
    -5.98487139e-01 -1.15008342e+00 1.03304529e+00 -4.26592886e-01
    -1.90917015e+00 1.48626840e+00 -2.09976554e-01 -2.03102160e+00
    1.81586361e+00 -4.86456752e-02 -2.08411121e+00 2.32346863e-01
    -8.14368874e-02 -1.29693973e+00 7.49137163e-01 1.82991028e-01
    -1.95280266e+00 1.14942348e+00 4.26898271e-01 -1.86812329e+00
    1.42953086e+00 5.55985570e-01 -1.73776066e+00 -3.60681489e-03
    3.92991036e-01 -1.18399167e+00 4.69267905e-01 7.04627097e-01
    -1.68408525e+00 8.39414954e-01 9.17670488e-01 -1.52402639e+00
    1.05469644e+00 1.01002574e+00 -1.31030297e+00 -1.82395369e-01
    9.55354452e-01 -9.07585323e-01 3.17813575e-01 1.33041716e+00
    -1.42322755e+00 5.79976439e-01 1.49017286e+00 -1.34275556e+00
    7.87320733e-01 1.60346460e+00 -1.26297116e+00</data></hand_left>
</opencv_storage>
