<?xml version="1.0"?>
<opencv_storage>
<hand_right type_id="opencv-matrix">
  <rows>21</rows>
  <cols>3</cols>
  <dt>f</dt>
  <data>
    -8.29729925e-06 -7.66948506e-06 3.65351707e-06 5.90697289e-01
    -3.87958825e-01 7.08220363e-01 1.33828568e+00 -6.56302035e-01
    -2.38469541e-02 1.73420286e+00 -5.65037131e-01 -8.25070024e-01
    1.95827413e+00 -5.56093693e-01 -1.45012391e+00 5.91321886e-01
    -5.99171460e-01 -1.14979577e+00 1.03318167e+00 -4.27625030e-01
    -1.90886188e+00 1.48658395e+00 -2.11003959e-01 -2.03058529e+00
    1.81631029e+00 -4.96330261e-02 -2.08349895e+00 2.32371926e-01
    -8.21446702e-02 -1.29692709e+00 7.49346137e-01 1.81969643e-01
    -1.95283747e+00 1.14983249e+00 4.25971985e-01 -1.86801040e+00
    1.43011248e+00 5.55192828e-01 -1.73736393e+00 -3.53125483e-03
    3.92380774e-01 -1.18422806e+00 4.69540179e-01 7.03763008e-01
    -1.68436539e+00 8.39813113e-01 9.16889250e-01 -1.52415597e+00
    1.05518270e+00 1.00936365e+00 -1.31012642e+00 -1.82253584e-01
    9.54931080e-01 -9.08129513e-01 3.18149447e-01 1.32969093e+00
    -1.42388451e+00 5.80399871e-01 1.48947597e+00 -1.34338081e+00
    7.87799954e-01 1.60277355e+00 -1.26344752e+00</data></hand_right>
</opencv_storage>
