<?xml version="1.0"?>
<opencv_storage>
<hand_right type_id="opencv-matrix">
  <rows>21</rows>
  <cols>3</cols>
  <dt>f</dt>
  <data>
    -8.28999055e-06 -7.67559050e-06 3.66013637e-06 5.91573834e-01
    -3.87634158e-01 7.07706094e-01 1.33873379e+00 -6.55435622e-01
    -2.50470936e-02 1.73390639e+00 -5.63824058e-01 -8.26620102e-01
    1.95745611e+00 -5.54702163e-01 -1.45189214e+00 5.90769172e-01
    -5.98682642e-01 -1.15037227e+00 1.03191137e+00 -4.26736832e-01
    -1.90976465e+00 1.48509395e+00 -2.09775865e-01 -2.03179765e+00
    1.81468332e+00 -4.81680334e-02 -2.08491564e+00 2.31347054e-01
    -8.18695650e-02 -1.29715693e+00 7.47641563e-01 1.82674110e-01
    -1.95344722e+00 1.14806914e+00 4.26949561e-01 -1.86882305e+00
    1.42839134e+00 5.56353569e-01 -1.73828197e+00 -4.77403030e-03
    3.92496496e-01 -1.18421197e+00 4.67695892e-01 7.04248190e-01
    -1.68470156e+00 8.37999105e-01 9.17615771e-01 -1.52471316e+00
    1.05352318e+00 1.01022196e+00 -1.31077123e+00 -1.83631569e-01
    9.54920232e-01 -9.07909572e-01 3.16117287e-01 1.33005202e+00
    -1.42405188e+00 5.78344762e-01 1.49001074e+00 -1.34374750e+00
    7.85753906e-01 1.60344124e+00 -1.26395130e+00</data></hand_right>
</opencv_storage>
