<?xml version="1.0"?>
<opencv_storage>
<hand_left type_id="opencv-matrix">
  <rows>21</rows>
  <cols>3</cols>
  <dt>f</dt>
  <data>
    -8.29606324e-06 -7.66810354e-06 3.65362030e-06 5.90557575e-01
    -3.87704849e-01 7.08432317e-01 1.33829987e+00 -6.56214058e-01
    -2.33727843e-02 1.73439360e+00 -5.65203130e-01 -8.24525714e-01
    1.95857835e+00 -5.56440294e-01 -1.44949293e+00 5.91566741e-01
    -5.99468946e-01 -1.14947426e+00 1.03347921e+00 -4.28189486e-01
    -1.90858698e+00 1.48683667e+00 -2.11633891e-01 -2.03048706e+00
    1.81654692e+00 -5.02847433e-02 -2.08357000e+00 2.32613131e-01
    -8.25229734e-02 -1.29683101e+00 7.49599338e-01 1.81364328e-01
    -1.95280731e+00 1.14999509e+00 4.25386667e-01 -1.86821115e+00
    1.43020833e+00 5.54649889e-01 -1.73781145e+00 -3.34763527e-03
    3.92011166e-01 -1.18432724e+00 4.69718397e-01 7.03241825e-01
    -1.68453777e+00 8.39901388e-01 9.16434050e-01 -1.52451348e+00
    1.05520678e+00 1.00899899e+00 -1.31070089e+00 -1.82172194e-01
    9.54615295e-01 -9.08430398e-01 3.18224132e-01 1.32925379e+00
    -1.42425442e+00 5.80432057e-01 1.48908222e+00 -1.34381378e+00
    7.87801206e-01 1.60243368e+00 -1.26396644e+00</data></hand_left>
</opencv_storage>
