<?xml version="1.0"?>
<opencv_storage>
<hand_left type_id="opencv-matrix">
  <rows>21</rows>
  <cols>3</cols>
  <dt>f</dt>
  <data>
    -8.29622877e-06 -7.67097208e-06 3.65163078e-06 5.90776801e-01
    -3.88146669e-01 7.08042264e-01 1.33831763e+00 -6.56210542e-01
    -2.41609514e-02 1.73416996e+00 -5.64676404e-01 -8.25387120e-01
    1.95817971e+00 -5.55514157e-01 -1.45044589e+00 5.91253519e-01
    -5.98773539e-01 -1.15003204e+00 1.03302038e+00 -4.26978052e-01
    -1.90910697e+00 1.48640227e+00 -2.10301489e-01 -2.03085089e+00
    1.81612551e+00 -4.88930941e-02 -2.08378053e+00 2.32258171e-01
    -8.17232206e-02 -1.29696703e+00 7.49130011e-01 1.82610989e-01
    -1.95287347e+00 1.14960313e+00 4.26606655e-01 -1.86808717e+00
    1.42989373e+00 5.55809617e-01 -1.73750353e+00 -3.66579741e-03
    3.92751008e-01 -1.18410385e+00 4.69326973e-01 7.04313040e-01
    -1.68420160e+00 8.39584172e-01 9.17412758e-01 -1.52401602e+00
    1.05496085e+00 1.00984001e+00 -1.31004143e+00 -1.82402626e-01
    9.55199718e-01 -9.07812357e-01 3.17914873e-01 1.33016169e+00
    -1.42350185e+00 5.80159783e-01 1.48993719e+00 -1.34298086e+00
    7.87556291e-01 1.60322571e+00 -1.26304686e+00</data></hand_left>
</opencv_storage>
