<?xml version="1.0"?>
<opencv_storage>
<hand_left type_id="opencv-matrix">
  <rows>21</rows>
  <cols>3</cols>
  <dt>f</dt>
  <data>
    -8.29747114e-06 -7.67037636e-06 3.65635378e-06 5.90841055e-01
    -3.87968481e-01 7.08121061e-01 1.33830619e+00 -6.56288624e-01
    -2.40889937e-02 1.73407638e+00 -5.64985514e-01 -8.25356364e-01
    1.95805335e+00 -5.56039929e-01 -1.45047188e+00 5.91153145e-01
    -5.99126041e-01 -1.14991903e+00 1.03291249e+00 -4.27501827e-01
    -1.90897870e+00 1.48623157e+00 -2.10869730e-01 -2.03056335e+00
    1.81583714e+00 -4.95426357e-02 -2.08335733e+00 2.32172891e-01
    -8.20922107e-02 -1.29698169e+00 7.49070704e-01 1.82095751e-01
    -1.95288825e+00 1.14950848e+00 4.26072955e-01 -1.86790264e+00
    1.42971134e+00 5.55234611e-01 -1.73709655e+00 -3.71013209e-03
    3.92430067e-01 -1.18422115e+00 4.69275981e-01 7.03845382e-01
    -1.68440557e+00 8.39558661e-01 9.16946292e-01 -1.52410555e+00
    1.05490994e+00 1.00936866e+00 -1.30995631e+00 -1.82382599e-01
    9.54984367e-01 -9.08066332e-01 3.17940950e-01 1.32973862e+00
    -1.42387176e+00 5.80175877e-01 1.48950934e+00 -1.34338105e+00
    7.87561119e-01 1.60280144e+00 -1.26347411e+00</data></hand_left>
</opencv_storage>
