<?xml version="1.0"?>
<opencv_storage>
<hand_left type_id="opencv-matrix">
  <rows>21</rows>
  <cols>3</cols>
  <dt>f</dt>
  <data>
    -8.29085275e-06 -7.66990524e-06 3.69527561e-06 5.92175484e-01
    -3.84932458e-01 7.08818793e-01 1.33904850e+00 -6.55073881e-01
    -2.35020369e-02 1.73363936e+00 -5.66007733e-01 -8.25615823e-01
    1.95692408e+00 -5.59115529e-01 -1.45115566e+00 5.90497673e-01
    -6.02463424e-01 -1.14863515e+00 1.03140354e+00 -4.32776749e-01
    -1.90853310e+00 1.48441815e+00 -2.15951264e-01 -2.03077674e+00
    1.81374550e+00 -5.44470549e-02 -2.08397532e+00 2.30806202e-01
    -8.62650797e-02 -1.29706156e+00 7.47005582e-01 1.76427588e-01
    -1.95412695e+00 1.14739072e+00 4.21170294e-01 -1.86949897e+00
    1.42760324e+00 5.51058054e-01 -1.73851383e+00 -5.41077182e-03
    3.88422728e-01 -1.18561578e+00 4.66914415e-01 6.98721766e-01
    -1.68716896e+00 8.37315083e-01 9.12750065e-01 -1.52727759e+00
    1.05285883e+00 1.00606120e+00 -1.31282592e+00 -1.84293032e-01
    9.51805234e-01 -9.11169052e-01 3.15305889e-01 1.32525349e+00
    -1.42864585e+00 5.77499866e-01 1.48555005e+00 -1.34878361e+00
    7.84874916e-01 1.59929049e+00 -1.26922631e+00</data></hand_left>
</opencv_storage>
