<?xml version="1.0"?>
<opencv_storage>
<hand_right type_id="opencv-matrix">
  <rows>21</rows>
  <cols>3</cols>
  <dt>f</dt>
  <data>
    -8.29437613e-06 -7.67027996e-06 3.65438495e-06 5.90867877e-01
    -3.87903392e-01 7.08080530e-01 1.33838809e+00 -6.56042933e-01
    -2.41063833e-02 1.73418236e+00 -5.64662218e-01 -8.25361848e-01
    1.95816183e+00 -5.55639386e-01 -1.45043564e+00 5.91267347e-01
    -5.98913014e-01 -1.14992511e+00 1.03292572e+00 -4.27215755e-01
    -1.90905678e+00 1.48620868e+00 -2.10519880e-01 -2.03094935e+00
    1.81585050e+00 -4.91067767e-02 -2.08402944e+00 2.32189640e-01
    -8.19599256e-02 -1.29694843e+00 7.48972774e-01 1.82311952e-01
    -1.95291626e+00 1.14937389e+00 4.26367402e-01 -1.86819792e+00
    1.42961860e+00 5.55618882e-01 -1.73768079e+00 -3.79657000e-03
    3.92493427e-01 -1.18416846e+00 4.69069451e-01 7.04006672e-01
    -1.68438148e+00 8.39324653e-01 9.17201042e-01 -1.52430892e+00
    1.05475450e+00 1.00972521e+00 -1.31042647e+00 -1.82601422e-01
    9.54961479e-01 -9.07979548e-01 3.17581832e-01 1.32986474e+00
    -1.42380667e+00 5.79796672e-01 1.48970699e+00 -1.34340906e+00
    7.87207246e-01 1.60307050e+00 -1.26359916e+00</data></hand_right>
</opencv_storage>
