<?xml version="1.0"?>
<opencv_storage>
<hand_left type_id="opencv-matrix">
  <rows>21</rows>
  <cols>3</cols>
  <dt>f</dt>
  <data>
    -8.29162855e-06 -7.67177244e-06 3.65661163e-06 5.91129303e-01
    -3.87724221e-01 7.07938910e-01 1.33846116e+00 -6.55779839e-01
    -2.44663954e-02 1.73395681e+00 -5.64373374e-01 -8.25888693e-01
    1.95771766e+00 -5.55340290e-01 -1.45101929e+00 5.91043890e-01
    -5.98910928e-01 -1.15003276e+00 1.03242075e+00 -4.27237302e-01
    -1.90937173e+00 1.48570681e+00 -2.10447788e-01 -2.03154683e+00
    1.81542230e+00 -4.89178896e-02 -2.08483124e+00 2.31825769e-01
    -8.20408985e-02 -1.29698896e+00 7.48343825e-01 1.82230875e-01
    -1.95320892e+00 1.14878070e+00 4.26396877e-01 -1.86877370e+00
    1.42914081e+00 5.55767179e-01 -1.73847699e+00 -4.22268361e-03
    3.92375290e-01 -1.18420148e+00 4.68483925e-01 7.03936577e-01
    -1.68454742e+00 8.38714480e-01 9.17207241e-01 -1.52464271e+00
    1.05417442e+00 1.00980544e+00 -1.31087780e+00 -1.83063671e-01
    9.54821944e-01 -9.08018827e-01 3.16946924e-01 1.32979977e+00
    -1.42397034e+00 5.79167783e-01 1.48968112e+00 -1.34360349e+00
    7.86572695e-01 1.60307336e+00 -1.26376247e+00</data></hand_left>
</opencv_storage>
