<?xml version="1.0"?>
<opencv_storage>
<hand_left type_id="opencv-matrix">
  <rows>21</rows>
  <cols>3</cols>
  <dt>f</dt>
  <data>
    -8.29255623e-06 -7.67249730e-06 3.65981396e-06 5.91209054e-01
    -3.87494057e-01 7.08057582e-01 1.33857703e+00 -6.55704975e-01
    -2.42958516e-02 1.73407567e+00 -5.64468741e-01 -8.25719118e-01
    1.95786953e+00 -5.55622578e-01 -1.45088887e+00 5.91073871e-01
    -5.99204659e-01 -1.14990520e+00 1.03251386e+00 -4.27632213e-01
    -1.90918040e+00 1.48573804e+00 -2.10831285e-01 -2.03113246e+00
    1.81533527e+00 -4.93364632e-02 -2.08421421e+00 2.31820062e-01
    -8.23821798e-02 -1.29701138e+00 7.48396635e-01 1.81812763e-01
    -1.95318580e+00 1.14880037e+00 4.26015913e-01 -1.86851072e+00
    1.42905807e+00 5.55386961e-01 -1.73794281e+00 -4.24351543e-03
    3.92063856e-01 -1.18433094e+00 4.68445718e-01 7.03528166e-01
    -1.68475819e+00 8.38718653e-01 9.16867316e-01 -1.52473414e+00
    1.05417812e+00 1.00950515e+00 -1.31078780e+00 -1.83090776e-01
    9.54610467e-01 -9.08296645e-01 3.16901207e-01 1.32944012e+00
    -1.42437959e+00 5.79117000e-01 1.48936939e+00 -1.34406114e+00
    7.86516368e-01 1.60279465e+00 -1.26427317e+00</data></hand_left>
</opencv_storage>
