<?xml version="1.0"?>
<opencv_storage>
<hand_right type_id="opencv-matrix">
  <rows>21</rows>
  <cols>3</cols>
  <dt>f</dt>
  <data>
    -8.29583223e-06 -7.67050096e-06 3.65476467e-06 5.90891302e-01
    -3.87927085e-01 7.08094001e-01 1.33838475e+00 -6.56141162e-01
    -2.41480470e-02 1.73413706e+00 -5.64768136e-01 -8.25452566e-01
    1.95810032e+00 -5.55783749e-01 -1.45057929e+00 5.91216028e-01
    -5.98993421e-01 -1.14995992e+00 1.03295469e+00 -4.27283704e-01
    -1.90904522e+00 1.48633599e+00 -2.10551739e-01 -2.03079200e+00
    1.81603396e+00 -4.91137207e-02 -2.08369827e+00 2.32160896e-01
    -8.20070207e-02 -1.29698706e+00 7.49037147e-01 1.82266846e-01
    -1.95292497e+00 1.14953780e+00 4.26341116e-01 -1.86802578e+00
    1.42983735e+00 5.55601835e-01 -1.73729110e+00 -3.79177928e-03
    3.92475635e-01 -1.18420780e+00 4.69176024e-01 7.03982651e-01
    -1.68437588e+00 8.39486957e-01 9.17162478e-01 -1.52413225e+00
    1.05491817e+00 1.00966048e+00 -1.31004059e+00 -1.82548091e-01
    9.54983115e-01 -9.08030331e-01 3.17732990e-01 1.32985544e+00
    -1.42383754e+00 5.79982638e-01 1.48968410e+00 -1.34336340e+00
    7.87395656e-01 1.60300469e+00 -1.26343894e+00</data></hand_right>
</opencv_storage>
