<?xml version="1.0"?>
<opencv_storage>
<hand_left type_id="opencv-matrix">
  <rows>21</rows>
  <cols>3</cols>
  <dt>f</dt>
  <data>
    -8.29748205e-06 -7.67094571e-06 3.66578956e-06 5.91153622e-01
    -3.87291104e-01 7.08300173e-01 1.33845973e+00 -6.56076491e-01
    -2.39764899e-02 1.73393321e+00 -5.65282822e-01 -8.25450182e-01
    1.95776081e+00 -5.56850314e-01 -1.45068705e+00 5.90973258e-01
    -5.99954486e-01 -1.14962995e+00 1.03257668e+00 -4.28772926e-01
    -1.90883827e+00 1.48585081e+00 -2.12094367e-01 -2.03044605e+00
    1.81539202e+00 -5.07384539e-02 -2.08320951e+00 2.31857434e-01
    -8.30836222e-02 -1.29701614e+00 7.48652697e-01 1.80749208e-01
    -1.95314670e+00 1.14911509e+00 4.24887359e-01 -1.86809027e+00
    1.42931867e+00 5.54194629e-01 -1.73708940e+00 -4.06650826e-03
    3.91498744e-01 -1.18456268e+00 4.68808532e-01 7.02630520e-01
    -1.68504143e+00 8.39162469e-01 9.15923357e-01 -1.52472568e+00
    1.05457509e+00 1.00853229e+00 -1.31038189e+00 -1.82739228e-01
    9.54275787e-01 -9.08807933e-01 3.17474961e-01 1.32867229e+00
    -1.42499256e+00 5.79724669e-01 1.48854506e+00 -1.34462166e+00
    7.87122488e-01 1.60192299e+00 -1.26475263e+00</data></hand_left>
</opencv_storage>
