<?xml version="1.0"?>
<opencv_storage>
<hand_right type_id="opencv-matrix">
  <rows>21</rows>
  <cols>3</cols>
  <dt>f</dt>
  <data>
    -8.28913289e-06 -7.67630445e-06 3.66426366e-06 5.91768444e-01
    -3.87431562e-01 7.07690835e-01 1.33883619e+00 -6.55290008e-01
    -2.51669139e-02 1.73385274e+00 -5.63775599e-01 -8.26825202e-01
    1.95730710e+00 -5.54781318e-01 -1.45215964e+00 5.90672314e-01
    -5.98810554e-01 -1.15038133e+00 1.03168011e+00 -4.26910937e-01
    -1.90983009e+00 1.48475051e+00 -2.09919780e-01 -2.03183675e+00
    1.81421530e+00 -4.83303368e-02 -2.08493614e+00 2.31156126e-01
    -8.20604488e-02 -1.29720557e+00 7.47350872e-01 1.82473674e-01
    -1.95354843e+00 1.14769781e+00 4.26787972e-01 -1.86881852e+00
    1.42792571e+00 5.56191444e-01 -1.73816776e+00 -5.00040129e-03
    3.92300516e-01 -1.18429589e+00 4.67345417e-01 7.04034269e-01
    -1.68489802e+00 8.37645471e-01 9.17459607e-01 -1.52487111e+00
    1.05315948e+00 1.01008749e+00 -1.31083882e+00 -1.83871925e-01
    9.54768956e-01 -9.08053160e-01 3.15755129e-01 1.32984281e+00
    -1.42433727e+00 5.77946484e-01 1.48983836e+00 -1.34408367e+00
    7.85335362e-01 1.60330415e+00 -1.26435113e+00</data></hand_right>
</opencv_storage>
