<?xml version="1.0"?>
<opencv_storage>
<hand_left type_id="opencv-matrix">
  <rows>21</rows>
  <cols>3</cols>
  <dt>f</dt>
  <data>
    -8.29563214e-06 -7.66951871e-06 3.65660435e-06 5.90810299e-01
    -3.87644231e-01 7.08299398e-01 1.33840513e+00 -6.56074584e-01
    -2.37381011e-02 1.73426795e+00 -5.64978719e-01 -8.25000644e-01
    1.95831394e+00 -5.56197524e-01 -1.45007837e+00 5.91368377e-01
    -5.99388719e-01 -1.14965439e+00 1.03314781e+00 -4.27970976e-01
    -1.90878010e+00 1.48646152e+00 -2.11313903e-01 -2.03059173e+00
    1.81610739e+00 -4.99234796e-02 -2.08358741e+00 2.32316196e-01
    -8.24732035e-02 -1.29691768e+00 7.49220133e-01 1.81559354e-01
    -1.95289612e+00 1.14963663e+00 4.25644994e-01 -1.86809301e+00
    1.42985535e+00 5.54926991e-01 -1.73745203e+00 -3.66514176e-03
    3.92038703e-01 -1.18433714e+00 4.69302714e-01 7.03359962e-01
    -1.68459606e+00 8.39556515e-01 9.16596532e-01 -1.52444923e+00
    1.05493689e+00 1.00916862e+00 -1.31045330e+00 -1.82472765e-01
    9.54637825e-01 -9.08385575e-01 3.17818701e-01 1.32932222e+00
    -1.42428398e+00 5.80035090e-01 1.48917866e+00 -1.34386599e+00
    7.87422538e-01 1.60254335e+00 -1.26401627e+00</data></hand_left>
</opencv_storage>
