<?xml version="1.0"?>
<opencv_storage>
<hand_left type_id="opencv-matrix">
  <rows>21</rows>
  <cols>3</cols>
  <dt>f</dt>
  <data>
    -8.29366036e-06 -7.67193251e-06 3.65780352e-06 5.91135979e-01
    -3.87777448e-01 7.07961559e-01 1.33846188e+00 -6.55900836e-01
    -2.44695097e-02 1.73397243e+00 -5.64498425e-01 -8.25872600e-01
    1.95775557e+00 -5.55490017e-01 -1.45104885e+00 5.90984225e-01
    -5.99003911e-01 -1.15005612e+00 1.03246617e+00 -4.27300394e-01
    -1.90927935e+00 1.48575866e+00 -2.10522622e-01 -2.03114843e+00
    1.81540132e+00 -4.90492582e-02 -2.08415365e+00 2.31818527e-01
    -8.20818469e-02 -1.29702544e+00 7.48443484e-01 1.82195976e-01
    -1.95313835e+00 1.14891326e+00 4.26319748e-01 -1.86840391e+00
    1.42921019e+00 5.55618405e-01 -1.73779750e+00 -4.16747481e-03
    3.92374456e-01 -1.18422592e+00 4.68592852e-01 7.03892350e-01
    -1.68456316e+00 8.38897109e-01 9.17122841e-01 -1.52446926e+00
    1.05436730e+00 1.00966918e+00 -1.31049502e+00 -1.82923406e-01
    9.54875290e-01 -9.08048451e-01 3.17151397e-01 1.32976091e+00
    -1.42402089e+00 5.79401970e-01 1.48962164e+00 -1.34364533e+00
    7.86818206e-01 1.60297966e+00 -1.26379585e+00</data></hand_left>
</opencv_storage>
