<?xml version="1.0"?>
<opencv_storage>
<hand_left type_id="opencv-matrix">
  <rows>21</rows>
  <cols>3</cols>
  <dt>f</dt>
  <data>
    -8.29227520e-06 -7.67333677e-06 3.67921484e-06 5.91876507e-01
    -3.86365294e-01 7.08249986e-01 1.33884180e+00 -6.55370116e-01
    -2.43474990e-02 1.73369193e+00 -5.64998865e-01 -8.26176167e-01
    1.95711112e+00 -5.57006299e-01 -1.45161676e+00 5.90562761e-01
    -6.00591302e-01 -1.14954495e+00 1.03163624e+00 -4.29727048e-01
    -1.90908718e+00 1.48469520e+00 -2.12861627e-01 -2.03093648e+00
    1.81404662e+00 -5.13842404e-02 -2.08384132e+00 2.31059626e-01
    -8.40328783e-02 -1.29713178e+00 7.47378349e-01 1.79615006e-01
    -1.95369673e+00 1.14776158e+00 4.24051762e-01 -1.86876845e+00
    1.42792702e+00 5.53588331e-01 -1.73772538e+00 -5.04522771e-03
    3.90519887e-01 -1.18490183e+00 4.67389286e-01 7.01527774e-01
    -1.68588412e+00 8.37762117e-01 9.15145874e-01 -1.52572882e+00
    1.05324471e+00 1.00800455e+00 -1.31131732e+00 -1.83830038e-01
    9.53451753e-01 -9.09497082e-01 3.15904558e-01 1.32766771e+00
    -1.42627156e+00 5.78111470e-01 1.48774290e+00 -1.34613776e+00
    7.85483420e-01 1.60128057e+00 -1.26642942e+00</data></hand_left>
</opencv_storage>
