<?xml version="1.0"?>
<opencv_storage>
<hand_left type_id="opencv-matrix">
  <rows>21</rows>
  <cols>3</cols>
  <dt>f</dt>
  <data>
    -8.29846158e-06 -7.67165238e-06 3.66624067e-06 5.91210246e-01
    -3.87347937e-01 7.08250761e-01 1.33846223e+00 -6.56120539e-01
    -2.41152644e-02 1.73386371e+00 -5.65272331e-01 -8.25626731e-01
    1.95765877e+00 -5.56828976e-01 -1.45090389e+00 5.90893149e-01
    -5.99909544e-01 -1.14971960e+00 1.03249621e+00 -4.28657651e-01
    -1.90889883e+00 1.48579884e+00 -2.11950690e-01 -2.03041172e+00
    1.81534743e+00 -5.05860746e-02 -2.08307624e+00 2.31778786e-01
    -8.30124244e-02 -1.29705298e+00 7.48589098e-01 1.80877462e-01
    -1.95315814e+00 1.14909530e+00 4.25017357e-01 -1.86797822e+00
    1.42932820e+00 5.54317594e-01 -1.73684192e+00 -4.12171707e-03
    3.91575396e-01 -1.18455303e+00 4.68769789e-01 7.02740014e-01
    -1.68500865e+00 8.39167178e-01 9.16018963e-01 -1.52459455e+00
    1.05460465e+00 1.00860214e+00 -1.31012309e+00 -1.82753384e-01
    9.54353631e-01 -9.08755720e-01 3.17480326e-01 1.32876301e+00
    -1.42492986e+00 5.79749286e-01 1.48862588e+00 -1.34452820e+00
    7.87160635e-01 1.60198677e+00 -1.26461244e+00</data></hand_left>
</opencv_storage>
