<?xml version="1.0"?>
<opencv_storage>
<hand_right type_id="opencv-matrix">
  <rows>21</rows>
  <cols>3</cols>
  <dt>f</dt>
  <data>
    -8.29268174e-06 -7.67450001e-06 3.66346421e-06 5.91498733e-01
    -3.87545288e-01 7.07873702e-01 1.33867872e+00 -6.55650496e-01
    -2.47925818e-02 1.73391080e+00 -5.64282894e-01 -8.26352596e-01
    1.95752275e+00 -5.55381000e-01 -1.45165241e+00 5.90799093e-01
    -5.99062324e-01 -1.15020013e+00 1.03206182e+00 -4.27313149e-01
    -1.90951931e+00 1.48520494e+00 -2.10448176e-01 -2.03130174e+00
    1.81468368e+00 -4.89657521e-02 -2.08421826e+00 2.31464267e-01
    -8.22145194e-02 -1.29715502e+00 7.47911692e-01 1.82151273e-01
    -1.95336092e+00 1.14829218e+00 4.26353306e-01 -1.86844277e+00
    1.42848516e+00 5.55664420e-01 -1.73762560e+00 -4.58475575e-03
    3.92226160e-01 -1.18433142e+00 4.67981040e-01 7.03799367e-01
    -1.68483520e+00 8.38295698e-01 9.17121768e-01 -1.52465427e+00
    1.05375540e+00 1.00968015e+00 -1.31048751e+00 -1.83361009e-01
    9.54776347e-01 -9.08169568e-01 3.16515774e-01 1.32965839e+00
    -1.42435408e+00 5.78727543e-01 1.48958087e+00 -1.34402263e+00
    7.86117077e-01 1.60298955e+00 -1.26422024e+00</data></hand_right>
</opencv_storage>
