<?xml version="1.0"?>
<opencv_storage>
<hand_right type_id="opencv-matrix">
  <rows>21</rows>
  <cols>3</cols>
  <dt>f</dt>
  <data>
    -8.29363034e-06 -7.67431266e-06 3.65864639e-06 5.91328323e-01
    -3.87866259e-01 7.07795143e-01 1.33854437e+00 -6.55817509e-01
    -2.48375535e-02 1.73388720e+00 -5.64232469e-01 -8.26307833e-01
    1.95756185e+00 -5.55109501e-01 -1.45154786e+00 5.90812624e-01
    -5.98777890e-01 -1.15030289e+00 1.03219867e+00 -4.26875591e-01
    -1.90952837e+00 1.48545814e+00 -2.10030138e-01 -2.03124022e+00
    1.81504703e+00 -4.85373437e-02 -2.08409190e+00 2.31581405e-01
    -8.18380043e-02 -1.29711831e+00 7.48123527e-01 1.82636589e-01
    -1.95321679e+00 1.14858699e+00 4.26771939e-01 -1.86832333e+00
    1.42886806e+00 5.56044340e-01 -1.73753858e+00 -4.40927595e-03
    3.92595202e-01 -1.18417943e+00 4.68286395e-01 7.04258084e-01
    -1.68450844e+00 8.38605106e-01 9.17476296e-01 -1.52427828e+00
    1.05405068e+00 1.00994945e+00 -1.31012595e+00 -1.83136344e-01
    9.55060959e-01 -9.07868385e-01 3.16869736e-01 1.33006990e+00
    -1.42383337e+00 5.79112768e-01 1.48992288e+00 -1.34339809e+00
    7.86506057e-01 1.60326087e+00 -1.26349998e+00</data></hand_right>
</opencv_storage>
