<?xml version="1.0"?>
<opencv_storage>
<hand_right type_id="opencv-matrix">
  <rows>21</rows>
  <cols>3</cols>
  <dt>f</dt>
  <data>
    -8.29386954e-06 -7.67404163e-06 3.68303108e-06 5.92023373e-01
    -3.86377513e-01 7.08214045e-01 1.33889687e+00 -6.55461073e-01
    -2.45193839e-02 1.73362839e+00 -5.65124750e-01 -8.26421678e-01
    1.95698678e+00 -5.57249784e-01 -1.45192623e+00 5.90469837e-01
    -6.00590825e-01 -1.14967966e+00 1.03148842e+00 -4.29660559e-01
    -1.90921295e+00 1.48440886e+00 -2.12824106e-01 -2.03082776e+00
    1.81360769e+00 -5.14525175e-02 -2.08359051e+00 2.30935186e-01
    -8.40009376e-02 -1.29723656e+00 7.47278690e-01 1.79745167e-01
    -1.95369971e+00 1.14751565e+00 4.24119592e-01 -1.86838067e+00
    1.42748904e+00 5.53536534e-01 -1.73698711e+00 -5.14786318e-03
    3.90568048e-01 -1.18495452e+00 4.67274010e-01 7.01620877e-01
    -1.68590069e+00 8.37589860e-01 9.15185571e-01 -1.52545750e+00
    1.05292797e+00 1.00790620e+00 -1.31072569e+00 -1.83879316e-01
    9.53541815e-01 -9.09503996e-01 3.15849185e-01 1.32773829e+00
    -1.42625082e+00 5.77962875e-01 1.48776281e+00 -1.34601843e+00
    7.85241365e-01 1.60126090e+00 -1.26629901e+00</data></hand_right>
</opencv_storage>
