<?xml version="1.0"?>
<opencv_storage>
<hand_right type_id="opencv-matrix">
  <rows>21</rows>
  <cols>3</cols>
  <dt>f</dt>
  <data>
    -8.29052806e-06 -7.67294750e-06 3.65648702e-06 5.91231406e-01
    -3.87783974e-01 7.07815886e-01 1.33851314e+00 -6.55656815e-01
    -2.46965140e-02 1.73392582e+00 -5.64094067e-01 -8.26135337e-01
    1.95762420e+00 -5.54945827e-01 -1.45128405e+00 5.90992272e-01
    -5.98656535e-01 -1.15018487e+00 1.03228498e+00 -4.26804423e-01
    -1.90952027e+00 1.48553860e+00 -2.09945858e-01 -2.03168654e+00
    1.81521869e+00 -4.83796597e-02 -2.08496094e+00 2.31710017e-01
    -8.17999691e-02 -1.29701960e+00 7.48143911e-01 1.82638720e-01
    -1.95322907e+00 1.14855981e+00 4.26829129e-01 -1.86877692e+00
    1.42891264e+00 5.56204200e-01 -1.73847282e+00 -4.37409803e-03
    3.92571986e-01 -1.18413293e+00 4.68250662e-01 7.04264641e-01
    -1.68446350e+00 8.38477731e-01 9.17549014e-01 -1.52455604e+00
    1.05395401e+00 1.01013541e+00 -1.31078863e+00 -1.83245048e-01
    9.54949677e-01 -9.07838225e-01 3.16672981e-01 1.33006525e+00
    -1.42377281e+00 5.78881562e-01 1.48996174e+00 -1.34341097e+00
    7.86287069e-01 1.60336399e+00 -1.26358891e+00</data></hand_right>
</opencv_storage>
