<?xml version="1.0"?>
<opencv_storage>
<hand_left type_id="opencv-matrix">
  <rows>21</rows>
  <cols>3</cols>
  <dt>f</dt>
  <data>
    -8.29492910e-06 -7.67137135e-06 3.66818426e-06 5.91294706e-01
    -3.87090385e-01 7.08285868e-01 1.33856702e+00 -6.55846596e-01
    -2.40200013e-02 1.73397231e+00 -5.65108776e-01 -8.25517476e-01
    1.95772767e+00 -5.56717455e-01 -1.45077229e+00 5.90914547e-01
    -6.00053310e-01 -1.14960158e+00 1.03240609e+00 -4.28925216e-01
    -1.90886819e+00 1.48556185e+00 -2.12228984e-01 -2.03049159e+00
    1.81498122e+00 -5.08823395e-02 -2.08324790e+00 2.31705010e-01
    -8.32613856e-02 -1.29702973e+00 7.48356342e-01 1.80537790e-01
    -1.95325899e+00 1.14872479e+00 4.24709320e-01 -1.86827326e+00
    1.42879915e+00 5.54005861e-01 -1.73732889e+00 -4.27364931e-03
    3.91305178e-01 -1.18461704e+00 4.68445897e-01 7.02408314e-01
    -1.68525302e+00 8.38746965e-01 9.15751576e-01 -1.52503371e+00
    1.05408871e+00 1.00837612e+00 -1.31079829e+00 -1.82993725e-01
    9.54105735e-01 -9.08929527e-01 3.17047954e-01 1.32847798e+00
    -1.42527997e+00 5.79255581e-01 1.48839462e+00 -1.34499335e+00
    7.86598980e-01 1.60179532e+00 -1.26523745e+00</data></hand_left>
</opencv_storage>
