<?xml version="1.0"?>
<opencv_storage>
<hand_right type_id="opencv-matrix">
  <rows>21</rows>
  <cols>3</cols>
  <dt>f</dt>
  <data>
    -8.29287455e-06 -7.67454458e-06 3.67833991e-06 5.91940939e-01
    -3.86740446e-01 7.08032191e-01 1.33882213e+00 -6.55470610e-01
    -2.47727931e-02 1.73362112e+00 -5.64767659e-01 -8.26586127e-01
    1.95699024e+00 -5.56559861e-01 -1.45204568e+00 5.90442181e-01
    -6.00094080e-01 -1.14990211e+00 1.03145766e+00 -4.28885788e-01
    -1.90938044e+00 1.48438871e+00 -2.12043315e-01 -2.03098679e+00
    1.81359911e+00 -5.06632924e-02 -2.08373260e+00 2.30953157e-01
    -8.34277570e-02 -1.29722703e+00 7.47246206e-01 1.80524856e-01
    -1.95363760e+00 1.14749753e+00 4.24821913e-01 -1.86841357e+00
    1.42746532e+00 5.54154098e-01 -1.73717535e+00 -5.10406494e-03
    3.91096234e-01 -1.18474054e+00 4.67278272e-01 7.02308774e-01
    -1.68561196e+00 8.37589562e-01 9.15772200e-01 -1.52524698e+00
    1.05293083e+00 1.00840163e+00 -1.31070232e+00 -1.83814079e-01
    9.53935444e-01 -9.09043849e-01 3.15879166e-01 1.32833171e+00
    -1.42567897e+00 5.78016698e-01 1.48831248e+00 -1.34544194e+00
    7.85305262e-01 1.60176265e+00 -1.26574421e+00</data></hand_right>
</opencv_storage>
