<?xml version="1.0"?>
<opencv_storage>
<hand_left type_id="opencv-matrix">
  <rows>21</rows>
  <cols>3</cols>
  <dt>f</dt>
  <data>
    -8.29804958e-06 -7.66931953e-06 3.65266078e-06 5.90646327e-01
    -3.88080537e-01 7.08189964e-01 1.33822083e+00 -6.56407475e-01
    -2.38872319e-02 1.73415768e+00 -5.65089941e-01 -8.25086713e-01
    1.95824099e+00 -5.56096077e-01 -1.45013452e+00 5.91292441e-01
    -5.99100530e-01 -1.14983845e+00 1.03318310e+00 -4.27507937e-01
    -1.90886354e+00 1.48661256e+00 -2.10905999e-01 -2.03053832e+00
    1.81634498e+00 -4.95567024e-02 -2.08340359e+00 2.32391655e-01
    -8.20298269e-02 -1.29692221e+00 7.49397039e-01 1.82107463e-01
    -1.95279515e+00 1.14990628e+00 4.26066935e-01 -1.86793733e+00
    1.43019712e+00 5.55250883e-01 -1.73727190e+00 -3.47207859e-03
    3.92502159e-01 -1.18418205e+00 4.69632864e-01 7.03894138e-01
    -1.68427634e+00 8.39923382e-01 9.16970491e-01 -1.52404082e+00
    1.05529904e+00 1.00940895e+00 -1.30999970e+00 -1.82152078e-01
    9.55036163e-01 -9.08028960e-01 3.18292975e-01 1.32980347e+00
    -1.42373264e+00 5.80559373e-01 1.48955798e+00 -1.34321094e+00
    7.87973404e-01 1.60283148e+00 -1.26325893e+00</data></hand_left>
</opencv_storage>
