<?xml version="1.0"?>
<opencv_storage>
<hand_right type_id="opencv-matrix">
  <rows>21</rows>
  <cols>3</cols>
  <dt>f</dt>
  <data>
    -8.28955399e-06 -7.67264828e-06 3.65675442e-06 5.91216266e-01
    -3.87728840e-01 7.07873702e-01 1.33856893e+00 -6.55614376e-01
    -2.45664567e-02 1.73408389e+00 -5.64098835e-01 -8.25948715e-01
    1.95782673e+00 -5.54984808e-01 -1.45107198e+00 5.91037989e-01
    -5.98753452e-01 -1.15012336e+00 1.03236508e+00 -4.26962852e-01
    -1.90944600e+00 1.48551250e+00 -2.10163474e-01 -2.03151727e+00
    1.81506145e+00 -4.86738980e-02 -2.08470869e+00 2.31755793e-01
    -8.19061622e-02 -1.29702628e+00 7.48187184e-01 1.82476774e-01
    -1.95322478e+00 1.14849901e+00 4.26619798e-01 -1.86873436e+00
    1.42866313e+00 5.55905104e-01 -1.73842251e+00 -4.33280319e-03
    3.92480075e-01 -1.18416977e+00 4.68236268e-01 7.04110324e-01
    -1.68459082e+00 8.38419318e-01 9.17380154e-01 -1.52470231e+00
    1.05378866e+00 1.00992155e+00 -1.31101358e+00 -1.83211342e-01
    9.54899788e-01 -9.07923162e-01 3.16647410e-01 1.32995176e+00
    -1.42395031e+00 5.78822911e-01 1.48985314e+00 -1.34363902e+00
    7.86166370e-01 1.60324216e+00 -1.26392365e+00</data></hand_right>
</opencv_storage>
