<?xml version="1.0"?>
<opencv_storage>
<hand_right type_id="opencv-matrix">
  <rows>21</rows>
  <cols>3</cols>
  <dt>f</dt>
  <data>
    -8.28809061e-06 -7.67697566e-06 3.67703205e-06 5.92199028e-01
    -3.86597693e-01 7.07839906e-01 1.33901799e+00 -6.54990315e-01
    -2.51067877e-02 1.73362076e+00 -5.64112544e-01 -8.27016234e-01
    1.95682466e+00 -5.55713773e-01 -1.45247853e+00 5.90359151e-01
    -5.99790573e-01 -1.15006828e+00 1.03107178e+00 -4.28451717e-01
    -1.90976310e+00 1.48398733e+00 -2.11455822e-01 -2.03181052e+00
    1.81329656e+00 -4.98822033e-02 -2.08491755e+00 2.30656967e-01
    -8.32508877e-02 -1.29725182e+00 7.46610880e-01 1.80854559e-01
    -1.95391846e+00 1.14688015e+00 4.25324202e-01 -1.86920106e+00
    1.42702353e+00 5.54856896e-01 -1.73840439e+00 -5.55265322e-03
    3.91172379e-01 -1.18469095e+00 4.66586024e-01 7.02572703e-01
    -1.68569160e+00 8.36868286e-01 9.16198313e-01 -1.52569258e+00
    1.05233097e+00 1.00898623e+00 -1.31147718e+00 -1.84418127e-01
    9.53894973e-01 -9.08916771e-01 3.14992845e-01 1.32856083e+00
    -1.42566264e+00 5.77139318e-01 1.48865378e+00 -1.34553480e+00
    7.84463763e-01 1.60220504e+00 -1.26588535e+00</data></hand_right>
</opencv_storage>
