<?xml version="1.0"?>
<opencv_storage>
<hand_left type_id="opencv-matrix">
  <rows>21</rows>
  <cols>3</cols>
  <dt>f</dt>
  <data>
    -8.29670080e-06 -7.67045913e-06 3.65540791e-06 5.90835392e-01
    -3.87884200e-01 7.08157837e-01 1.33833706e+00 -6.56209648e-01
    -2.40053385e-02 1.73412347e+00 -5.64938307e-01 -8.25282574e-01
    1.95810473e+00 -5.55998445e-01 -1.45038199e+00 5.91208100e-01
    -5.99177361e-01 -1.14986277e+00 1.03298283e+00 -4.27594483e-01
    -1.90895844e+00 1.48637533e+00 -2.10918605e-01 -2.03066063e+00
    1.81607735e+00 -4.95154560e-02 -2.08353329e+00 2.32197419e-01
    -8.21798295e-02 -1.29696357e+00 7.49097228e-01 1.81976736e-01
    -1.95292628e+00 1.14959908e+00 4.26025867e-01 -1.86806929e+00
    1.42989600e+00 5.55282176e-01 -1.73735309e+00 -3.72469798e-03
    3.92334849e-01 -1.18425322e+00 4.69289273e-01 7.03750610e-01
    -1.68444109e+00 8.39576840e-01 9.16912735e-01 -1.52421129e+00
    1.05496311e+00 1.00940764e+00 -1.31011844e+00 -1.82450458e-01
    9.54888582e-01 -9.08148050e-01 3.17880213e-01 1.32967281e+00
    -1.42396116e+00 5.80134153e-01 1.48947716e+00 -1.34347320e+00
    7.87533224e-01 1.60278916e+00 -1.26353240e+00</data></hand_left>
</opencv_storage>
