<?xml version="1.0"?>
<opencv_storage>
<hand_left type_id="opencv-matrix">
  <rows>21</rows>
  <cols>3</cols>
  <dt>f</dt>
  <data>
    -8.29333021e-06 -7.67148958e-06 3.65873348e-06 5.91060102e-01
    -3.87466848e-01 7.08184838e-01 1.33852935e+00 -6.55798435e-01
    -2.40076929e-02 1.73417044e+00 -5.64679027e-01 -8.25371265e-01
    1.95806253e+00 -5.55894792e-01 -1.45049345e+00 5.91198921e-01
    -5.99372566e-01 -1.14974475e+00 1.03275681e+00 -4.27934736e-01
    -1.90899706e+00 1.48603058e+00 -2.11187929e-01 -2.03095365e+00
    1.81566954e+00 -4.97120023e-02 -2.08404255e+00 2.32009664e-01
    -8.25394616e-02 -1.29695916e+00 7.48677850e-01 1.81524307e-01
    -1.95312536e+00 1.14910030e+00 4.25709277e-01 -1.86851823e+00
    1.42937815e+00 5.55089414e-01 -1.73801708e+00 -4.03662398e-03
    3.91935945e-01 -1.18436837e+00 4.68745232e-01 7.03305185e-01
    -1.68477583e+00 8.39007139e-01 9.16637063e-01 -1.52478588e+00
    1.05444741e+00 1.00929523e+00 -1.31088519e+00 -1.82887554e-01
    9.54521537e-01 -9.08422530e-01 3.17205429e-01 1.32926774e+00
    -1.42448127e+00 5.79433322e-01 1.48918974e+00 -1.34415066e+00
    7.86839128e-01 1.60261452e+00 -1.26433861e+00</data></hand_left>
</opencv_storage>
