<?xml version="1.0"?>
<opencv_storage>
<hand_left type_id="opencv-matrix">
  <rows>21</rows>
  <cols>3</cols>
  <dt>f</dt>
  <data>
    -8.29272449e-06 -7.67215715e-06 3.65667665e-06 5.91100812e-01
    -3.87725472e-01 7.08003521e-01 1.33851409e+00 -6.55809641e-01
    -2.43361890e-02 1.73410106e+00 -5.64414024e-01 -8.25704992e-01
    1.95793915e+00 -5.55408835e-01 -1.45084262e+00 5.91128469e-01
    -5.98945618e-01 -1.15000594e+00 1.03263927e+00 -4.27229047e-01
    -1.90923154e+00 1.48590875e+00 -2.10433453e-01 -2.03116488e+00
    1.81554866e+00 -4.89384532e-02 -2.08423781e+00 2.31925800e-01
    -8.20631906e-02 -1.29700732e+00 7.48566628e-01 1.82250559e-01
    -1.95310044e+00 1.14898705e+00 4.26407993e-01 -1.86841273e+00
    1.42926192e+00 5.55737078e-01 -1.73786414e+00 -4.11999971e-03
    3.92367780e-01 -1.18422627e+00 4.68644351e-01 7.03930378e-01
    -1.68453848e+00 8.38900387e-01 9.17202055e-01 -1.52447343e+00
    1.05432832e+00 1.00976968e+00 -1.31054199e+00 -1.82962731e-01
    9.54845667e-01 -9.08062875e-01 3.17097396e-01 1.32979655e+00
    -1.42400074e+00 5.79313457e-01 1.48968494e+00 -1.34361219e+00
    7.86703467e-01 1.60306883e+00 -1.26377499e+00</data></hand_left>
</opencv_storage>
