<?xml version="1.0"?>
<opencv_storage>
<hand_right type_id="opencv-matrix">
  <rows>21</rows>
  <cols>3</cols>
  <dt>f</dt>
  <data>
    -8.29245346e-06 -7.67408892e-06 3.66040013e-06 5.91405630e-01
    -3.87617499e-01 7.07855642e-01 1.33862209e+00 -6.55650616e-01
    -2.47519463e-02 1.73391223e+00 -5.64207792e-01 -8.26263487e-01
    1.95757556e+00 -5.55236220e-01 -1.45151210e+00 5.90851247e-01
    -5.98944485e-01 -1.15017867e+00 1.03216219e+00 -4.27152604e-01
    -1.90946305e+00 1.48539436e+00 -2.10264593e-01 -2.03135991e+00
    1.81498814e+00 -4.87223566e-02 -2.08437300e+00 2.31540844e-01
    -8.20987225e-02 -1.29709518e+00 7.48015463e-01 1.82289079e-01
    -1.95328069e+00 1.14847624e+00 4.26514953e-01 -1.86850715e+00
    1.42879462e+00 5.55887759e-01 -1.73782766e+00 -4.51299548e-03
    3.92319322e-01 -1.18425810e+00 4.68093544e-01 7.03923583e-01
    -1.68468547e+00 8.38439584e-01 9.17255521e-01 -1.52459395e+00
    1.05397892e+00 1.00986362e+00 -1.31054020e+00 -1.83311418e-01
    9.54811633e-01 -9.08069730e-01 3.16596866e-01 1.32976365e+00
    -1.42416823e+00 5.78844666e-01 1.48969221e+00 -1.34384608e+00
    7.86278367e-01 1.60310769e+00 -1.26402879e+00</data></hand_right>
</opencv_storage>
