<?xml version="1.0"?>
<opencv_storage>
<hand_left type_id="opencv-matrix">
  <rows>21</rows>
  <cols>3</cols>
  <dt>f</dt>
  <data>
    -8.29450892e-06 -7.67315578e-06 3.66971244e-06 5.91488957e-01
    -3.87054354e-01 7.08170354e-01 1.33865213e+00 -6.55715585e-01
    -2.43120044e-02 1.73387015e+00 -5.64891338e-01 -8.25902581e-01
    1.95752096e+00 -5.56488395e-01 -1.45122075e+00 5.90794206e-01
    -5.99921882e-01 -1.14975333e+00 1.03215098e+00 -4.28677708e-01
    -1.90906262e+00 1.48527801e+00 -2.11899042e-01 -2.03069425e+00
    1.81468189e+00 -5.05019128e-02 -2.08345842e+00 2.31493145e-01
    -8.31588209e-02 -1.29709256e+00 7.48047471e-01 1.80771202e-01
    -1.95334578e+00 1.14841723e+00 4.25001115e-01 -1.86828482e+00
    1.42852902e+00 5.54337621e-01 -1.73725092e+00 -4.51998040e-03
    3.91376734e-01 -1.18460786e+00 4.68116552e-01 7.02585280e-01
    -1.68525517e+00 8.38444591e-01 9.15973306e-01 -1.52497518e+00
    1.05383527e+00 1.00860953e+00 -1.31061983e+00 -1.83251113e-01
    9.54150200e-01 -9.08858359e-01 3.16707164e-01 1.32860589e+00
    -1.42523003e+00 5.78908682e-01 1.48854887e+00 -1.34493423e+00
    7.86262691e-01 1.60197449e+00 -1.26515257e+00</data></hand_left>
</opencv_storage>
