<?xml version="1.0"?>
<opencv_storage>
<hand_left type_id="opencv-matrix">
  <rows>21</rows>
  <cols>3</cols>
  <dt>f</dt>
  <data>
    -8.29472174e-06 -7.67326037e-06 3.65654569e-06 5.91158748e-01
    -3.87912869e-01 7.07892239e-01 1.33847690e+00 -6.55936003e-01
    -2.46022493e-02 1.73396969e+00 -5.64397454e-01 -8.26000333e-01
    1.95776939e+00 -5.55325985e-01 -1.45119107e+00 5.90968490e-01
    -5.98807752e-01 -1.15018296e+00 1.03247643e+00 -4.26948667e-01
    -1.90934336e+00 1.48578835e+00 -2.10137337e-01 -2.03110623e+00
    1.81543505e+00 -4.86530960e-02 -2.08401489e+00 2.31805250e-01
    -8.18494931e-02 -1.29705930e+00 7.48461127e-01 1.82563797e-01
    -1.95309615e+00 1.14895618e+00 4.26679671e-01 -1.86823285e+00
    1.42927885e+00 5.55963218e-01 -1.73751056e+00 -4.17008251e-03
    3.92593741e-01 -1.18416631e+00 4.68606144e-01 7.04207122e-01
    -1.68443167e+00 8.38952839e-01 9.17420149e-01 -1.52424049e+00
    1.05445182e+00 1.00993061e+00 -1.31015110e+00 -1.82908505e-01
    9.55058753e-01 -9.07885671e-01 3.17187101e-01 1.33002734e+00
    -1.42379367e+00 5.79451919e-01 1.48988223e+00 -1.34337747e+00
    7.86890507e-01 1.60323441e+00 -1.26348650e+00</data></hand_left>
</opencv_storage>
