<?xml version="1.0"?>
<opencv_storage>
<hand_left type_id="opencv-matrix">
  <rows>21</rows>
  <cols>3</cols>
  <dt>f</dt>
  <data>
    -8.29438250e-06 -7.67069741e-06 3.65417100e-06 5.90867639e-01
    -3.87996703e-01 7.08037198e-01 1.33835816e+00 -6.56092048e-01
    -2.41874754e-02 1.73414612e+00 -5.64644337e-01 -8.25437367e-01
    1.95808828e+00 -5.55543542e-01 -1.45050406e+00 5.91194391e-01
    -5.98879576e-01 -1.14999628e+00 1.03285408e+00 -4.27160501e-01
    -1.90913272e+00 1.48612356e+00 -2.10500211e-01 -2.03091788e+00
    1.81573641e+00 -4.91269827e-02 -2.08388638e+00 2.32143998e-01
    -8.18833560e-02 -1.29697275e+00 7.48914361e-01 1.82401225e-01
    -1.95294440e+00 1.14928830e+00 4.26398605e-01 -1.86819375e+00
    1.42945981e+00 5.55573344e-01 -1.73765051e+00 -3.80810350e-03
    3.92584175e-01 -1.18415058e+00 4.69075710e-01 7.04106569e-01
    -1.68435502e+00 8.39275539e-01 9.17224646e-01 -1.52422512e+00
    1.05458117e+00 1.00964832e+00 -1.31031990e+00 -1.82566911e-01
    9.55055177e-01 -9.07913625e-01 3.17634642e-01 1.32997286e+00
    -1.42370605e+00 5.79833090e-01 1.48976243e+00 -1.34324169e+00
    7.87177205e-01 1.60306120e+00 -1.26339209e+00</data></hand_left>
</opencv_storage>
