<?xml version="1.0"?>
<opencv_storage>
<hand_left type_id="opencv-matrix">
  <rows>21</rows>
  <cols>3</cols>
  <dt>f</dt>
  <data>
    -8.29203782e-06 -7.67521487e-06 3.66263066e-06 5.91505408e-01
    -3.87458324e-01 7.07900763e-01 1.33871913e+00 -6.55528724e-01
    -2.47311443e-02 1.73396039e+00 -5.64159155e-01 -8.26293647e-01
    1.95756948e+00 -5.55232167e-01 -1.45157826e+00 5.90836704e-01
    -5.99113047e-01 -1.15014589e+00 1.03209209e+00 -4.27406430e-01
    -1.90950692e+00 1.48529983e+00 -2.10503757e-01 -2.03138947e+00
    1.81486678e+00 -4.89460528e-02 -2.08437157e+00 2.31471643e-01
    -8.22982118e-02 -1.29712987e+00 7.47873425e-01 1.82020634e-01
    -1.95342040e+00 1.14831436e+00 4.26284045e-01 -1.86869144e+00
    1.42860734e+00 5.55686116e-01 -1.73801565e+00 -4.61038202e-03
    3.92135352e-01 -1.18435478e+00 4.67950523e-01 7.03696132e-01
    -1.68488526e+00 8.38259339e-01 9.17070150e-01 -1.52481842e+00
    1.05375791e+00 1.00970411e+00 -1.31076074e+00 -1.83429122e-01
    9.54685450e-01 -9.08241689e-01 3.16439092e-01 1.32958841e+00
    -1.42444003e+00 5.78677773e-01 1.48953950e+00 -1.34412730e+00
    7.86085427e-01 1.60297358e+00 -1.26429462e+00</data></hand_left>
</opencv_storage>
