<?xml version="1.0"?>
<opencv_storage>
<hand_left type_id="opencv-matrix">
  <rows>21</rows>
  <cols>3</cols>
  <dt>f</dt>
  <data>
    -8.29509008e-06 -7.67353959e-06 3.65533765e-06 5.91134429e-01
    -3.87974948e-01 7.07879841e-01 1.33847213e+00 -6.55957162e-01
    -2.46122628e-02 1.73398137e+00 -5.64355731e-01 -8.26001883e-01
    1.95779252e+00 -5.55214822e-01 -1.45119822e+00 5.90985656e-01
    -5.98739803e-01 -1.15021968e+00 1.03255534e+00 -4.26812887e-01
    -1.90934551e+00 1.48594284e+00 -2.09960610e-01 -2.03106213e+00
    1.81565309e+00 -4.84316349e-02 -2.08390832e+00 2.31832847e-01
    -8.17651227e-02 -1.29706478e+00 7.48536050e-01 1.82699457e-01
    -1.95308244e+00 1.14910769e+00 4.26842511e-01 -1.86819839e+00
    1.42950153e+00 5.56159258e-01 -1.73742855e+00 -4.14266810e-03
    3.92675877e-01 -1.18414462e+00 4.68696654e-01 7.04333544e-01
    -1.68436527e+00 8.39073539e-01 9.17548299e-01 -1.52413476e+00
    1.05459332e+00 1.01006424e+00 -1.30999279e+00 -1.82886273e-01
    9.55123663e-01 -9.07832623e-01 3.17254782e-01 1.33014488e+00
    -1.42369914e+00 5.79549849e-01 1.49000001e+00 -1.34324861e+00
    7.87004590e-01 1.60334325e+00 -1.26329625e+00</data></hand_left>
</opencv_storage>
