<?xml version="1.0"?>
<opencv_storage>
<hand_right type_id="opencv-matrix">
  <rows>21</rows>
  <cols>3</cols>
  <dt>f</dt>
  <data>
    -8.29803503e-06 -7.67231813e-06 3.65368805e-06 5.90927362e-01
    -3.88091862e-01 7.08000898e-01 1.33836460e+00 -6.56199217e-01
    -2.43634284e-02 1.73403263e+00 -5.64651728e-01 -8.25688183e-01
    1.95797813e+00 -5.55553675e-01 -1.45085299e+00 5.91119647e-01
    -5.98829448e-01 -1.15010822e+00 1.03287292e+00 -4.26969588e-01
    -1.90913534e+00 1.48633790e+00 -2.10191935e-01 -2.03074741e+00
    1.81609964e+00 -4.87126708e-02 -2.08352232e+00 2.32092410e-01
    -8.17827135e-02 -1.29701924e+00 7.48994589e-01 1.82605356e-01
    -1.95290267e+00 1.14960039e+00 4.26677614e-01 -1.86789060e+00
    1.43002152e+00 5.55951655e-01 -1.73701751e+00 -3.81558016e-03
    3.92700970e-01 -1.18413877e+00 4.69198704e-01 7.04283953e-01
    -1.68422520e+00 8.39595199e-01 9.17432308e-01 -1.52387321e+00
    1.05512142e+00 1.00991166e+00 -1.30961943e+00 -1.82503790e-01
    9.55178797e-01 -9.07857358e-01 3.17845821e-01 1.33010650e+00
    -1.42358828e+00 5.80158830e-01 1.48991203e+00 -1.34305811e+00
    7.87634492e-01 1.60322046e+00 -1.26302636e+00</data></hand_right>
</opencv_storage>
