<?xml version="1.0"?>
<opencv_storage>
<hand_right type_id="opencv-matrix">
  <rows>21</rows>
  <cols>3</cols>
  <dt>f</dt>
  <data>
    -8.29072997e-06 -7.67287111e-06 3.65777919e-06 5.91268301e-01
    -3.87761921e-01 7.07846999e-01 1.33859694e+00 -6.55647218e-01
    -2.46510059e-02 1.73407507e+00 -5.64113557e-01 -8.26051116e-01
    1.95781589e+00 -5.54995716e-01 -1.45122981e+00 5.90989888e-01
    -5.98724782e-01 -1.15018892e+00 1.03231227e+00 -4.26869571e-01
    -1.90948176e+00 1.48546219e+00 -2.10049838e-01 -2.03147864e+00
    1.81499565e+00 -4.85628247e-02 -2.08461428e+00 2.31710553e-01
    -8.18567052e-02 -1.29706001e+00 7.48156190e-01 1.82581410e-01
    -1.95322943e+00 1.14850199e+00 4.26727533e-01 -1.86861873e+00
    1.42871308e+00 5.56015551e-01 -1.73816347e+00 -4.36076894e-03
    3.92536372e-01 -1.18416488e+00 4.68208373e-01 7.04188824e-01
    -1.68458450e+00 8.38453412e-01 9.17461753e-01 -1.52463460e+00
    1.05390823e+00 1.01001191e+00 -1.31082535e+00 -1.83207348e-01
    9.54963923e-01 -9.07884717e-01 3.16666722e-01 1.33000469e+00
    -1.42392552e+00 5.78864157e-01 1.48991251e+00 -1.34362769e+00
    7.86264360e-01 1.60332298e+00 -1.26389098e+00</data></hand_right>
</opencv_storage>
