<?xml version="1.0"?>
<opencv_storage>
<hand_left type_id="opencv-matrix">
  <rows>21</rows>
  <cols>3</cols>
  <dt>f</dt>
  <data>
    -8.29368128e-06 -7.67092388e-06 3.65038341e-06 5.90817750e-01
    -3.88315082e-01 7.07871199e-01 1.33831215e+00 -6.56115532e-01
    -2.44303197e-02 1.73414469e+00 -5.64365566e-01 -8.25623810e-01
    1.95810401e+00 -5.55015087e-01 -1.45065880e+00 5.91212630e-01
    -5.98369598e-01 -1.15022111e+00 1.03283668e+00 -4.26368296e-01
    -1.90932488e+00 1.48608685e+00 -2.09691972e-01 -2.03118038e+00
    1.81570649e+00 -4.83149290e-02 -2.08424926e+00 2.32174695e-01
    -8.13169107e-02 -1.29697955e+00 7.48902917e-01 1.83203235e-01
    -1.95287442e+00 1.14924908e+00 4.27144229e-01 -1.86818123e+00
    1.42942297e+00 5.56261301e-01 -1.73777807e+00 -3.77885252e-03
    3.93094540e-01 -1.18396056e+00 4.69055116e-01 7.04802036e-01
    -1.68406594e+00 8.39249671e-01 9.17857170e-01 -1.52399635e+00
    1.05459142e+00 1.01021969e+00 -1.31023228e+00 -1.82548180e-01
    9.55427289e-01 -9.07482803e-01 3.17606688e-01 1.33056104e+00
    -1.42314601e+00 5.79796255e-01 1.49032509e+00 -1.34268403e+00
    7.87166119e-01 1.60361648e+00 -1.26288009e+00</data></hand_left>
</opencv_storage>
