<?xml version="1.0"?>
<opencv_storage>
<hand_right type_id="opencv-matrix">
  <rows>21</rows>
  <cols>3</cols>
  <dt>f</dt>
  <data>
    -8.29275996e-06 -7.67033453e-06 3.65468054e-06 5.90907991e-01
    -3.87768447e-01 7.08082080e-01 1.33839321e+00 -6.55918002e-01
    -2.41094232e-02 1.73411322e+00 -5.64598441e-01 -8.25426698e-01
    1.95802808e+00 -5.55608809e-01 -1.45048177e+00 5.91253519e-01
    -5.98992407e-01 -1.14986670e+00 1.03279877e+00 -4.27411556e-01
    -1.90913653e+00 1.48611236e+00 -2.10699648e-01 -2.03128695e+00
    1.81584382e+00 -4.92209494e-02 -2.08457184e+00 2.32123643e-01
    -8.20950419e-02 -1.29692209e+00 7.48781264e-01 1.82082653e-01
    -1.95305884e+00 1.14919400e+00 4.26194847e-01 -1.86864352e+00
    1.42952251e+00 5.55532098e-01 -1.73840165e+00 -3.90645117e-03
    3.92344207e-01 -1.18420398e+00 4.68911946e-01 7.03831673e-01
    -1.68447387e+00 8.39106560e-01 9.17070031e-01 -1.52457905e+00
    1.05451751e+00 1.00965583e+00 -1.31086469e+00 -1.82762071e-01
    9.54807699e-01 -9.08076465e-01 3.17371398e-01 1.32972693e+00
    -1.42394447e+00 5.79579592e-01 1.48958886e+00 -1.34354985e+00
    7.86975443e-01 1.60297251e+00 -1.26370978e+00</data></hand_right>
</opencv_storage>
