<?xml version="1.0"?>
<opencv_storage>
<hand_left type_id="opencv-matrix">
  <rows>21</rows>
  <cols>3</cols>
  <dt>f</dt>
  <data>
    -8.29268902e-06 -7.66987068e-06 3.65974620e-06 5.91042101e-01
    -3.87404084e-01 7.08203793e-01 1.33845592e+00 -6.55841768e-01
    -2.39951760e-02 1.73405015e+00 -5.64830780e-01 -8.25416982e-01
    1.95789075e+00 -5.56111574e-01 -1.45053577e+00 5.91165006e-01
    -5.99493265e-01 -1.14968240e+00 1.03265285e+00 -4.28189546e-01
    -1.90903735e+00 1.48595071e+00 -2.11473256e-01 -2.03120518e+00
    1.81565523e+00 -4.99927104e-02 -2.08448434e+00 2.31982291e-01
    -8.26759785e-02 -1.29693496e+00 7.48610735e-01 1.81275800e-01
    -1.95319116e+00 1.14903593e+00 4.25462246e-01 -1.86874771e+00
    1.42936063e+00 5.54867089e-01 -1.73840332e+00 -4.06008214e-03
    3.91807437e-01 -1.18440044e+00 4.68728632e-01 7.03113377e-01
    -1.68482876e+00 8.38947058e-01 9.16439414e-01 -1.52492881e+00
    1.05437052e+00 1.00911570e+00 -1.31112766e+00 -1.82908103e-01
    9.54404056e-01 -9.08509314e-01 3.17193568e-01 1.32910526e+00
    -1.42457211e+00 5.79403043e-01 1.48900902e+00 -1.34423625e+00
    7.86793470e-01 1.60242343e+00 -1.26441538e+00</data></hand_left>
</opencv_storage>
