<?xml version="1.0"?>
<opencv_storage>
<hand_left type_id="opencv-matrix">
  <rows>21</rows>
  <cols>3</cols>
  <dt>f</dt>
  <data>
    -8.29609780e-06 -7.66843004e-06 3.64921198e-06 5.90465188e-01
    -3.88110667e-01 7.08269238e-01 1.33822918e+00 -6.56322241e-01
    -2.35963911e-02 1.73440719e+00 -5.64967155e-01 -8.24666798e-01
    1.95861602e+00 -5.55887341e-01 -1.44959998e+00 5.91570139e-01
    -5.98961055e-01 -1.14972973e+00 1.03352690e+00 -4.27372307e-01
    -1.90876377e+00 1.48689342e+00 -2.10821509e-01 -2.03058124e+00
    1.81661558e+00 -4.94897664e-02 -2.08361387e+00 2.32673466e-01
    -8.19125101e-02 -1.29685187e+00 7.49690294e-01 1.82229176e-01
    -1.95270264e+00 1.15007830e+00 4.26160157e-01 -1.86805487e+00
    1.43026924e+00 5.55322289e-01 -1.73766828e+00 -3.25375795e-03
    3.92586738e-01 -1.18413293e+00 4.69849527e-01 7.04010487e-01
    -1.68419099e+00 8.40009153e-01 9.17083383e-01 -1.52411187e+00
    1.05527627e+00 1.00951529e+00 -1.31033587e+00 -1.82050571e-01
    9.55065548e-01 -9.07969058e-01 3.18378508e-01 1.32992411e+00
    -1.42359376e+00 5.80581546e-01 1.48968410e+00 -1.34307885e+00
    7.87934065e-01 1.60297155e+00 -1.26320362e+00</data></hand_left>
</opencv_storage>
