<?xml version="1.0"?>
<opencv_storage>
<hand_left type_id="opencv-matrix">
  <rows>21</rows>
  <cols>3</cols>
  <dt>f</dt>
  <data>
    -8.29358123e-06 -7.66810717e-06 3.65477717e-06 5.90694308e-01
    -3.87626529e-01 7.08330989e-01 1.33832812e+00 -6.56057000e-01
    -2.35985816e-02 1.73426735e+00 -5.65015256e-01 -8.24835420e-01
    1.95831859e+00 -5.56209207e-01 -1.44983101e+00 5.91439366e-01
    -5.99414766e-01 -1.14955115e+00 1.03317285e+00 -4.28131312e-01
    -1.90879512e+00 1.48650694e+00 -2.11531490e-01 -2.03089952e+00
    1.81623340e+00 -5.01264036e-02 -2.08413672e+00 2.32404336e-01
    -8.25193375e-02 -1.29684961e+00 7.49223530e-01 1.81386337e-01
    -1.95297039e+00 1.14961171e+00 4.25457478e-01 -1.86855996e+00
    1.42985296e+00 5.54762840e-01 -1.73832238e+00 -3.59785557e-03
    3.91983807e-01 -1.18432486e+00 4.69354689e-01 7.03256965e-01
    -1.68461692e+00 8.39503050e-01 9.16479826e-01 -1.52471995e+00
    1.05480754e+00 1.00907135e+00 -1.31103468e+00 -1.82453930e-01
    9.54556286e-01 -9.08405900e-01 3.17817301e-01 1.32926130e+00
    -1.42429841e+00 5.80013871e-01 1.48910952e+00 -1.34389031e+00
    7.87366509e-01 1.60247004e+00 -1.26405632e+00</data></hand_left>
</opencv_storage>
