<?xml version="1.0"?>
<opencv_storage>
<hand_right type_id="opencv-matrix">
  <rows>21</rows>
  <cols>3</cols>
  <dt>f</dt>
  <data>
    -8.29533656e-06 -7.67335223e-06 3.65291771e-06 5.91051400e-01
    -3.88117790e-01 7.07869411e-01 1.33843589e+00 -6.56023979e-01
    -2.46084780e-02 1.73401511e+00 -5.64330459e-01 -8.25978458e-01
    1.95786047e+00 -5.55113733e-01 -1.45113599e+00 5.91049194e-01
    -5.98602712e-01 -1.15026343e+00 1.03265321e+00 -4.26634550e-01
    -1.90939677e+00 1.48606825e+00 -2.09811687e-01 -2.03114915e+00
    1.81582463e+00 -4.82902527e-02 -2.08403158e+00 2.31931716e-01
    -8.15835744e-02 -1.29706085e+00 7.48655856e-01 1.82909623e-01
    -1.95305943e+00 1.14921749e+00 4.27007556e-01 -1.86824203e+00
    1.42960978e+00 5.56288600e-01 -1.73757732e+00 -4.03091684e-03
    3.92854691e-01 -1.18409359e+00 4.68848825e-01 7.04550266e-01
    -1.68424547e+00 8.39186907e-01 9.17714953e-01 -1.52402568e+00
    1.05465937e+00 1.01017570e+00 -1.30994272e+00 -1.82770014e-01
    9.55269158e-01 -9.07713473e-01 3.17423105e-01 1.33035338e+00
    -1.42349315e+00 5.79711080e-01 1.49017870e+00 -1.34298444e+00
    7.87145019e-01 1.60348821e+00 -1.26299524e+00</data></hand_right>
</opencv_storage>
