<?xml version="1.0"?>
<opencv_storage>
<hand_right type_id="opencv-matrix">
  <rows>21</rows>
  <cols>3</cols>
  <dt>f</dt>
  <data>
    -8.29234614e-06 -7.67393794e-06 3.65487949e-06 5.91219544e-01
    -3.88004303e-01 7.07767367e-01 1.33851862e+00 -6.55791044e-01
    -2.48129666e-02 1.73396707e+00 -5.64064264e-01 -8.26231480e-01
    1.95769024e+00 -5.54807127e-01 -1.45140290e+00 5.90943098e-01
    -5.98526001e-01 -1.15033805e+00 1.03234005e+00 -4.26528841e-01
    -1.90958202e+00 1.48562956e+00 -2.09677845e-01 -2.03147626e+00
    1.81529427e+00 -4.81444597e-02 -2.08448100e+00 2.31717691e-01
    -8.15746710e-02 -1.29708385e+00 7.48234868e-01 1.82963416e-01
    -1.95320439e+00 1.14869618e+00 4.27089334e-01 -1.86853385e+00
    1.42900419e+00 5.56371689e-01 -1.73801744e+00 -4.30475548e-03
    3.92822653e-01 -1.18408930e+00 4.68386173e-01 7.04564273e-01
    -1.68437111e+00 8.38657141e-01 9.17766094e-01 -1.52429307e+00
    1.05408847e+00 1.01023936e+00 -1.31037498e+00 -1.83093876e-01
    9.55205679e-01 -9.07687426e-01 3.16894621e-01 1.33035100e+00
    -1.42358243e+00 5.79137266e-01 1.49020576e+00 -1.34315073e+00
    7.86527932e-01 1.60353780e+00 -1.26326668e+00</data></hand_right>
</opencv_storage>
