<?xml version="1.0"?>
<opencv_storage>
<hand_right type_id="opencv-matrix">
  <rows>21</rows>
  <cols>3</cols>
  <dt>f</dt>
  <data>
    -8.29135843e-06 -7.67128495e-06 3.66051472e-06 5.91184378e-01
    -3.87360781e-01 7.08120763e-01 1.33857441e+00 -6.55654907e-01
    -2.41514146e-02 1.73410511e+00 -5.64552665e-01 -8.25566828e-01
    1.95790660e+00 -5.55783391e-01 -1.45070624e+00 5.91109395e-01
    -5.99361241e-01 -1.14977777e+00 1.03251684e+00 -4.27933037e-01
    -1.90911293e+00 1.48571157e+00 -2.11165816e-01 -2.03120375e+00
    1.81529939e+00 -4.96800542e-02 -2.08441973e+00 2.31845126e-01
    -8.25833157e-02 -1.29697120e+00 7.48381257e-01 1.81490988e-01
    -1.95321298e+00 1.14874840e+00 4.25705075e-01 -1.86870003e+00
    1.42899203e+00 5.55099428e-01 -1.73829317e+00 -4.23906371e-03
    3.91865760e-01 -1.18437624e+00 4.68416154e-01 7.03248918e-01
    -1.68487036e+00 8.38655293e-01 9.16619658e-01 -1.52497399e+00
    1.05410480e+00 1.00930643e+00 -1.31117260e+00 -1.83117539e-01
    9.54435647e-01 -9.08436477e-01 3.16839337e-01 1.32920253e+00
    -1.42457974e+00 5.79039216e-01 1.48914993e+00 -1.34431696e+00
    7.86432266e-01 1.60259664e+00 -1.26458824e+00</data></hand_right>
</opencv_storage>
