<?xml version="1.0"?>
<opencv_storage>
<hand_left type_id="opencv-matrix">
  <rows>21</rows>
  <cols>3</cols>
  <dt>f</dt>
  <data>
    -8.29550027e-06 -7.66846097e-06 3.65095411e-06 5.90550721e-01
    -3.88001770e-01 7.08261073e-01 1.33825243e+00 -6.56268239e-01
    -2.36585438e-02 1.73434067e+00 -5.64976096e-01 -8.24782848e-01
    1.95849645e+00 -5.55985451e-01 -1.44974589e+00 5.91508150e-01
    -5.99044859e-01 -1.14971852e+00 1.03340602e+00 -4.27495807e-01
    -1.90878141e+00 1.48675644e+00 -2.10917205e-01 -2.03063083e+00
    1.81645679e+00 -4.95733321e-02 -2.08366966e+00 2.32569546e-01
    -8.20340216e-02 -1.29686475e+00 7.49542236e-01 1.82080656e-01
    -1.95275950e+00 1.14992917e+00 4.26045060e-01 -1.86809683e+00
    1.43010688e+00 5.55225790e-01 -1.73767960e+00 -3.37329134e-03
    3.92462105e-01 -1.18417418e+00 4.69679087e-01 7.03864574e-01
    -1.68429041e+00 8.39853883e-01 9.16971803e-01 -1.52421045e+00
    1.05512881e+00 1.00942934e+00 -1.31041265e+00 -1.82177201e-01
    9.54961538e-01 -9.08053696e-01 3.18194747e-01 1.32978678e+00
    -1.42375541e+00 5.80393612e-01 1.48957050e+00 -1.34327078e+00
    7.87744939e-01 1.60287166e+00 -1.26341856e+00</data></hand_left>
</opencv_storage>
