<?xml version="1.0"?>
<opencv_storage>
<hand_left type_id="opencv-matrix">
  <rows>21</rows>
  <cols>3</cols>
  <dt>f</dt>
  <data>
    -8.29317196e-06 -7.67217261e-06 3.66570839e-06 5.91315627e-01
    -3.87175202e-01 7.08192170e-01 1.33860660e+00 -6.55714035e-01
    -2.41492987e-02 1.73401845e+00 -5.64809918e-01 -8.25635672e-01
    1.95775831e+00 -5.56267202e-01 -1.45085871e+00 5.90946734e-01
    -5.99770904e-01 -1.14971054e+00 1.03236222e+00 -4.28512901e-01
    -1.90902495e+00 1.48550093e+00 -2.11781383e-01 -2.03080344e+00
    1.81495643e+00 -5.03844023e-02 -2.08370900e+00 2.31687799e-01
    -8.29916671e-02 -1.29703128e+00 7.48244047e-01 1.80932418e-01
    -1.95328760e+00 1.14858687e+00 4.25122708e-01 -1.86847770e+00
    1.42869067e+00 5.54444790e-01 -1.73773861e+00 -4.34012339e-03
    3.91525716e-01 -1.18452990e+00 4.68306690e-01 7.02751637e-01
    -1.68514550e+00 8.38572621e-01 9.16111708e-01 -1.52504885e+00
    1.05393243e+00 1.00874567e+00 -1.31097281e+00 -1.83119982e-01
    9.54240322e-01 -9.08735037e-01 3.16844046e-01 1.32877576e+00
    -1.42504048e+00 5.79037189e-01 1.48871088e+00 -1.34476328e+00
    7.86381841e-01 1.60212994e+00 -1.26503587e+00</data></hand_left>
</opencv_storage>
