<?xml version="1.0"?>
<opencv_storage>
<hand_left type_id="opencv-matrix">
  <rows>21</rows>
  <cols>3</cols>
  <dt>f</dt>
  <data>
    -8.29277269e-06 -7.67491110e-06 3.66484801e-06 5.91548562e-01
    -3.87467086e-01 7.07907438e-01 1.33872044e+00 -6.55612469e-01
    -2.47917026e-02 1.73392785e+00 -5.64293742e-01 -8.26392293e-01
    1.95749331e+00 -5.55410981e-01 -1.45172620e+00 5.90762138e-01
    -5.99209905e-01 -1.15017998e+00 1.03199208e+00 -4.27539706e-01
    -1.90955257e+00 1.48513436e+00 -2.10685074e-01 -2.03133035e+00
    1.81460583e+00 -4.92024422e-02 -2.08423090e+00 2.31416374e-01
    -8.23607966e-02 -1.29717624e+00 7.47818828e-01 1.81925192e-01
    -1.95345700e+00 1.14819729e+00 4.26129341e-01 -1.86858761e+00
    1.42837954e+00 5.55442691e-01 -1.73779202e+00 -4.62618470e-03
    3.92104715e-01 -1.18439531e+00 4.67917383e-01 7.03617096e-01
    -1.68496990e+00 8.38207722e-01 9.16943073e-01 -1.52481949e+00
    1.05365157e+00 1.00950801e+00 -1.31068349e+00 -1.83382794e-01
    9.54703510e-01 -9.08287168e-01 3.16488326e-01 1.32952154e+00
    -1.42453921e+00 5.78705251e-01 1.48944128e+00 -1.34421659e+00
    7.86080658e-01 1.60285175e+00 -1.26440489e+00</data></hand_left>
</opencv_storage>
