<?xml version="1.0"?>
<opencv_storage>
<hand_left type_id="opencv-matrix">
  <rows>21</rows>
  <cols>3</cols>
  <dt>f</dt>
  <data>
    -8.29411329e-06 -7.67003712e-06 3.66060453e-06 5.91074944e-01
    -3.87418687e-01 7.08201110e-01 1.33846104e+00 -6.55911446e-01
    -2.40384787e-02 1.73401463e+00 -5.64916968e-01 -8.25485229e-01
    1.95785117e+00 -5.56239784e-01 -1.45063984e+00 5.91128290e-01
    -5.99512696e-01 -1.14971530e+00 1.03263927e+00 -4.28177446e-01
    -1.90902638e+00 1.48595023e+00 -2.11448073e-01 -2.03111172e+00
    1.81565297e+00 -4.99740243e-02 -2.08433366e+00 2.31953904e-01
    -8.26790258e-02 -1.29696012e+00 7.48643756e-01 1.81308106e-01
    -1.95314789e+00 1.14909863e+00 4.25499916e-01 -1.86853147e+00
    1.42945147e+00 5.54909229e-01 -1.73801017e+00 -4.06727567e-03
    3.91815186e-01 -1.18441355e+00 4.68760312e-01 7.03129828e-01
    -1.68480086e+00 8.39034081e-01 9.16460752e-01 -1.52478349e+00
    1.05451870e+00 1.00914049e+00 -1.31082177e+00 -1.82881370e-01
    9.54426944e-01 -9.08516526e-01 3.17262352e-01 1.32910419e+00
    -1.42455661e+00 5.79483867e-01 1.48900580e+00 -1.34420741e+00
    7.86902905e-01 1.60242653e+00 -1.26436222e+00</data></hand_left>
</opencv_storage>
