<?xml version="1.0"?>
<opencv_storage>
<hand_left type_id="opencv-matrix">
  <rows>21</rows>
  <cols>3</cols>
  <dt>f</dt>
  <data>
    -8.29756027e-06 -7.66977337e-06 3.66678842e-06 5.91087937e-01
    -3.87143970e-01 7.08443105e-01 1.33846056e+00 -6.56109929e-01
    -2.37067193e-02 1.73402798e+00 -5.65512419e-01 -8.25162530e-01
    1.95791507e+00 -5.57236135e-01 -1.45038438e+00 5.91048896e-01
    -6.00252748e-01 -1.14944422e+00 1.03273058e+00 -4.29269165e-01
    -1.90865195e+00 1.48599696e+00 -2.12648273e-01 -2.03023362e+00
    1.81551456e+00 -5.13364971e-02 -2.08296275e+00 2.31959715e-01
    -8.34024176e-02 -1.29698670e+00 7.48809218e-01 1.80253476e-01
    -1.95313799e+00 1.14924300e+00 4.24380779e-01 -1.86809397e+00
    1.42938280e+00 5.53672671e-01 -1.73709559e+00 -3.95781547e-03
    3.91218334e-01 -1.18465924e+00 4.68953788e-01 7.02208698e-01
    -1.68519306e+00 8.39276671e-01 9.15512800e-01 -1.52488911e+00
    1.05461907e+00 1.00812817e+00 -1.31056881e+00 -1.82632238e-01
    9.54076350e-01 -9.09054458e-01 3.17622155e-01 1.32832873e+00
    -1.42530620e+00 5.79851985e-01 1.48820710e+00 -1.34494340e+00
    7.87214160e-01 1.60158014e+00 -1.26510227e+00</data></hand_left>
</opencv_storage>
