<?xml version="1.0"?>
<opencv_storage>
<hand_right type_id="opencv-matrix">
  <rows>21</rows>
  <cols>3</cols>
  <dt>f</dt>
  <data>
    -8.29716919e-06 -7.67300935e-06 3.65249662e-06 5.91037631e-01
    -3.88407826e-01 7.07734644e-01 1.33832335e+00 -6.56251609e-01
    -2.48761922e-02 1.73386240e+00 -5.64404070e-01 -8.26226413e-01
    1.95768261e+00 -5.55057704e-01 -1.45142436e+00 5.90862453e-01
    -5.98412752e-01 -1.15045488e+00 1.03247690e+00 -4.26281571e-01
    -1.90949368e+00 1.48589659e+00 -2.09497094e-01 -2.03107214e+00
    1.81561065e+00 -4.80421782e-02 -2.08381414e+00 2.31839433e-01
    -8.12860206e-02 -1.29709554e+00 7.48613298e-01 1.83320910e-01
    -1.95297742e+00 1.14921522e+00 4.27313000e-01 -1.86794567e+00
    1.42960501e+00 5.56479812e-01 -1.73709261e+00 -4.01681662e-03
    3.93168271e-01 -1.18398058e+00 4.68891948e-01 7.04907298e-01
    -1.68406403e+00 8.39310467e-01 9.17953134e-01 -1.52371240e+00
    1.05484140e+00 1.01030958e+00 -1.30951095e+00 -1.82616487e-01
    9.55551267e-01 -9.07441258e-01 3.17630261e-01 1.33064044e+00
    -1.42314517e+00 5.79955280e-01 1.49039185e+00 -1.34261918e+00
    7.87430823e-01 1.60364354e+00 -1.26262045e+00</data></hand_right>
</opencv_storage>
