<?xml version="1.0"?>
<opencv_storage>
<hand_left type_id="opencv-matrix">
  <rows>21</rows>
  <cols>3</cols>
  <dt>f</dt>
  <data>
    -8.29634246e-06 -7.67018537e-06 3.65702590e-06 5.90860546e-01
    -3.87571335e-01 7.08306372e-01 1.33840084e+00 -6.56067967e-01
    -2.37816721e-02 1.73416162e+00 -5.65017402e-01 -8.25126290e-01
    1.95815647e+00 -5.56289911e-01 -1.45023334e+00 5.91307819e-01
    -5.99504948e-01 -1.14963794e+00 1.03305864e+00 -4.28157419e-01
    -1.90882385e+00 1.48649693e+00 -2.11452007e-01 -2.03072476e+00
    1.81628013e+00 -4.99778390e-02 -2.08375239e+00 2.32241005e-01
    -8.25999156e-02 -1.29692078e+00 7.49112487e-01 1.81360677e-01
    -1.95300841e+00 1.14964604e+00 4.25511837e-01 -1.86833096e+00
    1.43003833e+00 5.54899395e-01 -1.73775029e+00 -3.73879075e-03
    3.91925037e-01 -1.18438590e+00 4.69262660e-01 7.03216672e-01
    -1.68465459e+00 8.39553237e-01 9.16493773e-01 -1.52454805e+00
    1.05500329e+00 1.00913405e+00 -1.31052375e+00 -1.82534978e-01
    9.54546869e-01 -9.08486664e-01 3.17796081e-01 1.32921338e+00
    -1.42440820e+00 5.80061078e-01 1.48908770e+00 -1.34396601e+00
    7.87491202e-01 1.60246563e+00 -1.26401150e+00</data></hand_left>
</opencv_storage>
