<?xml version="1.0"?>
<opencv_storage>
<hand_right type_id="opencv-matrix">
  <rows>21</rows>
  <cols>3</cols>
  <dt>f</dt>
  <data>
    -8.29686542e-06 -7.67287111e-06 3.65322398e-06 5.91034770e-01
    -3.88199151e-01 7.07863152e-01 1.33840549e+00 -6.56150877e-01
    -2.46422887e-02 1.73399043e+00 -5.64445496e-01 -8.26009631e-01
    1.95785367e+00 -5.55232823e-01 -1.45121133e+00 5.91015160e-01
    -5.98593831e-01 -1.15030396e+00 1.03269601e+00 -4.26561832e-01
    -1.90934718e+00 1.48615670e+00 -2.09725827e-01 -2.03096247e+00
    1.81591296e+00 -4.82161343e-02 -2.08371687e+00 2.31939957e-01
    -8.15353841e-02 -1.29707873e+00 7.48765707e-01 1.83002472e-01
    -1.95298314e+00 1.14938879e+00 4.27087486e-01 -1.86795831e+00
    1.42980802e+00 5.56349158e-01 -1.73707688e+00 -3.98132578e-03
    3.92919481e-01 -1.18408155e+00 4.68965530e-01 7.04621553e-01
    -1.68417954e+00 8.39379907e-01 9.17765141e-01 -1.52382243e+00
    1.05491173e+00 1.01020741e+00 -1.30958021e+00 -1.82669342e-01
    9.55343664e-01 -9.07673061e-01 3.17591012e-01 1.33040202e+00
    -1.42342293e+00 5.79906642e-01 1.49021411e+00 -1.34289956e+00
    7.87375808e-01 1.60350657e+00 -1.26288211e+00</data></hand_right>
</opencv_storage>
