<?xml version="1.0"?>
<opencv_storage>
<hand_left type_id="opencv-matrix">
  <rows>21</rows>
  <cols>3</cols>
  <dt>f</dt>
  <data>
    -8.29228520e-06 -7.67167239e-06 3.65699771e-06 5.91078281e-01
    -3.87678742e-01 7.08060741e-01 1.33854556e+00 -6.55787885e-01
    -2.42320001e-02 1.73419785e+00 -5.64445138e-01 -8.25592279e-01
    1.95805728e+00 -5.55466056e-01 -1.45072830e+00 5.91191053e-01
    -5.99022806e-01 -1.14995253e+00 1.03270936e+00 -4.27371085e-01
    -1.90920782e+00 1.48595142e+00 -2.10602850e-01 -2.03116727e+00
    1.81556141e+00 -4.91322875e-02 -2.08425713e+00 2.31987610e-01
    -8.21450129e-02 -1.29700780e+00 7.48612285e-01 1.82106256e-01
    -1.95314360e+00 1.14899087e+00 4.26248223e-01 -1.86851668e+00
    1.42920887e+00 5.55555284e-01 -1.73803508e+00 -4.06862050e-03
    3.92297626e-01 -1.18426430e+00 4.68676835e-01 7.03816056e-01
    -1.68462801e+00 8.38893235e-01 9.17087138e-01 -1.52461970e+00
    1.05427730e+00 1.00965130e+00 -1.31076252e+00 -1.82929173e-01
    9.54803467e-01 -9.08137977e-01 3.17121446e-01 1.32971609e+00
    -1.42412651e+00 5.79321504e-01 1.48961020e+00 -1.34375739e+00
    7.86692858e-01 1.60299957e+00 -1.26394391e+00</data></hand_left>
</opencv_storage>
