<?xml version="1.0"?>
<opencv_storage>
<hand_left type_id="opencv-matrix">
  <rows>21</rows>
  <cols>3</cols>
  <dt>f</dt>
  <data>
    -8.29292367e-06 -7.67048368e-06 3.66275026e-06 5.91187179e-01
    -3.87262166e-01 7.08194137e-01 1.33852196e+00 -6.55776680e-01
    -2.40887851e-02 1.73398626e+00 -5.64845920e-01 -8.25581670e-01
    1.95775390e+00 -5.56229413e-01 -1.45076025e+00 5.91064095e-01
    -5.99620521e-01 -1.14969099e+00 1.03247964e+00 -4.28345323e-01
    -1.90906191e+00 1.48574257e+00 -2.11592585e-01 -2.03119135e+00
    1.81540227e+00 -5.01043499e-02 -2.08443832e+00 2.31826156e-01
    -8.28401893e-02 -1.29697132e+00 7.48416305e-01 1.81101769e-01
    -1.95324850e+00 1.14884543e+00 4.25334990e-01 -1.86869228e+00
    1.42917109e+00 5.54774106e-01 -1.73820674e+00 -4.22593579e-03
    3.91648352e-01 -1.18446648e+00 4.68507528e-01 7.02931702e-01
    -1.68495810e+00 8.38772416e-01 9.16312814e-01 -1.52500546e+00
    1.05425644e+00 1.00903428e+00 -1.31108856e+00 -1.83061197e-01
    9.54284728e-01 -9.08630431e-01 3.16982210e-01 1.32892835e+00
    -1.42478645e+00 5.79194903e-01 1.48886275e+00 -1.34449255e+00
    7.86604762e-01 1.60230863e+00 -1.26469791e+00</data></hand_left>
</opencv_storage>
