<?xml version="1.0"?>
<opencv_storage>
<hand_right type_id="opencv-matrix">
  <rows>21</rows>
  <cols>3</cols>
  <dt>f</dt>
  <data>
    -8.29660166e-06 -7.67324309e-06 3.66559175e-06 5.91363192e-01
    -3.87377441e-01 7.08108783e-01 1.33857000e+00 -6.55911922e-01
    -2.43954211e-02 1.73386836e+00 -5.64876080e-01 -8.25946212e-01
    1.95758259e+00 -5.56279719e-01 -1.45125663e+00 5.90807796e-01
    -5.99661767e-01 -1.14989436e+00 1.03229713e+00 -4.28238213e-01
    -1.90911043e+00 1.48557234e+00 -2.11446285e-01 -2.03065491e+00
    1.81510925e+00 -5.00166416e-02 -2.08332443e+00 2.31602326e-01
    -8.27909932e-02 -1.29709983e+00 7.48275161e-01 1.81258768e-01
    -1.95325899e+00 1.14878464e+00 4.25447702e-01 -1.86814916e+00
    1.42903936e+00 5.54775119e-01 -1.73706341e+00 -4.34764475e-03
    3.91750932e-01 -1.18449163e+00 4.68424648e-01 7.03047156e-01
    -1.68499100e+00 8.38830471e-01 9.16360378e-01 -1.52463877e+00
    1.05429935e+00 1.00895023e+00 -1.31022727e+00 -1.83015674e-01
    9.54466939e-01 -9.08590734e-01 3.17084432e-01 1.32902241e+00
    -1.42481399e+00 5.79357922e-01 1.48892152e+00 -1.34444094e+00
    7.86772966e-01 1.60229635e+00 -1.26454866e+00</data></hand_right>
</opencv_storage>
