<?xml version="1.0"?>
<opencv_storage>
<hand_right type_id="opencv-matrix">
  <rows>21</rows>
  <cols>3</cols>
  <dt>f</dt>
  <data>
    -8.28954126e-06 -7.67626443e-06 3.66188624e-06 5.91706395e-01
    -3.87620926e-01 7.07608819e-01 1.33875728e+00 -6.55359745e-01
    -2.52817124e-02 1.73379433e+00 -5.63695252e-01 -8.26903224e-01
    1.95724821e+00 -5.54528236e-01 -1.45223176e+00 5.90603173e-01
    -5.98652363e-01 -1.15046895e+00 1.03162253e+00 -4.26658988e-01
    -1.90989518e+00 1.48479033e+00 -2.09661245e-01 -2.03193283e+00
    1.81435037e+00 -4.80329096e-02 -2.08503675e+00 2.31146365e-01
    -8.18443149e-02 -1.29718554e+00 7.47313321e-01 1.82723686e-01
    -1.95356023e+00 1.14777279e+00 4.27014917e-01 -1.86898708e+00
    1.42813861e+00 5.56434035e-01 -1.73846865e+00 -4.96454909e-03
    3.92515063e-01 -1.18419886e+00 4.67394769e-01 7.04277396e-01
    -1.68477774e+00 8.37748408e-01 9.17658925e-01 -1.52485907e+00
    1.05335951e+00 1.01029491e+00 -1.31095386e+00 -1.83785826e-01
    9.54932451e-01 -9.07858491e-01 3.15869212e-01 1.33006334e+00
    -1.42410111e+00 5.78129828e-01 1.49003768e+00 -1.34387004e+00
    7.85590947e-01 1.60349512e+00 -1.26410329e+00</data></hand_right>
</opencv_storage>
