<?xml version="1.0"?>
<opencv_storage>
<hand_left type_id="opencv-matrix">
  <rows>21</rows>
  <cols>3</cols>
  <dt>f</dt>
  <data>
    -8.29463261e-06 -7.66965240e-06 3.65951018e-06 5.90979397e-01
    -3.87457579e-01 7.08250821e-01 1.33843160e+00 -6.55967116e-01
    -2.39041299e-02 1.73408139e+00 -5.64983368e-01 -8.25298548e-01
    1.95798683e+00 -5.56307673e-01 -1.45042348e+00 5.91221869e-01
    -5.99507987e-01 -1.14965951e+00 1.03280616e+00 -4.28183913e-01
    -1.90892661e+00 1.48612607e+00 -2.11481631e-01 -2.03098321e+00
    1.81582999e+00 -5.00276685e-02 -2.08419371e+00 2.32085660e-01
    -8.26590285e-02 -1.29693127e+00 7.48840868e-01 1.81315094e-01
    -1.95306301e+00 1.14928222e+00 4.25482631e-01 -1.86842763e+00
    1.42962158e+00 5.54875433e-01 -1.73790967e+00 -3.92805785e-03
    3.91840130e-01 -1.18439913e+00 4.68949080e-01 7.03142822e-01
    -1.68473768e+00 8.39211345e-01 9.16457415e-01 -1.52470374e+00
    1.05468345e+00 1.00912821e+00 -1.31074500e+00 -1.82749435e-01
    9.54450250e-01 -9.08508420e-01 3.17450941e-01 1.32911658e+00
    -1.42449355e+00 5.79666197e-01 1.48900890e+00 -1.34412479e+00
    7.87086248e-01 1.60242486e+00 -1.26427388e+00</data></hand_left>
</opencv_storage>
