<?xml version="1.0"?>
<opencv_storage>
<hand_left type_id="opencv-matrix">
  <rows>21</rows>
  <cols>3</cols>
  <dt>f</dt>
  <data>
    -8.29232977e-06 -7.67254824e-06 3.65208689e-06 5.90986311e-01
    -3.88045907e-01 7.07891405e-01 1.33845139e+00 -6.55868888e-01
    -2.44528353e-02 1.73414493e+00 -5.64197063e-01 -8.25742722e-01
    1.95802450e+00 -5.54941773e-01 -1.45081902e+00 5.91190696e-01
    -5.98521411e-01 -1.15017438e+00 1.03273487e+00 -4.26583827e-01
    -1.90936399e+00 1.48603261e+00 -2.09796637e-01 -2.03131652e+00
    1.81571686e+00 -4.82970178e-02 -2.08440709e+00 2.32031479e-01
    -8.15649927e-02 -1.29700112e+00 7.48664975e-01 1.82918727e-01
    -1.95304310e+00 1.14907801e+00 4.27006841e-01 -1.86845946e+00
    1.42935324e+00 5.56274414e-01 -1.73807538e+00 -4.00367379e-03
    3.92830729e-01 -1.18406451e+00 4.68778729e-01 7.04542696e-01
    -1.68426347e+00 8.38985503e-01 9.17725682e-01 -1.52424419e+00
    1.05436158e+00 1.01020098e+00 -1.31045091e+00 -1.82853356e-01
    9.55196440e-01 -9.07693267e-01 3.17224890e-01 1.33034432e+00
    -1.42347527e+00 5.79436958e-01 1.49018562e+00 -1.34302902e+00
    7.86810756e-01 1.60352612e+00 -1.26316500e+00</data></hand_left>
</opencv_storage>
