<?xml version="1.0"?>
<opencv_storage>
<hand_right type_id="opencv-matrix">
  <rows>21</rows>
  <cols>3</cols>
  <dt>f</dt>
  <data>
    -8.29082910e-06 -7.67558049e-06 3.66328777e-06 5.91602147e-01
    -3.87472332e-01 7.07810819e-01 1.33875930e+00 -6.55437589e-01
    -2.49154717e-02 1.73392606e+00 -5.64000249e-01 -8.26503396e-01
    1.95747352e+00 -5.55014908e-01 -1.45180631e+00 5.90748489e-01
    -5.99000454e-01 -1.15024328e+00 1.03188169e+00 -4.27232981e-01
    -1.90965378e+00 1.48501277e+00 -2.10324228e-01 -2.03158975e+00
    1.81451428e+00 -4.87761796e-02 -2.08462381e+00 2.31339931e-01
    -8.21957514e-02 -1.29715729e+00 7.47616470e-01 1.82178482e-01
    -1.95350111e+00 1.14800215e+00 4.26431328e-01 -1.86884010e+00
    1.42825329e+00 5.55807829e-01 -1.73824990e+00 -4.75512072e-03
    3.92216980e-01 -1.18432093e+00 4.67681348e-01 7.03817844e-01
    -1.68492138e+00 8.37980628e-01 9.17193174e-01 -1.52494228e+00
    1.05349481e+00 1.00981927e+00 -1.31097949e+00 -1.83572188e-01
    9.54738855e-01 -9.08148885e-01 3.16179156e-01 1.32968295e+00
    -1.42442179e+00 5.78406572e-01 1.48964548e+00 -1.34416533e+00
    7.85819590e-01 1.60309732e+00 -1.26440680e+00</data></hand_right>
</opencv_storage>
