<?xml version="1.0"?>
<opencv_storage>
<hand_left type_id="opencv-matrix">
  <rows>21</rows>
  <cols>3</cols>
  <dt>f</dt>
  <data>
    -8.29056989e-06 -7.67412985e-06 3.65506207e-06 5.91244698e-01
    -3.87836337e-01 7.07806230e-01 1.33858848e+00 -6.55610383e-01
    -2.46994793e-02 1.73405707e+00 -5.63948631e-01 -8.26104701e-01
    1.95778787e+00 -5.54725766e-01 -1.45125687e+00 5.91023803e-01
    -5.98573446e-01 -1.15024388e+00 1.03238428e+00 -4.26629722e-01
    -1.90952981e+00 1.48564386e+00 -2.09745169e-01 -2.03154635e+00
    1.81530356e+00 -4.81674969e-02 -2.08466601e+00 2.31732279e-01
    -8.17003027e-02 -1.29705226e+00 7.48194337e-01 1.82814300e-01
    -1.95322371e+00 1.14862370e+00 4.27009583e-01 -1.86868834e+00
    1.42894280e+00 5.56367517e-01 -1.73829126e+00 -4.36059758e-03
    3.92670393e-01 -1.18412149e+00 4.68275368e-01 7.04414189e-01
    -1.68444836e+00 8.38516355e-01 9.17698801e-01 -1.52448034e+00
    1.05396318e+00 1.01025534e+00 -1.31066263e+00 -1.83240503e-01
    9.55047429e-01 -9.07787204e-01 3.16678941e-01 1.33021510e+00
    -1.42372274e+00 5.78900993e-01 1.49012303e+00 -1.34334028e+00
    7.86291480e-01 1.60351121e+00 -1.26350164e+00</data></hand_left>
</opencv_storage>
