<?xml version="1.0"?>
<opencv_storage>
<hand_right type_id="opencv-matrix">
  <rows>21</rows>
  <cols>3</cols>
  <dt>f</dt>
  <data>
    -8.29573310e-06 -7.67026177e-06 3.65203687e-06 5.90778530e-01
    -3.88160825e-01 7.08024502e-01 1.33829308e+00 -6.56236887e-01
    -2.42010653e-02 1.73413432e+00 -5.64705610e-01 -8.25428307e-01
    1.95813823e+00 -5.55569351e-01 -1.45049429e+00 5.91240704e-01
    -5.98739445e-01 -1.15004611e+00 1.03299928e+00 -4.26919937e-01
    -1.90909863e+00 1.48634791e+00 -2.10244745e-01 -2.03084111e+00
    1.81602871e+00 -4.88600135e-02 -2.08377576e+00 2.32245460e-01
    -8.16935822e-02 -1.29696810e+00 7.49125004e-01 1.82661951e-01
    -1.95284092e+00 1.14957142e+00 4.26643074e-01 -1.86799097e+00
    1.42980790e+00 5.55809796e-01 -1.73737097e+00 -3.67679819e-03
    3.92773151e-01 -1.18408680e+00 4.69293654e-01 7.04341769e-01
    -1.68418503e+00 8.39557171e-01 9.17429507e-01 -1.52397597e+00
    1.05492508e+00 1.00983739e+00 -1.31000197e+00 -1.82411566e-01
    9.55210686e-01 -9.07780230e-01 3.17878366e-01 1.33017027e+00
    -1.42347646e+00 5.80107093e-01 1.48994446e+00 -1.34297764e+00
    7.87495255e-01 1.60322928e+00 -1.26308775e+00</data></hand_right>
</opencv_storage>
