<?xml version="1.0"?>
<opencv_storage>
<hand_left type_id="opencv-matrix">
  <rows>21</rows>
  <cols>3</cols>
  <dt>f</dt>
  <data>
    -8.29340570e-06 -7.67142228e-06 3.65805477e-06 5.91053128e-01
    -3.87513489e-01 7.08162308e-01 1.33852232e+00 -6.55810595e-01
    -2.40450650e-02 1.73416018e+00 -5.64646721e-01 -8.25413465e-01
    1.95804751e+00 -5.55820823e-01 -1.45053911e+00 5.91203511e-01
    -5.99299908e-01 -1.14978266e+00 1.03276730e+00 -4.27814990e-01
    -1.90903223e+00 1.48606777e+00 -2.11050898e-01 -2.03101158e+00
    1.81574297e+00 -4.95540798e-02 -2.08412123e+00 2.32014298e-01
    -8.24580118e-02 -1.29696381e+00 7.48695493e-01 1.81648850e-01
    -1.95311499e+00 1.14914262e+00 4.25842762e-01 -1.86850750e+00
    1.42945623e+00 5.55236459e-01 -1.73800302e+00 -4.03487310e-03
    3.92009825e-01 -1.18434525e+00 4.68768835e-01 7.03416705e-01
    -1.68471861e+00 8.39036286e-01 9.16746616e-01 -1.52471590e+00
    1.05449247e+00 1.00940347e+00 -1.31080258e+00 -1.82890460e-01
    9.54573572e-01 -9.08365786e-01 3.17216456e-01 1.32936430e+00
    -1.42438579e+00 5.79449296e-01 1.48928344e+00 -1.34403658e+00
    7.86861718e-01 1.60270238e+00 -1.26420212e+00</data></hand_left>
</opencv_storage>
