<?xml version="1.0"?>
<opencv_storage>
<hand_right type_id="opencv-matrix">
  <rows>21</rows>
  <cols>3</cols>
  <dt>f</dt>
  <data>
    -8.29371038e-06 -7.67283655e-06 3.68152087e-06 5.91870964e-01
    -3.86437297e-01 7.08272159e-01 1.33881891e+00 -6.55523479e-01
    -2.43474245e-02 1.73369610e+00 -5.65191627e-01 -8.26161385e-01
    1.95713592e+00 -5.57297349e-01 -1.45161033e+00 5.90561271e-01
    -6.00611687e-01 -1.14958143e+00 1.03166008e+00 -4.29737091e-01
    -1.90907085e+00 1.48456883e+00 -2.12967008e-01 -2.03066683e+00
    1.81374276e+00 -5.16472757e-02 -2.08341742e+00 2.31096417e-01
    -8.39998797e-02 -1.29717708e+00 7.47484744e-01 1.79672822e-01
    -1.95360708e+00 1.14768839e+00 4.23981845e-01 -1.86834359e+00
    1.42759180e+00 5.53334177e-01 -1.73704731e+00 -4.96075302e-03
    3.90579909e-01 -1.18492055e+00 4.67484981e-01 7.01570332e-01
    -1.68585920e+00 8.37769270e-01 9.15082455e-01 -1.52547085e+00
    1.05305755e+00 1.00777102e+00 -1.31086719e+00 -1.83683857e-01
    9.53552067e-01 -9.09485936e-01 3.16082120e-01 1.32769930e+00
    -1.42621148e+00 5.78191221e-01 1.48769867e+00 -1.34599292e+00
    7.85455048e-01 1.60117447e+00 -1.26631939e+00</data></hand_right>
</opencv_storage>
