<?xml version="1.0"?>
<opencv_storage>
<hand_right type_id="opencv-matrix">
  <rows>21</rows>
  <cols>3</cols>
  <dt>f</dt>
  <data>
    -8.29555302e-06 -7.67383790e-06 3.65648293e-06 5.91250479e-01
    -3.88087511e-01 7.07747281e-01 1.33844566e+00 -6.56021118e-01
    -2.49385536e-02 1.73380446e+00 -5.64328611e-01 -8.26397061e-01
    1.95751011e+00 -5.55140018e-01 -1.45165038e+00 5.90760231e-01
    -5.98657548e-01 -1.15039206e+00 1.03222620e+00 -4.26657408e-01
    -1.90953720e+00 1.48559499e+00 -2.09812194e-01 -2.03119874e+00
    1.81527114e+00 -4.83102798e-02 -2.08398890e+00 2.31615260e-01
    -8.16351697e-02 -1.29712009e+00 7.48250067e-01 1.82884663e-01
    -1.95314920e+00 1.14883649e+00 4.26980078e-01 -1.86817956e+00
    1.42922378e+00 5.56235909e-01 -1.73732793e+00 -4.30164859e-03
    3.92813653e-01 -1.18410647e+00 4.68481392e-01 7.04496443e-01
    -1.68434405e+00 8.38902950e-01 9.17655349e-01 -1.52405441e+00
    1.05445671e+00 1.01010764e+00 -1.30984092e+00 -1.82945177e-01
    9.55255091e-01 -9.07702267e-01 3.17163229e-01 1.33027625e+00
    -1.42359197e+00 5.79477251e-01 1.49009633e+00 -1.34313869e+00
    7.86944032e-01 1.60340083e+00 -1.26318169e+00</data></hand_right>
</opencv_storage>
