<?xml version="1.0"?>
<opencv_storage>
<hand_left type_id="opencv-matrix">
  <rows>21</rows>
  <cols>3</cols>
  <dt>f</dt>
  <data>
    -8.29139663e-06 -7.67538677e-06 3.66292898e-06 5.91588318e-01
    -3.87512028e-01 7.07790852e-01 1.33869934e+00 -6.55524015e-01
    -2.49580741e-02 1.73383284e+00 -5.64079821e-01 -8.26559365e-01
    1.95735621e+00 -5.55093050e-01 -1.45187998e+00 5.90670705e-01
    -5.99041045e-01 -1.15025949e+00 1.03185725e+00 -4.27269340e-01
    -1.90963769e+00 1.48508811e+00 -2.10335910e-01 -2.03152132e+00
    1.81466675e+00 -4.87545431e-02 -2.08446670e+00 2.31294811e-01
    -8.22161585e-02 -1.29715669e+00 7.47625113e-01 1.82146266e-01
    -1.95350313e+00 1.14812267e+00 4.26416755e-01 -1.86879849e+00
    1.42845428e+00 5.55818141e-01 -1.73811829e+00 -4.76738065e-03
    3.92211080e-01 -1.18431926e+00 4.67745066e-01 7.03803658e-01
    -1.68489230e+00 8.38096499e-01 9.17164028e-01 -1.52484560e+00
    1.05362356e+00 1.00978506e+00 -1.31079352e+00 -1.83545738e-01
    9.54741240e-01 -9.08146501e-01 3.16264153e-01 1.32967949e+00
    -1.42439556e+00 5.78532934e-01 1.48962784e+00 -1.34410226e+00
    7.85956144e-01 1.60304475e+00 -1.26426601e+00</data></hand_left>
</opencv_storage>
