<?xml version="1.0"?>
<opencv_storage>
<hand_left type_id="opencv-matrix">
  <rows>21</rows>
  <cols>3</cols>
  <dt>f</dt>
  <data>
    -8.29282453e-06 -7.66966423e-06 3.65356209e-06 5.90797186e-01
    -3.87875795e-01 7.08123088e-01 1.33836019e+00 -6.56010866e-01
    -2.39829272e-02 1.73424089e+00 -5.64657092e-01 -8.25198412e-01
    1.95823038e+00 -5.55623889e-01 -1.45021307e+00 5.91322005e-01
    -5.98977268e-01 -1.14984775e+00 1.03298306e+00 -4.27376807e-01
    -1.90903568e+00 1.48623526e+00 -2.10734636e-01 -2.03100109e+00
    1.81586432e+00 -4.93516624e-02 -2.08412862e+00 2.32254237e-01
    -8.20338875e-02 -1.29691899e+00 7.48993278e-01 1.82140529e-01
    -1.95296276e+00 1.14933252e+00 4.26160455e-01 -1.86842287e+00
    1.42947483e+00 5.55368721e-01 -1.73810911e+00 -3.74263525e-03
    3.92424375e-01 -1.18418479e+00 4.69100952e-01 7.03881025e-01
    -1.68445635e+00 8.39260161e-01 9.17044878e-01 -1.52450538e+00
    1.05454874e+00 1.00953531e+00 -1.31082356e+00 -1.82574660e-01
    9.54901576e-01 -9.08033550e-01 3.17574561e-01 1.32979000e+00
    -1.42389309e+00 5.79757452e-01 1.48961425e+00 -1.34350193e+00
    7.87094235e-01 1.60294616e+00 -1.26374030e+00</data></hand_left>
</opencv_storage>
