<?xml version="1.0"?>
<opencv_storage>
<hand_right type_id="opencv-matrix">
  <rows>21</rows>
  <cols>3</cols>
  <dt>f</dt>
  <data>
    -8.29532655e-06 -7.66912581e-06 3.65349115e-06 5.90701282e-01
    -3.87913644e-01 7.08209515e-01 1.33833110e+00 -6.56161368e-01
    -2.38206834e-02 1.73429298e+00 -5.64870834e-01 -8.24998319e-01
    1.95838451e+00 -5.55907965e-01 -1.45002270e+00 5.91414034e-01
    -5.99044919e-01 -1.14977765e+00 1.03321552e+00 -4.27449584e-01
    -1.90884483e+00 1.48649967e+00 -2.10825890e-01 -2.03066111e+00
    1.81612158e+00 -4.94758487e-02 -2.08368635e+00 2.32412145e-01
    -8.20685774e-02 -1.29690242e+00 7.49323487e-01 1.82103410e-01
    -1.95279408e+00 1.14969063e+00 4.26104009e-01 -1.86801910e+00
    1.42985809e+00 5.55298686e-01 -1.73747849e+00 -3.54877114e-03
    3.92414570e-01 -1.18419123e+00 4.69412684e-01 7.03840256e-01
    -1.68436086e+00 8.39635491e-01 9.16993022e-01 -1.52424562e+00
    1.05499053e+00 1.00948405e+00 -1.31036353e+00 -1.82348818e-01
    9.54919875e-01 -9.08070862e-01 3.17938566e-01 1.32973278e+00
    -1.42385066e+00 5.80137908e-01 1.48954892e+00 -1.34342551e+00
    7.87519813e-01 1.60288668e+00 -1.26361597e+00</data></hand_right>
</opencv_storage>
