<?xml version="1.0"?>
<opencv_storage>
<hand_left type_id="opencv-matrix">
  <rows>21</rows>
  <cols>3</cols>
  <dt>f</dt>
  <data>
    -8.29873170e-06 -7.67299480e-06 3.67605571e-06 5.91620445e-01
    -3.86811733e-01 7.08306789e-01 1.33867133e+00 -6.55899405e-01
    -2.42624283e-02 1.73369431e+00 -5.65396428e-01 -8.26018453e-01
    1.95729268e+00 -5.57361841e-01 -1.45146251e+00 5.90681374e-01
    -6.00426316e-01 -1.14964652e+00 1.03207397e+00 -4.29391742e-01
    -1.90894902e+00 1.48526502e+00 -2.12598592e-01 -2.03039837e+00
    1.81468606e+00 -5.12176752e-02 -2.08300948e+00 2.31387123e-01
    -8.36667344e-02 -1.29715908e+00 7.48093843e-01 1.80105850e-01
    -1.95337522e+00 1.14855766e+00 4.24393535e-01 -1.86790454e+00
    1.42875171e+00 5.53792179e-01 -1.73638904e+00 -4.57158312e-03
    3.90946984e-01 -1.18481946e+00 4.68199134e-01 7.02003777e-01
    -1.68546247e+00 8.38645816e-01 9.15444613e-01 -1.52485371e+00
    1.05411911e+00 1.00812817e+00 -1.30999732e+00 -1.83207646e-01
    9.53883648e-01 -9.09265518e-01 3.16905320e-01 1.32808363e+00
    -1.42569923e+00 5.79136431e-01 1.48802781e+00 -1.34533560e+00
    7.86531389e-01 1.60146260e+00 -1.26541996e+00</data></hand_left>
</opencv_storage>
