<?xml version="1.0"?>
<opencv_storage>
<hand_right type_id="opencv-matrix">
  <rows>21</rows>
  <cols>3</cols>
  <dt>f</dt>
  <data>
    -8.29226792e-06 -7.67100391e-06 3.65859114e-06 5.91076970e-01
    -3.87472868e-01 7.08137512e-01 1.33848381e+00 -6.55782163e-01
    -2.41094828e-02 1.73405993e+00 -5.64648986e-01 -8.25517833e-01
    1.95788860e+00 -5.55843174e-01 -1.45063674e+00 5.91130435e-01
    -5.99355042e-01 -1.14976788e+00 1.03260565e+00 -4.27951396e-01
    -1.90909648e+00 1.48590624e+00 -2.11207002e-01 -2.03120208e+00
    1.81560004e+00 -4.97059524e-02 -2.08440137e+00 2.31934026e-01
    -8.25267360e-02 -1.29694736e+00 7.48523533e-01 1.81502610e-01
    -1.95320213e+00 1.14896059e+00 4.25687671e-01 -1.86876190e+00
    1.42928088e+00 5.55080533e-01 -1.73842192e+00 -4.11033630e-03
    3.91941309e-01 -1.18435073e+00 4.68644708e-01 7.03307211e-01
    -1.68477488e+00 8.38873982e-01 9.16623592e-01 -1.52487159e+00
    1.05429697e+00 1.00927746e+00 -1.31107688e+00 -1.82954237e-01
    9.54506516e-01 -9.08393979e-01 3.17116290e-01 1.32927477e+00
    -1.42445087e+00 5.79341710e-01 1.48918176e+00 -1.34410906e+00
    7.86733985e-01 1.60258579e+00 -1.26427817e+00</data></hand_right>
</opencv_storage>
