<?xml version="1.0"?>
<opencv_storage>
<hand_left type_id="opencv-matrix">
  <rows>21</rows>
  <cols>3</cols>
  <dt>f</dt>
  <data>
    -8.29158580e-06 -7.67087113e-06 3.65881101e-06 5.91087997e-01
    -3.87469232e-01 7.08122969e-01 1.33852386e+00 -6.55716300e-01
    -2.41023600e-02 1.73413634e+00 -5.64558387e-01 -8.25469613e-01
    1.95798433e+00 -5.55715799e-01 -1.45057607e+00 5.91170847e-01
    -5.99264503e-01 -1.14978039e+00 1.03262007e+00 -4.27802622e-01
    -1.90909028e+00 1.48583364e+00 -2.11062372e-01 -2.03120303e+00
    1.81544662e+00 -4.95879650e-02 -2.08445382e+00 2.31949851e-01
    -8.24550837e-02 -1.29694545e+00 7.48520613e-01 1.81637824e-01
    -1.95315099e+00 1.14888585e+00 4.25814927e-01 -1.86868250e+00
    1.42913949e+00 5.55186927e-01 -1.73834193e+00 -4.11995500e-03
    3.91990542e-01 -1.18432426e+00 4.68574941e-01 7.03391969e-01
    -1.68476045e+00 8.38794410e-01 9.16723967e-01 -1.52488565e+00
    1.05423546e+00 1.00938761e+00 -1.31114364e+00 -1.82996511e-01
    9.54530716e-01 -9.08338845e-01 3.17009211e-01 1.32932973e+00
    -1.42440128e+00 5.79207540e-01 1.48925161e+00 -1.34411621e+00
    7.86603510e-01 1.60268426e+00 -1.26437533e+00</data></hand_left>
</opencv_storage>
