<?xml version="1.0"?>
<opencv_storage>
<hand_left type_id="opencv-matrix">
  <rows>21</rows>
  <cols>3</cols>
  <dt>f</dt>
  <data>
    -8.29911369e-06 -7.66725316e-06 3.64849620e-06 5.90298235e-01
    -3.88245404e-01 7.08352923e-01 1.33809686e+00 -6.56626701e-01
    -2.34298706e-02 1.73437917e+00 -5.65340757e-01 -8.24453831e-01
    1.95868051e+00 -5.56325316e-01 -1.44937980e+00 5.91602206e-01
    -5.99081576e-01 -1.14966345e+00 1.03373826e+00 -4.27547812e-01
    -1.90858519e+00 1.48719501e+00 -2.11063862e-01 -2.03022766e+00
    1.81695271e+00 -4.97947037e-02 -2.08309722e+00 2.32838422e-01
    -8.19488317e-02 -1.29682982e+00 7.50041366e-01 1.82113588e-01
    -1.95257127e+00 1.15049589e+00 4.25968915e-01 -1.86774909e+00
    1.43070674e+00 5.55071831e-01 -1.73719633e+00 -2.99692154e-03
    3.92603844e-01 -1.18413639e+00 4.70274031e-01 7.03943133e-01
    -1.68409753e+00 8.40480804e-01 9.16935027e-01 -1.52387035e+00
    1.05573773e+00 1.00931025e+00 -1.30994117e+00 -1.81702420e-01
    9.55127299e-01 -9.07992423e-01 3.18910778e-01 1.32987618e+00
    -1.42352939e+00 5.81145585e-01 1.48958004e+00 -1.34294689e+00
    7.88517237e-01 1.60281897e+00 -1.26299536e+00</data></hand_left>
</opencv_storage>
