<?xml version="1.0"?>
<opencv_storage>
<hand_right type_id="opencv-matrix">
  <rows>21</rows>
  <cols>3</cols>
  <dt>f</dt>
  <data>
    -8.29293003e-06 -7.67273741e-06 3.65911001e-06 5.91191471e-01
    -3.87636304e-01 7.08006144e-01 1.33857143e+00 -6.55747890e-01
    -2.43712664e-02 1.73410153e+00 -5.64411521e-01 -8.25774610e-01
    1.95790720e+00 -5.55477440e-01 -1.45093501e+00 5.91094136e-01
    -5.99014878e-01 -1.15000689e+00 1.03251779e+00 -4.27344590e-01
    -1.90927827e+00 1.48569226e+00 -2.10572064e-01 -2.03118658e+00
    1.81524181e+00 -4.91236746e-02 -2.08426666e+00 2.31852576e-01
    -8.21515173e-02 -1.29703498e+00 7.48414695e-01 1.82137400e-01
    -1.95316041e+00 1.14874506e+00 4.26280379e-01 -1.86845207e+00
    1.42894292e+00 5.55582047e-01 -1.73790085e+00 -4.20310721e-03
    3.92283350e-01 -1.18426991e+00 4.68470693e-01 7.03817606e-01
    -1.68465376e+00 8.38699818e-01 9.17106390e-01 -1.52460301e+00
    1.05410600e+00 1.00967026e+00 -1.31065595e+00 -1.83041394e-01
    9.54791248e-01 -9.08135355e-01 3.16948861e-01 1.32969213e+00
    -1.42415202e+00 5.79127908e-01 1.48959041e+00 -1.34379470e+00
    7.86505580e-01 1.60300148e+00 -1.26402116e+00</data></hand_right>
</opencv_storage>
