<?xml version="1.0"?>
<opencv_storage>
<hand_right type_id="opencv-matrix">
  <rows>21</rows>
  <cols>3</cols>
  <dt>f</dt>
  <data>
    -8.29038436e-06 -7.67437632e-06 3.65588699e-06 5.91356754e-01
    -3.87913525e-01 7.07682490e-01 1.33858311e+00 -6.55615330e-01
    -2.49883085e-02 1.73391438e+00 -5.63860178e-01 -8.26459289e-01
    1.95754743e+00 -5.54576397e-01 -1.45165777e+00 5.90863943e-01
    -5.98445177e-01 -1.15040243e+00 1.03211665e+00 -4.26404804e-01
    -1.90972412e+00 1.48536468e+00 -2.09494263e-01 -2.03176379e+00
    1.81501877e+00 -4.79090810e-02 -2.08490562e+00 2.31548414e-01
    -8.15532282e-02 -1.29710042e+00 7.47934401e-01 1.83045745e-01
    -1.95329595e+00 1.14837933e+00 4.27234739e-01 -1.86873531e+00
    1.42872131e+00 5.56575835e-01 -1.73831475e+00 -4.52736020e-03
    3.92805427e-01 -1.18408120e+00 4.68048990e-01 7.04609036e-01
    -1.68442214e+00 8.38320971e-01 9.17873800e-01 -1.52444077e+00
    1.05380595e+00 1.01040292e+00 -1.31060004e+00 -1.83363840e-01
    9.55153406e-01 -9.07659411e-01 3.16499084e-01 1.33037210e+00
    -1.42360973e+00 5.78729630e-01 1.49026620e+00 -1.34323645e+00
    7.86134064e-01 1.60364020e+00 -1.26339948e+00</data></hand_right>
</opencv_storage>
