<?xml version="1.0"?>
<opencv_storage>
<hand_left type_id="opencv-matrix">
  <rows>21</rows>
  <cols>3</cols>
  <dt>f</dt>
  <data>
    -8.28983957e-06 -7.67242091e-06 3.65765663e-06 5.91170907e-01
    -3.87549698e-01 7.08006859e-01 1.33856893e+00 -6.55598044e-01
    -2.43176818e-02 1.73412085e+00 -5.64262033e-01 -8.25706244e-01
    1.95789289e+00 -5.55284202e-01 -1.45081043e+00 5.91119885e-01
    -5.99036038e-01 -1.14993787e+00 1.03249097e+00 -4.27435279e-01
    -1.90929818e+00 1.48569155e+00 -2.10646510e-01 -2.03141999e+00
    1.81530046e+00 -4.91345525e-02 -2.08462858e+00 2.31839776e-01
    -8.22253078e-02 -1.29698837e+00 7.48284101e-01 1.81980565e-01
    -1.95327973e+00 1.14862943e+00 4.26165581e-01 -1.86891890e+00
    1.42883813e+00 5.55521607e-01 -1.73869491e+00 -4.26409766e-03
    3.92187804e-01 -1.18427467e+00 4.68345582e-01 7.03700364e-01
    -1.68474984e+00 8.38508487e-01 9.17018414e-01 -1.52493691e+00
    1.05385673e+00 1.00963044e+00 -1.31129003e+00 -1.83173016e-01
    9.54672754e-01 -9.08177555e-01 3.16720456e-01 1.32962036e+00
    -1.42427158e+00 5.78905702e-01 1.48954606e+00 -1.34396923e+00
    7.86247551e-01 1.60295832e+00 -1.26422775e+00</data></hand_left>
</opencv_storage>
