<?xml version="1.0"?>
<opencv_storage>
<hand_right type_id="opencv-matrix">
  <rows>21</rows>
  <cols>3</cols>
  <dt>f</dt>
  <data>
    -8.29408873e-06 -7.67588608e-06 3.65163305e-06 5.91314793e-01
    -3.88508797e-01 7.07419038e-01 1.33841419e+00 -6.55967355e-01
    -2.55057961e-02 1.73365462e+00 -5.63782334e-01 -8.26989770e-01
    1.95725965e+00 -5.54188490e-01 -1.45224249e+00 5.90662479e-01
    -5.97876012e-01 -1.15082347e+00 1.03199220e+00 -4.25415277e-01
    -1.90999067e+00 1.48542356e+00 -2.08454669e-01 -2.03179789e+00
    1.81521797e+00 -4.68396246e-02 -2.08470845e+00 2.31471762e-01
    -8.07922259e-02 -1.29717159e+00 7.47978568e-01 1.84133947e-01
    -1.95318198e+00 1.14861858e+00 4.28234518e-01 -1.86833835e+00
    1.42914891e+00 5.57504177e-01 -1.73765028e+00 -4.47317213e-03
    3.93560559e-01 -1.18384576e+00 4.68261510e-01 7.05596328e-01
    -1.68391824e+00 8.38670254e-01 9.18695331e-01 -1.52366197e+00
    1.05426645e+00 1.01107013e+00 -1.30952644e+00 -1.83143258e-01
    9.55785155e-01 -9.07067299e-01 3.16896915e-01 1.33121181e+00
    -1.42274404e+00 5.79218626e-01 1.49100113e+00 -1.34219611e+00
    7.86703825e-01 1.60427630e+00 -1.26214945e+00</data></hand_right>
</opencv_storage>
