<?xml version="1.0"?>
<opencv_storage>
<hand_left type_id="opencv-matrix">
  <rows>21</rows>
  <cols>3</cols>
  <dt>f</dt>
  <data>
    -8.29572946e-06 -7.67040910e-06 3.65710412e-06 5.90860724e-01
    -3.87627006e-01 7.08285630e-01 1.33841157e+00 -6.56072617e-01
    -2.37989426e-02 1.73422158e+00 -5.64979613e-01 -8.25089931e-01
    1.95822322e+00 -5.56209862e-01 -1.45018101e+00 5.91273248e-01
    -5.99480748e-01 -1.14967310e+00 1.03302836e+00 -4.28104073e-01
    -1.90882611e+00 1.48636961e+00 -2.11451203e-01 -2.03059268e+00
    1.81602979e+00 -5.00546098e-02 -2.08349681e+00 2.32223421e-01
    -8.25510249e-02 -1.29693699e+00 7.49064744e-01 1.81417227e-01
    -1.95300961e+00 1.14951766e+00 4.25497323e-01 -1.86828017e+00
    1.42974186e+00 5.54776311e-01 -1.73767996e+00 -3.73347849e-03
    3.91982466e-01 -1.18436944e+00 4.69205827e-01 7.03258038e-01
    -1.68469989e+00 8.39461863e-01 9.16481137e-01 -1.52459550e+00
    1.05481470e+00 1.00904310e+00 -1.31063235e+00 -1.82499826e-01
    9.54614580e-01 -9.08436894e-01 3.17767859e-01 1.32925940e+00
    -1.42441654e+00 5.80012441e-01 1.48911095e+00 -1.34400654e+00
    7.87392199e-01 1.60245919e+00 -1.26413989e+00</data></hand_left>
</opencv_storage>
