<?xml version="1.0"?>
<opencv_storage>
<hand_left type_id="opencv-matrix">
  <rows>21</rows>
  <cols>3</cols>
  <dt>f</dt>
  <data>
    -8.29393230e-06 -7.67126039e-06 3.66429276e-06 5.91173291e-01
    -3.87274176e-01 7.08247066e-01 1.33853495e+00 -6.55843973e-01
    -2.39968449e-02 1.73407817e+00 -5.64941049e-01 -8.25410247e-01
    1.95789897e+00 -5.56379676e-01 -1.45059180e+00 5.91031909e-01
    -5.99775195e-01 -1.14965761e+00 1.03255689e+00 -4.28532690e-01
    -1.90891087e+00 1.48570931e+00 -2.11858541e-01 -2.03061962e+00
    1.81515992e+00 -5.05108833e-02 -2.08346915e+00 2.31847823e-01
    -8.29523206e-02 -1.29699993e+00 7.48496771e-01 1.80938601e-01
    -1.95319343e+00 1.14882779e+00 4.25066054e-01 -1.86834896e+00
    1.42888248e+00 5.54327369e-01 -1.73760319e+00 -4.14514169e-03
    3.91583204e-01 -1.18450749e+00 4.68579113e-01 7.02776134e-01
    -1.68506813e+00 8.38820577e-01 9.16074038e-01 -1.52494156e+00
    1.05412126e+00 1.00865662e+00 -1.31088471e+00 -1.82904974e-01
    9.54301775e-01 -9.08705056e-01 3.17140728e-01 1.32881010e+00
    -1.42494440e+00 5.79329133e-01 1.48870695e+00 -1.34463644e+00
    7.86653042e-01 1.60209215e+00 -1.26489902e+00</data></hand_left>
</opencv_storage>
