<?xml version="1.0"?>
<opencv_storage>
<hand_left type_id="opencv-matrix">
  <rows>21</rows>
  <cols>3</cols>
  <dt>f</dt>
  <data>
    -8.29373312e-06 -7.66819721e-06 3.65790606e-06 5.90791464e-01
    -3.87364268e-01 7.08413541e-01 1.33839023e+00 -6.55971169e-01
    -2.35117376e-02 1.73423481e+00 -5.65125465e-01 -8.24821949e-01
    1.95824933e+00 -5.56508660e-01 -1.44985914e+00 5.91417551e-01
    -5.99708200e-01 -1.14942336e+00 1.03311324e+00 -4.28581178e-01
    -1.90870810e+00 1.48645127e+00 -2.11949676e-01 -2.03084421e+00
    1.81618381e+00 -5.05141616e-02 -2.08410335e+00 2.32328773e-01
    -8.28817710e-02 -1.29684889e+00 7.49135911e-01 1.80907264e-01
    -1.95302963e+00 1.14954543e+00 4.25057709e-01 -1.86859608e+00
    1.42983150e+00 5.54448128e-01 -1.73828077e+00 -3.70116904e-03
    3.91637295e-01 -1.18444812e+00 4.69238758e-01 7.02821255e-01
    -1.68481100e+00 8.39415312e-01 9.16131735e-01 -1.52489626e+00
    1.05476892e+00 1.00881410e+00 -1.31111729e+00 -1.82577431e-01
    9.54282582e-01 -9.08684433e-01 3.17680597e-01 1.32887244e+00
    -1.42467630e+00 5.79880953e-01 1.48876560e+00 -1.34429955e+00
    7.87250638e-01 1.60217035e+00 -1.26445580e+00</data></hand_left>
</opencv_storage>
