<?xml version="1.0"?>
<opencv_storage>
<hand_left type_id="opencv-matrix">
  <rows>21</rows>
  <cols>3</cols>
  <dt>f</dt>
  <data>
    -8.29108831e-06 -7.67176152e-06 3.65715050e-06 5.91165364e-01
    -3.87666017e-01 7.07941353e-01 1.33850121e+00 -6.55716598e-01
    -2.44626552e-02 1.73398542e+00 -5.64331770e-01 -8.25893462e-01
    1.95773470e+00 -5.55320144e-01 -1.45102584e+00 5.91058373e-01
    -5.98913550e-01 -1.15002406e+00 1.03240108e+00 -4.27243441e-01
    -1.90938246e+00 1.48565924e+00 -2.10441798e-01 -2.03160119e+00
    1.81535578e+00 -4.89044785e-02 -2.08493805e+00 2.31806502e-01
    -8.20697695e-02 -1.29699171e+00 7.48296499e-01 1.82211891e-01
    -1.95321810e+00 1.14870715e+00 4.26398575e-01 -1.86879921e+00
    1.42905819e+00 5.55788517e-01 -1.73851943e+00 -4.26741317e-03
    3.92335624e-01 -1.18421519e+00 4.68402326e-01 7.03906655e-01
    -1.68457985e+00 8.38625073e-01 9.17209268e-01 -1.52470052e+00
    1.05410314e+00 1.00983465e+00 -1.31095481e+00 -1.83135614e-01
    9.54779267e-01 -9.08046544e-01 3.16835076e-01 1.32976818e+00
    -1.42401946e+00 5.79041839e-01 1.48966944e+00 -1.34367859e+00
    7.86447644e-01 1.60308528e+00 -1.26387179e+00</data></hand_left>
</opencv_storage>
