<?xml version="1.0"?>
<opencv_storage>
<hand_left type_id="opencv-matrix">
  <rows>21</rows>
  <cols>3</cols>
  <dt>f</dt>
  <data>
    -8.29185410e-06 -7.67597521e-06 3.67044208e-06 5.91842592e-01
    -3.87083888e-01 7.07876563e-01 1.33880866e+00 -6.55391455e-01
    -2.49688923e-02 1.73370767e+00 -5.64255893e-01 -8.26699317e-01
    1.95711446e+00 -5.55593967e-01 -1.45211625e+00 5.90471327e-01
    -5.99596024e-01 -1.15010941e+00 1.03155589e+00 -4.28081065e-01
    -1.90953004e+00 1.48468351e+00 -2.11135685e-01 -2.03125000e+00
    1.81411219e+00 -4.95949686e-02 -2.08403587e+00 2.31012255e-01
    -8.28659460e-02 -1.29720116e+00 7.47284889e-01 1.81293666e-01
    -1.95362389e+00 1.14775252e+00 4.25629795e-01 -1.86869466e+00
    1.42798066e+00 5.55048585e-01 -1.73772752e+00 -5.04842028e-03
    3.91608775e-01 -1.18453705e+00 4.67365086e-01 7.03003526e-01
    -1.68531394e+00 8.37774754e-01 9.16453362e-01 -1.52515614e+00
    1.05330861e+00 1.00913668e+00 -1.31088853e+00 -1.83777958e-01
    9.54299450e-01 -9.08617020e-01 3.15935552e-01 1.32896078e+00
    -1.42513478e+00 5.78202009e-01 1.48895621e+00 -1.34493041e+00
    7.85607934e-01 1.60239863e+00 -1.26516533e+00</data></hand_left>
</opencv_storage>
