<?xml version="1.0"?>
<opencv_storage>
<hand_right type_id="opencv-matrix">
  <rows>21</rows>
  <cols>3</cols>
  <dt>f</dt>
  <data>
    -8.29458804e-06 -7.67436359e-06 3.68628343e-06 5.92162013e-01
    -3.86025310e-01 7.08295107e-01 1.33894420e+00 -6.55340672e-01
    -2.44803131e-02 1.73348141e+00 -5.65224409e-01 -8.26508820e-01
    1.95676339e+00 -5.57544649e-01 -1.45211017e+00 5.90333581e-01
    -6.01049185e-01 -1.14950120e+00 1.03133965e+00 -4.30335760e-01
    -1.90905988e+00 1.48444057e+00 -2.13377595e-01 -2.03073931e+00
    1.81378627e+00 -5.18569052e-02 -2.08346701e+00 2.30752021e-01
    -8.45515653e-02 -1.29721212e+00 7.47089267e-01 1.78993136e-01
    -1.95382237e+00 1.14758396e+00 4.23554480e-01 -1.86856472e+00
    1.42785418e+00 5.53201318e-01 -1.73707891e+00 -5.34001738e-03
    3.90049547e-01 -1.18510485e+00 4.67104793e-01 7.00947821e-01
    -1.68617666e+00 8.37621808e-01 9.14678156e-01 -1.52577901e+00
    1.05323303e+00 1.00763428e+00 -1.31093121e+00 -1.84057653e-01
    9.53124046e-01 -9.09890056e-01 3.15692246e-01 1.32713377e+00
    -1.42683411e+00 5.77942491e-01 1.48726010e+00 -1.34670258e+00
    7.85368323e-01 1.60083437e+00 -1.26690674e+00</data></hand_right>
</opencv_storage>
