<?xml version="1.0"?>
<opencv_storage>
<hand_right type_id="opencv-matrix">
  <rows>21</rows>
  <cols>3</cols>
  <dt>f</dt>
  <data>
    -8.28959401e-06 -7.67340680e-06 3.65659980e-06 5.91304839e-01
    -3.87776673e-01 7.07783878e-01 1.33859301e+00 -6.55583262e-01
    -2.47631818e-02 1.73400688e+00 -5.63974977e-01 -8.26198757e-01
    1.95768344e+00 -5.54789126e-01 -1.45136213e+00 5.90950906e-01
    -5.98627090e-01 -1.15024900e+00 1.03222847e+00 -4.26728129e-01
    -1.90958691e+00 1.48542905e+00 -2.09861338e-01 -2.03167200e+00
    1.81503963e+00 -4.83095646e-02 -2.08486295e+00 2.31634900e-01
    -8.17748308e-02 -1.29706252e+00 7.48029232e-01 1.82707071e-01
    -1.95328200e+00 1.14841294e+00 4.26894665e-01 -1.86878765e+00
    1.42868233e+00 5.56233168e-01 -1.73843503e+00 -4.46124002e-03
    3.92594546e-01 -1.18414152e+00 4.68103468e-01 7.04309464e-01
    -1.68453872e+00 8.38327706e-01 9.17598248e-01 -1.52462447e+00
    1.05376220e+00 1.01015472e+00 -1.31086946e+00 -1.83334768e-01
    9.54981744e-01 -9.07826364e-01 3.16509545e-01 1.33011997e+00
    -1.42383242e+00 5.78710318e-01 1.49003077e+00 -1.34350073e+00
    7.86084831e-01 1.60342240e+00 -1.26372898e+00</data></hand_right>
</opencv_storage>
