<?xml version="1.0"?>
<opencv_storage>
<hand_left type_id="opencv-matrix">
  <rows>21</rows>
  <cols>3</cols>
  <dt>f</dt>
  <data>
    -8.29349847e-06 -7.67057463e-06 3.65575283e-06 5.90873718e-01
    -3.87642980e-01 7.08220720e-01 1.33848059e+00 -6.55875504e-01
    -2.38412768e-02 1.73433137e+00 -5.64659059e-01 -8.25083613e-01
    1.95835674e+00 -5.55785656e-01 -1.45013595e+00 5.91407835e-01
    -5.99154651e-01 -1.14972723e+00 1.03308082e+00 -4.27622736e-01
    -1.90888822e+00 1.48631644e+00 -2.10927576e-01 -2.03080583e+00
    1.81591415e+00 -4.95093763e-02 -2.08390713e+00 2.32276559e-01
    -8.22815448e-02 -1.29691541e+00 7.49041200e-01 1.81860909e-01
    -1.95293546e+00 1.14937592e+00 4.25967753e-01 -1.86828673e+00
    1.42955518e+00 5.55263102e-01 -1.73783147e+00 -3.77166644e-03
    3.92176032e-01 -1.18427479e+00 4.69057798e-01 7.03600287e-01
    -1.68456697e+00 8.39260340e-01 9.16873932e-01 -1.52455747e+00
    1.05463922e+00 1.00946701e+00 -1.31072783e+00 -1.82657540e-01
    9.54703569e-01 -9.08247292e-01 3.17491621e-01 1.32952166e+00
    -1.42416489e+00 5.79675078e-01 1.48941588e+00 -1.34380174e+00
    7.87056684e-01 1.60282540e+00 -1.26403451e+00</data></hand_left>
</opencv_storage>
