<?xml version="1.0"?>
<opencv_storage>
<hand_left type_id="opencv-matrix">
  <rows>21</rows>
  <cols>3</cols>
  <dt>f</dt>
  <data>
    -8.29478540e-06 -7.67283382e-06 3.65509300e-06 5.91073930e-01
    -3.87904167e-01 7.07958817e-01 1.33848453e+00 -6.55935168e-01
    -2.44355947e-02 1.73407221e+00 -5.64411938e-01 -8.25801849e-01
    1.95793152e+00 -5.55318713e-01 -1.45096946e+00 5.91101527e-01
    -5.98811626e-01 -1.15011811e+00 1.03270364e+00 -4.26958740e-01
    -1.90925574e+00 1.48607564e+00 -2.10126966e-01 -2.03103733e+00
    1.81578672e+00 -4.86047566e-02 -2.08395910e+00 2.31946766e-01
    -8.18614885e-02 -1.29703522e+00 7.48680532e-01 1.82550907e-01
    -1.95304751e+00 1.14921176e+00 4.26701367e-01 -1.86821187e+00
    1.42958343e+00 5.56032479e-01 -1.73749995e+00 -4.05479968e-03
    3.92579496e-01 -1.18417466e+00 4.68804181e-01 7.04205513e-01
    -1.68438971e+00 8.39142680e-01 9.17442560e-01 -1.52419233e+00
    1.05463755e+00 1.00998187e+00 -1.31009865e+00 -1.82843506e-01
    9.55038667e-01 -9.07921374e-01 3.17315638e-01 1.33003712e+00
    -1.42377734e+00 5.79585671e-01 1.48990583e+00 -1.34332919e+00
    7.87023604e-01 1.60326338e+00 -1.26339388e+00</data></hand_left>
</opencv_storage>
