<?xml version="1.0"?>
<opencv_storage>
<hand_right type_id="opencv-matrix">
  <rows>21</rows>
  <cols>3</cols>
  <dt>f</dt>
  <data>
    -8.29171222e-06 -7.67547226e-06 3.64941116e-06 5.91251254e-01
    -3.88643265e-01 7.07357049e-01 1.33842933e+00 -6.55867100e-01
    -2.55187452e-02 1.73381782e+00 -5.63523412e-01 -8.26881707e-01
    1.95746672e+00 -5.53753138e-01 -1.45205772e+00 5.90725541e-01
    -5.97621322e-01 -1.15088010e+00 1.03200006e+00 -4.25065398e-01
    -1.91005445e+00 1.48527050e+00 -2.08180904e-01 -2.03191280e+00
    1.81492043e+00 -4.66465354e-02 -2.08491158e+00 2.31537312e-01
    -8.05246532e-02 -1.29714835e+00 7.47930050e-01 1.84467137e-01
    -1.95315349e+00 1.14840448e+00 4.28465813e-01 -1.86848032e+00
    1.42873693e+00 5.57606339e-01 -1.73805285e+00 -4.42292541e-03
    3.93793672e-01 -1.18373668e+00 4.68161047e-01 7.05872059e-01
    -1.68387198e+00 8.38472247e-01 9.18909907e-01 -1.52380764e+00
    1.05398023e+00 1.01121414e+00 -1.31001318e+00 -1.83123291e-01
    9.55949485e-01 -9.06847417e-01 3.16777527e-01 1.33146071e+00
    -1.42254126e+00 5.79046965e-01 1.49123228e+00 -1.34208858e+00
    7.86486626e-01 1.60450101e+00 -1.26222551e+00</data></hand_right>
</opencv_storage>
