<?xml version="1.0"?>
<opencv_storage>
<hand_right type_id="opencv-matrix">
  <rows>21</rows>
  <cols>3</cols>
  <dt>f</dt>
  <data>
    -8.29722649e-06 -7.67260735e-06 3.65408687e-06 5.90984464e-01
    -3.88295531e-01 7.07840741e-01 1.33832955e+00 -6.56262755e-01
    -2.46424526e-02 1.73394608e+00 -5.64561129e-01 -8.25953066e-01
    1.95781887e+00 -5.55325270e-01 -1.45112431e+00 5.90968370e-01
    -5.98574400e-01 -1.15032041e+00 1.03263402e+00 -4.26557124e-01
    -1.90934134e+00 1.48597479e+00 -2.09825665e-01 -2.03082800e+00
    1.81559372e+00 -4.84442711e-02 -2.08351731e+00 2.31951192e-01
    -8.14723372e-02 -1.29707396e+00 7.48770654e-01 1.83059111e-01
    -1.95291948e+00 1.14926255e+00 4.27025646e-01 -1.86780715e+00
    1.42951989e+00 5.56147575e-01 -1.73689187e+00 -3.92009690e-03
    3.92996490e-01 -1.18404365e+00 4.69011992e-01 7.04673946e-01
    -1.68413401e+00 8.39348018e-01 9.17716622e-01 -1.52372098e+00
    1.05474806e+00 1.01004028e+00 -1.30946457e+00 -1.82550833e-01
    9.55423534e-01 -9.07593489e-01 3.17714691e-01 1.33043873e+00
    -1.42329371e+00 5.79974234e-01 1.49018312e+00 -1.34273815e+00
    7.87379742e-01 1.60343385e+00 -1.26276314e+00</data></hand_right>
</opencv_storage>
