<?xml version="1.0"?>
<opencv_storage>
<hand_left type_id="opencv-matrix">
  <rows>21</rows>
  <cols>3</cols>
  <dt>f</dt>
  <data>
    -8.29231340e-06 -7.67452002e-06 3.65421010e-06 5.91203749e-01
    -3.88019472e-01 7.07759917e-01 1.33853829e+00 -6.55738354e-01
    -2.47876644e-02 1.73402452e+00 -5.63962638e-01 -8.26160192e-01
    1.95778644e+00 -5.54668188e-01 -1.45132053e+00 5.91007829e-01
    -5.98419309e-01 -1.15034163e+00 1.03242159e+00 -4.26351309e-01
    -1.90954316e+00 1.48568726e+00 -2.09478706e-01 -2.03140926e+00
    1.81532240e+00 -4.79400456e-02 -2.08441615e+00 2.31769308e-01
    -8.14809352e-02 -1.29707003e+00 7.48294294e-01 1.83126912e-01
    -1.95313764e+00 1.14873230e+00 4.27263498e-01 -1.86844385e+00
    1.42903960e+00 5.56555808e-01 -1.73792052e+00 -4.27693129e-03
    3.92894089e-01 -1.18405330e+00 4.68397677e-01 7.04686403e-01
    -1.68430436e+00 8.38674963e-01 9.17906761e-01 -1.52422833e+00
    1.05413842e+00 1.01040030e+00 -1.31030726e+00 -1.83102250e-01
    9.55245674e-01 -9.07619059e-01 3.16872239e-01 1.33044064e+00
    -1.42347777e+00 5.79106927e-01 1.49031150e+00 -1.34306467e+00
    7.86520779e-01 1.60367894e+00 -1.26320243e+00</data></hand_left>
</opencv_storage>
