<?xml version="1.0"?>
<opencv_storage>
<hand_left type_id="opencv-matrix">
  <rows>21</rows>
  <cols>3</cols>
  <dt>f</dt>
  <data>
    -8.28935208e-06 -7.67523125e-06 3.65206051e-06 5.91319740e-01
    -3.88256460e-01 7.07489371e-01 1.33854234e+00 -6.55607402e-01
    -2.52692252e-02 1.73392344e+00 -5.63505054e-01 -8.26654792e-01
    1.95755923e+00 -5.53916812e-01 -1.45180869e+00 5.90818167e-01
    -5.97944260e-01 -1.15064597e+00 1.03201485e+00 -4.25623566e-01
    -1.90992928e+00 1.48521280e+00 -2.08726108e-01 -2.03196764e+00
    1.81482482e+00 -4.71619368e-02 -2.08512354e+00 2.31528640e-01
    -8.09800178e-02 -1.29710639e+00 7.47819960e-01 1.83833763e-01
    -1.95325530e+00 1.14822268e+00 4.27928805e-01 -1.86878991e+00
    1.42851627e+00 5.57168484e-01 -1.73853576e+00 -4.52478230e-03
    3.93331140e-01 -1.18387842e+00 4.67956960e-01 7.05295384e-01
    -1.68417037e+00 8.38207841e-01 9.18464124e-01 -1.52428877e+00
    1.05369699e+00 1.01090050e+00 -1.31064939e+00 -1.83337837e-01
    9.55550015e-01 -9.07200456e-01 3.16444099e-01 1.33096385e+00
    -1.42306399e+00 5.78677177e-01 1.49081743e+00 -1.34271312e+00
    7.86092222e-01 1.60416281e+00 -1.26294363e+00</data></hand_left>
</opencv_storage>
