<?xml version="1.0"?>
<opencv_storage>
<hand_left type_id="opencv-matrix">
  <rows>21</rows>
  <cols>3</cols>
  <dt>f</dt>
  <data>
    -8.29183773e-06 -7.67227903e-06 3.65677442e-06 5.91166914e-01
    -3.87735039e-01 7.07913399e-01 1.33849311e+00 -6.55753136e-01
    -2.45218277e-02 1.73396528e+00 -5.64312100e-01 -8.25952291e-01
    1.95772398e+00 -5.55269063e-01 -1.45109713e+00 5.91042161e-01
    -5.98842919e-01 -1.15007782e+00 1.03240132e+00 -4.27113146e-01
    -1.90940773e+00 1.48567629e+00 -2.10303187e-01 -2.03156614e+00
    1.81538165e+00 -4.87646461e-02 -2.08485198e+00 2.31803790e-01
    -8.19752440e-02 -1.29700553e+00 7.48317838e-01 1.82357460e-01
    -1.95319855e+00 1.14875019e+00 4.26535636e-01 -1.86870849e+00
    1.42912674e+00 5.55915952e-01 -1.73835623e+00 -4.25538421e-03
    3.92430246e-01 -1.18418884e+00 4.68437314e-01 7.04034209e-01
    -1.68451619e+00 8.38682830e-01 9.17319417e-01 -1.52457833e+00
    1.05417585e+00 1.00992393e+00 -1.31076181e+00 -1.83103561e-01
    9.54863489e-01 -9.07976985e-01 3.16897869e-01 1.32987404e+00
    -1.42391074e+00 5.79113603e-01 1.48976421e+00 -1.34354091e+00
    7.86534429e-01 1.60317206e+00 -1.26369834e+00</data></hand_left>
</opencv_storage>
