<?xml version="1.0"?>
<opencv_storage>
<hand_left type_id="opencv-matrix">
  <rows>21</rows>
  <cols>3</cols>
  <dt>f</dt>
  <data>
    -8.29410146e-06 -7.66856465e-06 3.66130189e-06 5.90926528e-01
    -3.87153924e-01 7.08458424e-01 1.33846331e+00 -6.55899942e-01
    -2.35234052e-02 1.73419118e+00 -5.65196633e-01 -8.24915111e-01
    1.95814288e+00 -5.56725860e-01 -1.45001483e+00 5.91330051e-01
    -5.99972308e-01 -1.14936566e+00 1.03298593e+00 -4.28956360e-01
    -1.90868282e+00 1.48632109e+00 -2.12290257e-01 -2.03077173e+00
    1.81603050e+00 -5.08386195e-02 -2.08396959e+00 2.32191548e-01
    -8.31918567e-02 -1.29688156e+00 7.48976648e-01 1.80507571e-01
    -1.95312166e+00 1.14941692e+00 4.24719304e-01 -1.86860824e+00
    1.42971432e+00 5.54159522e-01 -1.73816144e+00 -3.84696200e-03
    3.91350806e-01 -1.18456316e+00 4.69061792e-01 7.02452958e-01
    -1.68502307e+00 8.39287341e-01 9.15828943e-01 -1.52506971e+00
    1.05468130e+00 1.00857067e+00 -1.31118226e+00 -1.82710007e-01
    9.54074204e-01 -9.08920884e-01 3.17514092e-01 1.32855082e+00
    -1.42504716e+00 5.79730988e-01 1.48847902e+00 -1.34471321e+00
    7.87113547e-01 1.60190773e+00 -1.26487470e+00</data></hand_left>
</opencv_storage>
