<?xml version="1.0"?>
<opencv_storage>
<hand_right type_id="opencv-matrix">
  <rows>21</rows>
  <cols>3</cols>
  <dt>f</dt>
  <data>
    -8.29450710e-06 -7.67310212e-06 3.65964229e-06 5.91260731e-01
    -3.87615263e-01 7.07991004e-01 1.33856606e+00 -6.55813456e-01
    -2.44885832e-02 1.73396552e+00 -5.64480364e-01 -8.25973392e-01
    1.95772445e+00 -5.55582583e-01 -1.45121324e+00 5.90981603e-01
    -5.99108636e-01 -1.15004611e+00 1.03247344e+00 -4.27402824e-01
    -1.90926087e+00 1.48581529e+00 -2.10527599e-01 -2.03107834e+00
    1.81549716e+00 -4.89773452e-02 -2.08401585e+00 2.31743976e-01
    -8.22373182e-02 -1.29706609e+00 7.48410940e-01 1.82073355e-01
    -1.95316923e+00 1.14895749e+00 4.26311791e-01 -1.86828077e+00
    1.42935097e+00 5.55718064e-01 -1.73745680e+00 -4.28500399e-03
    3.92217189e-01 -1.18430626e+00 4.68506575e-01 7.03760028e-01
    -1.68464065e+00 8.38890254e-01 9.17092323e-01 -1.52441978e+00
    1.05444062e+00 1.00971508e+00 -1.31020737e+00 -1.83076218e-01
    9.54753995e-01 -9.08198893e-01 3.17012131e-01 1.32963133e+00
    -1.42421389e+00 5.79286575e-01 1.48955023e+00 -1.34381711e+00
    7.86739111e-01 1.60295141e+00 -1.26389539e+00</data></hand_right>
</opencv_storage>
