<?xml version="1.0"?>
<opencv_storage>
<hand_right type_id="opencv-matrix">
  <rows>21</rows>
  <cols>3</cols>
  <dt>f</dt>
  <data>
    -8.29653527e-06 -7.66982976e-06 3.65955884e-06 5.90970457e-01
    -3.87493610e-01 7.08289921e-01 1.33844197e+00 -6.56076789e-01
    -2.38699466e-02 1.73409653e+00 -5.65089107e-01 -8.25275302e-01
    1.95803440e+00 -5.56448102e-01 -1.45043910e+00 5.91233790e-01
    -5.99563181e-01 -1.14967763e+00 1.03297114e+00 -4.28190410e-01
    -1.90883780e+00 1.48637557e+00 -2.11444885e-01 -2.03065062e+00
    1.81610978e+00 -4.99798059e-02 -2.08360267e+00 2.32125193e-01
    -8.26826990e-02 -1.29696953e+00 7.49038696e-01 1.81331053e-01
    -1.95300043e+00 1.14957392e+00 4.25521493e-01 -1.86807513e+00
    1.42992747e+00 5.54912686e-01 -1.73723519e+00 -3.86356935e-03
    3.91843349e-01 -1.18443406e+00 4.69141871e-01 7.03155875e-01
    -1.68470752e+00 8.39481711e-01 9.16466892e-01 -1.52443409e+00
    1.05494547e+00 1.00910461e+00 -1.31019247e+00 -1.82653710e-01
    9.54489827e-01 -9.08554614e-01 3.17651004e-01 1.32913578e+00
    -1.42451370e+00 5.79902470e-01 1.48902702e+00 -1.34407175e+00
    7.87321329e-01 1.60240734e+00 -1.26412773e+00</data></hand_right>
</opencv_storage>
