<?xml version="1.0"?>
<opencv_storage>
<hand_right type_id="opencv-matrix">
  <rows>21</rows>
  <cols>3</cols>
  <dt>f</dt>
  <data>
    -8.29607598e-06 -7.67213987e-06 3.66204517e-06 5.91192424e-01
    -3.87535214e-01 7.08130240e-01 1.33849728e+00 -6.55993700e-01
    -2.42704153e-02 1.73396683e+00 -5.64879060e-01 -8.25733900e-01
    1.95775700e+00 -5.56152225e-01 -1.45097208e+00 5.90903282e-01
    -5.99567354e-01 -1.14987361e+00 1.03248465e+00 -4.28132892e-01
    -1.90907073e+00 1.48580170e+00 -2.11395741e-01 -2.03065991e+00
    1.81539440e+00 -4.99804616e-02 -2.08336353e+00 2.31770307e-01
    -8.26477036e-02 -1.29705608e+00 7.48489022e-01 1.81380898e-01
    -1.95320392e+00 1.14900899e+00 4.25510556e-01 -1.86823678e+00
    1.42925417e+00 5.54794490e-01 -1.73732769e+00 -4.15646285e-03
    3.91898930e-01 -1.18442893e+00 4.68674302e-01 7.03189850e-01
    -1.68488276e+00 8.39040816e-01 9.16437864e-01 -1.52462280e+00
    1.05445862e+00 1.00898647e+00 -1.31039572e+00 -1.82823226e-01
    9.54582632e-01 -9.08480644e-01 3.17334563e-01 1.32917809e+00
    -1.42463136e+00 5.79617143e-01 1.48904157e+00 -1.34424031e+00
    7.87015557e-01 1.60237348e+00 -1.26435101e+00</data></hand_right>
</opencv_storage>
