<?xml version="1.0"?>
<opencv_storage>
<hand_right type_id="opencv-matrix">
  <rows>21</rows>
  <cols>3</cols>
  <dt>f</dt>
  <data>
    -8.29120017e-06 -7.67515121e-06 3.66031782e-06 5.91516852e-01
    -3.87661994e-01 7.07734883e-01 1.33866739e+00 -6.55532777e-01
    -2.49964446e-02 1.73386049e+00 -5.63952565e-01 -8.26543570e-01
    1.95744145e+00 -5.54873824e-01 -1.45181060e+00 5.90759695e-01
    -5.98753214e-01 -1.15032268e+00 1.03195333e+00 -4.26842362e-01
    -1.90965426e+00 1.48514700e+00 -2.09913433e-01 -2.03160286e+00
    1.81472349e+00 -4.83412147e-02 -2.08465600e+00 2.31391266e-01
    -8.19163546e-02 -1.29712999e+00 7.47747183e-01 1.82581022e-01
    -1.95336235e+00 1.14818859e+00 4.26820040e-01 -1.86865103e+00
    1.42850351e+00 5.56192279e-01 -1.73803568e+00 -4.68622521e-03
    3.92469108e-01 -1.18420672e+00 4.67822790e-01 7.04165816e-01
    -1.68466377e+00 8.38155985e-01 9.17501330e-01 -1.52462173e+00
    1.05370283e+00 1.01009643e+00 -1.31062770e+00 -1.83495864e-01
    9.54911113e-01 -9.07925785e-01 3.16311210e-01 1.32996702e+00
    -1.42404366e+00 5.78552365e-01 1.48990381e+00 -1.34373808e+00
    7.85980701e-01 1.60332394e+00 -1.26394176e+00</data></hand_right>
</opencv_storage>
