<?xml version="1.0"?>
<opencv_storage>
<hand_left type_id="opencv-matrix">
  <rows>21</rows>
  <cols>3</cols>
  <dt>f</dt>
  <data>
    -8.29594592e-06 -7.66898120e-06 3.66336963e-06 5.90967357e-01
    -3.86955619e-01 7.08578706e-01 1.33851492e+00 -6.55902147e-01
    -2.33719349e-02 1.73419666e+00 -5.65371275e-01 -8.24821472e-01
    1.95816469e+00 -5.57078242e-01 -1.44997370e+00 5.91352344e-01
    -6.00278795e-01 -1.14923584e+00 1.03308737e+00 -4.29391742e-01
    -1.90852702e+00 1.48651743e+00 -2.12675571e-01 -2.03052449e+00
    1.81629372e+00 -5.11716306e-02 -2.08361292e+00 2.32201919e-01
    -8.35305899e-02 -1.29688680e+00 7.49080420e-01 1.80062741e-01
    -1.95313144e+00 1.14962721e+00 4.24362540e-01 -1.86848593e+00
    1.43003750e+00 5.53906024e-01 -1.73783195e+00 -3.84001061e-03
    3.91047925e-01 -1.18468964e+00 4.69157517e-01 7.02062011e-01
    -1.68515682e+00 8.39464486e-01 9.15518999e-01 -1.52508795e+00
    1.05494142e+00 1.00835156e+00 -1.31097686e+00 -1.82700068e-01
    9.53858793e-01 -9.09200191e-01 3.17613959e-01 1.32821178e+00
    -1.42538142e+00 5.79875469e-01 1.48818231e+00 -1.34502792e+00
    7.87303567e-01 1.60164189e+00 -1.26509809e+00</data></hand_left>
</opencv_storage>
