<?xml version="1.0"?>
<opencv_storage>
<hand_right type_id="opencv-matrix">
  <rows>21</rows>
  <cols>3</cols>
  <dt>f</dt>
  <data>
    -8.28942575e-06 -7.67734309e-06 3.66146651e-06 5.91760933e-01
    -3.87782931e-01 7.07488060e-01 1.33874965e+00 -6.55398846e-01
    -2.54987329e-02 1.73372996e+00 -5.63575983e-01 -8.27120781e-01
    1.95713127e+00 -5.54311275e-01 -1.45245194e+00 5.90526581e-01
    -5.98408043e-01 -1.15065622e+00 1.03154898e+00 -4.26229954e-01
    -1.91002774e+00 1.48466301e+00 -2.09223002e-01 -2.03184605e+00
    1.81414247e+00 -4.76367474e-02 -2.08476472e+00 2.31059507e-01
    -8.15611109e-02 -1.29724193e+00 7.47258067e-01 1.83201894e-01
    -1.95349431e+00 1.14764237e+00 4.27441269e-01 -1.86864972e+00
    1.42787242e+00 5.56753159e-01 -1.73789513e+00 -5.04007563e-03
    3.92778754e-01 -1.18412995e+00 4.67351139e-01 7.04683900e-01
    -1.68459988e+00 8.37639332e-01 9.17983055e-01 -1.52443230e+00
    1.05307841e+00 1.01045358e+00 -1.31030476e+00 -1.83837861e-01
    9.55149174e-01 -9.07649219e-01 3.15825015e-01 1.33040893e+00
    -1.42375529e+00 5.78021944e-01 1.49032450e+00 -1.34338164e+00
    7.85372019e-01 1.60369515e+00 -1.26355481e+00</data></hand_right>
</opencv_storage>
