<?xml version="1.0"?>
<opencv_storage>
<hand_right type_id="opencv-matrix">
  <rows>21</rows>
  <cols>3</cols>
  <dt>f</dt>
  <data>
    -8.29488181e-06 -7.67088659e-06 3.65475034e-06 5.90891361e-01
    -3.87842655e-01 7.08109796e-01 1.33840406e+00 -6.56019211e-01
    -2.40887552e-02 1.73416567e+00 -5.64666986e-01 -8.25372219e-01
    1.95813417e+00 -5.55682659e-01 -1.45046329e+00 5.91248095e-01
    -5.99024534e-01 -1.14989090e+00 1.03292346e+00 -4.27379608e-01
    -1.90902579e+00 1.48626113e+00 -2.10662931e-01 -2.03087234e+00
    1.81594133e+00 -4.92198169e-02 -2.08387947e+00 2.32168287e-01
    -8.20756182e-02 -1.29695034e+00 7.48953462e-01 1.82140455e-01
    -1.95295835e+00 1.14940953e+00 4.26222473e-01 -1.86824763e+00
    1.42970133e+00 5.55505395e-01 -1.73770416e+00 -3.81205603e-03
    3.92394155e-01 -1.18420875e+00 4.69078213e-01 7.03869104e-01
    -1.68443835e+00 8.39355171e-01 9.17077184e-01 -1.52434528e+00
    1.05478919e+00 1.00961947e+00 -1.31041026e+00 -1.82603568e-01
    9.54895258e-01 -9.08071041e-01 3.17614377e-01 1.32975614e+00
    -1.42392683e+00 5.79857469e-01 1.48960590e+00 -1.34350777e+00
    7.87279129e-01 1.60296392e+00 -1.26363659e+00</data></hand_right>
</opencv_storage>
