<?xml version="1.0"?>
<opencv_storage>
<hand_right type_id="opencv-matrix">
  <rows>21</rows>
  <cols>3</cols>
  <dt>f</dt>
  <data>
    -8.29240344e-06 -7.67491656e-06 3.65385085e-06 5.91334999e-01
    -3.88314903e-01 7.07488894e-01 1.33844161e+00 -6.55859828e-01
    -2.53668427e-02 1.73370779e+00 -5.63826680e-01 -8.26828241e-01
    1.95729566e+00 -5.54326177e-01 -1.45205784e+00 5.90649366e-01
    -5.98123193e-01 -1.15067863e+00 1.03191829e+00 -4.25841689e-01
    -1.90990615e+00 1.48523962e+00 -2.08942801e-01 -2.03176165e+00
    1.81492436e+00 -4.73860502e-02 -2.08472180e+00 2.31438249e-01
    -8.10925588e-02 -1.29714179e+00 7.47853577e-01 1.83669984e-01
    -1.95324802e+00 1.14839530e+00 4.27750766e-01 -1.86853385e+00
    1.42878973e+00 5.56983948e-01 -1.73797894e+00 -4.51983884e-03
    3.93275023e-01 -1.18392158e+00 4.68106985e-01 7.05177009e-01
    -1.68415141e+00 8.38454545e-01 9.18291926e-01 -1.52403939e+00
    1.05398226e+00 1.01068783e+00 -1.31009352e+00 -1.83203518e-01
    9.55556214e-01 -9.07267570e-01 3.16733390e-01 1.33085763e+00
    -1.42309356e+00 5.79022765e-01 1.49066067e+00 -1.34265268e+00
    7.86466420e-01 1.60394931e+00 -1.26273489e+00</data></hand_right>
</opencv_storage>
