<?xml version="1.0"?>
<opencv_storage>
<hand_right type_id="opencv-matrix">
  <rows>21</rows>
  <cols>3</cols>
  <dt>f</dt>
  <data>
    -8.29859982e-06 -7.67028359e-06 3.64673406e-06 5.90545833e-01
    -3.88635278e-01 7.07964182e-01 1.33815145e+00 -6.56538725e-01
    -2.42294818e-02 1.73418570e+00 -5.64728558e-01 -8.25328767e-01
    1.95832515e+00 -5.55349708e-01 -1.45034850e+00 5.91323495e-01
    -5.98355651e-01 -1.15020525e+00 1.03327703e+00 -4.26295191e-01
    -1.90908933e+00 1.48671281e+00 -2.09674686e-01 -2.03061724e+00
    1.81644511e+00 -4.83423769e-02 -2.08338737e+00 2.32485011e-01
    -8.11494216e-02 -1.29695857e+00 7.49541879e-01 1.83375672e-01
    -1.95262146e+00 1.15003431e+00 4.27218497e-01 -1.86761332e+00
    1.43029559e+00 5.56263387e-01 -1.73690605e+00 -3.34135070e-03
    3.93326163e-01 -1.18390501e+00 4.69792902e-01 7.05004454e-01
    -1.68377686e+00 8.40081871e-01 9.17934060e-01 -1.52342224e+00
    1.05544114e+00 1.01019716e+00 -1.30937433e+00 -1.81988731e-01
    9.55682933e-01 -9.07375634e-01 3.18494678e-01 1.33075547e+00
    -1.42281413e+00 5.80753207e-01 1.49043441e+00 -1.34219313e+00
    7.88167596e-01 1.60364056e+00 -1.26221013e+00</data></hand_right>
</opencv_storage>
