<?xml version="1.0"?>
<opencv_storage>
<hand_left type_id="opencv-matrix">
  <rows>21</rows>
  <cols>3</cols>
  <dt>f</dt>
  <data>
    -8.28257089e-06 -7.67815163e-06 3.67118309e-06 5.92279255e-01
    -3.87076676e-01 7.07501054e-01 1.33915079e+00 -6.54759347e-01
    -2.56563127e-02 1.73382950e+00 -5.63281178e-01 -8.27497125e-01
    1.95697737e+00 -5.54352701e-01 -1.45290780e+00 5.90396821e-01
    -5.98791718e-01 -1.15058184e+00 1.03091168e+00 -4.26908791e-01
    -1.91032684e+00 1.48357642e+00 -2.09906757e-01 -2.03249598e+00
    1.81268489e+00 -4.83800173e-02 -2.08576417e+00 2.30594799e-01
    -8.21922645e-02 -1.29735529e+00 7.46332228e-01 1.82425439e-01
    -1.95393968e+00 1.14631867e+00 4.26770210e-01 -1.86929631e+00
    1.42616177e+00 5.56075931e-01 -1.73876619e+00 -5.69705293e-03
    3.92108619e-01 -1.18439341e+00 4.66207594e-01 7.03924477e-01
    -1.68531811e+00 8.36302340e-01 9.17419434e-01 -1.52540946e+00
    1.05157053e+00 1.00996447e+00 -1.31150746e+00 -1.84652731e-01
    9.54591632e-01 -9.08149242e-01 3.14520985e-01 1.32973146e+00
    -1.42474890e+00 5.76538980e-01 1.48978674e+00 -1.34458494e+00
    7.83734679e-01 1.60328090e+00 -1.26507258e+00</data></hand_left>
</opencv_storage>
