<?xml version="1.0"?>
<opencv_storage>
<hand_left type_id="opencv-matrix">
  <rows>21</rows>
  <cols>3</cols>
  <dt>f</dt>
  <data>
    -8.29206783e-06 -7.67043639e-06 3.65909045e-06 5.91055751e-01
    -3.87411356e-01 7.08177984e-01 1.33848071e+00 -6.55775189e-01
    -2.40246803e-02 1.73407149e+00 -5.64710379e-01 -8.25438738e-01
    1.95790684e+00 -5.55948853e-01 -1.45054650e+00 5.91186762e-01
    -5.99404097e-01 -1.14970875e+00 1.03265572e+00 -4.28051054e-01
    -1.90906417e+00 1.48594093e+00 -2.11314410e-01 -2.03125024e+00
    1.81564140e+00 -4.98147309e-02 -2.08454156e+00 2.31979772e-01
    -8.25996026e-02 -1.29693317e+00 7.48581648e-01 1.81401968e-01
    -1.95319331e+00 1.14899290e+00 4.25602466e-01 -1.86877680e+00
    1.42931283e+00 5.55016518e-01 -1.73846281e+00 -4.08640876e-03
    3.91864687e-01 -1.18437493e+00 4.68681633e-01 7.03218102e-01
    -1.68479478e+00 8.38881612e-01 9.16552901e-01 -1.52490723e+00
    1.05429065e+00 1.00922740e+00 -1.31112373e+00 -1.82963580e-01
    9.54433680e-01 -9.08455849e-01 3.17110837e-01 1.32919121e+00
    -1.42450237e+00 5.79311609e-01 1.48910415e+00 -1.34415877e+00
    7.86690891e-01 1.60252416e+00 -1.26433301e+00</data></hand_left>
</opencv_storage>
