<?xml version="1.0"?>
<opencv_storage>
<hand_right type_id="opencv-matrix">
  <rows>21</rows>
  <cols>3</cols>
  <dt>f</dt>
  <data>
    -8.28658631e-06 -7.67837628e-06 3.66458698e-06 5.92025042e-01
    -3.87414366e-01 7.07455993e-01 1.33891809e+00 -6.55012965e-01
    -2.56507397e-02 1.73366928e+00 -5.63305438e-01 -8.27424169e-01
    1.95691609e+00 -5.54121435e-01 -1.45281637e+00 5.90412259e-01
    -5.98578751e-01 -1.15061069e+00 1.03113580e+00 -4.26541209e-01
    -1.91022134e+00 1.48424149e+00 -2.09428519e-01 -2.03248167e+00
    1.81379437e+00 -4.76942956e-02 -2.08576012e+00 2.30770677e-01
    -8.18744898e-02 -1.29725099e+00 7.46651888e-01 1.82769567e-01
    -1.95383453e+00 1.14709032e+00 4.27184194e-01 -1.86947727e+00
    1.42751455e+00 5.56717634e-01 -1.73912358e+00 -5.43452054e-03
    3.92430842e-01 -1.18423223e+00 4.66703266e-01 7.04286873e-01
    -1.68496358e+00 8.37038994e-01 9.17784929e-01 -1.52520251e+00
    1.05270410e+00 1.01050806e+00 -1.31139135e+00 -1.84323892e-01
    9.54816222e-01 -9.07877743e-01 3.15090954e-01 1.33005929e+00
    -1.42427921e+00 5.77338576e-01 1.49010658e+00 -1.34412026e+00
    7.84800529e-01 1.60362792e+00 -1.26439226e+00</data></hand_right>
</opencv_storage>
