<?xml version="1.0"?>
<opencv_storage>
<hand_right type_id="opencv-matrix">
  <rows>21</rows>
  <cols>3</cols>
  <dt>f</dt>
  <data>
    -8.28936754e-06 -7.67552956e-06 3.67403345e-06 5.91939270e-01
    -3.86731148e-01 7.07972288e-01 1.33894253e+00 -6.55157804e-01
    -2.47586817e-02 1.73380446e+00 -5.64285278e-01 -8.26544642e-01
    1.95717955e+00 -5.55850565e-01 -1.45192730e+00 5.90631962e-01
    -5.99739015e-01 -1.14995468e+00 1.03156209e+00 -4.28394794e-01
    -1.90954471e+00 1.48451734e+00 -2.11458445e-01 -2.03152204e+00
    1.81385422e+00 -4.99280691e-02 -2.08460617e+00 2.31025562e-01
    -8.31507221e-02 -1.29719460e+00 7.47185349e-01 1.80955127e-01
    -1.95370889e+00 1.14742494e+00 4.25365090e-01 -1.86891341e+00
    1.42752874e+00 5.54851174e-01 -1.73808777e+00 -5.17386571e-03
    3.91284227e-01 -1.18465841e+00 4.67140406e-01 7.02685356e-01
    -1.68549955e+00 8.37362051e-01 9.16251540e-01 -1.52541399e+00
    1.05274069e+00 1.00898814e+00 -1.31118333e+00 -1.84073016e-01
    9.53991830e-01 -9.08876657e-01 3.15511048e-01 1.32867312e+00
    -1.42543924e+00 5.77627420e-01 1.48872530e+00 -1.34522319e+00
    7.84920394e-01 1.60224509e+00 -1.26552331e+00</data></hand_right>
</opencv_storage>
