<?xml version="1.0"?>
<opencv_storage>
<hand_right type_id="opencv-matrix">
  <rows>21</rows>
  <cols>3</cols>
  <dt>f</dt>
  <data>
    -8.29857072e-06 -7.67216716e-06 3.66675408e-06 5.91312885e-01
    -3.87402117e-01 7.08165765e-01 1.33849442e+00 -6.56113207e-01
    -2.43305266e-02 1.73380613e+00 -5.65184116e-01 -8.25891137e-01
    1.95753932e+00 -5.56686580e-01 -1.45122349e+00 5.90753138e-01
    -5.99852681e-01 -1.14984500e+00 1.03231359e+00 -4.28525209e-01
    -1.90902293e+00 1.48562217e+00 -2.11791933e-01 -2.03045917e+00
    1.81515789e+00 -5.04204035e-02 -2.08303452e+00 2.31625721e-01
    -8.29334706e-02 -1.29710531e+00 7.48398840e-01 1.81018040e-01
    -1.95321608e+00 1.14894247e+00 4.25155759e-01 -1.86795855e+00
    1.42919445e+00 5.54436564e-01 -1.73672247e+00 -4.25136834e-03
    3.91658366e-01 -1.18453622e+00 4.68605161e-01 7.02854753e-01
    -1.68501699e+00 8.39054346e-01 9.16119814e-01 -1.52455735e+00
    1.05452991e+00 1.00867534e+00 -1.31002176e+00 -1.82830825e-01
    9.54437494e-01 -9.08685744e-01 3.17373127e-01 1.32886076e+00
    -1.42490292e+00 5.79666734e-01 1.48871958e+00 -1.34450448e+00
    7.87093699e-01 1.60206139e+00 -1.26458311e+00</data></hand_right>
</opencv_storage>
