<?xml version="1.0"?>
<opencv_storage>
<hand_right type_id="opencv-matrix">
  <rows>21</rows>
  <cols>3</cols>
  <dt>f</dt>
  <data>
    -8.28977136e-06 -7.67352594e-06 3.65553524e-06 5.91263175e-01
    -3.87817860e-01 7.07766354e-01 1.33853698e+00 -6.55602098e-01
    -2.47827619e-02 1.73393559e+00 -5.63973069e-01 -8.26228917e-01
    1.95761323e+00 -5.54771662e-01 -1.45137334e+00 5.90957224e-01
    -5.98576725e-01 -1.15024090e+00 1.03219748e+00 -4.26695794e-01
    -1.90961361e+00 1.48544621e+00 -2.09836841e-01 -2.03183579e+00
    1.81513691e+00 -4.82553542e-02 -2.08514595e+00 2.31658652e-01
    -8.17162320e-02 -1.29702866e+00 7.48012304e-01 1.82739049e-01
    -1.95329773e+00 1.14842463e+00 4.26924556e-01 -1.86896908e+00
    1.42878878e+00 5.56297898e-01 -1.73879027e+00 -4.43100184e-03
    3.92645746e-01 -1.18410456e+00 4.68137562e-01 7.04363286e-01
    -1.68446898e+00 8.38351488e-01 9.17643309e-01 -1.52464581e+00
    1.05382729e+00 1.01022351e+00 -1.31097472e+00 -1.83301732e-01
    9.55003202e-01 -9.07771945e-01 3.16568494e-01 1.33016288e+00
    -1.42373276e+00 5.78782499e-01 1.49006534e+00 -1.34338427e+00
    7.86188781e-01 1.60346913e+00 -1.26357281e+00</data></hand_right>
</opencv_storage>
