<?xml version="1.0"?>
<opencv_storage>
<hand_right type_id="opencv-matrix">
  <rows>21</rows>
  <cols>3</cols>
  <dt>f</dt>
  <data>
    -8.29329838e-06 -7.67441543e-06 3.65393612e-06 5.91250896e-01
    -3.88174206e-01 7.07661569e-01 1.33849359e+00 -6.55863464e-01
    -2.50327885e-02 1.73388648e+00 -5.63984931e-01 -8.26467335e-01
    1.95758891e+00 -5.54623604e-01 -1.45167851e+00 5.90862513e-01
    -5.98311007e-01 -1.15050089e+00 1.03226995e+00 -4.26138937e-01
    -1.90968776e+00 1.48560798e+00 -2.09240913e-01 -2.03150415e+00
    1.81530499e+00 -4.76836264e-02 -2.08444571e+00 2.31650889e-01
    -8.13143253e-02 -1.29712057e+00 7.48207211e-01 1.83374763e-01
    -1.95315731e+00 1.14873803e+00 4.27498221e-01 -1.86834347e+00
    1.42911696e+00 5.56773126e-01 -1.73768616e+00 -4.34449688e-03
    3.93069923e-01 -1.18401170e+00 4.68378186e-01 7.04914629e-01
    -1.68420732e+00 8.38724434e-01 9.18089747e-01 -1.52402043e+00
    1.05423343e+00 1.01053262e+00 -1.30997562e+00 -1.83092505e-01
    9.55405831e-01 -9.07485902e-01 3.16930115e-01 1.33063829e+00
    -1.42329931e+00 5.79201818e-01 1.49047530e+00 -1.34283435e+00
    7.86636770e-01 1.60379148e+00 -1.26290202e+00</data></hand_right>
</opencv_storage>
