<?xml version="1.0"?>
<opencv_storage>
<hand_right type_id="opencv-matrix">
  <rows>21</rows>
  <cols>3</cols>
  <dt>f</dt>
  <data>
    -8.29386136e-06 -7.67347046e-06 3.65359847e-06 5.91127276e-01
    -3.88161868e-01 7.07759619e-01 1.33844280e+00 -6.55956805e-01
    -2.47995555e-02 1.73396182e+00 -5.64188957e-01 -8.26169670e-01
    1.95774126e+00 -5.54893196e-01 -1.45133138e+00 5.90945601e-01
    -5.98455191e-01 -1.15036941e+00 1.03242278e+00 -4.26406026e-01
    -1.90953982e+00 1.48574567e+00 -2.09589362e-01 -2.03135705e+00
    1.81541753e+00 -4.80933785e-02 -2.08430433e+00 2.31795505e-01
    -8.14435631e-02 -1.29707813e+00 7.48395085e-01 1.83119550e-01
    -1.95311785e+00 1.14888763e+00 4.27189529e-01 -1.86836767e+00
    1.42921376e+00 5.56425214e-01 -1.73779750e+00 -4.17437032e-03
    3.92968237e-01 -1.18403840e+00 4.68577653e-01 7.04711318e-01
    -1.68425548e+00 8.38891089e-01 9.17858243e-01 -1.52413225e+00
    1.05435574e+00 1.01029527e+00 -1.31017458e+00 -1.82910725e-01
    9.55339670e-01 -9.07577455e-01 3.17152351e-01 1.33047891e+00
    -1.42340815e+00 5.79418361e-01 1.49029994e+00 -1.34296632e+00
    7.86844254e-01 1.60361648e+00 -1.26306975e+00</data></hand_right>
</opencv_storage>
