<?xml version="1.0"?>
<opencv_storage>
<hand_left type_id="opencv-matrix">
  <rows>21</rows>
  <cols>3</cols>
  <dt>f</dt>
  <data>
    -8.29412420e-06 -7.67146139e-06 3.65448182e-06 5.90911448e-01
    -3.87826204e-01 7.08098948e-01 1.33845055e+00 -6.55941010e-01
    -2.40882784e-02 1.73422790e+00 -5.64551830e-01 -8.25356841e-01
    1.95820522e+00 -5.55553436e-01 -1.45043468e+00 5.91301918e-01
    -5.98935306e-01 -1.14990866e+00 1.03296351e+00 -4.27239299e-01
    -1.90904379e+00 1.48624730e+00 -2.10508078e-01 -2.03090191e+00
    1.81588674e+00 -4.90654111e-02 -2.08393264e+00 2.32183188e-01
    -8.20104778e-02 -1.29695714e+00 7.48952508e-01 1.82269335e-01
    -1.95294106e+00 1.14934874e+00 4.26362783e-01 -1.86820865e+00
    1.42958272e+00 5.55640817e-01 -1.73766506e+00 -3.83564457e-03
    3.92435908e-01 -1.18419683e+00 4.69019532e-01 7.03963995e-01
    -1.68441987e+00 8.39259624e-01 9.17190552e-01 -1.52432382e+00
    1.05465877e+00 1.00972700e+00 -1.31040299e+00 -1.82675675e-01
    9.54914570e-01 -9.08037603e-01 3.17493498e-01 1.32983387e+00
    -1.42388022e+00 5.79702854e-01 1.48969746e+00 -1.34346151e+00
    7.87093639e-01 1.60306859e+00 -1.26362467e+00</data></hand_left>
</opencv_storage>
