<?xml version="1.0"?>
<opencv_storage>
<hand_left type_id="opencv-matrix">
  <rows>21</rows>
  <cols>3</cols>
  <dt>f</dt>
  <data>
    -8.29207238e-06 -7.67238089e-06 3.65775713e-06 5.91205418e-01
    -3.87683570e-01 7.07921982e-01 1.33850324e+00 -6.55749798e-01
    -2.45371014e-02 1.73393011e+00 -5.64346671e-01 -8.25996637e-01
    1.95766175e+00 -5.55346429e-01 -1.45116293e+00 5.91005623e-01
    -5.98918915e-01 -1.15006804e+00 1.03236055e+00 -4.27216321e-01
    -1.90940058e+00 1.48564506e+00 -2.10391968e-01 -2.03152895e+00
    1.81535149e+00 -4.88469303e-02 -2.08477569e+00 2.31756836e-01
    -8.20605308e-02 -1.29701626e+00 7.48271942e-01 1.82248950e-01
    -1.95322180e+00 1.14872301e+00 4.26444650e-01 -1.86869550e+00
    1.42910457e+00 5.55837750e-01 -1.73828733e+00 -4.29995731e-03
    3.92353326e-01 -1.18422151e+00 4.68396366e-01 7.03936338e-01
    -1.68456709e+00 8.38656664e-01 9.17234659e-01 -1.52459693e+00
    1.05415189e+00 1.00984836e+00 -1.31072450e+00 -1.83138639e-01
    9.54809010e-01 -9.08041298e-01 3.16861719e-01 1.32978892e+00
    -1.42400610e+00 5.79084694e-01 1.48968506e+00 -1.34363627e+00
    7.86503315e-01 1.60309267e+00 -1.26377928e+00</data></hand_left>
</opencv_storage>
