<?xml version="1.0"?>
<opencv_storage>
<hand_right type_id="opencv-matrix">
  <rows>21</rows>
  <cols>3</cols>
  <dt>f</dt>
  <data>
    -8.29214423e-06 -7.67275014e-06 3.65545861e-06 5.91122985e-01
    -3.87809694e-01 7.07935750e-01 1.33851957e+00 -6.55770004e-01
    -2.44634151e-02 1.73407996e+00 -5.64256370e-01 -8.25849593e-01
    1.95788026e+00 -5.55150986e-01 -1.45098138e+00 5.91108382e-01
    -5.98790228e-01 -1.15010142e+00 1.03257084e+00 -4.26994205e-01
    -1.90936601e+00 1.48585999e+00 -2.10178912e-01 -2.03135443e+00
    1.81554151e+00 -4.86524403e-02 -2.08446097e+00 2.31888220e-01
    -8.18921775e-02 -1.29702187e+00 7.48461008e-01 1.82480276e-01
    -1.95316517e+00 1.14889050e+00 4.26635563e-01 -1.86858714e+00
    1.42919016e+00 5.55967391e-01 -1.73815978e+00 -4.16658446e-03
    3.92521471e-01 -1.18418133e+00 4.68565702e-01 7.04147041e-01
    -1.68448865e+00 8.38796735e-01 9.17402983e-01 -1.52448440e+00
    1.05420852e+00 1.00995064e+00 -1.31063521e+00 -1.83017045e-01
    9.54958498e-01 -9.07941341e-01 3.17009568e-01 1.32999694e+00
    -1.42386508e+00 5.79228520e-01 1.48987961e+00 -1.34346056e+00
    7.86610126e-01 1.60325027e+00 -1.26360571e+00</data></hand_right>
</opencv_storage>
