<?xml version="1.0"?>
<opencv_storage>
<hand_left type_id="opencv-matrix">
  <rows>21</rows>
  <cols>3</cols>
  <dt>f</dt>
  <data>
    -8.29146393e-06 -7.67468373e-06 3.65893379e-06 5.91383517e-01
    -3.87669563e-01 7.07838833e-01 1.33865499e+00 -6.55582607e-01
    -2.47483552e-02 1.73399854e+00 -5.64050555e-01 -8.26236367e-01
    1.95766890e+00 -5.54971695e-01 -1.45147252e+00 5.90921104e-01
    -5.98809958e-01 -1.15022087e+00 1.03222990e+00 -4.26956475e-01
    -1.90953100e+00 1.48547089e+00 -2.10052341e-01 -2.03146625e+00
    1.81508160e+00 -4.84826863e-02 -2.08449435e+00 2.31593743e-01
    -8.19604918e-02 -1.29710007e+00 7.48028755e-01 1.82480395e-01
    -1.95332670e+00 1.14847624e+00 4.26710963e-01 -1.86866224e+00
    1.42879248e+00 5.56088626e-01 -1.73808885e+00 -4.49163467e-03
    3.92440081e-01 -1.18422711e+00 4.68103945e-01 7.04108357e-01
    -1.68465579e+00 8.38398218e-01 9.17437553e-01 -1.52461934e+00
    1.05388880e+00 1.01003051e+00 -1.31064701e+00 -1.83336884e-01
    9.54898536e-01 -9.07984018e-01 3.16556185e-01 1.32994342e+00
    -1.42405808e+00 5.78793049e-01 1.48987818e+00 -1.34371209e+00
    7.86206007e-01 1.60329485e+00 -1.26386595e+00</data></hand_left>
</opencv_storage>
