<?xml version="1.0"?>
<opencv_storage>
<hand_left type_id="opencv-matrix">
  <rows>21</rows>
  <cols>3</cols>
  <dt>f</dt>
  <data>
    -8.29190049e-06 -7.67199890e-06 3.65465212e-06 5.91028631e-01
    -3.87840152e-01 7.07966924e-01 1.33847368e+00 -6.55815125e-01
    -2.43350416e-02 1.73413253e+00 -5.64329028e-01 -8.25647950e-01
    1.95799387e+00 -5.55224657e-01 -1.45073247e+00 5.91174662e-01
    -5.98782659e-01 -1.15003932e+00 1.03266978e+00 -4.27015573e-01
    -1.90927875e+00 1.48592114e+00 -2.10251570e-01 -2.03128743e+00
    1.81556463e+00 -4.87728715e-02 -2.08443856e+00 2.31989905e-01
    -8.18791166e-02 -1.29698253e+00 7.48575091e-01 1.82460502e-01
    -1.95310080e+00 1.14895344e+00 4.26572204e-01 -1.86858189e+00
    1.42920220e+00 5.55868864e-01 -1.73824775e+00 -4.05806303e-03
    3.92533571e-01 -1.18415713e+00 4.68669385e-01 7.04131603e-01
    -1.68446004e+00 8.38870525e-01 9.17365313e-01 -1.52451932e+00
    1.05426061e+00 1.00990736e+00 -1.31077290e+00 -1.82917818e-01
    9.54960048e-01 -9.07918692e-01 3.17106813e-01 1.32998478e+00
    -1.42382061e+00 5.79308033e-01 1.48985648e+00 -1.34344900e+00
    7.86685705e-01 1.60323870e+00 -1.26365399e+00</data></hand_left>
</opencv_storage>
