<?xml version="1.0"?>
<opencv_storage>
<hand_left type_id="opencv-matrix">
  <rows>21</rows>
  <cols>3</cols>
  <dt>f</dt>
  <data>
    -8.29554938e-06 -7.67041274e-06 3.65615824e-06 5.90888023e-01
    -3.87759894e-01 7.08176434e-01 1.33840382e+00 -6.56063080e-01
    -2.39931792e-02 1.73416579e+00 -5.64819455e-01 -8.25289607e-01
    1.95814323e+00 -5.55929184e-01 -1.45039856e+00 5.91255784e-01
    -5.99194407e-01 -1.14981580e+00 1.03296530e+00 -4.27639604e-01
    -1.90894401e+00 1.48629761e+00 -2.10942090e-01 -2.03074408e+00
    1.81596363e+00 -4.95226681e-02 -2.08371592e+00 2.32187733e-01
    -8.22528824e-02 -1.29695201e+00 7.49028563e-01 1.81893989e-01
    -1.95294082e+00 1.14947951e+00 4.25978541e-01 -1.86813068e+00
    1.42975187e+00 5.55260062e-01 -1.73747849e+00 -3.78186628e-03
    3.92240375e-01 -1.18427074e+00 4.69149351e-01 7.03651905e-01
    -1.68450761e+00 8.39430451e-01 9.16867375e-01 -1.52434301e+00
    1.05485475e+00 1.00941634e+00 -1.31031728e+00 -1.82559922e-01
    9.54792142e-01 -9.08208251e-01 3.17699760e-01 1.32956648e+00
    -1.42407894e+00 5.79935491e-01 1.48941278e+00 -1.34364974e+00
    7.87344933e-01 1.60276949e+00 -1.26376593e+00</data></hand_left>
</opencv_storage>
