<?xml version="1.0"?>
<opencv_storage>
<hand_left type_id="opencv-matrix">
  <rows>21</rows>
  <cols>3</cols>
  <dt>f</dt>
  <data>
    -8.29239252e-06 -7.67261190e-06 3.65715323e-06 5.91226935e-01
    -3.87869596e-01 7.07812250e-01 1.33845174e+00 -6.55846238e-01
    -2.47626156e-02 1.73383343e+00 -5.64306140e-01 -8.26230288e-01
    1.95751810e+00 -5.55190563e-01 -1.45142019e+00 5.90881288e-01
    -5.98751366e-01 -1.15022755e+00 1.03222477e+00 -4.26916122e-01
    -1.90952539e+00 1.48552275e+00 -2.10088760e-01 -2.03155828e+00
    1.81521368e+00 -4.85627949e-02 -2.08470345e+00 2.31665477e-01
    -8.18314031e-02 -1.29705477e+00 7.48179317e-01 1.82574674e-01
    -1.95322263e+00 1.14865756e+00 4.26719666e-01 -1.86860001e+00
    1.42902088e+00 5.56044877e-01 -1.73811328e+00 -4.34256345e-03
    3.92583191e-01 -1.18415105e+00 4.68356490e-01 7.04225600e-01
    -1.68446374e+00 8.38644385e-01 9.17450964e-01 -1.52442729e+00
    1.05413342e+00 1.00998604e+00 -1.31051064e+00 -1.83112770e-01
    9.55006719e-01 -9.07850444e-01 3.16890478e-01 1.33003807e+00
    -1.42377889e+00 5.79131424e-01 1.48989117e+00 -1.34338295e+00
    7.86548793e-01 1.60324788e+00 -1.26351345e+00</data></hand_left>
</opencv_storage>
