<?xml version="1.0"?>
<opencv_storage>
<hand_right type_id="opencv-matrix">
  <rows>21</rows>
  <cols>3</cols>
  <dt>f</dt>
  <data>
    -8.29117471e-06 -7.67590791e-06 3.66273866e-06 5.91613829e-01
    -3.87527406e-01 7.07765400e-01 1.33874619e+00 -6.55443192e-01
    -2.50030160e-02 1.73387814e+00 -5.63941061e-01 -8.26601148e-01
    1.95741200e+00 -5.54906726e-01 -1.45191395e+00 5.90719581e-01
    -5.98909676e-01 -1.15029848e+00 1.03184402e+00 -4.27075684e-01
    -1.90969503e+00 1.48501229e+00 -2.10137010e-01 -2.03164005e+00
    1.81455564e+00 -4.85576689e-02 -2.08468318e+00 2.31311277e-01
    -8.20948556e-02 -1.29715955e+00 7.47588873e-01 1.82334721e-01
    -1.95348847e+00 1.14802182e+00 4.26602364e-01 -1.86882365e+00
    1.42834353e+00 5.56004107e-01 -1.73822069e+00 -4.77913395e-03
    3.92307281e-01 -1.18428540e+00 4.67669547e-01 7.03951597e-01
    -1.68484867e+00 8.38002980e-01 9.17328835e-01 -1.52485657e+00
    1.05357051e+00 1.00996614e+00 -1.31086648e+00 -1.83588639e-01
    9.54802394e-01 -9.08068717e-01 3.16175997e-01 1.32978940e+00
    -1.42430294e+00 5.78424215e-01 1.48975122e+00 -1.34403682e+00
    7.85867870e-01 1.60320592e+00 -1.26424730e+00</data></hand_right>
</opencv_storage>
