<?xml version="1.0"?>
<opencv_storage>
<hand_left type_id="opencv-matrix">
  <rows>21</rows>
  <cols>3</cols>
  <dt>f</dt>
  <data>
    -8.29042438e-06 -7.67544316e-06 3.66040967e-06 5.91604769e-01
    -3.87785286e-01 7.07575202e-01 1.33861196e+00 -6.55549288e-01
    -2.53222585e-02 1.73366070e+00 -5.63838303e-01 -8.26921105e-01
    1.95711255e+00 -5.54624319e-01 -1.45221841e+00 5.90545952e-01
    -5.98603487e-01 -1.15049732e+00 1.03161347e+00 -4.26599860e-01
    -1.90988767e+00 1.48482704e+00 -2.09654391e-01 -2.03188872e+00
    1.81443000e+00 -4.80620265e-02 -2.08497119e+00 2.31174752e-01
    -8.17343071e-02 -1.29716134e+00 7.47415066e-01 1.82829097e-01
    -1.95347166e+00 1.14790237e+00 4.27048683e-01 -1.86885142e+00
    1.42827070e+00 5.56406677e-01 -1.73830807e+00 -4.86905873e-03
    3.92639548e-01 -1.18414080e+00 4.67584431e-01 7.04395294e-01
    -1.68462181e+00 8.37927759e-01 9.17681992e-01 -1.52462387e+00
    1.05349457e+00 1.01023889e+00 -1.31068635e+00 -1.83619842e-01
    9.55037296e-01 -9.07746553e-01 3.16130161e-01 1.33016551e+00
    -1.42386246e+00 5.78395367e-01 1.49006748e+00 -1.34356058e+00
    7.85831571e-01 1.60345411e+00 -1.26374090e+00</data></hand_left>
</opencv_storage>
