<?xml version="1.0"?>
<opencv_storage>
<hand_left type_id="opencv-matrix">
  <rows>21</rows>
  <cols>3</cols>
  <dt>f</dt>
  <data>
    -8.29180772e-06 -7.67352958e-06 3.66109657e-06 5.91354847e-01
    -3.87606949e-01 7.07912326e-01 1.33864331e+00 -6.55650377e-01
    -2.46217996e-02 1.73404491e+00 -5.64255834e-01 -8.26082170e-01
    1.95774722e+00 -5.55282831e-01 -1.45132327e+00 5.90929866e-01
    -5.98988593e-01 -1.15012717e+00 1.03225040e+00 -4.27252054e-01
    -1.90942454e+00 1.48536229e+00 -2.10439622e-01 -2.03126264e+00
    1.81481814e+00 -4.89892662e-02 -2.08424830e+00 2.31636807e-01
    -8.21356699e-02 -1.29709840e+00 7.48104334e-01 1.82214305e-01
    -1.95327175e+00 1.14842796e+00 4.26371396e-01 -1.86847448e+00
    1.42856872e+00 5.55643141e-01 -1.73780704e+00 -4.41990048e-03
    3.92294705e-01 -1.18427479e+00 4.68150258e-01 7.03860223e-01
    -1.68475997e+00 8.38411033e-01 9.17154789e-01 -1.52467942e+00
    1.05383193e+00 1.00969815e+00 -1.31067872e+00 -1.83230698e-01
    9.54813719e-01 -9.08101201e-01 3.16658050e-01 1.32971621e+00
    -1.42423391e+00 5.78850567e-01 1.48962951e+00 -1.34391487e+00
    7.86226869e-01 1.60304260e+00 -1.26416206e+00</data></hand_left>
</opencv_storage>
