<?xml version="1.0"?>
<opencv_storage>
<hand_left type_id="opencv-matrix">
  <rows>21</rows>
  <cols>3</cols>
  <dt>f</dt>
  <data>
    -8.29444616e-06 -7.67005986e-06 3.65160008e-06 5.90755105e-01
    -3.88117164e-01 7.08042741e-01 1.33831859e+00 -6.56140804e-01
    -2.41230577e-02 1.73421741e+00 -5.64618945e-01 -8.25318098e-01
    1.95823574e+00 -5.55455565e-01 -1.45033944e+00 5.91306686e-01
    -5.98724604e-01 -1.14999843e+00 1.03301454e+00 -4.26948905e-01
    -1.90911031e+00 1.48630238e+00 -2.10304677e-01 -2.03097773e+00
    1.81595373e+00 -4.89328206e-02 -2.08404303e+00 2.32289121e-01
    -8.17055777e-02 -1.29694188e+00 7.49092519e-01 1.82614997e-01
    -1.95287073e+00 1.14946175e+00 4.26585317e-01 -1.86820352e+00
    1.42964864e+00 5.55747986e-01 -1.73779261e+00 -3.66558880e-03
    3.92746270e-01 -1.18408346e+00 4.69235659e-01 7.04301834e-01
    -1.68423247e+00 8.39433670e-01 9.17401552e-01 -1.52417588e+00
    1.05476761e+00 1.00982761e+00 -1.31039226e+00 -1.82447150e-01
    9.55169618e-01 -9.07790005e-01 3.17776352e-01 1.33014441e+00
    -1.42352009e+00 5.79976678e-01 1.48993063e+00 -1.34306908e+00
    7.87346721e-01 1.60323751e+00 -1.26325250e+00</data></hand_left>
</opencv_storage>
