<?xml version="1.0"?>
<opencv_storage>
<hand_left type_id="opencv-matrix">
  <rows>21</rows>
  <cols>3</cols>
  <dt>f</dt>
  <data>
    -8.29465989e-06 -7.67075289e-06 3.65173264e-06 5.90815008e-01
    -3.88174832e-01 7.07962334e-01 1.33832026e+00 -6.56133056e-01
    -2.42833048e-02 1.73413956e+00 -5.64534068e-01 -8.25502992e-01
    1.95811498e+00 -5.55318713e-01 -1.45054805e+00 5.91242254e-01
    -5.98589242e-01 -1.15010095e+00 1.03289604e+00 -4.26715434e-01
    -1.90920997e+00 1.48617864e+00 -2.10041046e-01 -2.03107381e+00
    1.81583285e+00 -4.86522317e-02 -2.08415461e+00 2.32205451e-01
    -8.15627575e-02 -1.29696333e+00 7.48983920e-01 1.82857424e-01
    -1.95286679e+00 1.14936042e+00 4.26836878e-01 -1.86814642e+00
    1.42959046e+00 5.56012273e-01 -1.73767912e+00 -3.75006348e-03
    3.92870903e-01 -1.18404126e+00 4.69136477e-01 7.04502285e-01
    -1.68414938e+00 8.39350760e-01 9.17601407e-01 -1.52404559e+00
    1.05472684e+00 1.01002097e+00 -1.31019032e+00 -1.82522595e-01
    9.55257833e-01 -9.07675803e-01 3.17687750e-01 1.33029914e+00
    -1.42335510e+00 5.79886317e-01 1.49007881e+00 -1.34288514e+00
    7.87273765e-01 1.60339403e+00 -1.26304126e+00</data></hand_left>
</opencv_storage>
