<?xml version="1.0"?>
<opencv_storage>
<hand_left type_id="opencv-matrix">
  <rows>21</rows>
  <cols>3</cols>
  <dt>f</dt>
  <data>
    -8.29827786e-06 -7.67021083e-06 3.66476229e-06 5.91051221e-01
    -3.87379646e-01 7.08357394e-01 1.33843875e+00 -6.56193674e-01
    -2.38479972e-02 1.73403680e+00 -5.65408051e-01 -8.25280786e-01
    1.95793569e+00 -5.56972980e-01 -1.45049548e+00 5.91071904e-01
    -5.99945605e-01 -1.14961231e+00 1.03276873e+00 -4.28769886e-01
    -1.90878594e+00 1.48603153e+00 -2.12149620e-01 -2.03033328e+00
    1.81555390e+00 -5.08500040e-02 -2.08306861e+00 2.32007429e-01
    -8.30310583e-02 -1.29701948e+00 7.48894453e-01 1.80796698e-01
    -1.95307505e+00 1.14930820e+00 4.24874127e-01 -1.86794043e+00
    1.42943728e+00 5.54110527e-01 -1.73690009e+00 -3.89609113e-03
    3.91570479e-01 -1.18455923e+00 4.69050050e-01 7.02691138e-01
    -1.68498063e+00 8.39357853e-01 9.15931106e-01 -1.52460039e+00
    1.05469036e+00 1.00846982e+00 -1.31023419e+00 -1.82558075e-01
    9.54358995e-01 -9.08791780e-01 3.17735046e-01 1.32874322e+00
    -1.42490578e+00 5.79952836e-01 1.48858368e+00 -1.34448302e+00
    7.87309647e-01 1.60193002e+00 -1.26460421e+00</data></hand_left>
</opencv_storage>
