<?xml version="1.0"?>
<opencv_storage>
<hand_left type_id="opencv-matrix">
  <rows>21</rows>
  <cols>3</cols>
  <dt>f</dt>
  <data>
    -8.29711735e-06 -7.66971971e-06 3.64880134e-06 5.90588093e-01
    -3.88360977e-01 7.08064795e-01 1.33821332e+00 -6.56393111e-01
    -2.40536034e-02 1.73423338e+00 -5.64781308e-01 -8.25185001e-01
    1.95835423e+00 -5.55553377e-01 -1.45018995e+00 5.91373920e-01
    -5.98620832e-01 -1.15003276e+00 1.03326535e+00 -4.26758349e-01
    -1.90901589e+00 1.48665369e+00 -2.10143387e-01 -2.03071737e+00
    1.81637025e+00 -4.87977564e-02 -2.08363557e+00 2.32472584e-01
    -8.15036148e-02 -1.29693258e+00 7.49464571e-01 1.82866797e-01
    -1.95271099e+00 1.14991045e+00 4.26770777e-01 -1.86786127e+00
    1.43014061e+00 5.55880070e-01 -1.73729241e+00 -3.41064483e-03
    3.92974049e-01 -1.18401885e+00 4.69661117e-01 7.04550564e-01
    -1.68400872e+00 8.39906812e-01 9.17564571e-01 -1.52379096e+00
    1.05524755e+00 1.00991774e+00 -1.30986392e+00 -1.82127297e-01
    9.55385506e-01 -9.07648683e-01 3.18278402e-01 1.33036911e+00
    -1.42321837e+00 5.80513358e-01 1.49009871e+00 -1.34267163e+00
    7.87906468e-01 1.60335147e+00 -1.26275587e+00</data></hand_left>
</opencv_storage>
