<?xml version="1.0"?>
<opencv_storage>
<hand_right type_id="opencv-matrix">
  <rows>21</rows>
  <cols>3</cols>
  <dt>f</dt>
  <data>
    -8.29258897e-06 -7.67356141e-06 3.65832011e-06 5.91254890e-01
    -3.87800097e-01 7.07859039e-01 1.33853912e+00 -6.55772209e-01
    -2.46579796e-02 1.73397481e+00 -5.64257503e-01 -8.26075137e-01
    1.95769906e+00 -5.55171669e-01 -1.45125937e+00 5.90925336e-01
    -5.98822355e-01 -1.15018964e+00 1.03231025e+00 -4.27002370e-01
    -1.90943646e+00 1.48550463e+00 -2.10205406e-01 -2.03123975e+00
    1.81504869e+00 -4.87472117e-02 -2.08419657e+00 2.31693730e-01
    -8.19133148e-02 -1.29707158e+00 7.48215914e-01 1.82495236e-01
    -1.95318282e+00 1.14858854e+00 4.26610112e-01 -1.86840940e+00
    1.42879260e+00 5.55865049e-01 -1.73777866e+00 -4.32437286e-03
    3.92511606e-01 -1.18418801e+00 4.68340755e-01 7.04133749e-01
    -1.68453801e+00 8.38586092e-01 9.17356610e-01 -1.52441013e+00
    1.05397010e+00 1.00983810e+00 -1.31040215e+00 -1.83101445e-01
    9.54975367e-01 -9.07925010e-01 3.16876054e-01 1.32996309e+00
    -1.42389333e+00 5.79076469e-01 1.48982286e+00 -1.34348893e+00
    7.86437511e-01 1.60317719e+00 -1.26365709e+00</data></hand_right>
</opencv_storage>
