<?xml version="1.0"?>
<opencv_storage>
<hand_right type_id="opencv-matrix">
  <rows>21</rows>
  <cols>3</cols>
  <dt>f</dt>
  <data>
    -8.29101191e-06 -7.67430356e-06 3.66136760e-06 5.91455162e-01
    -3.87573838e-01 7.07826138e-01 1.33866680e+00 -6.55520141e-01
    -2.48011351e-02 1.73394823e+00 -5.64050317e-01 -8.26295555e-01
    1.95757926e+00 -5.55028439e-01 -1.45154667e+00 5.90839326e-01
    -5.98901629e-01 -1.15018928e+00 1.03206015e+00 -4.27100033e-01
    -1.90950954e+00 1.48519516e+00 -2.10222840e-01 -2.03143191e+00
    1.81469369e+00 -4.87025380e-02 -2.08448577e+00 2.31491387e-01
    -8.20809528e-02 -1.29709244e+00 7.47855306e-01 1.82316363e-01
    -1.95332110e+00 1.14822876e+00 4.26527172e-01 -1.86863196e+00
    1.42846394e+00 5.55869401e-01 -1.73805380e+00 -4.58673760e-03
    3.92319590e-01 -1.18424416e+00 4.67904210e-01 7.03928947e-01
    -1.68474877e+00 8.38202178e-01 9.17266786e-01 -1.52475286e+00
    1.05372488e+00 1.00987482e+00 -1.31082606e+00 -1.83407918e-01
    9.54797328e-01 -9.08043444e-01 3.16397190e-01 1.32975936e+00
    -1.42420375e+00 5.78616679e-01 1.48970008e+00 -1.34394407e+00
    7.86036134e-01 1.60314035e+00 -1.26421022e+00</data></hand_right>
</opencv_storage>
