<?xml version="1.0"?>
<opencv_storage>
<hand_left type_id="opencv-matrix">
  <rows>21</rows>
  <cols>3</cols>
  <dt>f</dt>
  <data>
    -8.29260898e-06 -7.67079109e-06 3.65700748e-06 5.91051340e-01
    -3.87672067e-01 7.08042145e-01 1.33842933e+00 -6.55873775e-01
    -2.42732018e-02 1.73399544e+00 -5.64595938e-01 -8.25683296e-01
    1.95780635e+00 -5.55660188e-01 -1.45080316e+00 5.91102898e-01
    -5.99103510e-01 -1.14991486e+00 1.03256333e+00 -4.27554280e-01
    -1.90924025e+00 1.48588347e+00 -2.10805118e-01 -2.03138709e+00
    1.81561780e+00 -4.93007898e-02 -2.08464599e+00 2.31928781e-01
    -8.22257400e-02 -1.29696822e+00 7.48530030e-01 1.81932136e-01
    -1.95317614e+00 1.14898133e+00 4.26085293e-01 -1.86871552e+00
    1.42933834e+00 5.55451989e-01 -1.73838508e+00 -4.09833714e-03
    3.92223686e-01 -1.18426096e+00 4.68684673e-01 7.03693092e-01
    -1.68459952e+00 8.38912427e-01 9.16957617e-01 -1.52466607e+00
    1.05434775e+00 1.00956011e+00 -1.31086540e+00 -1.82924345e-01
    9.54722583e-01 -9.08166111e-01 3.17168295e-01 1.32960427e+00
    -1.42411733e+00 5.79391479e-01 1.48947573e+00 -1.34373188e+00
    7.86788464e-01 1.60285652e+00 -1.26386917e+00</data></hand_left>
</opencv_storage>
