<?xml version="1.0"?>
<opencv_storage>
<hand_right type_id="opencv-matrix">
  <rows>21</rows>
  <cols>3</cols>
  <dt>f</dt>
  <data>
    -8.29195960e-06 -7.67500751e-06 3.68294673e-06 5.92152297e-01
    -3.86374652e-01 7.08089352e-01 1.33896160e+00 -6.55285537e-01
    -2.47568190e-02 1.73358655e+00 -5.64829469e-01 -8.26698363e-01
    1.95685601e+00 -5.56854486e-01 -1.45221889e+00 5.90377927e-01
    -6.00408673e-01 -1.14980567e+00 1.03125012e+00 -4.29379791e-01
    -1.90941226e+00 1.48413193e+00 -2.12490022e-01 -2.03114915e+00
    1.81332541e+00 -5.10677099e-02 -2.08401418e+00 2.30763882e-01
    -8.38525817e-02 -1.29726148e+00 7.46953428e-01 1.79991126e-01
    -1.95380831e+00 1.14717722e+00 4.24404502e-01 -1.86862719e+00
    1.42717659e+00 5.53854704e-01 -1.73736703e+00 -5.36186993e-03
    3.90674472e-01 -1.18490589e+00 4.66932237e-01 7.01818526e-01
    -1.68590903e+00 8.37240577e-01 9.15417075e-01 -1.52557814e+00
    1.05261731e+00 1.00816262e+00 -1.31096089e+00 -1.84126019e-01
    9.53591704e-01 -9.09380913e-01 3.15466642e-01 1.32790017e+00
    -1.42617691e+00 5.77578187e-01 1.48795247e+00 -1.34599209e+00
    7.84863174e-01 1.60147631e+00 -1.26631355e+00</data></hand_right>
</opencv_storage>
