<?xml version="1.0"?>
<opencv_storage>
<hand_left type_id="opencv-matrix">
  <rows>21</rows>
  <cols>3</cols>
  <dt>f</dt>
  <data>
    -8.29689361e-06 -7.66858466e-06 3.65780079e-06 5.90761364e-01
    -3.87522817e-01 7.08416522e-01 1.33835900e+00 -6.56185269e-01
    -2.35428065e-02 1.73422444e+00 -5.65283120e-01 -8.24835241e-01
    1.95828795e+00 -5.56664228e-01 -1.44991660e+00 5.91389656e-01
    -5.99682450e-01 -1.14950633e+00 1.03323865e+00 -4.28439498e-01
    -1.90864491e+00 1.48665214e+00 -2.11792350e-01 -2.03049183e+00
    1.81639743e+00 -5.03813624e-02 -2.08348727e+00 2.32369855e-01
    -8.27754736e-02 -1.29689443e+00 7.49339402e-01 1.81087911e-01
    -1.95293319e+00 1.14984584e+00 4.25210178e-01 -1.86817479e+00
    1.43016100e+00 5.54564714e-01 -1.73753119e+00 -3.59208509e-03
    3.91777188e-01 -1.18443978e+00 4.69464689e-01 7.02977657e-01
    -1.68471813e+00 8.39751065e-01 9.16246593e-01 -1.52457976e+00
    1.05516207e+00 1.00888586e+00 -1.31054044e+00 -1.82385519e-01
    9.54446852e-01 -9.08621013e-01 3.17984641e-01 1.32901192e+00
    -1.42456269e+00 5.80234408e-01 1.48887932e+00 -1.34414685e+00
    7.87647545e-01 1.60225832e+00 -1.26424515e+00</data></hand_left>
</opencv_storage>
