<?xml version="1.0"?>
<opencv_storage>
<hand_left type_id="opencv-matrix">
  <rows>21</rows>
  <cols>3</cols>
  <dt>f</dt>
  <data>
    -8.29724559e-06 -7.66990161e-06 3.66040354e-06 5.90922832e-01
    -3.87260944e-01 7.08474934e-01 1.33851218e+00 -6.55993462e-01
    -2.35323906e-02 1.73425651e+00 -5.65189302e-01 -8.24920893e-01
    1.95828199e+00 -5.56701660e-01 -1.45008159e+00 5.91405153e-01
    -5.99860787e-01 -1.14944994e+00 1.03324723e+00 -4.28654969e-01
    -1.90859246e+00 1.48670101e+00 -2.11888939e-01 -2.03038263e+00
    1.81646395e+00 -5.03848195e-02 -2.08329821e+00 2.32283071e-01
    -8.30366164e-02 -1.29692996e+00 7.49268830e-01 1.80828512e-01
    -1.95298588e+00 1.14984107e+00 4.25092518e-01 -1.86808562e+00
    1.43023837e+00 5.54573298e-01 -1.73721981e+00 -3.74458358e-03
    3.91512752e-01 -1.18455315e+00 4.69313025e-01 7.02714205e-01
    -1.68486655e+00 8.39668632e-01 9.16114688e-01 -1.52461600e+00
    1.05516338e+00 1.00885701e+00 -1.31034851e+00 -1.82595029e-01
    9.54236150e-01 -9.08854544e-01 3.17766845e-01 1.32876539e+00
    -1.42488348e+00 5.80037355e-01 1.48871219e+00 -1.34446454e+00
    7.87481666e-01 1.60214293e+00 -1.26449597e+00</data></hand_left>
</opencv_storage>
