<?xml version="1.0"?>
<opencv_storage>
<hand_right type_id="opencv-matrix">
  <rows>21</rows>
  <cols>3</cols>
  <dt>f</dt>
  <data>
    -8.29159399e-06 -7.67370238e-06 3.65556252e-06 5.91248691e-01
    -3.87908697e-01 7.07764387e-01 1.33850658e+00 -6.55730307e-01
    -2.48180479e-02 1.73390698e+00 -5.64069629e-01 -8.26258421e-01
    1.95760071e+00 -5.54857194e-01 -1.45142651e+00 5.90898395e-01
    -5.98606884e-01 -1.15028548e+00 1.03221750e+00 -4.26693738e-01
    -1.90959167e+00 1.48551166e+00 -2.09842503e-01 -2.03163934e+00
    1.81520748e+00 -4.82844412e-02 -2.08478570e+00 2.31652990e-01
    -8.16927180e-02 -1.29705596e+00 7.48092771e-01 1.82772696e-01
    -1.95326173e+00 1.14856672e+00 4.26926970e-01 -1.86876118e+00
    1.42894101e+00 5.56262970e-01 -1.73839486e+00 -4.38069925e-03
    3.92698616e-01 -1.18410587e+00 4.68257666e-01 7.04398036e-01
    -1.68443823e+00 8.38532686e-01 9.17635381e-01 -1.52449024e+00
    1.05402422e+00 1.01017523e+00 -1.31068158e+00 -1.83180034e-01
    9.55084443e-01 -9.07751560e-01 3.16766977e-01 1.33020198e+00
    -1.42369068e+00 5.79017937e-01 1.49007487e+00 -1.34331393e+00
    7.86440909e-01 1.60344326e+00 -1.26345360e+00</data></hand_right>
</opencv_storage>
