<?xml version="1.0"?>
<opencv_storage>
<hand_right type_id="opencv-matrix">
  <rows>21</rows>
  <cols>3</cols>
  <dt>f</dt>
  <data>
    -8.29246983e-06 -7.67401434e-06 3.65318715e-06 5.91192901e-01
    -3.88240963e-01 7.07655370e-01 1.33847260e+00 -6.55878425e-01
    -2.49877870e-02 1.73395061e+00 -5.63973308e-01 -8.26356947e-01
    1.95768189e+00 -5.54564714e-01 -1.45152342e+00 5.90891957e-01
    -5.98246574e-01 -1.15050149e+00 1.03229141e+00 -4.26069558e-01
    -1.90968692e+00 1.48554969e+00 -2.09235758e-01 -2.03150821e+00
    1.81516564e+00 -4.77447510e-02 -2.08446574e+00 2.31704161e-01
    -8.12329501e-02 -1.29710650e+00 7.48222291e-01 1.83448404e-01
    -1.95314825e+00 1.14866066e+00 4.27500814e-01 -1.86840618e+00
    1.42892039e+00 5.56693077e-01 -1.73786616e+00 -4.28288803e-03
    3.93148124e-01 -1.18397582e+00 4.68387604e-01 7.04983592e-01
    -1.68420529e+00 8.38669181e-01 9.18108702e-01 -1.52409887e+00
    1.05409658e+00 1.01049721e+00 -1.31019950e+00 -1.83030903e-01
    9.55467939e-01 -9.07412231e-01 3.16943765e-01 1.33070803e+00
    -1.42323756e+00 5.79184830e-01 1.49052298e+00 -1.34280503e+00
    7.86580324e-01 1.60382617e+00 -1.26294851e+00</data></hand_right>
</opencv_storage>
