<?xml version="1.0"?>
<opencv_storage>
<hand_right type_id="opencv-matrix">
  <rows>21</rows>
  <cols>3</cols>
  <dt>f</dt>
  <data>
    -8.29283090e-06 -7.67012352e-06 3.65790265e-06 5.90991497e-01
    -3.87513071e-01 7.08178997e-01 1.33845270e+00 -6.55853510e-01
    -2.39973068e-02 1.73410571e+00 -5.64745784e-01 -8.25377584e-01
    1.95798850e+00 -5.55951238e-01 -1.45047510e+00 5.91231585e-01
    -5.99320352e-01 -1.14973080e+00 1.03275466e+00 -4.27918166e-01
    -1.90904462e+00 1.48605895e+00 -2.11196482e-01 -2.03119516e+00
    1.81577313e+00 -4.97111082e-02 -2.08446908e+00 2.32060954e-01
    -8.24817717e-02 -1.29692805e+00 7.48713732e-01 1.81555688e-01
    -1.95312893e+00 1.14913011e+00 4.25726026e-01 -1.86867619e+00
    1.42945850e+00 5.55116475e-01 -1.73834848e+00 -3.98740545e-03
    3.91984522e-01 -1.18433690e+00 4.68820274e-01 7.03360140e-01
    -1.68469810e+00 8.39029312e-01 9.16668296e-01 -1.52478111e+00
    1.05445266e+00 1.00931990e+00 -1.31098175e+00 -1.82851464e-01
    9.54534709e-01 -9.08373117e-01 3.17271411e-01 1.32931566e+00
    -1.42436004e+00 5.79476476e-01 1.48921454e+00 -1.34399557e+00
    7.86872566e-01 1.60262752e+00 -1.26415825e+00</data></hand_right>
</opencv_storage>
