<?xml version="1.0"?>
<opencv_storage>
<hand_right type_id="opencv-matrix">
  <rows>21</rows>
  <cols>3</cols>
  <dt>f</dt>
  <data>
    -8.29585224e-06 -7.67242454e-06 3.65342885e-06 5.91015041e-01
    -3.88212770e-01 7.07835555e-01 1.33836412e+00 -6.56137109e-01
    -2.46538669e-02 1.73395491e+00 -5.64432621e-01 -8.25986624e-01
    1.95780683e+00 -5.55192471e-01 -1.45115101e+00 5.90985537e-01
    -5.98568022e-01 -1.15029240e+00 1.03259540e+00 -4.26568359e-01
    -1.90937090e+00 1.48596907e+00 -2.09792525e-01 -2.03104973e+00
    1.81566143e+00 -4.83357012e-02 -2.08389711e+00 2.31921166e-01
    -8.15125257e-02 -1.29705155e+00 7.48681247e-01 1.83002055e-01
    -1.95297301e+00 1.14921308e+00 4.27032232e-01 -1.86803496e+00
    1.42955434e+00 5.56239128e-01 -1.73727345e+00 -3.99204344e-03
    3.92934084e-01 -1.18404841e+00 4.68894333e-01 7.04617798e-01
    -1.68417239e+00 8.39244664e-01 9.17721808e-01 -1.52389431e+00
    1.05472636e+00 1.01013434e+00 -1.30977631e+00 -1.82673022e-01
    9.55341101e-01 -9.07624424e-01 3.17538977e-01 1.33039010e+00
    -1.42336285e+00 5.79819322e-01 1.49017537e+00 -1.34286523e+00
    7.87258089e-01 1.60346115e+00 -1.26291037e+00</data></hand_right>
</opencv_storage>
