<?xml version="1.0"?>
<opencv_storage>
<hand_right type_id="opencv-matrix">
  <rows>21</rows>
  <cols>3</cols>
  <dt>f</dt>
  <data>
    -8.29707096e-06 -7.67216625e-06 3.66718541e-06 5.91299117e-01
    -3.87281030e-01 7.08214641e-01 1.33855641e+00 -6.55958295e-01
    -2.41771787e-02 1.73393130e+00 -5.65079391e-01 -8.25692356e-01
    1.95770383e+00 -5.56613922e-01 -1.45098269e+00 5.90908587e-01
    -5.99817455e-01 -1.14975655e+00 1.03243399e+00 -4.28507268e-01
    -1.90895212e+00 1.48563290e+00 -2.11776406e-01 -2.03047895e+00
    1.81508958e+00 -5.04182279e-02 -2.08317828e+00 2.31722206e-01
    -8.29657838e-02 -1.29707015e+00 7.48451412e-01 1.81001976e-01
    -1.95317447e+00 1.14886367e+00 4.25160527e-01 -1.86798918e+00
    1.42902231e+00 5.54451585e-01 -1.73686409e+00 -4.23123315e-03
    3.91591012e-01 -1.18454182e+00 4.68555361e-01 7.02811360e-01
    -1.68503952e+00 8.38917553e-01 9.16126490e-01 -1.52466059e+00
    1.05434370e+00 1.00871682e+00 -1.31022346e+00 -1.82915539e-01
    9.54345584e-01 -9.08727288e-01 3.17209482e-01 1.32880521e+00
    -1.42494583e+00 5.79433441e-01 1.48870122e+00 -1.34458554e+00
    7.86826730e-01 1.60209918e+00 -1.26474762e+00</data></hand_right>
</opencv_storage>
