<?xml version="1.0"?>
<opencv_storage>
<hand_right type_id="opencv-matrix">
  <rows>21</rows>
  <cols>3</cols>
  <dt>f</dt>
  <data>
    -8.29214878e-06 -7.67392430e-06 3.65166034e-06 5.91164112e-01
    -3.88302743e-01 7.07608104e-01 1.33841252e+00 -6.55887067e-01
    -2.50623226e-02 1.73386323e+00 -5.63927293e-01 -8.26446891e-01
    1.95756888e+00 -5.54457545e-01 -1.45159841e+00 5.90852320e-01
    -5.98177850e-01 -1.15052378e+00 1.03220963e+00 -4.26003218e-01
    -1.90975463e+00 1.48553658e+00 -2.09166169e-01 -2.03171325e+00
    1.81524956e+00 -4.76297438e-02 -2.08478022e+00 2.31681794e-01
    -8.11519697e-02 -1.29707778e+00 7.48149991e-01 1.83513626e-01
    -1.95317972e+00 1.14864540e+00 4.27569270e-01 -1.86862433e+00
    1.42901349e+00 5.56799889e-01 -1.73826146e+00 -4.29333001e-03
    3.93220365e-01 -1.18392742e+00 4.68383104e-01 7.05067754e-01
    -1.68413043e+00 8.38664949e-01 9.18179691e-01 -1.52412045e+00
    1.05413592e+00 1.01058698e+00 -1.31032538e+00 -1.83028996e-01
    9.55504298e-01 -9.07332003e-01 3.16963792e-01 1.33078444e+00
    -1.42311478e+00 5.79230666e-01 1.49058771e+00 -1.34266627e+00
    7.86653936e-01 1.60388589e+00 -1.26276779e+00</data></hand_right>
</opencv_storage>
