<?xml version="1.0"?>
<opencv_storage>
<hand_right type_id="opencv-matrix">
  <rows>21</rows>
  <cols>3</cols>
  <dt>f</dt>
  <data>
    -8.29246710e-06 -7.67239817e-06 3.65878032e-06 5.91189027e-01
    -3.87552977e-01 7.08024979e-01 1.33853316e+00 -6.55731082e-01
    -2.43578404e-02 1.73399997e+00 -5.64454556e-01 -8.25812340e-01
    1.95776820e+00 -5.55566609e-01 -1.45097756e+00 5.91066837e-01
    -5.99125683e-01 -1.14993966e+00 1.03248477e+00 -4.27532732e-01
    -1.90924358e+00 1.48577476e+00 -2.10715383e-01 -2.03128958e+00
    1.81545949e+00 -4.91793752e-02 -2.08444524e+00 2.31820479e-01
    -8.22900087e-02 -1.29699969e+00 7.48382390e-01 1.81921884e-01
    -1.95319974e+00 1.14882755e+00 4.26133960e-01 -1.86861968e+00
    1.42917454e+00 5.55537820e-01 -1.73814273e+00 -4.24107537e-03
    3.92147243e-01 -1.18429744e+00 4.68485326e-01 7.03648984e-01
    -1.68466425e+00 8.38741422e-01 9.16973948e-01 -1.52465713e+00
    1.05420995e+00 1.00960886e+00 -1.31072533e+00 -1.83087900e-01
    9.54660952e-01 -9.08227146e-01 3.16946119e-01 1.32954478e+00
    -1.42423797e+00 5.79167485e-01 1.48945844e+00 -1.34386230e+00
    7.86574125e-01 1.60286999e+00 -1.26400125e+00</data></hand_right>
</opencv_storage>
