<?xml version="1.0"?>
<opencv_storage>
<hand_right type_id="opencv-matrix">
  <rows>21</rows>
  <cols>3</cols>
  <dt>f</dt>
  <data>
    -8.29952114e-06 -7.67227812e-06 3.65737196e-06 5.91012478e-01
    -3.87756288e-01 7.08161235e-01 1.33841848e+00 -6.56188250e-01
    -2.41682380e-02 1.73399603e+00 -5.64957619e-01 -8.25593233e-01
    1.95792341e+00 -5.56163728e-01 -1.45080972e+00 5.91080666e-01
    -5.99351346e-01 -1.14989614e+00 1.03285265e+00 -4.27778184e-01
    -1.90897322e+00 1.48639286e+00 -2.10983127e-01 -2.03060222e+00
    1.81622267e+00 -4.94688749e-02 -2.08335876e+00 2.32027292e-01
    -8.23669806e-02 -1.29701829e+00 7.48958588e-01 1.81771651e-01
    -1.95300972e+00 1.14965749e+00 4.25938070e-01 -1.86799538e+00
    1.43018365e+00 5.55333018e-01 -1.73703480e+00 -3.87958065e-03
    3.92172128e-01 -1.18434143e+00 4.69169110e-01 7.03560889e-01
    -1.68453491e+00 8.39642107e-01 9.16816950e-01 -1.52418303e+00
    1.05525625e+00 1.00943029e+00 -1.30980849e+00 -1.82551280e-01
    9.54789460e-01 -9.08311486e-01 3.17837387e-01 1.32949495e+00
    -1.42420924e+00 5.80193281e-01 1.48935676e+00 -1.34372520e+00
    7.87715912e-01 1.60271299e+00 -1.26366377e+00</data></hand_right>
</opencv_storage>
