<?xml version="1.0"?>
<opencv_storage>
<hand_left type_id="opencv-matrix">
  <rows>21</rows>
  <cols>3</cols>
  <dt>f</dt>
  <data>
    -8.29474902e-06 -7.67252459e-06 3.65315009e-06 5.91007769e-01
    -3.88143957e-01 7.07863986e-01 1.33840644e+00 -6.56038404e-01
    -2.45675296e-02 1.73404253e+00 -5.64352632e-01 -8.25873554e-01
    1.95792055e+00 -5.55127025e-01 -1.45101142e+00 5.91072917e-01
    -5.98551691e-01 -1.15024257e+00 1.03267109e+00 -4.26565379e-01
    -1.90933526e+00 1.48599124e+00 -2.09786445e-01 -2.03107047e+00
    1.81564796e+00 -4.83297706e-02 -2.08397722e+00 2.31972575e-01
    -8.15358311e-02 -1.29703617e+00 7.48703480e-01 1.82980195e-01
    -1.95296454e+00 1.14917552e+00 4.27028090e-01 -1.86808872e+00
    1.42945993e+00 5.56242943e-01 -1.73740971e+00 -3.98593768e-03
    3.92891288e-01 -1.18405533e+00 4.68853951e-01 7.04585314e-01
    -1.68420732e+00 8.39167833e-01 9.17724609e-01 -1.52399158e+00
    1.05462062e+00 1.01016009e+00 -1.30995607e+00 -1.82728827e-01
    9.55287099e-01 -9.07653511e-01 3.17425877e-01 1.33035922e+00
    -1.42341924e+00 5.79676509e-01 1.49017358e+00 -1.34295452e+00
    7.87097335e-01 1.60348821e+00 -1.26305962e+00</data></hand_left>
</opencv_storage>
