<?xml version="1.0"?>
<opencv_storage>
<hand_right type_id="opencv-matrix">
  <rows>21</rows>
  <cols>3</cols>
  <dt>f</dt>
  <data>
    -8.29229157e-06 -7.67441270e-06 3.65165761e-06 5.91189921e-01
    -3.88325751e-01 7.07584739e-01 1.33844757e+00 -6.55852675e-01
    -2.50977427e-02 1.73390925e+00 -5.63840330e-01 -8.26454997e-01
    1.95762873e+00 -5.54333687e-01 -1.45161378e+00 5.90846300e-01
    -5.98114014e-01 -1.15056109e+00 1.03221297e+00 -4.25868720e-01
    -1.90974832e+00 1.48551106e+00 -2.09015578e-01 -2.03162813e+00
    1.81518137e+00 -4.74854410e-02 -2.08463478e+00 2.31665850e-01
    -8.10868666e-02 -1.29708922e+00 7.48138428e-01 1.83637872e-01
    -1.95314944e+00 1.14862955e+00 4.27693665e-01 -1.86851633e+00
    1.42897522e+00 5.56912422e-01 -1.73808122e+00 -4.31160256e-03
    3.93277496e-01 -1.18390810e+00 4.68334824e-01 7.05152154e-01
    -1.68412125e+00 8.38651299e-01 9.18272495e-01 -1.52409303e+00
    1.05415928e+00 1.01068652e+00 -1.31027687e+00 -1.83046371e-01
    9.55552518e-01 -9.07282472e-01 3.16914231e-01 1.33084857e+00
    -1.42308414e+00 5.79190135e-01 1.49066544e+00 -1.34267282e+00
    7.86635220e-01 1.60397434e+00 -1.26281583e+00</data></hand_right>
</opencv_storage>
