<?xml version="1.0"?>
<opencv_storage>
<hand_right type_id="opencv-matrix">
  <rows>21</rows>
  <cols>3</cols>
  <dt>f</dt>
  <data>
    -8.29700366e-06 -7.66906487e-06 3.65241863e-06 5.90651929e-01
    -3.88020396e-01 7.08212197e-01 1.33827496e+00 -6.56308532e-01
    -2.38362849e-02 1.73423910e+00 -5.64989388e-01 -8.25036764e-01
    1.95834172e+00 -5.56017518e-01 -1.45006847e+00 5.91404319e-01
    -5.99032521e-01 -1.14981699e+00 1.03328168e+00 -4.27417219e-01
    -1.90886235e+00 1.48666906e+00 -2.10790217e-01 -2.03063345e+00
    1.81638932e+00 -4.94227707e-02 -2.08360243e+00 2.32451037e-01
    -8.20052251e-02 -1.29691875e+00 7.49450445e-01 1.82175517e-01
    -1.95277691e+00 1.14990175e+00 4.26167965e-01 -1.86793578e+00
    1.43015146e+00 5.55369854e-01 -1.73731780e+00 -3.47245485e-03
    3.92498523e-01 -1.18418610e+00 4.69602942e-01 7.03935921e-01
    -1.68427169e+00 8.39854002e-01 9.17053342e-01 -1.52405846e+00
    1.05520856e+00 1.00951135e+00 -1.31005931e+00 -1.82230860e-01
    9.55008447e-01 -9.08038437e-01 3.18169892e-01 1.32983351e+00
    -1.42373443e+00 5.80397069e-01 1.48961759e+00 -1.34322357e+00
    7.87787199e-01 1.60291922e+00 -1.26330686e+00</data></hand_right>
</opencv_storage>
