<?xml version="1.0"?>
<opencv_storage>
<hand_left type_id="opencv-matrix">
  <rows>21</rows>
  <cols>3</cols>
  <dt>f</dt>
  <data>
    -8.29334203e-06 -7.66978974e-06 3.65805704e-06 5.90928793e-01
    -3.87469828e-01 7.08268523e-01 1.33846927e+00 -6.55876875e-01
    -2.38045454e-02 1.73422790e+00 -5.64835310e-01 -8.25124145e-01
    1.95818555e+00 -5.56088626e-01 -1.45020509e+00 5.91321647e-01
    -5.99430442e-01 -1.14963424e+00 1.03294873e+00 -4.28070784e-01
    -1.90887594e+00 1.48622727e+00 -2.11373657e-01 -2.03089190e+00
    1.81587911e+00 -4.99295592e-02 -2.08405256e+00 2.32176557e-01
    -8.25934783e-02 -1.29691255e+00 7.48916864e-01 1.81402564e-01
    -1.95304203e+00 1.14930677e+00 4.25557077e-01 -1.86847222e+00
    1.42955506e+00 5.54916978e-01 -1.73803413e+00 -3.86766717e-03
    3.91890287e-01 -1.18437326e+00 4.68975604e-01 7.03213036e-01
    -1.68473876e+00 8.39191735e-01 9.16524887e-01 -1.52476466e+00
    1.05458534e+00 1.00917387e+00 -1.31092286e+00 -1.82738930e-01
    9.54479218e-01 -9.08468068e-01 3.17416131e-01 1.32919252e+00
    -1.42446876e+00 5.79616249e-01 1.48909783e+00 -1.34412050e+00
    7.86999524e-01 1.60251045e+00 -1.26431918e+00</data></hand_left>
</opencv_storage>
