<?xml version="1.0"?>
<opencv_storage>
<hand_left type_id="opencv-matrix">
  <rows>21</rows>
  <cols>3</cols>
  <dt>f</dt>
  <data>
    -8.29085639e-06 -7.67223264e-06 3.65739834e-06 5.91159046e-01
    -3.87574583e-01 7.08020151e-01 1.33856630e+00 -6.55661464e-01
    -2.43065804e-02 1.73412061e+00 -5.64331293e-01 -8.25701892e-01
    1.95791471e+00 -5.55362761e-01 -1.45082819e+00 5.91122389e-01
    -5.99046886e-01 -1.14994442e+00 1.03254676e+00 -4.27426517e-01
    -1.90926552e+00 1.48579001e+00 -2.10623384e-01 -2.03134131e+00
    1.81543446e+00 -4.90985811e-02 -2.08452010e+00 2.31862664e-01
    -8.22208151e-02 -1.29699612e+00 7.48388231e-01 1.82010710e-01
    -1.95322347e+00 1.14878559e+00 4.26209807e-01 -1.86874580e+00
    1.42905474e+00 5.55586457e-01 -1.73838699e+00 -4.22613695e-03
    3.92201543e-01 -1.18427598e+00 4.68453586e-01 7.03724265e-01
    -1.68469322e+00 8.38667989e-01 9.17047143e-01 -1.52478266e+00
    1.05407405e+00 1.00966835e+00 -1.31100917e+00 -1.83116287e-01
    9.54694688e-01 -9.08179581e-01 3.16851109e-01 1.32963240e+00
    -1.42422199e+00 5.79059482e-01 1.48955595e+00 -1.34388793e+00
    7.86432147e-01 1.60296464e+00 -1.26409340e+00</data></hand_left>
</opencv_storage>
