<?xml version="1.0"?>
<opencv_storage>
<hand_left type_id="opencv-matrix">
  <rows>21</rows>
  <cols>3</cols>
  <dt>f</dt>
  <data>
    -8.29763849e-06 -7.67013717e-06 3.66258473e-06 5.90937316e-01
    -3.87375593e-01 7.08416104e-01 1.33842099e+00 -6.56149089e-01
    -2.36568749e-02 1.73413682e+00 -5.65347075e-01 -8.25009406e-01
    1.95810795e+00 -5.56854069e-01 -1.45016372e+00 5.91198742e-01
    -5.99945307e-01 -1.14951408e+00 1.03297603e+00 -4.28790927e-01
    -1.90865636e+00 1.48628092e+00 -2.12170869e-01 -2.03021860e+00
    1.81584525e+00 -5.08414209e-02 -2.08293819e+00 2.32155919e-01
    -8.30411315e-02 -1.29695904e+00 7.49068022e-01 1.80747941e-01
    -1.95303214e+00 1.14950526e+00 4.24836159e-01 -1.86803150e+00
    1.42965829e+00 5.54102719e-01 -1.73711431e+00 -3.76583263e-03
    3.91553849e-01 -1.18454385e+00 4.69220340e-01 7.02660441e-01
    -1.68494856e+00 8.39498758e-01 9.15904880e-01 -1.52464986e+00
    1.05480397e+00 1.00847149e+00 -1.31040370e+00 -1.82475343e-01
    9.54327643e-01 -9.08800840e-01 3.17846119e-01 1.32873154e+00
    -1.42488837e+00 5.80079734e-01 1.48858035e+00 -1.34446573e+00
    7.87434578e-01 1.60192657e+00 -1.26456571e+00</data></hand_left>
</opencv_storage>
