<?xml version="1.0"?>
<opencv_storage>
<hand_left type_id="opencv-matrix">
  <rows>21</rows>
  <cols>3</cols>
  <dt>f</dt>
  <data>
    -8.29411147e-06 -7.66794801e-06 3.65751225e-06 5.90787411e-01
    -3.87492687e-01 7.08353221e-01 1.33835137e+00 -6.56059921e-01
    -2.36273259e-02 1.73418760e+00 -5.65142155e-01 -8.24935377e-01
    1.95818472e+00 -5.56459904e-01 -1.44998085e+00 5.91354072e-01
    -5.99602342e-01 -1.14952004e+00 1.03304625e+00 -4.28402513e-01
    -1.90879452e+00 1.48638153e+00 -2.11787283e-01 -2.03089499e+00
    1.81610584e+00 -5.03775179e-02 -2.08413363e+00 2.32293442e-01
    -8.27328563e-02 -1.29687297e+00 7.49111176e-01 1.81114271e-01
    -1.95302212e+00 1.14952540e+00 4.25223768e-01 -1.86853182e+00
    1.42980075e+00 5.54567575e-01 -1.73817503e+00 -3.70441377e-03
    3.91788810e-01 -1.18440294e+00 4.69244450e-01 7.03007221e-01
    -1.68474114e+00 8.39433551e-01 9.16269422e-01 -1.52479219e+00
    1.05478489e+00 1.00890160e+00 -1.31099033e+00 -1.82538494e-01
    9.54414129e-01 -9.08562124e-01 3.17728043e-01 1.32903457e+00
    -1.42452109e+00 5.79931200e-01 1.48889744e+00 -1.34413230e+00
    7.87300467e-01 1.60227585e+00 -1.26428902e+00</data></hand_left>
</opencv_storage>
