<?xml version="1.0"?>
<opencv_storage>
<hand_right type_id="opencv-matrix">
  <rows>21</rows>
  <cols>3</cols>
  <dt>f</dt>
  <data>
    -8.28979864e-06 -7.67232541e-06 3.65353026e-06 5.91081262e-01
    -3.88049185e-01 7.07784235e-01 1.33847046e+00 -6.55742407e-01
    -2.46441811e-02 1.73410606e+00 -5.64011216e-01 -8.25931728e-01
    1.95789957e+00 -5.54684460e-01 -1.45099592e+00 5.91087818e-01
    -5.98394692e-01 -1.15026140e+00 1.03245008e+00 -4.26425695e-01
    -1.90952837e+00 1.48556137e+00 -2.09687263e-01 -2.03154373e+00
    1.81508207e+00 -4.82654870e-02 -2.08473468e+00 2.31878832e-01
    -8.14600885e-02 -1.29701543e+00 7.48329341e-01 1.83065161e-01
    -1.95310819e+00 1.14856625e+00 4.27086949e-01 -1.86861897e+00
    1.42865586e+00 5.56249738e-01 -1.73839331e+00 -4.17216495e-03
    3.92905951e-01 -1.18401635e+00 4.68417764e-01 7.04642892e-01
    -1.68431878e+00 8.38532329e-01 9.17791009e-01 -1.52442050e+00
    1.05381835e+00 1.01020277e+00 -1.31081605e+00 -1.83024079e-01
    9.55234051e-01 -9.07580376e-01 3.16870511e-01 1.33041644e+00
    -1.42343557e+00 5.79008520e-01 1.49024391e+00 -1.34306467e+00
    7.86320508e-01 1.60358167e+00 -1.26336265e+00</data></hand_right>
</opencv_storage>
