<?xml version="1.0"?>
<opencv_storage>
<hand_left type_id="opencv-matrix">
  <rows>21</rows>
  <cols>3</cols>
  <dt>f</dt>
  <data>
    -8.29421151e-06 -7.66990615e-06 3.66946028e-06 5.91224253e-01
    -3.86683524e-01 7.08532214e-01 1.33860421e+00 -6.55717492e-01
    -2.35454440e-02 1.73407900e+00 -5.65334916e-01 -8.25069547e-01
    1.95789433e+00 -5.57196498e-01 -1.45028567e+00 5.91108620e-01
    -6.00538909e-01 -1.14922297e+00 1.03264558e+00 -4.29769695e-01
    -1.90858507e+00 1.48589778e+00 -2.13056535e-01 -2.03048301e+00
    1.81545401e+00 -5.16206920e-02 -2.08346152e+00 2.31862485e-01
    -8.38684440e-02 -1.29693413e+00 7.48539448e-01 1.79630607e-01
    -1.95330882e+00 1.14897895e+00 4.23941195e-01 -1.86861920e+00
    1.42920876e+00 5.53438544e-01 -1.73789680e+00 -4.18993458e-03
    3.90718460e-01 -1.18479431e+00 4.68580604e-01 7.01630831e-01
    -1.68551493e+00 8.38885605e-01 9.15135682e-01 -1.52549517e+00
    1.05430889e+00 1.00797629e+00 -1.31139147e+00 -1.83020249e-01
    9.53608334e-01 -9.09409106e-01 3.17061841e-01 1.32781935e+00
    -1.42587113e+00 5.79292059e-01 1.48782670e+00 -1.34565210e+00
    7.86682427e-01 1.60131586e+00 -1.26589131e+00</data></hand_left>
</opencv_storage>
