<?xml version="1.0"?>
<opencv_storage>
<hand_left type_id="opencv-matrix">
  <rows>21</rows>
  <cols>3</cols>
  <dt>f</dt>
  <data>
    -8.29290457e-06 -7.67366600e-06 3.66311951e-06 5.91367841e-01
    -3.87415022e-01 7.08041072e-01 1.33867288e+00 -6.55657887e-01
    -2.44343430e-02 1.73405528e+00 -5.64441800e-01 -8.25931966e-01
    1.95777297e+00 -5.55653334e-01 -1.45118225e+00 5.90975881e-01
    -5.99291623e-01 -1.14998126e+00 1.03236890e+00 -4.27703351e-01
    -1.90926826e+00 1.48553121e+00 -2.10876971e-01 -2.03103876e+00
    1.81502390e+00 -4.94086742e-02 -2.08394384e+00 2.31672019e-01
    -8.24720785e-02 -1.29709518e+00 7.48222709e-01 1.81752175e-01
    -1.95327806e+00 1.14859080e+00 4.25962836e-01 -1.86837995e+00
    1.42874932e+00 5.55290759e-01 -1.73757243e+00 -4.39196452e-03
    3.91991138e-01 -1.18440306e+00 4.68256831e-01 7.03458071e-01
    -1.68490100e+00 8.38534236e-01 9.16801929e-01 -1.52472329e+00
    1.05393231e+00 1.00939143e+00 -1.31058288e+00 -1.83211744e-01
    9.54594433e-01 -9.08382356e-01 3.16741318e-01 1.32938004e+00
    -1.42455745e+00 5.78938603e-01 1.48931241e+00 -1.34421670e+00
    7.86298573e-01 1.60272491e+00 -1.26441240e+00</data></hand_left>
</opencv_storage>
