<?xml version="1.0"?>
<opencv_storage>
<hand_left type_id="opencv-matrix">
  <rows>21</rows>
  <cols>3</cols>
  <dt>f</dt>
  <data>
    -8.29828423e-06 -7.67245638e-06 3.65822120e-06 5.90998590e-01
    -3.87564719e-01 7.08269835e-01 1.33849168e+00 -6.56049252e-01
    -2.39389390e-02 1.73412859e+00 -5.64929783e-01 -8.25344622e-01
    1.95808911e+00 -5.56207418e-01 -1.45053971e+00 5.91224551e-01
    -5.99496484e-01 -1.14974952e+00 1.03303242e+00 -4.28019166e-01
    -1.90884399e+00 1.48654211e+00 -2.11206645e-01 -2.03045917e+00
    1.81633544e+00 -4.96755242e-02 -2.08319211e+00 2.32123762e-01
    -8.25789720e-02 -1.29699695e+00 7.49065638e-01 1.81501448e-01
    -1.95301402e+00 1.14971626e+00 4.25724477e-01 -1.86802030e+00
    1.43018198e+00 5.55158854e-01 -1.73705781e+00 -3.84960324e-03
    3.91955495e-01 -1.18441677e+00 4.69206274e-01 7.03316212e-01
    -1.68465066e+00 8.39616776e-01 9.16634679e-01 -1.52429628e+00
    1.05513883e+00 1.00928056e+00 -1.30991340e+00 -1.82612523e-01
    9.54604924e-01 -9.08497393e-01 3.17764193e-01 1.32928801e+00
    -1.42443097e+00 5.80084682e-01 1.48918796e+00 -1.34392941e+00
    7.87555099e-01 1.60256696e+00 -1.26386201e+00</data></hand_left>
</opencv_storage>
