<?xml version="1.0"?>
<opencv_storage>
<hand_left type_id="opencv-matrix">
  <rows>21</rows>
  <cols>3</cols>
  <dt>f</dt>
  <data>
    -8.29859619e-06 -7.66844005e-06 3.64901189e-06 5.90410531e-01
    -3.88241053e-01 7.08276093e-01 1.33817053e+00 -6.56504214e-01
    -2.36058533e-02 1.73437119e+00 -5.65125942e-01 -8.24665964e-01
    1.95863581e+00 -5.56076646e-01 -1.44962072e+00 5.91585755e-01
    -5.98906517e-01 -1.14976907e+00 1.03362560e+00 -4.27252859e-01
    -1.90871215e+00 1.48702860e+00 -2.10714608e-01 -2.03039074e+00
    1.81675553e+00 -4.94187176e-02 -2.08332491e+00 2.32750610e-01
    -8.17985609e-02 -1.29686356e+00 7.49885082e-01 1.82394996e-01
    -1.95258534e+00 1.15029752e+00 4.26281750e-01 -1.86771882e+00
    1.43051457e+00 5.55405140e-01 -1.73713732e+00 -3.12678143e-03
    3.92717659e-01 -1.18410337e+00 4.70061928e-01 7.04156995e-01
    -1.68405414e+00 8.40272784e-01 9.17186379e-01 -1.52381432e+00
    1.05558348e+00 1.00957835e+00 -1.30985630e+00 -1.81867048e-01
    9.55198050e-01 -9.07891273e-01 3.18671107e-01 1.33003533e+00
    -1.42341971e+00 5.80881476e-01 1.48976421e+00 -1.34284818e+00
    7.88270950e-01 1.60304201e+00 -1.26292443e+00</data></hand_left>
</opencv_storage>
