<?xml version="1.0"?>
<opencv_storage>
<hand_right type_id="opencv-matrix">
  <rows>21</rows>
  <cols>3</cols>
  <dt>f</dt>
  <data>
    -8.28880275e-06 -7.67647271e-06 3.66415861e-06 5.91800213e-01
    -3.87433916e-01 7.07639098e-01 1.33880639e+00 -6.55256510e-01
    -2.52735019e-02 1.73376060e+00 -5.63710213e-01 -8.26951265e-01
    1.95715499e+00 -5.54642797e-01 -1.45230234e+00 5.90540528e-01
    -5.98857880e-01 -1.15039968e+00 1.03148353e+00 -4.26990449e-01
    -1.90989816e+00 1.48462784e+00 -2.09985733e-01 -2.03198791e+00
    1.81417179e+00 -4.83438373e-02 -2.08512115e+00 2.31036007e-01
    -8.21003690e-02 -1.29719031e+00 7.47123241e-01 1.82362542e-01
    -1.95367074e+00 1.14757490e+00 4.26694989e-01 -1.86917508e+00
    1.42793512e+00 5.56152999e-01 -1.73869908e+00 -5.09379804e-03
    3.92269850e-01 -1.18428314e+00 4.67202365e-01 7.03956902e-01
    -1.68496919e+00 8.37547183e-01 9.17387724e-01 -1.52511406e+00
    1.05315614e+00 1.01007271e+00 -1.31124091e+00 -1.83923125e-01
    9.54737782e-01 -9.08044100e-01 3.15668464e-01 1.32979012e+00
    -1.42440867e+00 5.77928543e-01 1.48979211e+00 -1.34422123e+00
    7.85380840e-01 1.60327196e+00 -1.26447999e+00</data></hand_right>
</opencv_storage>
