<?xml version="1.0"?>
<opencv_storage>
<hand_right type_id="opencv-matrix">
  <rows>21</rows>
  <cols>3</cols>
  <dt>f</dt>
  <data>
    -8.29744295e-06 -7.67166694e-06 3.64751395e-06 5.90705156e-01
    -3.88633251e-01 7.07843721e-01 1.33822131e+00 -6.56415343e-01
    -2.44904160e-02 1.73411369e+00 -5.64506888e-01 -8.25653672e-01
    1.95813453e+00 -5.55033743e-01 -1.45071065e+00 5.91165066e-01
    -5.98263144e-01 -1.15035343e+00 1.03299379e+00 -4.26126003e-01
    -1.90931201e+00 1.48641944e+00 -2.09455907e-01 -2.03085732e+00
    1.81614947e+00 -4.80797887e-02 -2.08360720e+00 2.32260406e-01
    -8.10677707e-02 -1.29701602e+00 7.49178648e-01 1.83527961e-01
    -1.95278466e+00 1.14969337e+00 4.27404881e-01 -1.86785376e+00
    1.42997825e+00 5.56473255e-01 -1.73718405e+00 -3.58222425e-03
    3.93391281e-01 -1.18389761e+00 4.69463140e-01 7.05136657e-01
    -1.68384135e+00 8.39750171e-01 9.18081164e-01 -1.52353191e+00
    1.05510557e+00 1.01033747e+00 -1.30950165e+00 -1.82222843e-01
    9.55729425e-01 -9.07306731e-01 3.18157583e-01 1.33088207e+00
    -1.42281425e+00 5.80430567e-01 1.49057281e+00 -1.34220254e+00
    7.87832320e-01 1.60377252e+00 -1.26220453e+00</data></hand_right>
</opencv_storage>
