<?xml version="1.0"?>
<opencv_storage>
<hand_right type_id="opencv-matrix">
  <rows>21</rows>
  <cols>3</cols>
  <dt>f</dt>
  <data>
    -8.29189230e-06 -7.67069650e-06 3.65755932e-06 5.91008484e-01
    -3.87501001e-01 7.08162844e-01 1.33847547e+00 -6.55775428e-01
    -2.40164846e-02 1.73413336e+00 -5.64625859e-01 -8.25380206e-01
    1.95800769e+00 -5.55788398e-01 -1.45046449e+00 5.91224134e-01
    -5.99297941e-01 -1.14973652e+00 1.03273416e+00 -4.27883118e-01
    -1.90905225e+00 1.48601937e+00 -2.11154133e-01 -2.03117371e+00
    1.81569934e+00 -4.96653020e-02 -2.08439469e+00 2.32037514e-01
    -8.24698657e-02 -1.29692483e+00 7.48641551e-01 1.81568280e-01
    -1.95315862e+00 1.14903951e+00 4.25736457e-01 -1.86876154e+00
    1.42932129e+00 5.55110514e-01 -1.73849010e+00 -4.02195752e-03
    3.91989082e-01 -1.18432868e+00 4.68741030e-01 7.03367949e-01
    -1.68472981e+00 8.38928521e-01 9.16672587e-01 -1.52485871e+00
    1.05430865e+00 1.00931239e+00 -1.31113052e+00 -1.82898417e-01
    9.54534411e-01 -9.08359289e-01 3.17177922e-01 1.32933128e+00
    -1.42438376e+00 5.79382718e-01 1.48923600e+00 -1.34403574e+00
    7.86756039e-01 1.60264230e+00 -1.26422083e+00</data></hand_right>
</opencv_storage>
