<?xml version="1.0"?>
<opencv_storage>
<hand_right type_id="opencv-matrix">
  <rows>21</rows>
  <cols>3</cols>
  <dt>f</dt>
  <data>
    -8.29261444e-06 -7.67031088e-06 3.65771166e-06 5.90975642e-01
    -3.87484640e-01 7.08211243e-01 1.33847022e+00 -6.55826747e-01
    -2.39298195e-02 1.73416281e+00 -5.64732552e-01 -8.25289845e-01
    1.95806324e+00 -5.55938482e-01 -1.45037544e+00 5.91253400e-01
    -5.99380851e-01 -1.14969170e+00 1.03280616e+00 -4.28012937e-01
    -1.90899801e+00 1.48610854e+00 -2.11301416e-01 -2.03110290e+00
    1.81580544e+00 -4.98220026e-02 -2.08432102e+00 2.32087478e-01
    -8.25445950e-02 -1.29692113e+00 7.48741508e-01 1.81452990e-01
    -1.95313692e+00 1.14915192e+00 4.25617903e-01 -1.86870539e+00
    1.42944622e+00 5.54997265e-01 -1.73839390e+00 -3.96090373e-03
    3.91930789e-01 -1.18435669e+00 4.68844205e-01 7.03274369e-01
    -1.68474650e+00 8.39040756e-01 9.16581571e-01 -1.52484751e+00
    1.05443084e+00 1.00922942e+00 -1.31108248e+00 -1.82827666e-01
    9.54501331e-01 -9.08424258e-01 3.17294240e-01 1.32925618e+00
    -1.42444003e+00 5.79503059e-01 1.48915827e+00 -1.34408224e+00
    7.86882162e-01 1.60256326e+00 -1.26425362e+00</data></hand_right>
</opencv_storage>
