<?xml version="1.0"?>
<opencv_storage>
<hand_left type_id="opencv-matrix">
  <rows>21</rows>
  <cols>3</cols>
  <dt>f</dt>
  <data>
    -8.29270994e-06 -7.67017536e-06 3.66020231e-06 5.91084540e-01
    -3.87390375e-01 7.08182156e-01 1.33847082e+00 -6.55820608e-01
    -2.40547955e-02 1.73402059e+00 -5.64801872e-01 -8.25498700e-01
    1.95783615e+00 -5.56084156e-01 -1.45063555e+00 5.91128528e-01
    -5.99487245e-01 -1.14970946e+00 1.03258872e+00 -4.28168952e-01
    -1.90907335e+00 1.48588884e+00 -2.11435288e-01 -2.03124428e+00
    1.81559730e+00 -4.99413311e-02 -2.08452344e+00 2.31929675e-01
    -8.26755166e-02 -1.29694712e+00 7.48538494e-01 1.81292072e-01
    -1.95321524e+00 1.14897668e+00 4.25493807e-01 -1.86876154e+00
    1.42932141e+00 5.54913402e-01 -1.73839641e+00 -4.11565974e-03
    3.91805172e-01 -1.18440354e+00 4.68657911e-01 7.03122556e-01
    -1.68484211e+00 8.38892221e-01 9.16460514e-01 -1.52493513e+00
    1.05433810e+00 1.00914788e+00 -1.31110859e+00 -1.82959825e-01
    9.54400778e-01 -9.08507466e-01 3.17126453e-01 1.32910860e+00
    -1.42458475e+00 5.79342008e-01 1.48901963e+00 -1.34425378e+00
    7.86742687e-01 1.60244060e+00 -1.26442719e+00</data></hand_left>
</opencv_storage>
