<?xml version="1.0"?>
<opencv_storage>
<hand_right type_id="opencv-matrix">
  <rows>21</rows>
  <cols>3</cols>
  <dt>f</dt>
  <data>
    -8.29272540e-06 -7.67460369e-06 3.65529081e-06 5.91283679e-01
    -3.88125420e-01 7.07662106e-01 1.33852422e+00 -6.55812263e-01
    -2.50161141e-02 1.73391771e+00 -5.63969970e-01 -8.26437831e-01
    1.95760131e+00 -5.54623723e-01 -1.45163512e+00 5.90857148e-01
    -5.98333657e-01 -1.15049338e+00 1.03221202e+00 -4.26193953e-01
    -1.90970993e+00 1.48544359e+00 -2.09339410e-01 -2.03149462e+00
    1.81503713e+00 -4.78404760e-02 -2.08444190e+00 2.31624186e-01
    -8.13521594e-02 -1.29713047e+00 7.48133063e-01 1.83334559e-01
    -1.95316505e+00 1.14854908e+00 4.27425206e-01 -1.86832929e+00
    1.42881048e+00 5.56647897e-01 -1.73766541e+00 -4.38386202e-03
    3.93029243e-01 -1.18402719e+00 4.68285501e-01 7.04869151e-01
    -1.68425858e+00 8.38556468e-01 9.18032050e-01 -1.52405989e+00
    1.05397391e+00 1.01043069e+00 -1.31001401e+00 -1.83141887e-01
    9.55374956e-01 -9.07511592e-01 3.16830695e-01 1.33059669e+00
    -1.42333651e+00 5.79045832e-01 1.49042213e+00 -1.34286737e+00
    7.86423862e-01 1.60373831e+00 -1.26297891e+00</data></hand_right>
</opencv_storage>
