<?xml version="1.0"?>
<opencv_storage>
<hand_right type_id="opencv-matrix">
  <rows>21</rows>
  <cols>3</cols>
  <dt>f</dt>
  <data>
    -8.29513647e-06 -7.67081838e-06 3.65842720e-06 5.90998232e-01
    -3.87471437e-01 7.08241940e-01 1.33845925e+00 -6.55927420e-01
    -2.39394754e-02 1.73408484e+00 -5.64870417e-01 -8.25347543e-01
    1.95799220e+00 -5.56157589e-01 -1.45048714e+00 5.91218889e-01
    -5.99485040e-01 -1.14968753e+00 1.03285861e+00 -4.28109735e-01
    -1.90892076e+00 1.48627734e+00 -2.11342663e-01 -2.03088903e+00
    1.81605554e+00 -4.98190224e-02 -2.08396506e+00 2.32075557e-01
    -8.26301128e-02 -1.29694057e+00 7.48854160e-01 1.81372330e-01
    -1.95308614e+00 1.14939570e+00 4.25585091e-01 -1.86843753e+00
    1.42981744e+00 5.55025280e-01 -1.73786068e+00 -3.94127890e-03
    3.91870141e-01 -1.18439841e+00 4.68983293e-01 7.03203082e-01
    -1.68471038e+00 8.39287937e-01 9.16532874e-01 -1.52462542e+00
    1.05477619e+00 1.00921428e+00 -1.31058717e+00 -1.82763353e-01
    9.54479337e-01 -9.08500552e-01 3.17479938e-01 1.32918215e+00
    -1.42447734e+00 5.79744339e-01 1.48908925e+00 -1.34406447e+00
    7.87182570e-01 1.60249031e+00 -1.26411510e+00</data></hand_right>
</opencv_storage>
