<?xml version="1.0"?>
<opencv_storage>
<hand_right type_id="opencv-matrix">
  <rows>21</rows>
  <cols>3</cols>
  <dt>f</dt>
  <data>
    -8.29085093e-06 -7.67315760e-06 3.65674100e-06 5.91252267e-01
    -3.87693703e-01 7.07854688e-01 1.33852673e+00 -6.55640900e-01
    -2.46509016e-02 1.73390567e+00 -5.64153433e-01 -8.26129854e-01
    1.95759296e+00 -5.55071115e-01 -1.45129061e+00 5.90973258e-01
    -5.98801613e-01 -1.15012717e+00 1.03226113e+00 -4.27040845e-01
    -1.90949976e+00 1.48557782e+00 -2.10170239e-01 -2.03172469e+00
    1.81533635e+00 -4.85609472e-02 -2.08503103e+00 2.31684968e-01
    -8.19603577e-02 -1.29701316e+00 7.48108506e-01 1.82394668e-01
    -1.95328963e+00 1.14858913e+00 4.26626593e-01 -1.86892152e+00
    1.42903709e+00 5.56069016e-01 -1.73865557e+00 -4.39934060e-03
    3.92427146e-01 -1.18418431e+00 4.68247890e-01 7.04068184e-01
    -1.68454111e+00 8.38497877e-01 9.17388797e-01 -1.52466750e+00
    1.05401897e+00 1.01002836e+00 -1.31089199e+00 -1.83265403e-01
    9.54839289e-01 -9.07962441e-01 3.16681385e-01 1.32990634e+00
    -1.42392993e+00 5.78919053e-01 1.48982072e+00 -1.34356463e+00
    7.86349535e-01 1.60323560e+00 -1.26369190e+00</data></hand_right>
</opencv_storage>
