<?xml version="1.0"?>
<opencv_storage>
<hand_right type_id="opencv-matrix">
  <rows>21</rows>
  <cols>3</cols>
  <dt>f</dt>
  <data>
    -8.28014527e-06 -7.68281188e-06 3.66385575e-06 5.92418075e-01
    -3.87737811e-01 7.06986904e-01 1.33923173e+00 -6.54461920e-01
    -2.65352130e-02 1.73382378e+00 -5.62067628e-01 -8.28295708e-01
    1.95689106e+00 -5.52445590e-01 -1.45368648e+00 5.90313077e-01
    -5.97459018e-01 -1.15126038e+00 1.03059220e+00 -4.24751848e-01
    -1.91092622e+00 1.48316407e+00 -2.07606882e-01 -2.03309727e+00
    1.81222022e+00 -4.59902287e-02 -2.08640122e+00 2.30417818e-01
    -8.07646438e-02 -1.29742193e+00 7.45850444e-01 1.84534371e-01
    -1.95391560e+00 1.14576137e+00 4.28805321e-01 -1.86942673e+00
    1.42561376e+00 5.58006644e-01 -1.73919570e+00 -5.92276081e-03
    3.93370539e-01 -1.18393123e+00 4.65704978e-01 7.05724001e-01
    -1.68469441e+00 8.35769653e-01 9.19107616e-01 -1.52491331e+00
    1.05111432e+00 1.01150155e+00 -1.31128764e+00 -1.84914842e-01
    9.55508828e-01 -9.07070816e-01 3.14016283e-01 1.33124554e+00
    -1.42344153e+00 5.76026797e-01 1.49127316e+00 -1.34327698e+00
    7.83273637e-01 1.60476303e+00 -1.26381242e+00</data></hand_right>
</opencv_storage>
