<?xml version="1.0"?>
<opencv_storage>
<hand_right type_id="opencv-matrix">
  <rows>21</rows>
  <cols>3</cols>
  <dt>f</dt>
  <data>
    -8.29648161e-06 -7.67334132e-06 3.65025471e-06 5.90984225e-01
    -3.88524115e-01 7.07700253e-01 1.33833158e+00 -6.56220555e-01
    -2.48869807e-02 1.73394060e+00 -5.64238489e-01 -8.26201737e-01
    1.95779788e+00 -5.54783821e-01 -1.45136225e+00 5.90982437e-01
    -5.98154724e-01 -1.15052557e+00 1.03261995e+00 -4.25887764e-01
    -1.90954804e+00 1.48603058e+00 -2.09080398e-01 -2.03115916e+00
    1.81575871e+00 -4.76105809e-02 -2.08394647e+00 2.31942847e-01
    -8.10203925e-02 -1.29709375e+00 7.48727918e-01 1.83716834e-01
    -1.95292044e+00 1.14928412e+00 4.27702993e-01 -1.86790752e+00
    1.42964268e+00 5.56854069e-01 -1.73711896e+00 -3.95278633e-03
    3.93397391e-01 -1.18390715e+00 4.68965054e-01 7.05252349e-01
    -1.68390846e+00 8.39326262e-01 9.18284655e-01 -1.52355564e+00
    1.05479789e+00 1.01060307e+00 -1.30940378e+00 -1.82614431e-01
    9.55708683e-01 -9.07271504e-01 3.17624837e-01 1.33094132e+00
    -1.42287302e+00 5.79911947e-01 1.49068797e+00 -1.34229958e+00
    7.87354112e-01 1.60393322e+00 -1.26229858e+00</data></hand_right>
</opencv_storage>
