<?xml version="1.0"?>
<opencv_storage>
<hand_left type_id="opencv-matrix">
  <rows>21</rows>
  <cols>3</cols>
  <dt>f</dt>
  <data>
    -8.29837245e-06 -7.63218395e-06 3.68338124e-06 5.88387191e-01
    -3.82574081e-01 7.12910414e-01 1.33801389e+00 -6.56767368e-01
    -1.48164481e-02 1.73649943e+00 -5.72028160e-01 -8.15649271e-01
    1.96211290e+00 -5.67900538e-01 -1.43987787e+00 5.94173729e-01
    -6.08749270e-01 -1.14328027e+00 1.03787446e+00 -4.43986595e-01
    -1.90322495e+00 1.49163532e+00 -2.28846759e-01 -2.02666020e+00
    1.82178009e+00 -6.80627823e-02 -2.08075190e+00 2.35833004e-01
    -9.27711949e-02 -1.29555202e+00 7.54035711e-01 1.65219769e-01
    -1.95315444e+00 1.15419841e+00 4.09519076e-01 -1.87114680e+00
    1.43376756e+00 5.39475977e-01 -1.74279094e+00 -2.18585134e-04
    3.82763326e-01 -1.18741941e+00 4.73926485e-01 6.89609230e-01
    -1.68945730e+00 8.43311846e-01 9.03665423e-01 -1.53144348e+00
    1.05750322e+00 9.97630775e-01 -1.31959939e+00 -1.79555997e-01
    9.47592378e-01 -9.16350842e-01 3.21846306e-01 1.31805146e+00
    -1.43441164e+00 5.83893955e-01 1.47832274e+00 -1.35481799e+00
    7.90738225e-01 1.59199286e+00 -1.27566242e+00</data></hand_left>
</opencv_storage>
