<?xml version="1.0"?>
<opencv_storage>
<hand_right type_id="opencv-matrix">
  <rows>21</rows>
  <cols>3</cols>
  <dt>f</dt>
  <data>
    -8.29607052e-06 -7.67194797e-06 3.66274662e-06 5.91221809e-01
    -3.87554884e-01 7.08065093e-01 1.33845150e+00 -6.56017005e-01
    -2.43786573e-02 1.73384511e+00 -5.64903855e-01 -8.25855136e-01
    1.95760024e+00 -5.56188524e-01 -1.45109487e+00 5.90841532e-01
    -5.99479675e-01 -1.14991415e+00 1.03234076e+00 -4.28007662e-01
    -1.90912867e+00 1.48564363e+00 -2.11258531e-01 -2.03083038e+00
    1.81523752e+00 -4.98360693e-02 -2.08365631e+00 2.31697991e-01
    -8.25724080e-02 -1.29704845e+00 7.48373985e-01 1.81499317e-01
    -1.95319247e+00 1.14889324e+00 4.25637960e-01 -1.86826134e+00
    1.42919016e+00 5.54949164e-01 -1.73740101e+00 -4.23024967e-03
    3.91951859e-01 -1.18438864e+00 4.68559027e-01 7.03278303e-01
    -1.68482900e+00 8.38955164e-01 9.16542351e-01 -1.52461350e+00
    1.05445385e+00 1.00912738e+00 -1.31039810e+00 -1.82896033e-01
    9.54595983e-01 -9.08399701e-01 3.17219973e-01 1.32922399e+00
    -1.42452979e+00 5.79504848e-01 1.48909485e+00 -1.34418094e+00
    7.86949635e-01 1.60246110e+00 -1.26432049e+00</data></hand_right>
</opencv_storage>
