<?xml version="1.0"?>
<opencv_storage>
<hand_left type_id="opencv-matrix">
  <rows>21</rows>
  <cols>3</cols>
  <dt>f</dt>
  <data>
    -8.29159671e-06 -7.67263282e-06 3.65379856e-06 5.91052175e-01
    -3.87925118e-01 7.07898676e-01 1.33847952e+00 -6.55793190e-01
    -2.44610161e-02 1.73411918e+00 -5.64196944e-01 -8.25773120e-01
    1.95795918e+00 -5.55003643e-01 -1.45086372e+00 5.91138899e-01
    -5.98636389e-01 -1.15013242e+00 1.03261793e+00 -4.26768839e-01
    -1.90935886e+00 1.48587537e+00 -2.09979743e-01 -2.03134871e+00
    1.81551576e+00 -4.84842658e-02 -2.08446288e+00 2.31946483e-01
    -8.17182139e-02 -1.29700065e+00 7.48511553e-01 1.82705238e-01
    -1.95311046e+00 1.14890385e+00 4.26813424e-01 -1.86857986e+00
    1.42915154e+00 5.56093395e-01 -1.73823583e+00 -4.10188735e-03
    3.92679453e-01 -1.18410742e+00 4.68607992e-01 7.04341710e-01
    -1.68439662e+00 8.38817477e-01 9.17557776e-01 -1.52444470e+00
    1.05420303e+00 1.01006937e+00 -1.31069851e+00 -1.82957947e-01
    9.55070972e-01 -9.07793880e-01 3.17046583e-01 1.33016539e+00
    -1.42367768e+00 5.79257250e-01 1.49003100e+00 -1.34329522e+00
    7.86634326e-01 1.60339570e+00 -1.26348507e+00</data></hand_left>
</opencv_storage>
