<?xml version="1.0"?>
<opencv_storage>
<hand_right type_id="opencv-matrix">
  <rows>21</rows>
  <cols>3</cols>
  <dt>f</dt>
  <data>
    -8.29096462e-06 -7.67562778e-06 3.66109771e-06 5.91560364e-01
    -3.87686223e-01 7.07697272e-01 1.33868361e+00 -6.55527234e-01
    -2.50676423e-02 1.73384428e+00 -5.63922524e-01 -8.26626182e-01
    1.95739186e+00 -5.54819345e-01 -1.45190382e+00 5.90729356e-01
    -5.98693728e-01 -1.15038645e+00 1.03189731e+00 -4.26742971e-01
    -1.90972757e+00 1.48504519e+00 -2.09818393e-01 -2.03158307e+00
    1.81455839e+00 -4.82775569e-02 -2.08456540e+00 2.31344163e-01
    -8.18498731e-02 -1.29716206e+00 7.47684360e-01 1.82708725e-01
    -1.95336974e+00 1.14806294e+00 4.26926494e-01 -1.86856604e+00
    1.42830527e+00 5.56252956e-01 -1.73786557e+00 -4.73814085e-03
    3.92530322e-01 -1.18420029e+00 4.67765629e-01 7.04275846e-01
    -1.68464124e+00 8.38047624e-01 9.17586207e-01 -1.52450323e+00
    1.05349648e+00 1.01010966e+00 -1.31040990e+00 -1.83546111e-01
    9.54965949e-01 -9.07880545e-01 3.16251636e-01 1.33006239e+00
    -1.42396247e+00 5.78448832e-01 1.48997855e+00 -1.34359443e+00
    7.85821080e-01 1.60337210e+00 -1.26377416e+00</data></hand_right>
</opencv_storage>
