<?xml version="1.0"?>
<opencv_storage>
<hand_left type_id="opencv-matrix">
  <rows>21</rows>
  <cols>3</cols>
  <dt>f</dt>
  <data>
    -8.29209057e-06 -7.67233360e-06 3.65488313e-06 5.91063976e-01
    -3.87811601e-01 7.07963884e-01 1.33850849e+00 -6.55776501e-01
    -2.43585855e-02 1.73414421e+00 -5.64284086e-01 -8.25687289e-01
    1.95800126e+00 -5.55184364e-01 -1.45078993e+00 5.91172457e-01
    -5.98778188e-01 -1.15004873e+00 1.03266573e+00 -4.26988780e-01
    -1.90927839e+00 1.48592377e+00 -2.10195869e-01 -2.03127384e+00
    1.81557083e+00 -4.86941934e-02 -2.08441353e+00 2.31968373e-01
    -8.18871334e-02 -1.29699218e+00 7.48565912e-01 1.82481661e-01
    -1.95309162e+00 1.14896250e+00 4.26622272e-01 -1.86852038e+00
    1.42923963e+00 5.55945158e-01 -1.73811960e+00 -4.09100577e-03
    3.92520547e-01 -1.18416345e+00 4.68636036e-01 7.04136014e-01
    -1.68446076e+00 8.38867664e-01 9.17397916e-01 -1.52448690e+00
    1.05430245e+00 1.00996327e+00 -1.31068337e+00 -1.82958856e-01
    9.54948068e-01 -9.07930672e-01 3.17065835e-01 1.32997859e+00
    -1.42383742e+00 5.79276800e-01 1.48986816e+00 -1.34346926e+00
    7.86675870e-01 1.60326338e+00 -1.26366425e+00</data></hand_left>
</opencv_storage>
