<?xml version="1.0"?>
<opencv_storage>
<hand_right type_id="opencv-matrix">
  <rows>21</rows>
  <cols>3</cols>
  <dt>f</dt>
  <data>
    -8.29700093e-06 -7.66812445e-06 3.65145479e-06 5.90522766e-01
    -3.87989223e-01 7.08318233e-01 1.33823752e+00 -6.56358898e-01
    -2.35818774e-02 1.73434198e+00 -5.65133095e-01 -8.24713826e-01
    1.95852518e+00 -5.56191206e-01 -1.44969487e+00 5.91502547e-01
    -5.99185824e-01 -1.14967155e+00 1.03346705e+00 -4.27697599e-01
    -1.90870762e+00 1.48686576e+00 -2.11135596e-01 -2.03049088e+00
    1.81660235e+00 -4.97979224e-02 -2.08347368e+00 2.32603773e-01
    -8.21521655e-02 -1.29686737e+00 7.49658823e-01 1.81902543e-01
    -1.95273125e+00 1.15010118e+00 4.25865471e-01 -1.86798310e+00
    1.43033075e+00 5.55058718e-01 -1.73745310e+00 -3.30475718e-03
    3.92376512e-01 -1.18421614e+00 4.69826281e-01 7.03718781e-01
    -1.68430948e+00 8.40044260e-01 9.16821122e-01 -1.52415991e+00
    1.05535722e+00 1.00928903e+00 -1.31026196e+00 -1.82066083e-01
    9.54920769e-01 -9.08147037e-01 3.18393081e-01 1.32966709e+00
    -1.42383838e+00 5.80619574e-01 1.48943961e+00 -1.34333193e+00
    7.87994206e-01 1.60273004e+00 -1.26343215e+00</data></hand_right>
</opencv_storage>
