<?xml version="1.0"?>
<opencv_storage>
<hand_right type_id="opencv-matrix">
  <rows>21</rows>
  <cols>3</cols>
  <dt>f</dt>
  <data>
    -8.29437977e-06 -7.66872745e-06 3.65491815e-06 5.90710700e-01
    -3.87567937e-01 7.08367348e-01 1.33837068e+00 -6.56018972e-01
    -2.35490054e-02 1.73430371e+00 -5.65001190e-01 -8.24810624e-01
    1.95837665e+00 -5.56249321e-01 -1.44981694e+00 5.91504037e-01
    -5.99433184e-01 -1.14952123e+00 1.03325880e+00 -4.28144962e-01
    -1.90874672e+00 1.48663843e+00 -2.11501598e-01 -2.03086686e+00
    1.81641626e+00 -5.00515103e-02 -2.08412075e+00 2.32442752e-01
    -8.25574994e-02 -1.29684520e+00 7.49279618e-01 1.81354567e-01
    -1.95295930e+00 1.14970231e+00 4.25475031e-01 -1.86854792e+00
    1.43002462e+00 5.54848671e-01 -1.73829627e+00 -3.58435139e-03
    3.91940176e-01 -1.18434787e+00 4.69382972e-01 7.03223765e-01
    -1.68461204e+00 8.39556098e-01 9.16499078e-01 -1.52470994e+00
    1.05492687e+00 1.00914836e+00 -1.31097448e+00 -1.82469919e-01
    9.54515934e-01 -9.08461332e-01 3.17820609e-01 1.32922971e+00
    -1.42434669e+00 5.80025434e-01 1.48910856e+00 -1.34393632e+00
    7.87413418e-01 1.60250854e+00 -1.26407659e+00</data></hand_right>
</opencv_storage>
