<?xml version="1.0"?>
<opencv_storage>
<hand_left type_id="opencv-matrix">
  <rows>21</rows>
  <cols>3</cols>
  <dt>f</dt>
  <data>
    -8.29184955e-06 -7.67389429e-06 3.65678761e-06 5.91248095e-01
    -3.87787968e-01 7.07864165e-01 1.33857000e+00 -6.55702114e-01
    -2.46440768e-02 1.73402131e+00 -5.64145803e-01 -8.26074362e-01
    1.95775628e+00 -5.55034339e-01 -1.45124567e+00 5.90999246e-01
    -5.98749757e-01 -1.15019286e+00 1.03238392e+00 -4.26897764e-01
    -1.90947235e+00 1.48563409e+00 -2.10049152e-01 -2.03140974e+00
    1.81526518e+00 -4.85179424e-02 -2.08445978e+00 2.31733978e-01
    -8.18624943e-02 -1.29706645e+00 7.48243213e-01 1.82570532e-01
    -1.95322442e+00 1.14866388e+00 4.26741511e-01 -1.86857367e+00
    1.42894232e+00 5.56068599e-01 -1.73805773e+00 -4.32617590e-03
    3.92542124e-01 -1.18418431e+00 4.68340129e-01 7.04206467e-01
    -1.68453169e+00 8.38594139e-01 9.17476296e-01 -1.52448642e+00
    1.05401957e+00 1.01001477e+00 -1.31056559e+00 -1.83161750e-01
    9.54979062e-01 -9.07912910e-01 3.16799879e-01 1.33003724e+00
    -1.42388451e+00 5.79019725e-01 1.48992860e+00 -1.34349096e+00
    7.86401808e-01 1.60330558e+00 -1.26364720e+00</data></hand_left>
</opencv_storage>
