<?xml version="1.0"?>
<opencv_storage>
<hand_left type_id="opencv-matrix">
  <rows>21</rows>
  <cols>3</cols>
  <dt>f</dt>
  <data>
    -8.29499913e-06 -7.66793346e-06 3.65027586e-06 5.90521157e-01
    -3.88071179e-01 7.08236217e-01 1.33823049e+00 -6.56293929e-01
    -2.36840248e-02 1.73435080e+00 -5.64965129e-01 -8.24790061e-01
    1.95850980e+00 -5.55928469e-01 -1.44973099e+00 5.91507196e-01
    -5.98971128e-01 -1.14974988e+00 1.03338599e+00 -4.27404344e-01
    -1.90882885e+00 1.48669958e+00 -2.10862786e-01 -2.03072262e+00
    1.81637561e+00 -4.95501161e-02 -2.08381438e+00 2.32583657e-01
    -8.19430500e-02 -1.29686499e+00 7.49539018e-01 1.82185665e-01
    -1.95275342e+00 1.14988112e+00 4.26107913e-01 -1.86812973e+00
    1.43000805e+00 5.55239975e-01 -1.73778403e+00 -3.35089117e-03
    3.92549008e-01 -1.18414021e+00 4.69683468e-01 7.03962862e-01
    -1.68425286e+00 8.39822292e-01 9.17032301e-01 -1.52420807e+00
    1.05505657e+00 1.00944781e+00 -1.31048846e+00 -1.82147399e-01
    9.55028236e-01 -9.07978475e-01 3.18208992e-01 1.32987642e+00
    -1.42366052e+00 5.80388427e-01 1.48963904e+00 -1.34317601e+00
    7.87715077e-01 1.60292089e+00 -1.26335454e+00</data></hand_left>
</opencv_storage>
