<?xml version="1.0"?>
<opencv_storage>
<hand_right type_id="opencv-matrix">
  <rows>21</rows>
  <cols>3</cols>
  <dt>f</dt>
  <data>
    -8.29271266e-06 -7.67108395e-06 3.65781261e-06 5.91056645e-01
    -3.87576997e-01 7.08109140e-01 1.33850121e+00 -6.55803561e-01
    -2.41344273e-02 1.73412991e+00 -5.64575672e-01 -8.25495124e-01
    1.95800126e+00 -5.55699229e-01 -1.45061707e+00 5.91183901e-01
    -5.99178553e-01 -1.14983737e+00 1.03271294e+00 -4.27628696e-01
    -1.90907741e+00 1.48598552e+00 -2.10864425e-01 -2.03107023e+00
    1.81562781e+00 -4.93797362e-02 -2.08419466e+00 2.31992632e-01
    -8.23301151e-02 -1.29696095e+00 7.48645306e-01 1.81831881e-01
    -1.95309341e+00 1.14906120e+00 4.26001608e-01 -1.86848378e+00
    1.42934251e+00 5.55360734e-01 -1.73800588e+00 -4.05553356e-03
    3.92120510e-01 -1.18429542e+00 4.68713433e-01 7.03567743e-01
    -1.68465245e+00 8.38966429e-01 9.16873455e-01 -1.52465403e+00
    1.05441189e+00 1.00949955e+00 -1.31078136e+00 -1.82909414e-01
    9.54648137e-01 -9.08257306e-01 3.17166537e-01 1.32948256e+00
    -1.42425299e+00 5.79383254e-01 1.48939013e+00 -1.34390855e+00
    7.86788166e-01 1.60279596e+00 -1.26410019e+00</data></hand_right>
</opencv_storage>
