<?xml version="1.0"?>
<opencv_storage>
<hand_right type_id="opencv-matrix">
  <rows>21</rows>
  <cols>3</cols>
  <dt>f</dt>
  <data>
    -8.29144756e-06 -7.67274105e-06 3.65469759e-06 5.91134667e-01
    -3.87848020e-01 7.07864523e-01 1.33847845e+00 -6.55749798e-01
    -2.45786607e-02 1.73397899e+00 -5.64188242e-01 -8.25983465e-01
    1.95774484e+00 -5.55039167e-01 -1.45110667e+00 5.91053247e-01
    -5.98684609e-01 -1.15014517e+00 1.03243971e+00 -4.26858783e-01
    -1.90944588e+00 1.48575640e+00 -2.10028261e-01 -2.03158140e+00
    1.81549692e+00 -4.84625399e-02 -2.08481884e+00 2.31825203e-01
    -8.17932263e-02 -1.29700124e+00 7.48336077e-01 1.82608649e-01
    -1.95318258e+00 1.14879477e+00 4.26777542e-01 -1.86873436e+00
    1.42918515e+00 5.56148767e-01 -1.73843122e+00 -4.23282012e-03
    3.92597944e-01 -1.18412757e+00 4.68475729e-01 7.04265237e-01
    -1.68440831e+00 8.38708997e-01 9.17523026e-01 -1.52447760e+00
    1.05417907e+00 1.01009548e+00 -1.31069529e+00 -1.83085203e-01
    9.54987526e-01 -9.07842159e-01 3.16925228e-01 1.33008409e+00
    -1.42372215e+00 5.79153240e-01 1.48996508e+00 -1.34331608e+00
    7.86563516e-01 1.60334659e+00 -1.26343942e+00</data></hand_right>
</opencv_storage>
