<?xml version="1.0"?>
<opencv_storage>
<hand_right type_id="opencv-matrix">
  <rows>21</rows>
  <cols>3</cols>
  <dt>f</dt>
  <data>
    -8.29407600e-06 -7.67244092e-06 3.65393453e-06 5.91032743e-01
    -3.87971401e-01 7.07937956e-01 1.33845329e+00 -6.55950308e-01
    -2.44489461e-02 1.73407853e+00 -5.64388096e-01 -8.25803876e-01
    1.95793772e+00 -5.55246830e-01 -1.45093501e+00 5.91113567e-01
    -5.98737478e-01 -1.15013874e+00 1.03268695e+00 -4.26890433e-01
    -1.90932059e+00 1.48604608e+00 -2.10096508e-01 -2.03119493e+00
    1.81576848e+00 -4.85900044e-02 -2.08420372e+00 2.31972247e-01
    -8.17712843e-02 -1.29702568e+00 7.48668194e-01 1.82633862e-01
    -1.95306611e+00 1.14916241e+00 4.26746130e-01 -1.86835420e+00
    1.42950690e+00 5.56044579e-01 -1.73779488e+00 -4.02570143e-03
    3.92663956e-01 -1.18414140e+00 4.68816608e-01 7.04298973e-01
    -1.68434966e+00 8.39103222e-01 9.17501926e-01 -1.52422929e+00
    1.05454600e+00 1.01000452e+00 -1.31025922e+00 -1.82815492e-01
    9.55098510e-01 -9.07850921e-01 3.17334920e-01 1.33013248e+00
    -1.42367685e+00 5.79584539e-01 1.48997808e+00 -1.34321356e+00
    7.86996007e-01 1.60331392e+00 -1.26329422e+00</data></hand_right>
</opencv_storage>
