<?xml version="1.0"?>
<opencv_storage>
<hand_left type_id="opencv-matrix">
  <rows>21</rows>
  <cols>3</cols>
  <dt>f</dt>
  <data>
    -8.26381074e-06 -7.69711005e-06 3.67550228e-06 5.94652951e-01
    -3.87871146e-01 7.05016553e-01 1.33985424e+00 -6.52867317e-01
    -3.07755321e-02 1.73222995e+00 -5.59082448e-01 -8.33471954e-01
    1.95364571e+00 -5.48455000e-01 -1.45943952e+00 5.88002205e-01
    -5.95505536e-01 -1.15339911e+00 1.02604532e+00 -4.21485275e-01
    -1.91401947e+00 1.47818732e+00 -2.03656077e-01 -2.03728914e+00
    1.80710137e+00 -4.15133834e-02 -2.09143686e+00 2.27173805e-01
    -7.90400952e-02 -1.29802787e+00 7.40503788e-01 1.87483713e-01
    -1.95565128e+00 1.14047754e+00 4.32138324e-01 -1.87224174e+00
    1.42080081e+00 5.61647236e-01 -1.74290705e+00 -9.37852263e-03
    3.94698471e-01 -1.18341959e+00 4.60552275e-01 7.08090246e-01
    -1.68504632e+00 8.30875635e-01 9.21760559e-01 -1.52619851e+00
    1.04696274e+00 1.01432014e+00 -1.31321883e+00 -1.88246235e-01
    9.56296682e-01 -9.05500114e-01 3.08946043e-01 1.33312583e+00
    -1.42273378e+00 5.71064353e-01 1.49338341e+00 -1.34316015e+00
    7.78557420e-01 1.60709620e+00 -1.26408994e+00</data></hand_left>
</opencv_storage>
