<?xml version="1.0"?>
<opencv_storage>
<hand_left type_id="opencv-matrix">
  <rows>21</rows>
  <cols>3</cols>
  <dt>f</dt>
  <data>
    -8.29241253e-06 -7.67238816e-06 3.65344908e-06 5.91068089e-01
    -3.88090312e-01 7.07810163e-01 1.33844090e+00 -6.55893385e-01
    -2.46511996e-02 1.73403955e+00 -5.64181089e-01 -8.25975418e-01
    1.95785713e+00 -5.54905295e-01 -1.45109272e+00 5.91057360e-01
    -5.98467052e-01 -1.15027249e+00 1.03252697e+00 -4.26471919e-01
    -1.90946090e+00 1.48577547e+00 -2.09685653e-01 -2.03138471e+00
    1.81540489e+00 -4.82143760e-02 -2.08446789e+00 2.31892750e-01
    -8.14963803e-02 -1.29703403e+00 7.48488903e-01 1.83038905e-01
    -1.95305586e+00 1.14888918e+00 4.27103490e-01 -1.86837614e+00
    1.42913818e+00 5.56329429e-01 -1.73791158e+00 -4.11593542e-03
    3.92897397e-01 -1.18403888e+00 4.68610466e-01 7.04626143e-01
    -1.68425965e+00 8.38857651e-01 9.17787910e-01 -1.52420533e+00
    1.05427694e+00 1.01024032e+00 -1.31037092e+00 -1.82915047e-01
    9.55255449e-01 -9.07617450e-01 3.17114413e-01 1.33039415e+00
    -1.42342961e+00 5.79328656e-01 1.49022424e+00 -1.34301710e+00
    7.86720991e-01 1.60355818e+00 -1.26319838e+00</data></hand_left>
</opencv_storage>
