<?xml version="1.0"?>
<opencv_storage>
<hand_left type_id="opencv-matrix">
  <rows>21</rows>
  <cols>3</cols>
  <dt>f</dt>
  <data>
    -8.29724831e-06 -7.67060283e-06 3.65075152e-06 5.90730906e-01
    -3.88304472e-01 7.08005965e-01 1.33826447e+00 -6.56333745e-01
    -2.42425650e-02 1.73413277e+00 -5.64705789e-01 -8.25451970e-01
    1.95816183e+00 -5.55488586e-01 -1.45053256e+00 5.91241181e-01
    -5.98647475e-01 -1.15011275e+00 1.03307045e+00 -4.26745057e-01
    -1.90911174e+00 1.48648071e+00 -2.10065365e-01 -2.03074479e+00
    1.81619763e+00 -4.86746132e-02 -2.08357072e+00 2.32294947e-01
    -8.15434828e-02 -1.29698229e+00 7.49245942e-01 1.82868764e-01
    -1.95279920e+00 1.14975238e+00 4.26824242e-01 -1.86784995e+00
    1.43003392e+00 5.55970967e-01 -1.73712623e+00 -3.58999893e-03
    3.92935097e-01 -1.18404651e+00 4.69457269e-01 7.04539895e-01
    -1.68407404e+00 8.39755654e-01 9.17582273e-01 -1.52377045e+00
    1.05514324e+00 1.00995004e+00 -1.30969465e+00 -1.82283416e-01
    9.55362022e-01 -9.07671750e-01 3.18094730e-01 1.33034754e+00
    -1.42329752e+00 5.80358028e-01 1.49009371e+00 -1.34274232e+00
    7.87766933e-01 1.60334980e+00 -1.26276779e+00</data></hand_left>
</opencv_storage>
