<?xml version="1.0"?>
<opencv_storage>
<hand_left type_id="opencv-matrix">
  <rows>21</rows>
  <cols>3</cols>
  <dt>f</dt>
  <data>
    -8.29283726e-06 -7.67221991e-06 3.65572782e-06 5.91072500e-01
    -3.87840182e-01 7.07961857e-01 1.33849096e+00 -6.55833960e-01
    -2.44070292e-02 1.73410678e+00 -5.64345837e-01 -8.25752079e-01
    1.95795441e+00 -5.55259943e-01 -1.45088279e+00 5.91118634e-01
    -5.98826170e-01 -1.15006363e+00 1.03260601e+00 -4.27058995e-01
    -1.90928960e+00 1.48585248e+00 -2.10294873e-01 -2.03123379e+00
    1.81547308e+00 -4.88268137e-02 -2.08432865e+00 2.31941760e-01
    -8.19073766e-02 -1.29700518e+00 7.48540878e-01 1.82430699e-01
    -1.95309865e+00 1.14893496e+00 4.26534086e-01 -1.86847138e+00
    1.42918873e+00 5.55813909e-01 -1.73801899e+00 -4.08116728e-03
    3.92520279e-01 -1.18416953e+00 4.68641639e-01 7.04097509e-01
    -1.68448210e+00 8.38886142e-01 9.17325437e-01 -1.52447689e+00
    1.05432642e+00 1.00986195e+00 -1.31064343e+00 -1.82897091e-01
    9.54971433e-01 -9.07936633e-01 3.17146897e-01 1.32994401e+00
    -1.42386365e+00 5.79364598e-01 1.48981261e+00 -1.34349430e+00
    7.86766946e-01 1.60319209e+00 -1.26368964e+00</data></hand_left>
</opencv_storage>
