<?xml version="1.0"?>
<opencv_storage>
<hand_right type_id="opencv-matrix">
  <rows>21</rows>
  <cols>3</cols>
  <dt>f</dt>
  <data>
    -8.29171950e-06 -7.67460460e-06 3.65664187e-06 5.91340065e-01
    -3.87880802e-01 7.07732260e-01 1.33858144e+00 -6.55663133e-01
    -2.49041617e-02 1.73393059e+00 -5.63968122e-01 -8.26355219e-01
    1.95760524e+00 -5.54747760e-01 -1.45156288e+00 5.90869248e-01
    -5.98559201e-01 -1.15034544e+00 1.03218102e+00 -4.26556587e-01
    -1.90960574e+00 1.48543370e+00 -2.09657371e-01 -2.03152752e+00
    1.81505895e+00 -4.80954051e-02 -2.08456516e+00 2.31581151e-01
    -8.16604868e-02 -1.29709470e+00 7.48028040e-01 1.82897732e-01
    -1.95324433e+00 1.14849317e+00 4.27081645e-01 -1.86856818e+00
    1.42883217e+00 5.56417584e-01 -1.73802066e+00 -4.47044149e-03
    3.92719716e-01 -1.18411124e+00 4.68135178e-01 7.04469919e-01
    -1.68445361e+00 8.38454187e-01 9.17739630e-01 -1.52440858e+00
    1.05397725e+00 1.01028430e+00 -1.31047130e+00 -1.83277786e-01
    9.55105662e-01 -9.07736659e-01 3.16624403e-01 1.33024359e+00
    -1.42370975e+00 5.78877687e-01 1.49014258e+00 -1.34335208e+00
    7.86311388e-01 1.60352945e+00 -1.26351404e+00</data></hand_right>
</opencv_storage>
