<?xml version="1.0"?>
<opencv_storage>
<hand_left type_id="opencv-matrix">
  <rows>21</rows>
  <cols>3</cols>
  <dt>f</dt>
  <data>
    -8.29543296e-06 -7.67250913e-06 3.66446875e-06 5.91238141e-01
    -3.87221992e-01 7.08285689e-01 1.33863354e+00 -6.55797303e-01
    -2.40078866e-02 1.73412466e+00 -5.64881325e-01 -8.25499415e-01
    1.95793772e+00 -5.56317210e-01 -1.45074415e+00 5.91082454e-01
    -5.99804699e-01 -1.14968634e+00 1.03263271e+00 -4.28529382e-01
    -1.90895879e+00 1.48590016e+00 -2.11766690e-01 -2.03067541e+00
    1.81547189e+00 -5.03146052e-02 -2.08351803e+00 2.31860861e-01
    -8.29827338e-02 -1.29704106e+00 7.48555660e-01 1.80944785e-01
    -1.95325053e+00 1.14900255e+00 4.25165832e-01 -1.86836028e+00
    1.42923856e+00 5.54549873e-01 -1.73750377e+00 -4.15845960e-03
    3.91560167e-01 -1.18456388e+00 4.68637526e-01 7.02793062e-01
    -1.68508351e+00 8.38944793e-01 9.16163921e-01 -1.52489257e+00
    1.05437338e+00 1.00883090e+00 -1.31068325e+00 -1.82940841e-01
    9.54300761e-01 -9.08780634e-01 3.17188531e-01 1.32883239e+00
    -1.42500257e+00 5.79428077e-01 1.48876536e+00 -1.34465051e+00
    7.86820590e-01 1.60218954e+00 -1.26477790e+00</data></hand_left>
</opencv_storage>
