<?xml version="1.0"?>
<opencv_storage>
<hand_right type_id="opencv-matrix">
  <rows>21</rows>
  <cols>3</cols>
  <dt>f</dt>
  <data>
    -8.29403962e-06 -7.67205620e-06 3.65253982e-06 5.90959549e-01
    -3.88192296e-01 7.07864821e-01 1.33839905e+00 -6.56037688e-01
    -2.45275646e-02 1.73411036e+00 -5.64323306e-01 -8.25788617e-01
    1.95801926e+00 -5.55058479e-01 -1.45089304e+00 5.91129780e-01
    -5.98473668e-01 -1.15024376e+00 1.03273201e+00 -4.26463544e-01
    -1.90933084e+00 1.48598981e+00 -2.09720761e-01 -2.03108096e+00
    1.81558704e+00 -4.83071804e-02 -2.08402109e+00 2.32037991e-01
    -8.14518332e-02 -1.29702640e+00 7.48765409e-01 1.83086053e-01
    -1.95292854e+00 1.14916039e+00 4.27091062e-01 -1.86806774e+00
    1.42935252e+00 5.56247890e-01 -1.73744702e+00 -3.92749906e-03
    3.92965704e-01 -1.18402410e+00 4.68886614e-01 7.04673171e-01
    -1.68417454e+00 8.39150429e-01 9.17782962e-01 -1.52399302e+00
    1.05454004e+00 1.01017594e+00 -1.31004477e+00 -1.82688355e-01
    9.55342114e-01 -9.07591403e-01 3.17441940e-01 1.33043635e+00
    -1.42333913e+00 5.79657495e-01 1.49023652e+00 -1.34288347e+00
    7.87043691e-01 1.60354018e+00 -1.26304531e+00</data></hand_right>
</opencv_storage>
