<?xml version="1.0"?>
<opencv_storage>
<hand_left type_id="opencv-matrix">
  <rows>21</rows>
  <cols>3</cols>
  <dt>f</dt>
  <data>
    -8.29036162e-06 -7.67655001e-06 3.66225322e-06 5.91676533e-01
    -3.87580782e-01 7.07682967e-01 1.33876216e+00 -6.55413866e-01
    -2.51574069e-02 1.73383594e+00 -5.63818574e-01 -8.26778412e-01
    1.95730948e+00 -5.54708123e-01 -1.45210719e+00 5.90643883e-01
    -5.98790944e-01 -1.15041125e+00 1.03174138e+00 -4.26864862e-01
    -1.90982318e+00 1.48494029e+00 -2.09882915e-01 -2.03175902e+00
    1.81451201e+00 -4.82664406e-02 -2.08476043e+00 2.31206760e-01
    -8.19717050e-02 -1.29719377e+00 7.47452140e-01 1.82543039e-01
    -1.95354986e+00 1.14792085e+00 4.26832497e-01 -1.86887789e+00
    1.42826009e+00 5.56243896e-01 -1.73824584e+00 -4.89332527e-03
    3.92415345e-01 -1.18426085e+00 4.67551172e-01 7.04138696e-01
    -1.68481445e+00 8.37880194e-01 9.17509317e-01 -1.52478850e+00
    1.05341542e+00 1.01011825e+00 -1.31076348e+00 -1.83706865e-01
    9.54881191e-01 -9.07975793e-01 3.16028059e-01 1.32996511e+00
    -1.42418861e+00 5.78280270e-01 1.48992252e+00 -1.34388959e+00
    7.85697818e-01 1.60335124e+00 -1.26405418e+00</data></hand_left>
</opencv_storage>
