<?xml version="1.0"?>
<opencv_storage>
<hand_left type_id="opencv-matrix">
  <rows>21</rows>
  <cols>3</cols>
  <dt>f</dt>
  <data>
    -8.29588680e-06 -7.67113943e-06 3.65224491e-06 5.90804160e-01
    -3.88072193e-01 7.08057344e-01 1.33834088e+00 -6.56160235e-01
    -2.41418630e-02 1.73416328e+00 -5.64666152e-01 -8.25387299e-01
    1.95816362e+00 -5.55555582e-01 -1.45045412e+00 5.91280282e-01
    -5.98796964e-01 -1.15000510e+00 1.03302836e+00 -4.27012861e-01
    -1.90909111e+00 1.48641086e+00 -2.10305095e-01 -2.03087115e+00
    1.81613708e+00 -4.88712490e-02 -2.08382750e+00 2.32251987e-01
    -8.17788988e-02 -1.29696453e+00 7.49111533e-01 1.82554245e-01
    -1.95288992e+00 1.14958334e+00 4.26588416e-01 -1.86811054e+00
    1.42988777e+00 5.55829048e-01 -1.73752832e+00 -3.70106846e-03
    3.92684966e-01 -1.18412638e+00 4.69276607e-01 7.04254389e-01
    -1.68423533e+00 8.39535236e-01 9.17393625e-01 -1.52405715e+00
    1.05492258e+00 1.00985491e+00 -1.31006765e+00 -1.82473317e-01
    9.55134332e-01 -9.07862425e-01 3.17821145e-01 1.33010197e+00
    -1.42357397e+00 5.80060065e-01 1.48990321e+00 -1.34306395e+00
    7.87460804e-01 1.60321712e+00 -1.26312780e+00</data></hand_left>
</opencv_storage>
