<?xml version="1.0"?>
<opencv_storage>
<hand_right type_id="opencv-matrix">
  <rows>21</rows>
  <cols>3</cols>
  <dt>f</dt>
  <data>
    -8.29620058e-06 -7.67207166e-06 3.66389781e-06 5.91246247e-01
    -3.87376398e-01 7.08171844e-01 1.33851528e+00 -6.55949950e-01
    -2.42283791e-02 1.73391485e+00 -5.64960480e-01 -8.25739801e-01
    1.95767403e+00 -5.56346774e-01 -1.45099878e+00 5.90874374e-01
    -5.99745572e-01 -1.14979219e+00 1.03242016e+00 -4.28415895e-01
    -1.90902722e+00 1.48575890e+00 -2.11655647e-01 -2.03068662e+00
    1.81537974e+00 -5.02081215e-02 -2.08344436e+00 2.31712237e-01
    -8.28714594e-02 -1.29704785e+00 7.48415768e-01 1.81076214e-01
    -1.95324600e+00 1.14897168e+00 4.25263673e-01 -1.86831057e+00
    1.42928207e+00 5.54620743e-01 -1.73739326e+00 -4.22979891e-03
    3.91682684e-01 -1.18449759e+00 4.68594313e-01 7.02915549e-01
    -1.68499398e+00 8.38991523e-01 9.16225255e-01 -1.52475691e+00
    1.05447137e+00 1.00885069e+00 -1.31049860e+00 -1.82907388e-01
    9.54403043e-01 -9.08644855e-01 3.17241907e-01 1.32893169e+00
    -1.42485178e+00 5.79539597e-01 1.48882556e+00 -1.34449303e+00
    7.86967695e-01 1.60219181e+00 -1.26459646e+00</data></hand_right>
</opencv_storage>
