<?xml version="1.0"?>
<opencv_storage>
<hand_right type_id="opencv-matrix">
  <rows>21</rows>
  <cols>3</cols>
  <dt>f</dt>
  <data>
    -8.29324108e-06 -7.67606070e-06 3.66069730e-06 5.91535687e-01
    -3.87828767e-01 7.07673848e-01 1.33864689e+00 -6.55674517e-01
    -2.51337141e-02 1.73380327e+00 -5.63998818e-01 -8.26690674e-01
    1.95737779e+00 -5.54873586e-01 -1.45199788e+00 5.90714693e-01
    -5.98600388e-01 -1.15046918e+00 1.03196120e+00 -4.26544189e-01
    -1.90971994e+00 1.48515630e+00 -2.09610015e-01 -2.03141165e+00
    1.81468678e+00 -4.80817258e-02 -2.08426118e+00 2.31376842e-01
    -8.16974118e-02 -1.29718876e+00 7.47826219e-01 1.82951614e-01
    -1.95327675e+00 1.14825165e+00 4.27143008e-01 -1.86824322e+00
    1.42853236e+00 5.56442738e-01 -1.73731828e+00 -4.66168299e-03
    3.92694950e-01 -1.18416440e+00 4.67932671e-01 7.04489350e-01
    -1.68449748e+00 8.38270545e-01 9.17759418e-01 -1.52417707e+00
    1.05375731e+00 1.01023746e+00 -1.30987155e+00 -1.83415920e-01
    9.55123365e-01 -9.07775104e-01 3.16483945e-01 1.33023548e+00
    -1.42375565e+00 5.78698039e-01 1.49012041e+00 -1.34331656e+00
    7.86097884e-01 1.60349417e+00 -1.26342106e+00</data></hand_right>
</opencv_storage>
