<?xml version="1.0"?>
<opencv_storage>
<hand_left type_id="opencv-matrix">
  <rows>21</rows>
  <cols>3</cols>
  <dt>f</dt>
  <data>
    -8.29724013e-06 -7.67022721e-06 3.65691267e-06 5.90902567e-01
    -3.87892067e-01 7.08110452e-01 1.33831620e+00 -6.56262755e-01
    -2.41506696e-02 1.73400879e+00 -5.65010667e-01 -8.25474918e-01
    1.95794845e+00 -5.56128621e-01 -1.45061338e+00 5.91085732e-01
    -5.99202156e-01 -1.14990997e+00 1.03280163e+00 -4.27622437e-01
    -1.90900695e+00 1.48616147e+00 -2.10956097e-01 -2.03068900e+00
    1.81582034e+00 -4.95851636e-02 -2.08354545e+00 2.32080221e-01
    -8.21953118e-02 -1.29698801e+00 7.48957396e-01 1.81958422e-01
    -1.95294011e+00 1.14945960e+00 4.25986797e-01 -1.86798906e+00
    1.42974007e+00 5.55206954e-01 -1.73719347e+00 -3.80894169e-03
    3.92326832e-01 -1.18424964e+00 4.69158709e-01 7.03719974e-01
    -1.68447006e+00 8.39506030e-01 9.16869521e-01 -1.52420318e+00
    1.05494153e+00 1.00935125e+00 -1.31004679e+00 -1.82477385e-01
    9.54894245e-01 -9.08136070e-01 3.17825407e-01 1.32962298e+00
    -1.42400181e+00 5.80091238e-01 1.48942304e+00 -1.34354627e+00
    7.87518263e-01 1.60273302e+00 -1.26363993e+00</data></hand_left>
</opencv_storage>
