<?xml version="1.0"?>
<opencv_storage>
<hand_left type_id="opencv-matrix">
  <rows>21</rows>
  <cols>3</cols>
  <dt>f</dt>
  <data>
    -8.29477085e-06 -7.67311030e-06 3.65018332e-06 5.90972185e-01
    -3.88405800e-01 7.07728624e-01 1.33835042e+00 -6.56084836e-01
    -2.47851312e-02 1.73399019e+00 -5.64161777e-01 -8.26068759e-01
    1.95784688e+00 -5.54710031e-01 -1.45118487e+00 5.91016114e-01
    -5.98229527e-01 -1.15042353e+00 1.03257537e+00 -4.26073492e-01
    -1.90953135e+00 1.48592925e+00 -2.09299386e-01 -2.03132367e+00
    1.81564283e+00 -4.78238165e-02 -2.08428764e+00 2.31949791e-01
    -8.11459199e-02 -1.29704595e+00 7.48628080e-01 1.83495656e-01
    -1.95298171e+00 1.14913094e+00 4.27492410e-01 -1.86823285e+00
    1.42947817e+00 5.56675613e-01 -1.73770285e+00 -3.97998467e-03
    3.93259019e-01 -1.18392289e+00 4.68853295e-01 7.05061793e-01
    -1.68401146e+00 8.39157939e-01 9.18126047e-01 -1.52386487e+00
    1.05462527e+00 1.01050329e+00 -1.30994689e+00 -1.82689607e-01
    9.55568850e-01 -9.07346129e-01 3.17470312e-01 1.33078170e+00
    -1.42301404e+00 5.79745173e-01 1.49055195e+00 -1.34251559e+00
    7.87182868e-01 1.60383296e+00 -1.26258314e+00</data></hand_left>
</opencv_storage>
