<?xml version="1.0"?>
<opencv_storage>
<hand_right type_id="opencv-matrix">
  <rows>21</rows>
  <cols>3</cols>
  <dt>f</dt>
  <data>
    -8.29088640e-06 -7.67556321e-06 3.65918595e-06 5.91517687e-01
    -3.87874544e-01 7.07616866e-01 1.33863056e+00 -6.55600965e-01
    -2.51813829e-02 1.73382163e+00 -5.63851535e-01 -8.26702714e-01
    1.95736504e+00 -5.54602206e-01 -1.45196605e+00 5.90682507e-01
    -5.98508835e-01 -1.15049982e+00 1.03187168e+00 -4.26438689e-01
    -1.90980566e+00 1.48503995e+00 -2.09525228e-01 -2.03161764e+00
    1.81456685e+00 -4.79933321e-02 -2.08455229e+00 2.31337652e-01
    -8.16105455e-02 -1.29716885e+00 7.47681022e-01 1.83028996e-01
    -1.95335007e+00 1.14808083e+00 4.27196711e-01 -1.86855471e+00
    1.42831731e+00 5.56471169e-01 -1.73787665e+00 -4.71100211e-03
    3.92763942e-01 -1.18411839e+00 4.67808872e-01 7.04568505e-01
    -1.68451715e+00 8.38087440e-01 9.17811513e-01 -1.52437687e+00
    1.05351615e+00 1.01027107e+00 -1.31033158e+00 -1.83483422e-01
    9.55153823e-01 -9.07685578e-01 3.16325128e-01 1.33032656e+00
    -1.42370522e+00 5.78536153e-01 1.49020410e+00 -1.34331703e+00
    7.85900354e-01 1.60355484e+00 -1.26348293e+00</data></hand_right>
</opencv_storage>
