<?xml version="1.0"?>
<opencv_storage>
<hand_left type_id="opencv-matrix">
  <rows>21</rows>
  <cols>3</cols>
  <dt>f</dt>
  <data>
    -8.29185410e-06 -7.67141410e-06 3.66173754e-06 5.91263831e-01
    -3.87356550e-01 7.08064914e-01 1.33853221e+00 -6.55710399e-01
    -2.43314654e-02 1.73390603e+00 -5.64618647e-01 -8.25846791e-01
    1.95760870e+00 -5.55872917e-01 -1.45103812e+00 5.90963125e-01
    -5.99409938e-01 -1.14984298e+00 1.03230596e+00 -4.27999675e-01
    -1.90923691e+00 1.48557723e+00 -2.11199373e-01 -2.03138471e+00
    1.81525815e+00 -4.96682227e-02 -2.08462191e+00 2.31692061e-01
    -8.26228708e-02 -1.29700065e+00 7.48205066e-01 1.81438655e-01
    -1.95330715e+00 1.14866197e+00 4.25685167e-01 -1.86878967e+00
    1.42901576e+00 5.55127740e-01 -1.73833323e+00 -4.36870381e-03
    3.91836733e-01 -1.18439901e+00 4.68318254e-01 7.03222394e-01
    -1.68488705e+00 8.38591278e-01 9.16591227e-01 -1.52494323e+00
    1.05407512e+00 1.00928581e+00 -1.31104136e+00 -1.83202848e-01
    9.54416931e-01 -9.08454299e-01 3.16779912e-01 1.32917786e+00
    -1.42459643e+00 5.79006493e-01 1.48910928e+00 -1.34428728e+00
    7.86411226e-01 1.60253596e+00 -1.26446903e+00</data></hand_left>
</opencv_storage>
