<?xml version="1.0"?>
<opencv_storage>
<hand_right type_id="opencv-matrix">
  <rows>21</rows>
  <cols>3</cols>
  <dt>f</dt>
  <data>
    -8.29142573e-06 -7.67459096e-06 3.65646792e-06 5.91383159e-01
    -3.87885451e-01 7.07669973e-01 1.33853436e+00 -6.55660391e-01
    -2.50541866e-02 1.73376465e+00 -5.63948631e-01 -8.26588333e-01
    1.95735419e+00 -5.54718137e-01 -1.45181334e+00 5.90778768e-01
    -5.98530054e-01 -1.15039086e+00 1.03199840e+00 -4.26542342e-01
    -1.90973639e+00 1.48534191e+00 -2.09607482e-01 -2.03185272e+00
    1.81510329e+00 -4.79705036e-02 -2.08503485e+00 2.31474832e-01
    -8.16361532e-02 -1.29708767e+00 7.47841597e-01 1.82903513e-01
    -1.95334494e+00 1.14839101e+00 4.27127719e-01 -1.86886108e+00
    1.42888749e+00 5.56543231e-01 -1.73847330e+00 -4.57657501e-03
    3.92734349e-01 -1.18409646e+00 4.68027472e-01 7.04504371e-01
    -1.68442571e+00 8.38352561e-01 9.17785645e-01 -1.52446628e+00
    1.05393600e+00 1.01036990e+00 -1.31058455e+00 -1.83375403e-01
    9.55092669e-01 -9.07705128e-01 3.16529721e-01 1.33027411e+00
    -1.42365897e+00 5.78804970e-01 1.49017155e+00 -1.34327555e+00
    7.86267877e-01 1.60355949e+00 -1.26336646e+00</data></hand_right>
</opencv_storage>
