<?xml version="1.0"?>
<opencv_storage>
<hand_left type_id="opencv-matrix">
  <rows>21</rows>
  <cols>3</cols>
  <dt>f</dt>
  <data>
    -8.29513738e-06 -7.66837820e-06 3.65702635e-06 5.90763271e-01
    -3.87521863e-01 7.08391488e-01 1.33840239e+00 -6.56067252e-01
    -2.35496461e-02 1.73431206e+00 -5.65110087e-01 -8.24814737e-01
    1.95838141e+00 -5.56426287e-01 -1.44987559e+00 5.91455519e-01
    -5.99544644e-01 -1.14952362e+00 1.03325927e+00 -4.28249091e-01
    -1.90867996e+00 1.48660028e+00 -2.11598486e-01 -2.03060174e+00
    1.81628680e+00 -5.01919687e-02 -2.08368587e+00 2.32397780e-01
    -8.26656669e-02 -1.29688442e+00 7.49317944e-01 1.81262672e-01
    -1.95291162e+00 1.14973783e+00 4.25381064e-01 -1.86821461e+00
    1.42998123e+00 5.54713964e-01 -1.73766375e+00 -3.60874832e-03
    3.91853511e-01 -1.18439937e+00 4.69384283e-01 7.03112662e-01
    -1.68467748e+00 8.39612544e-01 9.16389704e-01 -1.52459705e+00
    1.05498600e+00 1.00901604e+00 -1.31066418e+00 -1.82460338e-01
    9.54479396e-01 -9.08542097e-01 3.17845732e-01 1.32911742e+00
    -1.42446518e+00 5.80052078e-01 1.48899710e+00 -1.34406674e+00
    7.87434697e-01 1.60238254e+00 -1.26422036e+00</data></hand_left>
</opencv_storage>
