<?xml version="1.0"?>
<opencv_storage>
<hand_right type_id="opencv-matrix">
  <rows>21</rows>
  <cols>3</cols>
  <dt>f</dt>
  <data>
    -8.29823512e-06 -7.66810172e-06 3.65087931e-06 5.90518773e-01
    -3.88160408e-01 7.08239317e-01 1.33818698e+00 -6.56479836e-01
    -2.37433761e-02 1.73425674e+00 -5.65144897e-01 -8.24879348e-01
    1.95843196e+00 -5.56136966e-01 -1.44988286e+00 5.91446042e-01
    -5.99007547e-01 -1.14979947e+00 1.03342247e+00 -4.27384079e-01
    -1.90877819e+00 1.48683453e+00 -2.10814118e-01 -2.03048658e+00
    1.81656885e+00 -4.94931340e-02 -2.08342481e+00 2.32580170e-01
    -8.19216445e-02 -1.29689300e+00 7.49684691e-01 1.82249174e-01
    -1.95266330e+00 1.15015113e+00 4.26176459e-01 -1.86775792e+00
    1.43039703e+00 5.55326521e-01 -1.73710084e+00 -3.29086185e-03
    3.92601579e-01 -1.18414474e+00 4.69872832e-01 7.04016447e-01
    -1.68415546e+00 8.40137720e-01 9.17070150e-01 -1.52389276e+00
    1.05549455e+00 1.00948644e+00 -1.30988121e+00 -1.82003319e-01
    9.55107331e-01 -9.07966375e-01 3.18494558e-01 1.32990539e+00
    -1.42357564e+00 5.80732822e-01 1.48964667e+00 -1.34303904e+00
    7.88134754e-01 1.60291791e+00 -1.26311123e+00</data></hand_right>
</opencv_storage>
