<?xml version="1.0"?>
<opencv_storage>
<hand_left type_id="opencv-matrix">
  <rows>21</rows>
  <cols>3</cols>
  <dt>f</dt>
  <data>
    -8.29293003e-06 -7.66931771e-06 3.65987080e-06 5.90983927e-01
    -3.87341231e-01 7.08280385e-01 1.33845258e+00 -6.55852020e-01
    -2.38283277e-02 1.73411298e+00 -5.64932108e-01 -8.25222373e-01
    1.95800853e+00 -5.56280494e-01 -1.45031989e+00 5.91251969e-01
    -5.99588752e-01 -1.14957750e+00 1.03277946e+00 -4.28360879e-01
    -1.90892017e+00 1.48606539e+00 -2.11670250e-01 -2.03110552e+00
    1.81575871e+00 -5.02066612e-02 -2.08441758e+00 2.32082456e-01
    -8.27872008e-02 -1.29690433e+00 7.48750985e-01 1.81103647e-01
    -1.95314038e+00 1.14915156e+00 4.25289810e-01 -1.86870611e+00
    1.42946267e+00 5.54703116e-01 -1.73837876e+00 -3.96807492e-03
    3.91703695e-01 -1.18442714e+00 4.68843043e-01 7.02961147e-01
    -1.68485320e+00 8.39051068e-01 9.16305244e-01 -1.52496696e+00
    1.05447674e+00 1.00900829e+00 -1.31117785e+00 -1.82836324e-01
    9.54319715e-01 -9.08599317e-01 3.17292273e-01 1.32896924e+00
    -1.42466223e+00 5.79489946e-01 1.48888445e+00 -1.34433711e+00
    7.86886096e-01 1.60231853e+00 -1.26453710e+00</data></hand_left>
</opencv_storage>
