<?xml version="1.0"?>
<opencv_storage>
<hand_right type_id="opencv-matrix">
  <rows>21</rows>
  <cols>3</cols>
  <dt>f</dt>
  <data>
    -8.29522833e-06 -7.67174333e-06 3.64849029e-06 5.90812862e-01
    -3.88554841e-01 7.07770169e-01 1.33827591e+00 -6.56241298e-01
    -2.46356130e-02 1.73408628e+00 -5.64301431e-01 -8.25832605e-01
    1.95804513e+00 -5.54820597e-01 -1.45089447e+00 5.91148496e-01
    -5.98127365e-01 -1.15040421e+00 1.03282177e+00 -4.25933778e-01
    -1.90943456e+00 1.48614442e+00 -2.09225744e-01 -2.03116083e+00
    1.81581402e+00 -4.78331149e-02 -2.08410740e+00 2.32151747e-01
    -8.09965432e-02 -1.29702127e+00 7.48945594e-01 1.83679208e-01
    -1.95282328e+00 1.14937043e+00 4.27591473e-01 -1.86797261e+00
    1.42961216e+00 5.56677878e-01 -1.73741782e+00 -3.75600904e-03
    3.93412113e-01 -1.18387127e+00 4.69147623e-01 7.05227852e-01
    -1.68386483e+00 8.39405596e-01 9.18223739e-01 -1.52365565e+00
    1.05479050e+00 1.01052022e+00 -1.30974412e+00 -1.82465002e-01
    9.55698788e-01 -9.07246292e-01 3.17766011e-01 1.33092833e+00
    -1.42279649e+00 5.79992771e-01 1.49065554e+00 -1.34225929e+00
    7.87393034e-01 1.60390604e+00 -1.26236618e+00</data></hand_right>
</opencv_storage>
