<?xml version="1.0"?>
<opencv_storage>
<hand_right type_id="opencv-matrix">
  <rows>21</rows>
  <cols>3</cols>
  <dt>f</dt>
  <data>
    -8.29496366e-06 -7.67139863e-06 3.65623873e-06 5.91016233e-01
    -3.87774944e-01 7.08048522e-01 1.33840489e+00 -6.55999541e-01
    -2.42778361e-02 1.73398471e+00 -5.64677954e-01 -8.25677395e-01
    1.95784509e+00 -5.55739403e-01 -1.45082033e+00 5.91099560e-01
    -5.99080741e-01 -1.14994919e+00 1.03266740e+00 -4.27464008e-01
    -1.90917253e+00 1.48607254e+00 -2.10695416e-01 -2.03115392e+00
    1.81585443e+00 -4.91820872e-02 -2.08425236e+00 2.31976762e-01
    -8.21519867e-02 -1.29698038e+00 7.48689055e-01 1.82048351e-01
    -1.95309401e+00 1.14923143e+00 4.26195979e-01 -1.86846018e+00
    1.42966652e+00 5.55567980e-01 -1.73793936e+00 -4.00613248e-03
    3.92317116e-01 -1.18424284e+00 4.68870342e-01 7.03799069e-01
    -1.68449807e+00 8.39184403e-01 9.17047501e-01 -1.52442741e+00
    1.05469418e+00 1.00964236e+00 -1.31044507e+00 -1.82778686e-01
    9.54824626e-01 -9.08120096e-01 3.17418933e-01 1.32969224e+00
    -1.42401218e+00 5.79689264e-01 1.48955441e+00 -1.34358275e+00
    7.87140369e-01 1.60292542e+00 -1.26364660e+00</data></hand_right>
</opencv_storage>
