<?xml version="1.0"?>
<opencv_storage>
<hand_left type_id="opencv-matrix">
  <rows>21</rows>
  <cols>3</cols>
  <dt>f</dt>
  <data>
    -8.29291639e-06 -7.67110669e-06 3.65685719e-06 5.91020584e-01
    -3.87705505e-01 7.08066761e-01 1.33847797e+00 -6.55859232e-01
    -2.41846293e-02 1.73414612e+00 -5.64542532e-01 -8.25506151e-01
    1.95803702e+00 -5.55583239e-01 -1.45061171e+00 5.91189027e-01
    -5.99031627e-01 -1.14990926e+00 1.03272426e+00 -4.27401721e-01
    -1.90913117e+00 1.48594379e+00 -2.10672557e-01 -2.03108454e+00
    1.81554127e+00 -4.92345095e-02 -2.08421540e+00 2.32023358e-01
    -8.21477249e-02 -1.29697227e+00 7.48696387e-01 1.82091981e-01
    -1.95303500e+00 1.14906001e+00 4.26206589e-01 -1.86835968e+00
    1.42927718e+00 5.55499375e-01 -1.73785210e+00 -4.00877371e-03
    3.92295420e-01 -1.18423676e+00 4.68762666e-01 7.03792751e-01
    -1.68455207e+00 8.38994682e-01 9.17047143e-01 -1.52451599e+00
    1.05440700e+00 1.00961280e+00 -1.31064105e+00 -1.82847127e-01
    9.54792082e-01 -9.08116758e-01 3.17235172e-01 1.32967234e+00
    -1.42404604e+00 5.79430580e-01 1.48954809e+00 -1.34368312e+00
    7.86814928e-01 1.60293508e+00 -1.26389647e+00</data></hand_left>
</opencv_storage>
