<?xml version="1.0"?>
<opencv_storage>
<hand_left type_id="opencv-matrix">
  <rows>21</rows>
  <cols>3</cols>
  <dt>f</dt>
  <data>
    -8.29401870e-06 -7.67229903e-06 3.66705785e-06 5.91354191e-01
    -3.87134969e-01 7.08203971e-01 1.33861005e+00 -6.55743361e-01
    -2.41707414e-02 1.73397255e+00 -5.64886212e-01 -8.25687230e-01
    1.95769775e+00 -5.56407094e-01 -1.45094204e+00 5.90901136e-01
    -5.99860251e-01 -1.14970160e+00 1.03231931e+00 -4.28628385e-01
    -1.90900111e+00 1.48546684e+00 -2.11889118e-01 -2.03071213e+00
    1.81490946e+00 -5.04991114e-02 -2.08355331e+00 2.31643632e-01
    -8.30799639e-02 -1.29704499e+00 7.48220682e-01 1.80821404e-01
    -1.95329094e+00 1.14858317e+00 4.25018370e-01 -1.86838400e+00
    1.42869687e+00 5.54343224e-01 -1.73753166e+00 -4.36796248e-03
    3.91452283e-01 -1.18456304e+00 4.68288571e-01 7.02647746e-01
    -1.68518889e+00 8.38590860e-01 9.16015327e-01 -1.52502823e+00
    1.05397475e+00 1.00865507e+00 -1.31085026e+00 -1.83119267e-01
    9.54197824e-01 -9.08799529e-01 3.16861749e-01 1.32867849e+00
    -1.42513251e+00 5.79066217e-01 1.48861468e+00 -1.34485519e+00
    7.86425591e-01 1.60203671e+00 -1.26511180e+00</data></hand_left>
</opencv_storage>
