<?xml version="1.0"?>
<opencv_storage>
<hand_left type_id="opencv-matrix">
  <rows>21</rows>
  <cols>3</cols>
  <dt>f</dt>
  <data>
    -8.29397777e-06 -7.67066103e-06 3.66268659e-06 5.91098905e-01
    -3.87198180e-01 7.08319306e-01 1.33852577e+00 -6.55824542e-01
    -2.38285959e-02 1.73410201e+00 -5.64995706e-01 -8.25257182e-01
    1.95796585e+00 -5.56457520e-01 -1.45041442e+00 5.91160953e-01
    -5.99819243e-01 -1.14954805e+00 1.03272069e+00 -4.28641677e-01
    -1.90884256e+00 1.48600674e+00 -2.11917043e-01 -2.03078437e+00
    1.81563663e+00 -5.04584014e-02 -2.08383822e+00 2.31968924e-01
    -8.30333158e-02 -1.29694831e+00 7.48663068e-01 1.80810720e-01
    -1.95318556e+00 1.14910555e+00 4.25034940e-01 -1.86853719e+00
    1.42938495e+00 5.54457963e-01 -1.73793769e+00 -4.06686589e-03
    3.91490281e-01 -1.18452704e+00 4.68743801e-01 7.02684700e-01
    -1.68502676e+00 8.39020252e-01 9.16066647e-01 -1.52500141e+00
    1.05444956e+00 1.00878298e+00 -1.31099474e+00 -1.82896942e-01
    9.54190135e-01 -9.08787608e-01 3.17225754e-01 1.32873118e+00
    -1.42496622e+00 5.79455793e-01 1.48867011e+00 -1.34465218e+00
    7.86854625e-01 1.60210872e+00 -1.26483023e+00</data></hand_left>
</opencv_storage>
