<?xml version="1.0"?>
<opencv_storage>
<hand_right type_id="opencv-matrix">
  <rows>21</rows>
  <cols>3</cols>
  <dt>f</dt>
  <data>
    -8.29342389e-06 -7.67338861e-06 3.65520691e-06 5.91126442e-01
    -3.87884110e-01 7.07905889e-01 1.33851647e+00 -6.55813932e-01
    -2.45197266e-02 1.73407316e+00 -5.64242065e-01 -8.25878620e-01
    1.95790601e+00 -5.55112362e-01 -1.45102692e+00 5.91077507e-01
    -5.98721623e-01 -1.15014780e+00 1.03257775e+00 -4.26845759e-01
    -1.90932655e+00 1.48587394e+00 -2.10017681e-01 -2.03118420e+00
    1.81552601e+00 -4.85022068e-02 -2.08418703e+00 2.31882319e-01
    -8.17975029e-02 -1.29702878e+00 7.48500466e-01 1.82638332e-01
    -1.95308673e+00 1.14896393e+00 4.26781416e-01 -1.86836839e+00
    1.42929089e+00 5.56099772e-01 -1.73780417e+00 -4.14374471e-03
    3.92617375e-01 -1.18414199e+00 4.68601525e-01 7.04267621e-01
    -1.68440700e+00 8.38907838e-01 9.17515278e-01 -1.52432287e+00
    1.05440128e+00 1.01006269e+00 -1.31036258e+00 -1.82954922e-01
    9.55045879e-01 -9.07859445e-01 3.17102373e-01 1.33008146e+00
    -1.42375493e+00 5.79353094e-01 1.48996413e+00 -1.34335899e+00
    7.86789477e-01 1.60334539e+00 -1.26349521e+00</data></hand_right>
</opencv_storage>
