<?xml version="1.0"?>
<opencv_storage>
<hand_right type_id="opencv-matrix">
  <rows>21</rows>
  <cols>3</cols>
  <dt>f</dt>
  <data>
    -8.29325108e-06 -7.67470738e-06 3.65114215e-06 5.91170669e-01
    -3.88422072e-01 7.07563877e-01 1.33842301e+00 -6.55930758e-01
    -2.51493305e-02 1.73387694e+00 -5.63855767e-01 -8.26511383e-01
    1.95759869e+00 -5.54311574e-01 -1.45168412e+00 5.90847015e-01
    -5.98030210e-01 -1.15062273e+00 1.03225696e+00 -4.25710678e-01
    -1.90976477e+00 1.48558617e+00 -2.08847791e-01 -2.03155732e+00
    1.81527197e+00 -4.73195910e-02 -2.08448863e+00 2.31690168e-01
    -8.09673667e-02 -1.29710603e+00 7.48219490e-01 1.83821589e-01
    -1.95310271e+00 1.14872742e+00 4.27859724e-01 -1.86835158e+00
    1.42908263e+00 5.57056785e-01 -1.73780513e+00 -4.26788256e-03
    3.93399745e-01 -1.18388069e+00 4.68439341e-01 7.05319703e-01
    -1.68401623e+00 8.38755071e-01 9.18404222e-01 -1.52387357e+00
    1.05424714e+00 1.01077127e+00 -1.30994356e+00 -1.82980627e-01
    9.55660522e-01 -9.07202005e-01 3.17040652e-01 1.33099151e+00
    -1.42292273e+00 5.79317629e-01 1.49078107e+00 -1.34244621e+00
    7.86750793e-01 1.60406554e+00 -1.26252270e+00</data></hand_right>
</opencv_storage>
