<?xml version="1.0"?>
<opencv_storage>
<hand_left type_id="opencv-matrix">
  <rows>21</rows>
  <cols>3</cols>
  <dt>f</dt>
  <data>
    -8.29799410e-06 -7.67109032e-06 3.66136055e-06 5.91054559e-01
    -3.87734890e-01 7.08125353e-01 1.33838558e+00 -6.56218946e-01
    -2.42172033e-02 1.73394310e+00 -5.65064907e-01 -8.25608134e-01
    1.95780945e+00 -5.56314111e-01 -1.45082557e+00 5.90986729e-01
    -5.99389613e-01 -1.14991117e+00 1.03266025e+00 -4.27848607e-01
    -1.90899360e+00 1.48595285e+00 -2.11162329e-01 -2.03048038e+00
    1.81549788e+00 -4.98255491e-02 -2.08315778e+00 2.31933847e-01
    -8.24087635e-02 -1.29704022e+00 7.48789072e-01 1.81724355e-01
    -1.95299876e+00 1.14925075e+00 4.25770402e-01 -1.86782038e+00
    1.42944729e+00 5.54970264e-01 -1.73676658e+00 -3.95394489e-03
    3.92134398e-01 -1.18434477e+00 4.68974560e-01 7.03487039e-01
    -1.68463528e+00 8.39322627e-01 9.16656137e-01 -1.52421403e+00
    1.05471563e+00 1.00912106e+00 -1.30984437e+00 -1.82595760e-01
    9.54771996e-01 -9.08298492e-01 3.17666084e-01 1.32940686e+00
    -1.42426002e+00 5.79909742e-01 1.48921537e+00 -1.34380305e+00
    7.87303984e-01 1.60253584e+00 -1.26389158e+00</data></hand_left>
</opencv_storage>
