<?xml version="1.0"?>
<opencv_storage>
<hand_left type_id="opencv-matrix">
  <rows>21</rows>
  <cols>3</cols>
  <dt>f</dt>
  <data>
    -8.29136388e-06 -7.67388428e-06 3.66524182e-06 5.91529787e-01
    -3.87358963e-01 7.07905948e-01 1.33867025e+00 -6.55562162e-01
    -2.47037560e-02 1.73385978e+00 -5.64327598e-01 -8.26264739e-01
    1.95743155e+00 -5.55522919e-01 -1.45154345e+00 5.90761483e-01
    -5.99252284e-01 -1.15007973e+00 1.03198957e+00 -4.27631021e-01
    -1.90942478e+00 1.48510635e+00 -2.10769385e-01 -2.03124166e+00
    1.81455815e+00 -4.92872596e-02 -2.08417630e+00 2.31394738e-01
    -8.24708715e-02 -1.29711509e+00 7.47797966e-01 1.81795523e-01
    -1.95337951e+00 1.14815331e+00 4.26031172e-01 -1.86853158e+00
    1.42831337e+00 5.55372119e-01 -1.73775029e+00 -4.67720255e-03
    3.91968161e-01 -1.18438733e+00 4.67860162e-01 7.03472912e-01
    -1.68495047e+00 8.38132381e-01 9.16827917e-01 -1.52480781e+00
    1.05353284e+00 1.00941730e+00 -1.31067491e+00 -1.83480814e-01
    9.54544961e-01 -9.08333480e-01 3.16340864e-01 1.32937121e+00
    -1.42457020e+00 5.78528702e-01 1.48930776e+00 -1.34426641e+00
    7.85875022e-01 1.60272050e+00 -1.26449418e+00</data></hand_left>
</opencv_storage>
