<?xml version="1.0"?>
<opencv_storage>
<hand_left type_id="opencv-matrix">
  <rows>21</rows>
  <cols>3</cols>
  <dt>f</dt>
  <data>
    -8.29757391e-06 -7.66925768e-06 3.64657694e-06 5.90444446e-01
    -3.88435304e-01 7.08128810e-01 1.33817160e+00 -6.56467199e-01
    -2.38629431e-02 1.73433518e+00 -5.64848304e-01 -8.24923038e-01
    1.95854211e+00 -5.55579066e-01 -1.44987845e+00 5.91502547e-01
    -5.98605096e-01 -1.14996898e+00 1.03351212e+00 -4.26754713e-01
    -1.90890896e+00 1.48695052e+00 -2.10170001e-01 -2.03057599e+00
    1.81671393e+00 -4.88286912e-02 -2.08346534e+00 2.32656628e-01
    -8.14596266e-02 -1.29689729e+00 7.49736309e-01 1.82890669e-01
    -1.95263231e+00 1.15019691e+00 4.26771015e-01 -1.86781549e+00
    1.43043685e+00 5.55873394e-01 -1.73728538e+00 -3.21850926e-03
    3.93027365e-01 -1.18399966e+00 4.69950020e-01 7.04598963e-01
    -1.68391991e+00 8.40164959e-01 9.17583704e-01 -1.52369261e+00
    1.05545712e+00 1.00991631e+00 -1.30978584e+00 -1.81949869e-01
    9.55431581e-01 -9.07630086e-01 3.18549335e-01 1.33043075e+00
    -1.42311049e+00 5.80785453e-01 1.49014044e+00 -1.34251106e+00
    7.88161218e-01 1.60337245e+00 -1.26254761e+00</data></hand_left>
</opencv_storage>
