<?xml version="1.0"?>
<opencv_storage>
<hand_left type_id="opencv-matrix">
  <rows>21</rows>
  <cols>3</cols>
  <dt>f</dt>
  <data>
    -8.29529654e-06 -7.66948870e-06 3.65109554e-06 5.90670943e-01
    -3.88109118e-01 7.08116353e-01 1.33828735e+00 -6.56214893e-01
    -2.39655972e-02 1.73425817e+00 -5.64759314e-01 -8.25135052e-01
    1.95833290e+00 -5.55632710e-01 -1.45014012e+00 5.91381967e-01
    -5.98813415e-01 -1.14991558e+00 1.03316963e+00 -4.27097946e-01
    -1.90900445e+00 1.48650002e+00 -2.10474014e-01 -2.03086472e+00
    1.81619477e+00 -4.91043627e-02 -2.08393836e+00 2.32403040e-01
    -8.17842633e-02 -1.29691660e+00 7.49292374e-01 1.82484448e-01
    -1.95281005e+00 1.14968824e+00 4.26454544e-01 -1.86812460e+00
    1.42991412e+00 5.55637240e-01 -1.73768282e+00 -3.54075059e-03
    3.92684937e-01 -1.18410552e+00 4.69444215e-01 7.04200625e-01
    -1.68420982e+00 8.39647710e-01 9.17300761e-01 -1.52412188e+00
    1.05499017e+00 1.00974274e+00 -1.31029880e+00 -1.82322934e-01
    9.55129325e-01 -9.07858431e-01 3.17986906e-01 1.33006203e+00
    -1.42353880e+00 5.80193043e-01 1.48984110e+00 -1.34305954e+00
    7.87572265e-01 1.60314548e+00 -1.26320577e+00</data></hand_left>
</opencv_storage>
