<?xml version="1.0"?>
<opencv_storage>
<hand_right type_id="opencv-matrix">
  <rows>21</rows>
  <cols>3</cols>
  <dt>f</dt>
  <data>
    -8.28845441e-06 -7.67807251e-06 3.66573659e-06 5.91969907e-01
    -3.87534559e-01 7.07497537e-01 1.33888626e+00 -6.55199409e-01
    -2.56171972e-02 1.73370266e+00 -5.63488245e-01 -8.27360332e-01
    1.95698547e+00 -5.54315984e-01 -1.45278168e+00 5.90425491e-01
    -5.98613977e-01 -1.15064180e+00 1.03126025e+00 -4.26541358e-01
    -1.91014743e+00 1.48430538e+00 -2.09492415e-01 -2.03210020e+00
    1.81372404e+00 -4.78751063e-02 -2.08511853e+00 2.30857641e-01
    -8.18318948e-02 -1.29728937e+00 7.46873260e-01 1.82833776e-01
    -1.95372963e+00 1.14724100e+00 4.27143037e-01 -1.86901569e+00
    1.42747962e+00 5.56518555e-01 -1.73836076e+00 -5.28179482e-03
    3.92514914e-01 -1.18424261e+00 4.66932714e-01 7.04344511e-01
    -1.68492436e+00 8.37251067e-01 9.17739153e-01 -1.52492380e+00
    1.05280018e+00 1.01032424e+00 -1.31090331e+00 -1.84094384e-01
    9.54948187e-01 -9.07856464e-01 3.15415025e-01 1.33010828e+00
    -1.42421782e+00 5.77635109e-01 1.49009407e+00 -1.34398770e+00
    7.85039783e-01 1.60354936e+00 -1.26424575e+00</data></hand_right>
</opencv_storage>
