<?xml version="1.0"?>
<opencv_storage>
<hand_left type_id="opencv-matrix">
  <rows>21</rows>
  <cols>3</cols>
  <dt>f</dt>
  <data>
    -8.31238231e-06 -7.61798947e-06 3.68101928e-06 5.86997032e-01
    -3.82534087e-01 7.14079678e-01 1.33723235e+00 -6.58471406e-01
    -1.23594552e-02 1.73684943e+00 -5.75114012e-01 -8.12771201e-01
    1.96330428e+00 -5.71977198e-01 -1.43671477e+00 5.94956458e-01
    -6.10630095e-01 -1.14187908e+00 1.03986299e+00 -4.47167099e-01
    -1.90139246e+00 1.49404383e+00 -2.32694954e-01 -2.02449131e+00
    1.82447934e+00 -7.23671913e-02 -2.07838202e+00 2.37427294e-01
    -9.43868682e-02 -1.29515588e+00 7.56870985e-01 1.62355602e-01
    -1.95226526e+00 1.15721071e+00 4.06279862e-01 -1.86985040e+00
    1.43679690e+00 5.36067665e-01 -1.74114656e+00 1.79637596e-03
    3.81535202e-01 -1.18783009e+00 4.77034152e-01 6.87339604e-01
    -1.68946433e+00 8.46470356e-01 9.01136518e-01 -1.53108597e+00
    1.06052554e+00 9.95083690e-01 -1.31892204e+00 -1.77234977e-01
    9.46854770e-01 -9.17568743e-01 3.25332969e-01 1.31620550e+00
    -1.43525648e+00 5.87433994e-01 1.47624242e+00 -1.35543120e+00
    7.94309080e-01 1.58976305e+00 -1.27611566e+00</data></hand_left>
</opencv_storage>
