<?xml version="1.0"?>
<opencv_storage>
<hand_right type_id="opencv-matrix">
  <rows>21</rows>
  <cols>3</cols>
  <dt>f</dt>
  <data>
    -8.29368673e-06 -7.67377060e-06 3.65472260e-06 5.91174424e-01
    -3.88035536e-01 7.07793117e-01 1.33849812e+00 -6.55857563e-01
    -2.47529000e-02 1.73398614e+00 -5.64138770e-01 -8.26138973e-01
    1.95776427e+00 -5.54899335e-01 -1.45131588e+00 5.90987206e-01
    -5.98513722e-01 -1.15031588e+00 1.03245354e+00 -4.26485538e-01
    -1.90948510e+00 1.48575509e+00 -2.09630311e-01 -2.03130221e+00
    1.81541252e+00 -4.81089354e-02 -2.08427119e+00 2.31790513e-01
    -8.15507770e-02 -1.29707301e+00 7.48397708e-01 1.83018893e-01
    -1.95309186e+00 1.14887834e+00 4.27143604e-01 -1.86828876e+00
    1.42921436e+00 5.56430042e-01 -1.73764873e+00 -4.21837717e-03
    3.92849147e-01 -1.18407452e+00 4.68522608e-01 7.04596400e-01
    -1.68429506e+00 8.38848114e-01 9.17804480e-01 -1.52413905e+00
    1.05434895e+00 1.01029551e+00 -1.31011653e+00 -1.82998121e-01
    9.55231190e-01 -9.07669663e-01 3.17047596e-01 1.33035886e+00
    -1.42351377e+00 5.79302549e-01 1.49021554e+00 -1.34308565e+00
    7.86737859e-01 1.60356760e+00 -1.26319873e+00</data></hand_right>
</opencv_storage>
