<?xml version="1.0"?>
<opencv_storage>
<hand_right type_id="opencv-matrix">
  <rows>21</rows>
  <cols>3</cols>
  <dt>f</dt>
  <data>
    -8.29215060e-06 -7.67464735e-06 3.66383119e-06 5.91526330e-01
    -3.87548953e-01 7.07827151e-01 1.33865404e+00 -6.55637741e-01
    -2.48550922e-02 1.73384261e+00 -5.64243138e-01 -8.26407373e-01
    1.95741451e+00 -5.55330813e-01 -1.45169866e+00 5.90730131e-01
    -5.99041522e-01 -1.15022874e+00 1.03199196e+00 -4.27260846e-01
    -1.90952015e+00 1.48513496e+00 -2.10385531e-01 -2.03121352e+00
    1.81459379e+00 -4.89069521e-02 -2.08403397e+00 2.31387958e-01
    -8.21994841e-02 -1.29715157e+00 7.47823238e-01 1.82195976e-01
    -1.95334780e+00 1.14819491e+00 4.26392078e-01 -1.86838269e+00
    1.42835069e+00 5.55680990e-01 -1.73750103e+00 -4.65627760e-03
    3.92234415e-01 -1.18431604e+00 4.67917144e-01 7.03831851e-01
    -1.68479848e+00 8.38194370e-01 9.17126060e-01 -1.52454746e+00
    1.05356526e+00 1.00963306e+00 -1.31032467e+00 -1.83423460e-01
    9.54772770e-01 -9.08138096e-01 3.16439748e-01 1.32968760e+00
    -1.42428398e+00 5.78629851e-01 1.48958826e+00 -1.34390819e+00
    7.85965681e-01 1.60295856e+00 -1.26407635e+00</data></hand_right>
</opencv_storage>
