<?xml version="1.0"?>
<opencv_storage>
<hand_right type_id="opencv-matrix">
  <rows>21</rows>
  <cols>3</cols>
  <dt>f</dt>
  <data>
    -8.29488090e-06 -7.67099118e-06 3.65779169e-06 5.90994239e-01
    -3.87540340e-01 7.08206594e-01 1.33846188e+00 -6.55922115e-01
    -2.39943266e-02 1.73410511e+00 -5.64799666e-01 -8.25389802e-01
    1.95801461e+00 -5.56020439e-01 -1.45052338e+00 5.91213286e-01
    -5.99388361e-01 -1.14974070e+00 1.03282952e+00 -4.27968562e-01
    -1.90898848e+00 1.48622632e+00 -2.11214781e-01 -2.03097868e+00
    1.81599092e+00 -4.97026145e-02 -2.08407688e+00 2.32073009e-01
    -8.25165361e-02 -1.29695034e+00 7.48814702e-01 1.81519315e-01
    -1.95310915e+00 1.14933372e+00 4.25708085e-01 -1.86851120e+00
    1.42973995e+00 5.55121839e-01 -1.73800230e+00 -3.94165516e-03
    3.91976833e-01 -1.18436301e+00 4.68949556e-01 7.03335762e-01
    -1.68468750e+00 8.39241087e-01 9.16645944e-01 -1.52464962e+00
    1.05472243e+00 1.00930607e+00 -1.31067884e+00 -1.82760134e-01
    9.54563856e-01 -9.08414662e-01 3.17455918e-01 1.32930338e+00
    -1.42439353e+00 5.79716980e-01 1.48920298e+00 -1.34399021e+00
    7.87155151e-01 1.60260367e+00 -1.26406622e+00</data></hand_right>
</opencv_storage>
