<?xml version="1.0"?>
<opencv_storage>
<hand_right type_id="opencv-matrix">
  <rows>21</rows>
  <cols>3</cols>
  <dt>f</dt>
  <data>
    -8.29424607e-06 -7.67274105e-06 3.65384403e-06 5.91066897e-01
    -3.88143063e-01 7.07807720e-01 1.33841240e+00 -6.55998290e-01
    -2.46806741e-02 1.73398089e+00 -5.64290345e-01 -8.26021969e-01
    1.95780170e+00 -5.55035591e-01 -1.45116401e+00 5.91017723e-01
    -5.98487794e-01 -1.15030015e+00 1.03252387e+00 -4.26481307e-01
    -1.90945220e+00 1.48580790e+00 -2.09701061e-01 -2.03126669e+00
    1.81545806e+00 -4.82432246e-02 -2.08426857e+00 2.31886640e-01
    -8.14817399e-02 -1.29704905e+00 7.48547137e-01 1.83069617e-01
    -1.95300961e+00 1.14898145e+00 4.27118897e-01 -1.86819053e+00
    1.42927265e+00 5.56339622e-01 -1.73757279e+00 -4.08421829e-03
    3.92930329e-01 -1.18404055e+00 4.68709469e-01 7.04659700e-01
    -1.68419778e+00 8.38991463e-01 9.17800307e-01 -1.52401769e+00
    1.05443728e+00 1.01022935e+00 -1.31001115e+00 -1.82832211e-01
    9.55303609e-01 -9.07608092e-01 3.17277879e-01 1.33041608e+00
    -1.42335975e+00 5.79502940e-01 1.49022150e+00 -1.34289122e+00
    7.86911607e-01 1.60354257e+00 -1.26300681e+00</data></hand_right>
</opencv_storage>
