<?xml version="1.0"?>
<opencv_storage>
<hand_left type_id="opencv-matrix">
  <rows>21</rows>
  <cols>3</cols>
  <dt>f</dt>
  <data>
    -8.29561213e-06 -7.66778885e-06 3.65809365e-06 5.90749741e-01
    -3.87381613e-01 7.08463073e-01 1.33836031e+00 -6.56093240e-01
    -2.34410167e-02 1.73422122e+00 -5.65300167e-01 -8.24757338e-01
    1.95827425e+00 -5.56740582e-01 -1.44981003e+00 5.91437638e-01
    -5.99788666e-01 -1.14939308e+00 1.03321338e+00 -4.28681880e-01
    -1.90863085e+00 1.48661065e+00 -2.12053061e-01 -2.03070617e+00
    1.81638825e+00 -5.06187081e-02 -2.08392668e+00 2.32389525e-01
    -8.29372182e-02 -1.29685068e+00 7.49310732e-01 1.80834547e-01
    -1.95296204e+00 1.14977872e+00 4.24988329e-01 -1.86839223e+00
    1.43012798e+00 5.54395676e-01 -1.73792899e+00 -3.61121073e-03
    3.91605079e-01 -1.18447220e+00 4.69429761e-01 7.02762902e-01
    -1.68476796e+00 8.39657068e-01 9.16068733e-01 -1.52474403e+00
    1.05506182e+00 1.00876188e+00 -1.31082141e+00 -1.82456076e-01
    9.54277813e-01 -9.08735633e-01 3.17908108e-01 1.32881820e+00
    -1.42467141e+00 5.80129981e-01 1.48869872e+00 -1.34425867e+00
    7.87531376e-01 1.60209668e+00 -1.26435196e+00</data></hand_left>
</opencv_storage>
