<?xml version="1.0"?>
<opencv_storage>
<hand_right type_id="opencv-matrix">
  <rows>21</rows>
  <cols>3</cols>
  <dt>f</dt>
  <data>
    -8.29441160e-06 -7.67201345e-06 3.65050846e-06 5.90935826e-01
    -3.88387501e-01 7.07764030e-01 1.33832645e+00 -6.56139553e-01
    -2.47029215e-02 1.73400593e+00 -5.64280987e-01 -8.25980604e-01
    1.95788300e+00 -5.54893672e-01 -1.45108271e+00 5.91071784e-01
    -5.98253429e-01 -1.15038729e+00 1.03267372e+00 -4.26113486e-01
    -1.90947258e+00 1.48601699e+00 -2.09343791e-01 -2.03126860e+00
    1.81571388e+00 -4.78935838e-02 -2.08423615e+00 2.32006148e-01
    -8.11813250e-02 -1.29704142e+00 7.48742640e-01 1.83458015e-01
    -1.95293248e+00 1.14921319e+00 4.27452713e-01 -1.86810577e+00
    1.42950058e+00 5.56617498e-01 -1.73752594e+00 -3.93542275e-03
    3.93222243e-01 -1.18394136e+00 4.68925536e-01 7.05020428e-01
    -1.68400967e+00 8.39213967e-01 9.18088078e-01 -1.52381861e+00
    1.05463064e+00 1.01045084e+00 -1.30987167e+00 -1.82669744e-01
    9.55535471e-01 -9.07384992e-01 3.17492366e-01 1.33074427e+00
    -1.42303944e+00 5.79733312e-01 1.49051523e+00 -1.34253621e+00
    7.87138283e-01 1.60378623e+00 -1.26263857e+00</data></hand_right>
</opencv_storage>
