<?xml version="1.0"?>
<opencv_storage>
<hand_right type_id="opencv-matrix">
  <rows>21</rows>
  <cols>3</cols>
  <dt>f</dt>
  <data>
    -8.29475721e-06 -7.67400525e-06 3.64937569e-06 5.91055155e-01
    -3.88605535e-01 7.07564950e-01 1.33833611e+00 -6.56116247e-01
    -2.51255929e-02 1.73387170e+00 -5.63981414e-01 -8.26444507e-01
    1.95764887e+00 -5.54378152e-01 -1.45160353e+00 5.90865254e-01
    -5.97958326e-01 -1.15065539e+00 1.03238034e+00 -4.25592899e-01
    -1.90972877e+00 1.48575997e+00 -2.08770126e-01 -2.03141546e+00
    1.81547141e+00 -4.72771823e-02 -2.08425140e+00 2.31796622e-01
    -8.08214247e-02 -1.29710269e+00 7.48439252e-01 1.83991879e-01
    -1.95300579e+00 1.14898527e+00 4.27965581e-01 -1.86814404e+00
    1.42934406e+00 5.57101071e-01 -1.73750925e+00 -4.10311297e-03
    3.93566161e-01 -1.18382895e+00 4.68710303e-01 7.05493212e-01
    -1.68387008e+00 8.39051723e-01 9.18501616e-01 -1.52362633e+00
    1.05452561e+00 1.01079714e+00 -1.30961537e+00 -1.82757899e-01
    9.55818355e-01 -9.07088995e-01 3.17382246e-01 1.33114755e+00
    -1.42270899e+00 5.79678059e-01 1.49088800e+00 -1.34216273e+00
    7.87117839e-01 1.60412216e+00 -1.26218224e+00</data></hand_right>
</opencv_storage>
