<?xml version="1.0"?>
<opencv_storage>
<hand_left type_id="opencv-matrix">
  <rows>21</rows>
  <cols>3</cols>
  <dt>f</dt>
  <data>
    -8.29357123e-06 -7.67256824e-06 3.65954247e-06 5.91186583e-01
    -3.87525916e-01 7.08084822e-01 1.33857834e+00 -6.55766547e-01
    -2.42643654e-02 1.73409855e+00 -5.64529538e-01 -8.25695753e-01
    1.95791435e+00 -5.55690587e-01 -1.45087659e+00 5.91104031e-01
    -5.99219918e-01 -1.14991200e+00 1.03259611e+00 -4.27641749e-01
    -1.90917277e+00 1.48586297e+00 -2.10835606e-01 -2.03108740e+00
    1.81549799e+00 -4.93345559e-02 -2.08413410e+00 2.31867433e-01
    -8.23747963e-02 -1.29702783e+00 7.48501599e-01 1.81822330e-01
    -1.95317912e+00 1.14894032e+00 4.26027894e-01 -1.86844647e+00
    1.42922783e+00 5.55406809e-01 -1.73781919e+00 -4.18596342e-03
    3.92084360e-01 -1.18434656e+00 4.68560696e-01 7.03550041e-01
    -1.68474472e+00 8.38854313e-01 9.16885376e-01 -1.52466500e+00
    1.05432129e+00 1.00952029e+00 -1.31065178e+00 -1.83023572e-01
    9.54645336e-01 -9.08312142e-01 3.17025065e-01 1.32947004e+00
    -1.42437255e+00 5.79253852e-01 1.48939371e+00 -1.34402299e+00
    7.86661744e-01 1.60281277e+00 -1.26419330e+00</data></hand_left>
</opencv_storage>
