<?xml version="1.0"?>
<opencv_storage>
<hand_left type_id="opencv-matrix">
  <rows>21</rows>
  <cols>3</cols>
  <dt>f</dt>
  <data>
    -8.29213423e-06 -7.67247548e-06 3.65535084e-06 5.91086149e-01
    -3.87809098e-01 7.07963228e-01 1.33850527e+00 -6.55787349e-01
    -2.44027078e-02 1.73410666e+00 -5.64296126e-01 -8.25763524e-01
    1.95793748e+00 -5.55217624e-01 -1.45087397e+00 5.91130912e-01
    -5.98831177e-01 -1.15005970e+00 1.03260565e+00 -4.27077770e-01
    -1.90931606e+00 1.48586345e+00 -2.10300893e-01 -2.03129077e+00
    1.81551027e+00 -4.88102734e-02 -2.08439016e+00 2.31931135e-01
    -8.19271281e-02 -1.29700732e+00 7.48504281e-01 1.82399288e-01
    -1.95314610e+00 1.14889896e+00 4.26520467e-01 -1.86858213e+00
    1.42914152e+00 5.55813789e-01 -1.73818851e+00 -4.11128625e-03
    3.92495066e-01 -1.18418443e+00 4.68607903e-01 7.04079807e-01
    -1.68451059e+00 8.38822842e-01 9.17316318e-01 -1.52452648e+00
    1.05420470e+00 1.00984716e+00 -1.31072521e+00 -1.82951242e-01
    9.54945683e-01 -9.07962143e-01 3.17074120e-01 1.32994246e+00
    -1.42390490e+00 5.79285264e-01 1.48981690e+00 -1.34351361e+00
    7.86655366e-01 1.60318172e+00 -1.26369131e+00</data></hand_left>
</opencv_storage>
