<?xml version="1.0"?>
<opencv_storage>
<hand_right type_id="opencv-matrix">
  <rows>21</rows>
  <cols>3</cols>
  <dt>f</dt>
  <data>
    -8.27600707e-06 -7.68584414e-06 3.66731365e-06 5.92915654e-01
    -3.87656420e-01 7.06617773e-01 1.33943415e+00 -6.54003024e-01
    -2.73479968e-02 1.73358178e+00 -5.61355710e-01 -8.29302192e-01
    1.95631397e+00 -5.51568747e-01 -1.45481074e+00 5.89898467e-01
    -5.97099006e-01 -1.15164959e+00 1.02968264e+00 -4.24158871e-01
    -1.91153336e+00 1.48210907e+00 -2.06872106e-01 -2.03394771e+00
    1.81108570e+00 -4.51491773e-02 -2.08745408e+00 2.29765683e-01
    -8.04912597e-02 -1.29754114e+00 7.44710982e-01 1.85035020e-01
    -1.95429575e+00 1.14456868e+00 4.29400921e-01 -1.87008214e+00
    1.42447031e+00 5.58673322e-01 -1.74009931e+00 -6.65733218e-03
    3.93552989e-01 -1.18385780e+00 4.64556217e-01 7.06104279e-01
    -1.68484056e+00 8.34636390e-01 9.19584751e-01 -1.52530253e+00
    1.05011296e+00 1.01203370e+00 -1.31186569e+00 -1.85666621e-01
    9.55590427e-01 -9.06825960e-01 3.12851727e-01 1.33153713e+00
    -1.42342460e+00 5.74854791e-01 1.49164081e+00 -1.34341156e+00
    7.82138228e-01 1.60520673e+00 -1.26407826e+00</data></hand_right>
</opencv_storage>
