<?xml version="1.0"?>
<opencv_storage>
<hand_right type_id="opencv-matrix">
  <rows>21</rows>
  <cols>3</cols>
  <dt>f</dt>
  <data>
    -8.28939028e-06 -7.67551228e-06 3.66307313e-06 5.91664374e-01
    -3.87459695e-01 7.07741976e-01 1.33878994e+00 -6.55354738e-01
    -2.50249803e-02 1.73389721e+00 -5.63872933e-01 -8.26639414e-01
    1.95741117e+00 -5.54888248e-01 -1.45193684e+00 5.90753615e-01
    -5.98832548e-01 -1.15031123e+00 1.03182578e+00 -4.26974416e-01
    -1.90973985e+00 1.48492002e+00 -2.10015088e-01 -2.03177977e+00
    1.81441462e+00 -4.84378934e-02 -2.08491373e+00 2.31278151e-01
    -8.20720270e-02 -1.29717028e+00 7.47528613e-01 1.82420135e-01
    -1.95348692e+00 1.14787793e+00 4.26715553e-01 -1.86880004e+00
    1.42811430e+00 5.56115985e-01 -1.73820317e+00 -4.87064198e-03
    3.92295599e-01 -1.18428683e+00 4.67527449e-01 7.04001427e-01
    -1.68485308e+00 8.37814391e-01 9.17413235e-01 -1.52484810e+00
    1.05331779e+00 1.01004243e+00 -1.31086004e+00 -1.83749884e-01
    9.54761922e-01 -9.08063710e-01 3.15929919e-01 1.32981968e+00
    -1.42430246e+00 5.78119636e-01 1.48980677e+00 -1.34403789e+00
    7.85508990e-01 1.60326731e+00 -1.26430094e+00</data></hand_right>
</opencv_storage>
