<?xml version="1.0"?>
<opencv_storage>
<hand_left type_id="opencv-matrix">
  <rows>21</rows>
  <cols>3</cols>
  <dt>f</dt>
  <data>
    -8.29366036e-06 -7.67152869e-06 3.66381028e-06 5.91185272e-01
    -3.87306482e-01 7.08214700e-01 1.33854342e+00 -6.55817509e-01
    -2.40508616e-02 1.73407876e+00 -5.64863086e-01 -8.25464904e-01
    1.95789099e+00 -5.56258142e-01 -1.45064557e+00 5.91029525e-01
    -5.99691510e-01 -1.14969921e+00 1.03253531e+00 -4.28401053e-01
    -1.90895772e+00 1.48568559e+00 -2.11713612e-01 -2.03068876e+00
    1.81514263e+00 -5.03525436e-02 -2.08355951e+00 2.31833771e-01
    -8.28679949e-02 -1.29700577e+00 7.48461843e-01 1.81067094e-01
    -1.95319903e+00 1.14879107e+00 4.25198495e-01 -1.86837554e+00
    1.42885494e+00 5.54463148e-01 -1.73765755e+00 -4.16848436e-03
    3.91655087e-01 -1.18448198e+00 4.68539774e-01 7.02885628e-01
    -1.68503308e+00 8.38778257e-01 9.16184723e-01 -1.52492154e+00
    1.05408478e+00 1.00876427e+00 -1.31088340e+00 -1.82938099e-01
    9.54350650e-01 -9.08643782e-01 3.17090183e-01 1.32890296e+00
    -1.42486846e+00 5.79277158e-01 1.48880208e+00 -1.34455931e+00
    7.86603987e-01 1.60219026e+00 -1.26482224e+00</data></hand_left>
</opencv_storage>
