<?xml version="1.0"?>
<opencv_storage>
<hand_left type_id="opencv-matrix">
  <rows>21</rows>
  <cols>3</cols>
  <dt>f</dt>
  <data>
    -8.29318105e-06 -7.66961512e-06 3.66155837e-06 5.91077089e-01
    -3.87273788e-01 7.08261192e-01 1.33846951e+00 -6.55845940e-01
    -2.39253640e-02 1.73402667e+00 -5.64968228e-01 -8.25378597e-01
    1.95785642e+00 -5.56369781e-01 -1.45052004e+00 5.91130614e-01
    -5.99705935e-01 -1.14959872e+00 1.03261781e+00 -4.28518176e-01
    -1.90896499e+00 1.48591733e+00 -2.11810172e-01 -2.03111649e+00
    1.81561685e+00 -5.03357351e-02 -2.08437681e+00 2.31944069e-01
    -8.29116106e-02 -1.29693413e+00 7.48586535e-01 1.80944338e-01
    -1.95321417e+00 1.14903069e+00 4.25154418e-01 -1.86873007e+00
    1.42936707e+00 5.54585576e-01 -1.73831558e+00 -4.09022346e-03
    3.91595274e-01 -1.18447459e+00 4.68705237e-01 7.02819109e-01
    -1.68495190e+00 8.38954747e-01 9.16178346e-01 -1.52502871e+00
    1.05440521e+00 1.00889373e+00 -1.31116104e+00 -1.82920665e-01
    9.54248786e-01 -9.08680975e-01 3.17190945e-01 1.32884717e+00
    -1.42481232e+00 5.79411745e-01 1.48876715e+00 -1.34449828e+00
    7.86815405e-01 1.60219526e+00 -1.26467967e+00</data></hand_left>
</opencv_storage>
