<?xml version="1.0"?>
<opencv_storage>
<hand_right type_id="opencv-matrix">
  <rows>21</rows>
  <cols>3</cols>
  <dt>f</dt>
  <data>
    -8.29504097e-06 -7.67235633e-06 3.66332915e-06 5.91289341e-01
    -3.87483090e-01 7.08046138e-01 1.33849859e+00 -6.55914068e-01
    -2.44278014e-02 1.73384571e+00 -5.64797699e-01 -8.25927615e-01
    1.95755732e+00 -5.56072712e-01 -1.45117676e+00 5.90806365e-01
    -5.99499762e-01 -1.14992392e+00 1.03225446e+00 -4.28035617e-01
    -1.90917742e+00 1.48553765e+00 -2.11263061e-01 -2.03090668e+00
    1.81511939e+00 -4.98181880e-02 -2.08374715e+00 2.31619269e-01
    -8.26224983e-02 -1.29705882e+00 7.48232543e-01 1.81447610e-01
    -1.95325935e+00 1.14874434e+00 4.25615877e-01 -1.86838198e+00
    1.42902946e+00 5.54946840e-01 -1.73755550e+00 -4.33394313e-03
    3.91893238e-01 -1.18440866e+00 4.68404919e-01 7.03224182e-01
    -1.68490148e+00 8.38786125e-01 9.16514516e-01 -1.52472854e+00
    1.05427277e+00 1.00911546e+00 -1.31055558e+00 -1.83020875e-01
    9.54540253e-01 -9.08435881e-01 3.17034185e-01 1.32918215e+00
    -1.42462027e+00 5.79314768e-01 1.48907065e+00 -1.34429336e+00
    7.86744237e-01 1.60244417e+00 -1.26444852e+00</data></hand_right>
</opencv_storage>
