<?xml version="1.0"?>
<opencv_storage>
<hand_right type_id="opencv-matrix">
  <rows>21</rows>
  <cols>3</cols>
  <dt>f</dt>
  <data>
    -8.29657984e-06 -7.67385245e-06 3.67115013e-06 5.91592312e-01
    -3.87094527e-01 7.08122730e-01 1.33866179e+00 -6.55804992e-01
    -2.45081037e-02 1.73373508e+00 -5.64952254e-01 -8.26193631e-01
    1.95731544e+00 -5.56555450e-01 -1.45159209e+00 5.90638161e-01
    -5.99969923e-01 -1.14986384e+00 1.03200150e+00 -4.28673387e-01
    -1.90915275e+00 1.48522997e+00 -2.11838394e-01 -2.03065801e+00
    1.81470621e+00 -5.03970981e-02 -2.08328056e+00 2.31345490e-01
    -8.31660554e-02 -1.29715538e+00 7.47945070e-01 1.80797651e-01
    -1.95340192e+00 1.14845598e+00 4.25061136e-01 -1.86816227e+00
    1.42869735e+00 5.54439723e-01 -1.73688686e+00 -4.61927801e-03
    3.91396195e-01 -1.18463802e+00 4.68081653e-01 7.02615380e-01
    -1.68525767e+00 8.38523924e-01 9.16003704e-01 -1.52482402e+00
    1.05401850e+00 1.00864863e+00 -1.31023538e+00 -1.83267832e-01
    9.54202652e-01 -9.08868313e-01 3.16758484e-01 1.32863164e+00
    -1.42524970e+00 5.79030156e-01 1.48856640e+00 -1.34491479e+00
    7.86440134e-01 1.60197055e+00 -1.26502156e+00</data></hand_right>
</opencv_storage>
