<?xml version="1.0"?>
<opencv_storage>
<hand_left type_id="opencv-matrix">
  <rows>21</rows>
  <cols>3</cols>
  <dt>f</dt>
  <data>
    -8.29146757e-06 -7.67210167e-06 3.65457549e-06 5.91037095e-01
    -3.87872756e-01 7.07945466e-01 1.33848691e+00 -6.55796766e-01
    -2.43736207e-02 1.73416340e+00 -5.64264417e-01 -8.25667679e-01
    1.95802677e+00 -5.55126667e-01 -1.45075190e+00 5.91162920e-01
    -5.98732650e-01 -1.15007031e+00 1.03266191e+00 -4.26924855e-01
    -1.90928328e+00 1.48586893e+00 -2.10169166e-01 -2.03122663e+00
    1.81545115e+00 -4.87169027e-02 -2.08431220e+00 2.31978893e-01
    -8.18227232e-02 -1.29699242e+00 7.48563290e-01 1.82551727e-01
    -1.95307827e+00 1.14890766e+00 4.26638275e-01 -1.86849415e+00
    1.42907774e+00 5.55882394e-01 -1.73810840e+00 -4.06491756e-03
    3.92586529e-01 -1.18413651e+00 4.68635857e-01 7.04198301e-01
    -1.68445134e+00 8.38831246e-01 9.17409897e-01 -1.52448058e+00
    1.05418396e+00 1.00991046e+00 -1.31073248e+00 -1.82916880e-01
    9.55007493e-01 -9.07870591e-01 3.17083061e-01 1.33003807e+00
    -1.42378497e+00 5.79273462e-01 1.48990357e+00 -1.34341824e+00
    7.86628306e-01 1.60326457e+00 -1.26365566e+00</data></hand_left>
</opencv_storage>
