<?xml version="1.0"?>
<opencv_storage>
<hand_left type_id="opencv-matrix">
  <rows>21</rows>
  <cols>3</cols>
  <dt>f</dt>
  <data>
    -8.29301189e-06 -7.67209531e-06 3.65097594e-06 5.90940952e-01
    -3.88216436e-01 7.07823575e-01 1.33837414e+00 -6.55980408e-01
    -2.45702416e-02 1.73407245e+00 -5.64213395e-01 -8.25838447e-01
    1.95795357e+00 -5.54871857e-01 -1.45091200e+00 5.91124713e-01
    -5.98390102e-01 -1.15025711e+00 1.03265619e+00 -4.26386416e-01
    -1.90942168e+00 1.48595405e+00 -2.09637612e-01 -2.03137064e+00
    1.81563926e+00 -4.81711030e-02 -2.08448434e+00 2.32022628e-01
    -8.13773423e-02 -1.29699671e+00 7.48659670e-01 1.83146268e-01
    -1.95299768e+00 1.14908361e+00 4.27168816e-01 -1.86840606e+00
    1.42937303e+00 5.56380749e-01 -1.73804510e+00 -3.95970419e-03
    3.93020481e-01 -1.18398404e+00 4.68824506e-01 7.04749584e-01
    -1.68414176e+00 8.39058518e-01 9.17866349e-01 -1.52412868e+00
    1.05447912e+00 1.01030016e+00 -1.31036925e+00 -1.82745457e-01
    9.55352426e-01 -9.07523513e-01 3.17356348e-01 1.33051300e+00
    -1.42325342e+00 5.79586685e-01 1.49031568e+00 -1.34281075e+00
    7.86990762e-01 1.60363293e+00 -1.26295733e+00</data></hand_left>
</opencv_storage>
