<?xml version="1.0"?>
<opencv_storage>
<hand_left type_id="opencv-matrix">
  <rows>21</rows>
  <cols>3</cols>
  <dt>f</dt>
  <data>
    -8.29743203e-06 -7.66842732e-06 3.65517371e-06 5.90647876e-01
    -3.87729108e-01 7.08380938e-01 1.33829892e+00 -6.56283975e-01
    -2.35426873e-02 1.73427284e+00 -5.65262258e-01 -8.24761868e-01
    1.95840383e+00 -5.56528807e-01 -1.44979715e+00 5.91452003e-01
    -5.99463642e-01 -1.14956832e+00 1.03334951e+00 -4.28119212e-01
    -1.90865433e+00 1.48674345e+00 -2.11520225e-01 -2.03047514e+00
    1.81647015e+00 -5.01549244e-02 -2.08348393e+00 2.32491687e-01
    -8.24995935e-02 -1.29687965e+00 7.49514937e-01 1.81452543e-01
    -1.95281184e+00 1.14997435e+00 4.25497234e-01 -1.86802304e+00
    1.43025005e+00 5.54776132e-01 -1.73740602e+00 -3.44410911e-03
    3.92042398e-01 -1.18433726e+00 4.69651252e-01 7.03305244e-01
    -1.68451416e+00 8.39911282e-01 9.16502595e-01 -1.52434933e+00
    1.05529141e+00 1.00906646e+00 -1.31033504e+00 -1.82220414e-01
    9.54656959e-01 -9.08411324e-01 3.18205237e-01 1.32929087e+00
    -1.42422235e+00 5.80436230e-01 1.48911500e+00 -1.34375894e+00
    7.87842512e-01 1.60246372e+00 -1.26385975e+00</data></hand_left>
</opencv_storage>
