<?xml version="1.0"?>
<opencv_storage>
<hand_right type_id="opencv-matrix">
  <rows>21</rows>
  <cols>3</cols>
  <dt>f</dt>
  <data>
    -8.29117926e-06 -7.67555321e-06 3.66128097e-06 5.91611624e-01
    -3.87639314e-01 7.07663357e-01 1.33862531e+00 -6.55542135e-01
    -2.52003670e-02 1.73364758e+00 -5.63965499e-01 -8.26848567e-01
    1.95711160e+00 -5.54887176e-01 -1.45216632e+00 5.90569377e-01
    -5.98830044e-01 -1.15037918e+00 1.03168249e+00 -4.26955223e-01
    -1.90977645e+00 1.48498464e+00 -2.09979415e-01 -2.03178072e+00
    1.81466508e+00 -4.83384430e-02 -2.08482194e+00 2.31192589e-01
    -8.19894671e-02 -1.29714680e+00 7.47470856e-01 1.82458907e-01
    -1.95350468e+00 1.14803839e+00 4.26740289e-01 -1.86890316e+00
    1.42849839e+00 5.56176424e-01 -1.73832941e+00 -4.85733524e-03
    3.92408073e-01 -1.18422413e+00 4.67653781e-01 7.04085350e-01
    -1.68471837e+00 8.38034511e-01 9.17424798e-01 -1.52470279e+00
    1.05362833e+00 1.01004243e+00 -1.31068027e+00 -1.83612883e-01
    9.54861522e-01 -9.07952845e-01 3.16198349e-01 1.32990396e+00
    -1.42411578e+00 5.78492463e-01 1.48983574e+00 -1.34378743e+00
    7.85951853e-01 1.60323238e+00 -1.26389802e+00</data></hand_right>
</opencv_storage>
