<?xml version="1.0"?>
<opencv_storage>
<hand_right type_id="opencv-matrix">
  <rows>21</rows>
  <cols>3</cols>
  <dt>f</dt>
  <data>
    -8.28943666e-06 -7.67594793e-06 3.66202084e-06 5.91662586e-01
    -3.87631893e-01 7.07641542e-01 1.33873916e+00 -6.55395150e-01
    -2.52133608e-02 1.73382950e+00 -5.63756943e-01 -8.26810718e-01
    1.95730269e+00 -5.54605484e-01 -1.45212853e+00 5.90633154e-01
    -5.98693788e-01 -1.15043437e+00 1.03168178e+00 -4.26739275e-01
    -1.90984762e+00 1.48480546e+00 -2.09787339e-01 -2.03181553e+00
    1.81430435e+00 -4.82130051e-02 -2.08486009e+00 2.31202245e-01
    -8.18722472e-02 -1.29718006e+00 7.47390985e-01 1.82662904e-01
    -1.95353174e+00 1.14778924e+00 4.26905990e-01 -1.86890614e+00
    1.42805040e+00 5.56254864e-01 -1.73836291e+00 -4.89489734e-03
    3.92500281e-01 -1.18420589e+00 4.67474997e-01 7.04231679e-01
    -1.68478870e+00 8.37781429e-01 9.17571783e-01 -1.52483296e+00
    1.05330133e+00 1.01014924e+00 -1.31091833e+00 -1.83705047e-01
    9.54936624e-01 -9.07878160e-01 3.15968692e-01 1.33002722e+00
    -1.42411590e+00 5.78199089e-01 1.48997939e+00 -1.34385717e+00
    7.85614014e-01 1.60340953e+00 -1.26410389e+00</data></hand_right>
</opencv_storage>
