<?xml version="1.0"?>
<opencv_storage>
<hand_right type_id="opencv-matrix">
  <rows>21</rows>
  <cols>3</cols>
  <dt>f</dt>
  <data>
    -8.29132932e-06 -7.67154870e-06 3.65729989e-06 5.91112256e-01
    -3.87587160e-01 7.08026469e-01 1.33849859e+00 -6.55718148e-01
    -2.42881030e-02 1.73404431e+00 -5.64431787e-01 -8.25695813e-01
    1.95784140e+00 -5.55491805e-01 -1.45081079e+00 5.91117442e-01
    -5.99073172e-01 -1.14990425e+00 1.03251398e+00 -4.27513480e-01
    -1.90925193e+00 1.48578703e+00 -2.10738212e-01 -2.03144026e+00
    1.81547952e+00 -4.92123067e-02 -2.08473110e+00 2.31887132e-01
    -8.22403282e-02 -1.29696083e+00 7.48402655e-01 1.81935683e-01
    -1.95321107e+00 1.14881301e+00 4.26120639e-01 -1.86883593e+00
    1.42915058e+00 5.55512786e-01 -1.73858488e+00 -4.18344885e-03
    3.92185777e-01 -1.18425977e+00 4.68513429e-01 7.03677058e-01
    -1.68464768e+00 8.38722229e-01 9.16985869e-01 -1.52479267e+00
    1.05416512e+00 1.00962341e+00 -1.31106114e+00 -1.83055460e-01
    9.54669893e-01 -9.08177018e-01 3.16952139e-01 1.32958043e+00
    -1.42418325e+00 5.79162300e-01 1.48948956e+00 -1.34383810e+00
    7.86561549e-01 1.60290515e+00 -1.26401961e+00</data></hand_right>
</opencv_storage>
