<?xml version="1.0"?>
<opencv_storage>
<hand_right type_id="opencv-matrix">
  <rows>21</rows>
  <cols>3</cols>
  <dt>f</dt>
  <data>
    -8.29118926e-06 -7.67293750e-06 3.65971300e-06 5.91342270e-01
    -3.87543082e-01 7.07892060e-01 1.33857524e+00 -6.55618191e-01
    -2.46371627e-02 1.73388886e+00 -5.64266324e-01 -8.26159596e-01
    1.95754373e+00 -5.55315375e-01 -1.45136261e+00 5.90912342e-01
    -5.98998845e-01 -1.15007591e+00 1.03216243e+00 -4.27329004e-01
    -1.90946424e+00 1.48542619e+00 -2.10464358e-01 -2.03164887e+00
    1.81511629e+00 -4.88834381e-02 -2.08493686e+00 2.31595963e-01
    -8.21893811e-02 -1.29703474e+00 7.48014212e-01 1.82103693e-01
    -1.95331931e+00 1.14847100e+00 4.26355064e-01 -1.86884093e+00
    1.42888355e+00 5.55801690e-01 -1.73844814e+00 -4.48781252e-03
    3.92216474e-01 -1.18426538e+00 4.68125165e-01 7.03789949e-01
    -1.68468964e+00 8.38403463e-01 9.17148232e-01 -1.52477050e+00
    1.05395341e+00 1.00981736e+00 -1.31090105e+00 -1.83336869e-01
    9.54688549e-01 -9.08130109e-01 3.16580832e-01 1.32965207e+00
    -1.42418873e+00 5.78808308e-01 1.48958647e+00 -1.34386659e+00
    7.86245823e-01 1.60302401e+00 -1.26403439e+00</data></hand_right>
</opencv_storage>
