<?xml version="1.0"?>
<opencv_storage>
<hand_right type_id="opencv-matrix">
  <rows>21</rows>
  <cols>3</cols>
  <dt>f</dt>
  <data>
    -8.29210785e-06 -7.67178426e-06 3.65601500e-06 5.91079295e-01
    -3.87877524e-01 7.07932055e-01 1.33847904e+00 -6.55864716e-01
    -2.44393051e-02 1.73410773e+00 -5.64381957e-01 -8.25763345e-01
    1.95794535e+00 -5.55294633e-01 -1.45087504e+00 5.91078043e-01
    -5.98795950e-01 -1.15009820e+00 1.03253925e+00 -4.27020192e-01
    -1.90932882e+00 1.48570919e+00 -2.10299492e-01 -2.03124547e+00
    1.81524682e+00 -4.88913357e-02 -2.08432293e+00 2.31906489e-01
    -8.18674490e-02 -1.29701984e+00 7.48482287e-01 1.82481855e-01
    -1.95310688e+00 1.14880490e+00 4.26535904e-01 -1.86845231e+00
    1.42894268e+00 5.55740297e-01 -1.73800695e+00 -4.10502404e-03
    3.92559916e-01 -1.18415713e+00 4.68578160e-01 7.04138815e-01
    -1.68449974e+00 8.38790596e-01 9.17328715e-01 -1.52449417e+00
    1.05414736e+00 1.00980294e+00 -1.31069112e+00 -1.82906166e-01
    9.55009818e-01 -9.07893360e-01 3.17091227e-01 1.32998371e+00
    -1.42384470e+00 5.79279542e-01 1.48983288e+00 -1.34348714e+00
    7.86638737e-01 1.60318565e+00 -1.26373804e+00</data></hand_right>
</opencv_storage>
