<?xml version="1.0"?>
<opencv_storage>
<hand_left type_id="opencv-matrix">
  <rows>21</rows>
  <cols>3</cols>
  <dt>f</dt>
  <data>
    -8.29385863e-06 -7.67033544e-06 3.65326446e-06 5.90834618e-01
    -3.87974083e-01 7.08062232e-01 1.33837473e+00 -6.56047583e-01
    -2.41159648e-02 1.73421216e+00 -5.64608455e-01 -8.25349808e-01
    1.95819843e+00 -5.55526972e-01 -1.45039225e+00 5.91287434e-01
    -5.98833084e-01 -1.14995635e+00 1.03294134e+00 -4.27118003e-01
    -1.90910709e+00 1.48619974e+00 -2.10451901e-01 -2.03101182e+00
    1.81582856e+00 -4.90651727e-02 -2.08410549e+00 2.32219726e-01
    -8.18612278e-02 -1.29694998e+00 7.48974860e-01 1.82421491e-01
    -1.95292926e+00 1.14932835e+00 4.26436007e-01 -1.86827838e+00
    1.42951322e+00 5.55638313e-01 -1.73786235e+00 -3.76492366e-03
    3.92588347e-01 -1.18413842e+00 4.69085604e-01 7.04117239e-01
    -1.68435156e+00 8.39286804e-01 9.17271256e-01 -1.52431941e+00
    1.05463541e+00 1.00974393e+00 -1.31052458e+00 -1.82571888e-01
    9.55037475e-01 -9.07909989e-01 3.17596525e-01 1.32997704e+00
    -1.42371809e+00 5.79788685e-01 1.48979712e+00 -1.34330273e+00
    7.87159204e-01 1.60313570e+00 -1.26351023e+00</data></hand_left>
</opencv_storage>
