<?xml version="1.0"?>
<opencv_storage>
<hand_right type_id="opencv-matrix">
  <rows>21</rows>
  <cols>3</cols>
  <dt>f</dt>
  <data>
    -8.28668999e-06 -7.67706297e-06 3.67554640e-06 5.92198372e-01
    -3.86642009e-01 7.07785606e-01 1.33903861e+00 -6.54907107e-01
    -2.51571089e-02 1.73365653e+00 -5.63945174e-01 -8.27056468e-01
    1.95684588e+00 -5.55445552e-01 -1.45249188e+00 5.90403736e-01
    -5.99598825e-01 -1.15012622e+00 1.03106475e+00 -4.28178668e-01
    -1.90986466e+00 1.48396754e+00 -2.11159885e-01 -2.03205347e+00
    1.81329775e+00 -4.95506525e-02 -2.08529735e+00 2.30664730e-01
    -8.30770358e-02 -1.29724753e+00 7.46560454e-01 1.81115404e-01
    -1.95393682e+00 1.14679956e+00 4.25603360e-01 -1.86936009e+00
    1.42696464e+00 5.55162787e-01 -1.73871315e+00 -5.58996946e-03
    3.91308308e-01 -1.18463600e+00 4.66512799e-01 7.02799559e-01
    -1.68561363e+00 8.36746693e-01 9.16439295e-01 -1.52570462e+00
    1.05220103e+00 1.00923455e+00 -1.31160688e+00 -1.84515625e-01
    9.53965962e-01 -9.08793747e-01 3.14843535e-01 1.32875824e+00
    -1.42549133e+00 5.76966286e-01 1.48886263e+00 -1.34536266e+00
    7.84278929e-01 1.60242701e+00 -1.26572514e+00</data></hand_right>
</opencv_storage>
