<?xml version="1.0"?>
<opencv_storage>
<hand_right type_id="opencv-matrix">
  <rows>21</rows>
  <cols>3</cols>
  <dt>f</dt>
  <data>
    -8.28675184e-06 -7.67822530e-06 3.66478912e-06 5.91970205e-01
    -3.87469381e-01 7.07474053e-01 1.33890402e+00 -6.55072093e-01
    -2.55626738e-02 1.73373365e+00 -5.63356161e-01 -8.27269077e-01
    1.95703304e+00 -5.54195166e-01 -1.45262325e+00 5.90505242e-01
    -5.98489046e-01 -1.15061390e+00 1.03131723e+00 -4.26381111e-01
    -1.91012740e+00 1.48431945e+00 -2.09306806e-01 -2.03216171e+00
    1.81373858e+00 -4.76640165e-02 -2.08529401e+00 2.30875731e-01
    -8.17751065e-02 -1.29725528e+00 7.46881247e-01 1.82976216e-01
    -1.95364726e+00 1.14717710e+00 4.27329361e-01 -1.86896706e+00
    1.42739391e+00 5.56746125e-01 -1.73834896e+00 -5.33532351e-03
    3.92520726e-01 -1.18420804e+00 4.66870129e-01 7.04440475e-01
    -1.68482292e+00 8.37117791e-01 9.17880058e-01 -1.52480578e+00
    1.05258954e+00 1.01046920e+00 -1.31077707e+00 -1.84243739e-01
    9.54894304e-01 -9.07818496e-01 3.15218836e-01 1.33017457e+00
    -1.42407632e+00 5.77367127e-01 1.49017763e+00 -1.34380245e+00
    7.84712672e-01 1.60364330e+00 -1.26407480e+00</data></hand_right>
</opencv_storage>
