<?xml version="1.0"?>
<opencv_storage>
<hand_right type_id="opencv-matrix">
  <rows>21</rows>
  <cols>3</cols>
  <dt>f</dt>
  <data>
    -8.29384953e-06 -7.67174970e-06 3.65600408e-06 5.91001928e-01
    -3.87859762e-01 7.08020926e-01 1.33844066e+00 -6.55967534e-01
    -2.42726356e-02 1.73412132e+00 -5.64568758e-01 -8.25582385e-01
    1.95800984e+00 -5.55544972e-01 -1.45068669e+00 5.91124296e-01
    -5.98959982e-01 -1.15000343e+00 1.03268147e+00 -4.27275777e-01
    -1.90920150e+00 1.48592710e+00 -2.10576653e-01 -2.03103948e+00
    1.81551886e+00 -4.91714776e-02 -2.08403254e+00 2.32006133e-01
    -8.20077807e-02 -1.29700041e+00 7.48663247e-01 1.82244986e-01
    -1.95308208e+00 1.14904308e+00 4.26294863e-01 -1.86840761e+00
    1.42923820e+00 5.55520177e-01 -1.73791659e+00 -3.97420675e-03
    3.92454684e-01 -1.18420351e+00 4.68803853e-01 7.03958154e-01
    -1.68451917e+00 8.39034975e-01 9.17141795e-01 -1.52447426e+00
    1.05439579e+00 1.00963032e+00 -1.31060004e+00 -1.82747737e-01
    9.54951286e-01 -9.08008337e-01 3.17355573e-01 1.32984376e+00
    -1.42393863e+00 5.79572320e-01 1.48968101e+00 -1.34354329e+00
    7.86949039e-01 1.60302877e+00 -1.26372850e+00</data></hand_right>
</opencv_storage>
