<?xml version="1.0"?>
<opencv_storage>
<hand_right type_id="opencv-matrix">
  <rows>21</rows>
  <cols>3</cols>
  <dt>f</dt>
  <data>
    -8.29251076e-06 -7.67240908e-06 3.68281871e-06 5.91939330e-01
    -3.85991395e-01 7.08409369e-01 1.33888555e+00 -6.55308962e-01
    -2.41099149e-02 1.73365855e+00 -5.65277338e-01 -8.26027274e-01
    1.95705569e+00 -5.57567835e-01 -1.45149899e+00 5.90570569e-01
    -6.01071179e-01 -1.14929795e+00 1.03163052e+00 -4.30497706e-01
    -1.90891659e+00 1.48475528e+00 -2.13601053e-01 -2.03091121e+00
    1.81418443e+00 -5.20636141e-02 -2.08393192e+00 2.31020197e-01
    -8.46104920e-02 -1.29710150e+00 7.47354031e-01 1.78803265e-01
    -1.95378160e+00 1.14781523e+00 4.23364490e-01 -1.86893320e+00
    1.42811298e+00 5.53064108e-01 -1.73788738e+00 -5.11936098e-03
    3.89973551e-01 -1.18508673e+00 4.67340350e-01 7.00814426e-01
    -1.68616581e+00 8.37773502e-01 9.14572656e-01 -1.52606976e+00
    1.05336261e+00 1.00760770e+00 -1.31160736e+00 -1.83940470e-01
    9.53012645e-01 -9.09937680e-01 3.15809131e-01 1.32704735e+00
    -1.42685199e+00 5.78045785e-01 1.48719561e+00 -1.34678245e+00
    7.85470188e-01 1.60080481e+00 -1.26706541e+00</data></hand_right>
</opencv_storage>
