<?xml version="1.0"?>
<opencv_storage>
<hand_left type_id="opencv-matrix">
  <rows>21</rows>
  <cols>3</cols>
  <dt>f</dt>
  <data>
    -8.29648616e-06 -7.66878929e-06 3.65619371e-06 5.90733886e-01
    -3.87694418e-01 7.08335221e-01 1.33834100e+00 -6.56192899e-01
    -2.36642063e-02 1.73424578e+00 -5.65129340e-01 -8.24910700e-01
    1.95831764e+00 -5.56365132e-01 -1.44997811e+00 5.91379642e-01
    -5.99450111e-01 -1.14961755e+00 1.03321695e+00 -4.28078055e-01
    -1.90872002e+00 1.48657286e+00 -2.11456716e-01 -2.03050208e+00
    1.81624866e+00 -5.00890017e-02 -2.08346415e+00 2.32383430e-01
    -8.25011283e-02 -1.29690111e+00 7.49340534e-01 1.81474686e-01
    -1.95286822e+00 1.14978147e+00 4.25525695e-01 -1.86806130e+00
    1.43001533e+00 5.54786444e-01 -1.73741686e+00 -3.56068090e-03
    3.92033756e-01 -1.18434000e+00 4.69469815e-01 7.03309238e-01
    -1.68456888e+00 8.39722693e-01 9.16506410e-01 -1.52440131e+00
    1.05508864e+00 1.00905740e+00 -1.31039238e+00 -1.82332367e-01
    9.54649031e-01 -9.08401787e-01 3.18030387e-01 1.32928896e+00
    -1.42426574e+00 5.80257833e-01 1.48911810e+00 -1.34382319e+00
    7.87646592e-01 1.60246062e+00 -1.26394045e+00</data></hand_left>
</opencv_storage>
