<?xml version="1.0"?>
<opencv_storage>
<hand_left type_id="opencv-matrix">
  <rows>21</rows>
  <cols>3</cols>
  <dt>f</dt>
  <data>
    -8.29344117e-06 -7.67077290e-06 3.65416236e-06 5.90901554e-01
    -3.87837529e-01 7.08073437e-01 1.33841062e+00 -6.55949831e-01
    -2.41228789e-02 1.73416567e+00 -5.64560533e-01 -8.25402737e-01
    1.95810580e+00 -5.55518746e-01 -1.45047867e+00 5.91251791e-01
    -5.98943651e-01 -1.14991307e+00 1.03288579e+00 -4.27266866e-01
    -1.90908527e+00 1.48621976e+00 -2.10529923e-01 -2.03103209e+00
    1.81591904e+00 -4.90561128e-02 -2.08412337e+00 2.32141599e-01
    -8.20179433e-02 -1.29694200e+00 7.48877168e-01 1.82231918e-01
    -1.95299244e+00 1.14932585e+00 4.26336944e-01 -1.86838901e+00
    1.42962825e+00 5.55644810e-01 -1.73794889e+00 -3.86997685e-03
    3.92428309e-01 -1.18418741e+00 4.68992501e-01 7.03946829e-01
    -1.68442488e+00 8.39231849e-01 9.17168021e-01 -1.52440286e+00
    1.05464745e+00 1.00972271e+00 -1.31056499e+00 -1.82703391e-01
    9.54894483e-01 -9.08023596e-01 3.17463994e-01 1.32982671e+00
    -1.42386961e+00 5.79693615e-01 1.48968434e+00 -1.34346032e+00
    7.87094176e-01 1.60304511e+00 -1.26359940e+00</data></hand_left>
</opencv_storage>
