<?xml version="1.0"?>
<opencv_storage>
<hand_left type_id="opencv-matrix">
  <rows>21</rows>
  <cols>3</cols>
  <dt>f</dt>
  <data>
    -8.29472992e-06 -7.67189431e-06 3.66016093e-06 5.91095030e-01
    -3.87442380e-01 7.08210588e-01 1.33853197e+00 -6.55864000e-01
    -2.40201056e-02 1.73412335e+00 -5.64788043e-01 -8.25420320e-01
    1.95799971e+00 -5.56060910e-01 -1.45059168e+00 5.91144443e-01
    -5.99499583e-01 -1.14974594e+00 1.03275490e+00 -4.28083122e-01
    -1.90895975e+00 1.48607934e+00 -2.11317152e-01 -2.03075266e+00
    1.81572342e+00 -4.98397946e-02 -2.08366227e+00 2.31971458e-01
    -8.26472118e-02 -1.29699063e+00 7.48700738e-01 1.81392655e-01
    -1.95313883e+00 1.14918697e+00 4.25589859e-01 -1.86836433e+00
    1.42948246e+00 5.54969788e-01 -1.73765457e+00 -4.04520705e-03
    3.91858488e-01 -1.18441963e+00 4.68797535e-01 7.03195453e-01
    -1.68482590e+00 8.39107156e-01 9.16523576e-01 -1.52469289e+00
    1.05454433e+00 1.00916421e+00 -1.31059647e+00 -1.82850704e-01
    9.54494536e-01 -9.08509195e-01 3.17305565e-01 1.32917690e+00
    -1.42458951e+00 5.79561234e-01 1.48909211e+00 -1.34421480e+00
    7.86970973e-01 1.60249662e+00 -1.26432753e+00</data></hand_left>
</opencv_storage>
