<?xml version="1.0"?>
<opencv_storage>
<hand_left type_id="opencv-matrix">
  <rows>21</rows>
  <cols>3</cols>
  <dt>f</dt>
  <data>
    -8.29607598e-06 -7.66827270e-06 3.64932794e-06 5.90478063e-01
    -3.88120085e-01 7.08257854e-01 1.33821988e+00 -6.56347156e-01
    -2.36383677e-02 1.73437011e+00 -5.64987540e-01 -8.24731231e-01
    1.95856929e+00 -5.55938363e-01 -1.44968104e+00 5.91560364e-01
    -5.98939359e-01 -1.14975107e+00 1.03353095e+00 -4.27322567e-01
    -1.90876484e+00 1.48691678e+00 -2.10749239e-01 -2.03056026e+00
    1.81664419e+00 -4.94087338e-02 -2.08355308e+00 2.32658878e-01
    -8.18916410e-02 -1.29686213e+00 7.49704003e-01 1.82278231e-01
    -1.95268774e+00 1.15010738e+00 4.26217884e-01 -1.86795866e+00
    1.43029141e+00 5.55373788e-01 -1.73749053e+00 -3.26922908e-03
    3.92604500e-01 -1.18413126e+00 4.69852805e-01 7.04048634e-01
    -1.68416548e+00 8.40024114e-01 9.17118549e-01 -1.52401555e+00
    1.05527616e+00 1.00953221e+00 -1.31016958e+00 -1.82066038e-01
    9.55079913e-01 -9.07956541e-01 3.18373680e-01 1.32995081e+00
    -1.42356789e+00 5.80572486e-01 1.48971033e+00 -1.34302616e+00
    7.87914395e-01 1.60298204e+00 -1.26312697e+00</data></hand_left>
</opencv_storage>
