<?xml version="1.0"?>
<opencv_storage>
<hand_right type_id="opencv-matrix">
  <rows>21</rows>
  <cols>3</cols>
  <dt>f</dt>
  <data>
    -8.29870169e-06 -7.67303027e-06 3.66747690e-06 5.91394901e-01
    -3.87373805e-01 7.08133936e-01 1.33854055e+00 -6.56062365e-01
    -2.44296640e-02 1.73377502e+00 -5.65105200e-01 -8.26033592e-01
    1.95746922e+00 -5.56603551e-01 -1.45140350e+00 5.90705156e-01
    -5.99836469e-01 -1.14989877e+00 1.03224301e+00 -4.28462923e-01
    -1.90907824e+00 1.48556983e+00 -2.11679459e-01 -2.03047323e+00
    1.81511736e+00 -5.02719581e-02 -2.08299685e+00 2.31542006e-01
    -8.29278752e-02 -1.29713571e+00 7.48299897e-01 1.81070864e-01
    -1.95325780e+00 1.14887989e+00 4.25249398e-01 -1.86793947e+00
    1.42916846e+00 5.54562449e-01 -1.73661542e+00 -4.34751809e-03
    3.91658813e-01 -1.18454909e+00 4.68501031e-01 7.02890813e-01
    -1.68503606e+00 8.38979781e-01 9.16182756e-01 -1.52452326e+00
    1.05448210e+00 1.00875187e+00 -1.30989814e+00 -1.82928979e-01
    9.54439700e-01 -9.08689797e-01 3.17259967e-01 1.32888746e+00
    -1.42492545e+00 5.79565942e-01 1.48876357e+00 -1.34451592e+00
    7.87002623e-01 1.60211265e+00 -1.26455796e+00</data></hand_right>
</opencv_storage>
