<?xml version="1.0"?>
<opencv_storage>
<hand_left type_id="opencv-matrix">
  <rows>21</rows>
  <cols>3</cols>
  <dt>f</dt>
  <data>
    -8.29460350e-06 -7.67099482e-06 3.65736901e-06 5.90975046e-01
    -3.87733340e-01 7.08117485e-01 1.33843446e+00 -6.55995369e-01
    -2.41067559e-02 1.73412371e+00 -5.64736843e-01 -8.25430214e-01
    1.95803225e+00 -5.55823684e-01 -1.45054865e+00 5.91174483e-01
    -5.99163592e-01 -1.14987648e+00 1.03279781e+00 -4.27590966e-01
    -1.90905130e+00 1.48606801e+00 -2.10892022e-01 -2.03084707e+00
    1.81567812e+00 -4.94876206e-02 -2.08381510e+00 2.32065931e-01
    -8.22374746e-02 -1.29697895e+00 7.48813808e-01 1.81938171e-01
    -1.95301652e+00 1.14920914e+00 4.26019579e-01 -1.86823940e+00
    1.42942619e+00 5.55281818e-01 -1.73761284e+00 -3.91754135e-03
    3.92245203e-01 -1.18427289e+00 4.68941271e-01 7.03683555e-01
    -1.68456137e+00 8.39178085e-01 9.16896224e-01 -1.52441978e+00
    1.05454195e+00 1.00941718e+00 -1.31041276e+00 -1.82698950e-01
    9.54789817e-01 -9.08188462e-01 3.17477942e-01 1.32959449e+00
    -1.42410016e+00 5.79684734e-01 1.48943853e+00 -1.34367514e+00
    7.87054777e-01 1.60279238e+00 -1.26382196e+00</data></hand_left>
</opencv_storage>
