<?xml version="1.0"?>
<opencv_storage>
<hand_right type_id="opencv-matrix">
  <rows>21</rows>
  <cols>3</cols>
  <dt>f</dt>
  <data>
    -8.29038527e-06 -7.67270194e-06 3.66016911e-06 5.91335416e-01
    -3.87480378e-01 7.07918704e-01 1.33856809e+00 -6.55585945e-01
    -2.45819539e-02 1.73389280e+00 -5.64287663e-01 -8.26097012e-01
    1.95754218e+00 -5.55367291e-01 -1.45128262e+00 5.90899408e-01
    -5.99105418e-01 -1.15001512e+00 1.03213358e+00 -4.27524328e-01
    -1.90943778e+00 1.48537409e+00 -2.10688412e-01 -2.03164124e+00
    1.81503737e+00 -4.91269231e-02 -2.08492064e+00 2.31584698e-01
    -8.23106393e-02 -1.29702163e+00 7.47956455e-01 1.81892812e-01
    -1.95337582e+00 1.14838886e+00 4.26131099e-01 -1.86900091e+00
    1.42874646e+00 5.55556953e-01 -1.73870385e+00 -4.49848175e-03
    3.92105430e-01 -1.18429410e+00 4.68077034e-01 7.03614712e-01
    -1.68479335e+00 8.38324547e-01 9.16966021e-01 -1.52495253e+00
    1.05381036e+00 1.00962996e+00 -1.31118405e+00 -1.83347702e-01
    9.54602659e-01 -9.08209383e-01 3.16531897e-01 1.32951617e+00
    -1.42434108e+00 5.78755140e-01 1.48945010e+00 -1.34404755e+00
    7.86162078e-01 1.60287857e+00 -1.26424968e+00</data></hand_right>
</opencv_storage>
