<?xml version="1.0"?>
<opencv_storage>
<hand_left type_id="opencv-matrix">
  <rows>21</rows>
  <cols>3</cols>
  <dt>f</dt>
  <data>
    -8.29697728e-06 -7.67114125e-06 3.65067331e-06 5.90772986e-01
    -3.88344526e-01 7.07945228e-01 1.33827567e+00 -6.56304121e-01
    -2.43442357e-02 1.73411334e+00 -5.64624310e-01 -8.25559139e-01
    1.95812035e+00 -5.55361271e-01 -1.45063126e+00 5.91202199e-01
    -5.98538876e-01 -1.15018249e+00 1.03296089e+00 -4.26585764e-01
    -1.90920806e+00 1.48632979e+00 -2.09909946e-01 -2.03088784e+00
    1.81602609e+00 -4.85299230e-02 -2.08378458e+00 2.32235670e-01
    -8.14330503e-02 -1.29699373e+00 7.49121130e-01 1.83031708e-01
    -1.95281827e+00 1.14958739e+00 4.26974863e-01 -1.86792326e+00
    1.42986894e+00 5.56114852e-01 -1.73727655e+00 -3.65490094e-03
    3.93028498e-01 -1.18401158e+00 4.69332159e-01 7.04674482e-01
    -1.68404365e+00 8.39620590e-01 9.17717457e-01 -1.52379608e+00
    1.05502880e+00 1.01008391e+00 -1.30977595e+00 -1.82347804e-01
    9.55425501e-01 -9.07584727e-01 3.17977726e-01 1.33045840e+00
    -1.42320478e+00 5.80225945e-01 1.49020278e+00 -1.34267008e+00
    7.87646651e-01 1.60347652e+00 -1.26274121e+00</data></hand_left>
</opencv_storage>
