<?xml version="1.0"?>
<opencv_storage>
<hand_left type_id="opencv-matrix">
  <rows>21</rows>
  <cols>3</cols>
  <dt>f</dt>
  <data>
    -8.29446890e-06 -7.67196525e-06 3.66859263e-06 5.91367364e-01
    -3.87139320e-01 7.08201110e-01 1.33858228e+00 -6.55807912e-01
    -2.41944939e-02 1.73391688e+00 -5.64983010e-01 -8.25710297e-01
    1.95761931e+00 -5.56530595e-01 -1.45098639e+00 5.90836525e-01
    -5.99928319e-01 -1.14970779e+00 1.03226304e+00 -4.28708345e-01
    -1.90898216e+00 1.48538327e+00 -2.11990684e-01 -2.03058195e+00
    1.81476676e+00 -5.06431162e-02 -2.08331943e+00 2.31600687e-01
    -8.31319466e-02 -1.29705906e+00 7.48194456e-01 1.80750892e-01
    -1.95329106e+00 1.14854586e+00 4.24917400e-01 -1.86827159e+00
    1.42859793e+00 5.54192364e-01 -1.73730373e+00 -4.38024104e-03
    3.91417742e-01 -1.18458080e+00 4.68284696e-01 7.02581525e-01
    -1.68522525e+00 8.38585496e-01 9.15912628e-01 -1.52498949e+00
    1.05392361e+00 1.00850832e+00 -1.31073964e+00 -1.83091223e-01
    9.54189301e-01 -9.08822000e-01 3.16892773e-01 1.32861793e+00
    -1.42517972e+00 5.79094052e-01 1.48852980e+00 -1.34489655e+00
    7.86430001e-01 1.60192466e+00 -1.26515234e+00</data></hand_left>
</opencv_storage>
