<?xml version="1.0"?>
<opencv_storage>
<hand_left type_id="opencv-matrix">
  <rows>21</rows>
  <cols>3</cols>
  <dt>f</dt>
  <data>
    -8.29478086e-06 -7.67129404e-06 3.66798736e-06 5.91287732e-01
    -3.87108117e-01 7.08279133e-01 1.33856332e+00 -6.55849099e-01
    -2.40265131e-02 1.73397827e+00 -5.65098524e-01 -8.25517237e-01
    1.95773578e+00 -5.56691408e-01 -1.45076871e+00 5.90917587e-01
    -6.00028634e-01 -1.14961088e+00 1.03240776e+00 -4.28890824e-01
    -1.90887797e+00 1.48555255e+00 -2.12201446e-01 -2.03050065e+00
    1.81496334e+00 -5.08620441e-02 -2.08326221e+00 2.31710732e-01
    -8.32331777e-02 -1.29702961e+00 7.48361468e-01 1.80576846e-01
    -1.95324898e+00 1.14871776e+00 4.24739301e-01 -1.86825871e+00
    1.42877817e+00 5.54023445e-01 -1.73732102e+00 -4.26716357e-03
    3.91330838e-01 -1.18460667e+00 4.68449533e-01 7.02441990e-01
    -1.68523717e+00 8.38742971e-01 9.15777445e-01 -1.52501488e+00
    1.05407548e+00 1.00839043e+00 -1.31078565e+00 -1.82987422e-01
    9.54125226e-01 -9.08906877e-01 3.17052424e-01 1.32850635e+00
    -1.42524672e+00 5.79254031e-01 1.48841858e+00 -1.34495771e+00
    7.86590338e-01 1.60181522e+00 -1.26520646e+00</data></hand_left>
</opencv_storage>
