<?xml version="1.0"?>
<opencv_storage>
<hand_right type_id="opencv-matrix">
  <rows>21</rows>
  <cols>3</cols>
  <dt>f</dt>
  <data>
    -8.29626424e-06 -7.67150595e-06 3.64848120e-06 5.90725243e-01
    -3.88468564e-01 7.07904696e-01 1.33827519e+00 -6.56282067e-01
    -2.43719518e-02 1.73418474e+00 -5.64469218e-01 -8.25536430e-01
    1.95821524e+00 -5.55070043e-01 -1.45057821e+00 5.91238022e-01
    -5.98369420e-01 -1.15024626e+00 1.03301930e+00 -4.26327288e-01
    -1.90925682e+00 1.48638988e+00 -2.09659934e-01 -2.03090787e+00
    1.81608820e+00 -4.82781827e-02 -2.08377194e+00 2.32285634e-01
    -8.12347904e-02 -1.29699028e+00 7.49152899e-01 1.83295757e-01
    -1.95280504e+00 1.14960265e+00 4.27204996e-01 -1.86797655e+00
    1.42985761e+00 5.56307793e-01 -1.73741066e+00 -3.60583141e-03
    3.93213868e-01 -1.18394542e+00 4.69379604e-01 7.04918444e-01
    -1.68394923e+00 8.39624166e-01 9.17918801e-01 -1.52373099e+00
    1.05497181e+00 1.01023126e+00 -1.30979800e+00 -1.82306811e-01
    9.55568731e-01 -9.07439411e-01 3.18018824e-01 1.33068705e+00
    -1.42300284e+00 5.80258965e-01 1.49041128e+00 -1.34243584e+00
    7.87648916e-01 1.60365272e+00 -1.26249719e+00</data></hand_right>
</opencv_storage>
