<?xml version="1.0"?>
<opencv_storage>
<hand_left type_id="opencv-matrix">
  <rows>21</rows>
  <cols>3</cols>
  <dt>f</dt>
  <data>
    -8.29387045e-06 -7.67009351e-06 3.65379583e-06 5.90798199e-01
    -3.87902677e-01 7.08114326e-01 1.33836710e+00 -6.56028748e-01
    -2.39894092e-02 1.73424149e+00 -5.64665020e-01 -8.25198293e-01
    1.95825946e+00 -5.55640221e-01 -1.45021975e+00 5.91366112e-01
    -5.98884642e-01 -1.14986980e+00 1.03301978e+00 -4.27224040e-01
    -1.90902758e+00 1.48624945e+00 -2.10575193e-01 -2.03097844e+00
    1.81586480e+00 -4.91980314e-02 -2.08415341e+00 2.32293591e-01
    -8.19387212e-02 -1.29691744e+00 7.49063015e-01 1.82314172e-01
    -1.95287693e+00 1.14936948e+00 4.26335573e-01 -1.86824346e+00
    1.42954826e+00 5.55558801e-01 -1.73785293e+00 -3.71182710e-03
    3.92505199e-01 -1.18415594e+00 4.69146758e-01 7.04016685e-01
    -1.68434715e+00 8.39311242e-01 9.17193294e-01 -1.52432775e+00
    1.05465698e+00 1.00969517e+00 -1.31054091e+00 -1.82554320e-01
    9.54957366e-01 -9.07971203e-01 3.17627132e-01 1.32987797e+00
    -1.42374229e+00 5.79785943e-01 1.48970318e+00 -1.34332550e+00
    7.87153661e-01 1.60307264e+00 -1.26354837e+00</data></hand_left>
</opencv_storage>
