<?xml version="1.0"?>
<opencv_storage>
<hand_left type_id="opencv-matrix">
  <rows>21</rows>
  <cols>3</cols>
  <dt>f</dt>
  <data>
    -8.29188230e-06 -7.67102028e-06 3.65813730e-06 5.91092348e-01
    -3.87539685e-01 7.08077252e-01 1.33847046e+00 -6.55782104e-01
    -2.42205709e-02 1.73401296e+00 -5.64579248e-01 -8.25645685e-01
    1.95780754e+00 -5.55708766e-01 -1.45076776e+00 5.91109395e-01
    -5.99218905e-01 -1.14984548e+00 1.03253686e+00 -4.27743554e-01
    -1.90919840e+00 1.48582959e+00 -2.10986346e-01 -2.03137684e+00
    1.81554055e+00 -4.94737625e-02 -2.08465457e+00 2.31900513e-01
    -8.23837966e-02 -1.29696023e+00 7.48460174e-01 1.81716442e-01
    -1.95321500e+00 1.14888978e+00 4.25900877e-01 -1.86879873e+00
    1.42922580e+00 5.55293977e-01 -1.73849916e+00 -4.15259600e-03
    3.92065525e-01 -1.18430853e+00 4.68587816e-01 7.03494668e-01
    -1.68470657e+00 8.38802755e-01 9.16799784e-01 -1.52481520e+00
    1.05423284e+00 1.00944126e+00 -1.31104398e+00 -1.83005601e-01
    9.54590380e-01 -9.08284187e-01 3.17042708e-01 1.32942867e+00
    -1.42430425e+00 5.79257965e-01 1.48932743e+00 -1.34395051e+00
    7.86647439e-01 1.60273254e+00 -1.26411617e+00</data></hand_left>
</opencv_storage>
