<?xml version="1.0"?>
<opencv_storage>
<hand_left type_id="opencv-matrix">
  <rows>21</rows>
  <cols>3</cols>
  <dt>f</dt>
  <data>
    -8.29284272e-06 -7.67074835e-06 3.65698884e-06 5.91067135e-01
    -3.87805015e-01 7.07960486e-01 1.33838201e+00 -6.55954957e-01
    -2.44384855e-02 1.73391426e+00 -5.64586639e-01 -8.25843096e-01
    1.95769000e+00 -5.55580854e-01 -1.45097971e+00 5.90995193e-01
    -5.98997653e-01 -1.15002298e+00 1.03244305e+00 -4.27357793e-01
    -1.90930772e+00 1.48573947e+00 -2.10624099e-01 -2.03135252e+00
    1.81542349e+00 -4.91606295e-02 -2.08451772e+00 2.31853068e-01
    -8.20740610e-02 -1.29699278e+00 7.48453379e-01 1.82149097e-01
    -1.95315433e+00 1.14890110e+00 4.26246762e-01 -1.86858499e+00
    1.42920732e+00 5.55536747e-01 -1.73816264e+00 -4.12914529e-03
    3.92378718e-01 -1.18420589e+00 4.68641788e-01 7.03877270e-01
    -1.68453169e+00 8.38890195e-01 9.17076349e-01 -1.52453184e+00
    1.05431044e+00 1.00960684e+00 -1.31068861e+00 -1.82892680e-01
    9.54859674e-01 -9.08026695e-01 3.17191184e-01 1.32975328e+00
    -1.42396247e+00 5.79419017e-01 1.48958802e+00 -1.34357047e+00
    7.86811292e-01 1.60292888e+00 -1.26372170e+00</data></hand_left>
</opencv_storage>
