<?xml version="1.0"?>
<opencv_storage>
<hand_left type_id="opencv-matrix">
  <rows>21</rows>
  <cols>3</cols>
  <dt>f</dt>
  <data>
    -8.29332112e-06 -7.66848552e-06 3.66145537e-06 5.90941429e-01
    -3.87158751e-01 7.08426714e-01 1.33846068e+00 -6.55876398e-01
    -2.35629231e-02 1.73417711e+00 -5.65165997e-01 -8.24948072e-01
    1.95811605e+00 -5.56683064e-01 -1.45003676e+00 5.91315091e-01
    -5.99915683e-01 -1.14938807e+00 1.03292048e+00 -4.28884566e-01
    -1.90872633e+00 1.48620439e+00 -2.12231338e-01 -2.03086543e+00
    1.81588006e+00 -5.07971346e-02 -2.08412886e+00 2.32162118e-01
    -8.31454545e-02 -1.29688013e+00 7.48907924e-01 1.80580735e-01
    -1.95312190e+00 1.14929914e+00 4.24781322e-01 -1.86863267e+00
    1.42956185e+00 5.54204941e-01 -1.73822796e+00 -3.88669968e-03
    3.91383022e-01 -1.18454242e+00 4.68979597e-01 7.02507198e-01
    -1.68501139e+00 8.39179218e-01 9.15880919e-01 -1.52508819e+00
    1.05455947e+00 1.00861359e+00 -1.31124234e+00 -1.82761267e-01
    9.54086483e-01 -9.08875644e-01 3.17418277e-01 1.32858849e+00
    -1.42499697e+00 5.79609036e-01 1.48851621e+00 -1.34467721e+00
    7.86979198e-01 1.60195243e+00 -1.26487935e+00</data></hand_left>
</opencv_storage>
