<?xml version="1.0"?>
<opencv_storage>
<hand_right type_id="opencv-matrix">
  <rows>21</rows>
  <cols>3</cols>
  <dt>f</dt>
  <data>
    -8.29464261e-06 -7.67322308e-06 3.65179471e-06 5.91023266e-01
    -3.88295382e-01 7.07761765e-01 1.33838785e+00 -6.56049848e-01
    -2.47429907e-02 1.73399627e+00 -5.64212918e-01 -8.26054573e-01
    1.95783663e+00 -5.54839611e-01 -1.45118523e+00 5.91014385e-01
    -5.98339617e-01 -1.15038466e+00 1.03257406e+00 -4.26230252e-01
    -1.90949333e+00 1.48591089e+00 -2.09439784e-01 -2.03123856e+00
    1.81559825e+00 -4.79692817e-02 -2.08416152e+00 2.31916472e-01
    -8.12868103e-02 -1.29705691e+00 7.48605251e-01 1.83334470e-01
    -1.95298970e+00 1.14908695e+00 4.27360833e-01 -1.86816263e+00
    1.42940831e+00 5.56560814e-01 -1.73754120e+00 -4.03194502e-03
    3.93123090e-01 -1.18398035e+00 4.68803346e-01 7.04907775e-01
    -1.68408322e+00 8.39099705e-01 9.18005109e-01 -1.52387774e+00
    1.05453849e+00 1.01039255e+00 -1.30986977e+00 -1.82758123e-01
    9.55464602e-01 -9.07463670e-01 3.17394137e-01 1.33064485e+00
    -1.42315376e+00 5.79645455e-01 1.49042916e+00 -1.34264469e+00
    7.87060022e-01 1.60371637e+00 -1.26271212e+00</data></hand_right>
</opencv_storage>
