<?xml version="1.0"?>
<opencv_storage>
<hand_right type_id="opencv-matrix">
  <rows>21</rows>
  <cols>3</cols>
  <dt>f</dt>
  <data>
    -8.29398505e-06 -7.67321580e-06 3.68281053e-06 5.91967404e-01
    -3.86370897e-01 7.08255887e-01 1.33886254e+00 -6.55519724e-01
    -2.44248211e-02 1.73364067e+00 -5.65243363e-01 -8.26311707e-01
    1.95702243e+00 -5.57405651e-01 -1.45179832e+00 5.90485871e-01
    -6.00678861e-01 -1.14961898e+00 1.03153741e+00 -4.29821193e-01
    -1.90915370e+00 1.48447251e+00 -2.13020831e-01 -2.03079009e+00
    1.81368637e+00 -5.16676009e-02 -2.08356857e+00 2.30983868e-01
    -8.40809271e-02 -1.29721689e+00 7.47354507e-01 1.79593176e-01
    -1.95368886e+00 1.14759779e+00 4.23948407e-01 -1.86840653e+00
    1.42756784e+00 5.53356051e-01 -1.73705125e+00 -5.08107617e-03
    3.90504330e-01 -1.18497121e+00 4.67370510e-01 7.01502621e-01
    -1.68592143e+00 8.37677956e-01 9.15052176e-01 -1.52550185e+00
    1.05300152e+00 1.00777102e+00 -1.31080985e+00 -1.83798358e-01
    9.53498602e-01 -9.09558058e-01 3.15961242e-01 1.32764649e+00
    -1.42630863e+00 5.78079104e-01 1.48765934e+00 -1.34607840e+00
    7.85350800e-01 1.60114539e+00 -1.26636028e+00</data></hand_right>
</opencv_storage>
