<?xml version="1.0"?>
<opencv_storage>
<hand_left type_id="opencv-matrix">
  <rows>21</rows>
  <cols>3</cols>
  <dt>f</dt>
  <data>
    -8.29493911e-06 -7.67103302e-06 3.65563710e-06 5.90931058e-01
    -3.87908965e-01 7.08057523e-01 1.33839440e+00 -6.56076074e-01
    -2.41938382e-02 1.73412180e+00 -5.64694107e-01 -8.25487018e-01
    1.95803690e+00 -5.55658698e-01 -1.45059383e+00 5.91142178e-01
    -5.99013388e-01 -1.14997709e+00 1.03279734e+00 -4.27346766e-01
    -1.90912700e+00 1.48609138e+00 -2.10666627e-01 -2.03086329e+00
    1.81571364e+00 -4.92758751e-02 -2.08377194e+00 2.32075483e-01
    -8.20301324e-02 -1.29699409e+00 7.48839676e-01 1.82209596e-01
    -1.95300579e+00 1.14925528e+00 4.26241487e-01 -1.86821961e+00
    1.42946482e+00 5.55451393e-01 -1.73759675e+00 -3.87397408e-03
    3.92454535e-01 -1.18420720e+00 4.69012678e-01 7.03938365e-01
    -1.68445659e+00 8.39246988e-01 9.17088091e-01 -1.52429509e+00
    1.05457854e+00 1.00953984e+00 -1.31030631e+00 -1.82616785e-01
    9.54966903e-01 -9.08027112e-01 3.17586184e-01 1.32983208e+00
    -1.42388546e+00 5.79805315e-01 1.48963952e+00 -1.34342492e+00
    7.87163734e-01 1.60294986e+00 -1.26354873e+00</data></hand_left>
</opencv_storage>
