<?xml version="1.0"?>
<opencv_storage>
<hand_left type_id="opencv-matrix">
  <rows>21</rows>
  <cols>3</cols>
  <dt>f</dt>
  <data>
    -8.29504734e-06 -7.67062193e-06 3.65580627e-06 5.90850055e-01
    -3.87748241e-01 7.08220899e-01 1.33841848e+00 -6.56052351e-01
    -2.38867402e-02 1.73426390e+00 -5.64831853e-01 -8.25144470e-01
    1.95827222e+00 -5.55952549e-01 -1.45021534e+00 5.91300368e-01
    -5.99256516e-01 -1.14977098e+00 1.03303158e+00 -4.27757502e-01
    -1.90891337e+00 1.48631454e+00 -2.11111516e-01 -2.03068137e+00
    1.81592870e+00 -4.97383475e-02 -2.08361530e+00 2.32243687e-01
    -8.23083818e-02 -1.29694903e+00 7.49061227e-01 1.81774288e-01
    -1.95297635e+00 1.14944887e+00 4.25816536e-01 -1.86823523e+00
    1.42960775e+00 5.55041373e-01 -1.73766983e+00 -3.72439250e-03
    3.92198682e-01 -1.18429589e+00 4.69177723e-01 7.03561664e-01
    -1.68459237e+00 8.39397550e-01 9.16750669e-01 -1.52449083e+00
    1.05471432e+00 1.00925970e+00 -1.31057823e+00 -1.82507485e-01
    9.54776168e-01 -9.08258677e-01 3.17723989e-01 1.32951713e+00
    -1.42418301e+00 5.79938412e-01 1.48935294e+00 -1.34376514e+00
    7.87294805e-01 1.60269177e+00 -1.26393318e+00</data></hand_left>
</opencv_storage>
