<?xml version="1.0"?>
<opencv_storage>
<hand_left type_id="opencv-matrix">
  <rows>21</rows>
  <cols>3</cols>
  <dt>f</dt>
  <data>
    -8.29472719e-06 -7.67016718e-06 3.66397489e-06 5.91156840e-01
    -3.87305766e-01 7.08232999e-01 1.33847165e+00 -6.55961871e-01
    -2.40352005e-02 1.73395991e+00 -5.65094411e-01 -8.25496376e-01
    1.95776021e+00 -5.56565583e-01 -1.45070267e+00 5.90983808e-01
    -5.99790514e-01 -1.14966774e+00 1.03253961e+00 -4.28545892e-01
    -1.90890825e+00 1.48581195e+00 -2.11832225e-01 -2.03068781e+00
    1.81538045e+00 -5.04302979e-02 -2.08357525e+00 2.31824085e-01
    -8.29576254e-02 -1.29699445e+00 7.48535693e-01 1.80932388e-01
    -1.95318007e+00 1.14899111e+00 4.25102353e-01 -1.86831975e+00
    1.42920303e+00 5.54435611e-01 -1.73752689e+00 -4.14882973e-03
    3.91583234e-01 -1.18450272e+00 4.68657851e-01 7.02782452e-01
    -1.68500352e+00 8.38981867e-01 9.16099131e-01 -1.52483761e+00
    1.05439091e+00 1.00872886e+00 -1.31069076e+00 -1.82885870e-01
    9.54292417e-01 -9.08700347e-01 3.17227066e-01 1.32880676e+00
    -1.42490280e+00 5.79465985e-01 1.48871112e+00 -1.34457898e+00
    7.86851466e-01 1.60209739e+00 -1.26476777e+00</data></hand_left>
</opencv_storage>
