<?xml version="1.0"?>
<opencv_storage>
<hand_left type_id="opencv-matrix">
  <rows>21</rows>
  <cols>3</cols>
  <dt>f</dt>
  <data>
    -8.29513465e-06 -7.67066922e-06 3.65215692e-06 5.90765834e-01
    -3.88106227e-01 7.08060861e-01 1.33833945e+00 -6.56142116e-01
    -2.41001546e-02 1.73423934e+00 -5.64630508e-01 -8.25290143e-01
    1.95827055e+00 -5.55485606e-01 -1.45032084e+00 5.91319859e-01
    -5.98749697e-01 -1.14999342e+00 1.03304017e+00 -4.26976085e-01
    -1.90908802e+00 1.48630023e+00 -2.10343450e-01 -2.03086853e+00
    1.81591678e+00 -4.89936769e-02 -2.08387470e+00 2.32304528e-01
    -8.17235708e-02 -1.29695046e+00 7.49126792e-01 1.82604268e-01
    -1.95284712e+00 1.14946485e+00 4.26560998e-01 -1.86809182e+00
    1.42962158e+00 5.55705070e-01 -1.73759520e+00 -3.64506245e-03
    3.92735958e-01 -1.18409717e+00 4.69268054e-01 7.04289258e-01
    -1.68422914e+00 8.39452684e-01 9.17380691e-01 -1.52410436e+00
    1.05476296e+00 1.00978601e+00 -1.31023812e+00 -1.82417199e-01
    9.55175638e-01 -9.07811940e-01 3.17831665e-01 1.33012938e+00
    -1.42352045e+00 5.80016553e-01 1.48990571e+00 -1.34304082e+00
    7.87374139e-01 1.60321164e+00 -1.26320434e+00</data></hand_left>
</opencv_storage>
