<?xml version="1.0"?>
<opencv_storage>
<hand_right type_id="opencv-matrix">
  <rows>21</rows>
  <cols>3</cols>
  <dt>f</dt>
  <data>
    -8.29149030e-06 -7.67302117e-06 3.65461847e-06 5.91169655e-01
    -3.87989998e-01 7.07777321e-01 1.33849311e+00 -6.55767977e-01
    -2.47392207e-02 1.73400700e+00 -5.64075112e-01 -8.26102078e-01
    1.95776606e+00 -5.54821253e-01 -1.45123518e+00 5.90978146e-01
    -5.98514616e-01 -1.15027750e+00 1.03234243e+00 -4.26555216e-01
    -1.90952575e+00 1.48556280e+00 -2.09751815e-01 -2.03152394e+00
    1.81517625e+00 -4.82574701e-02 -2.08466530e+00 2.31763422e-01
    -8.15811902e-02 -1.29703867e+00 7.48246431e-01 1.82924196e-01
    -1.95314980e+00 1.14864159e+00 4.27018583e-01 -1.86858475e+00
    1.42890954e+00 5.56278765e-01 -1.73820782e+00 -4.26343083e-03
    3.92803699e-01 -1.18405998e+00 4.68368113e-01 7.04514623e-01
    -1.68436420e+00 8.38619411e-01 9.17716086e-01 -1.52440608e+00
    1.05407953e+00 1.01021254e+00 -1.31064236e+00 -1.83067501e-01
    9.55168724e-01 -9.07666206e-01 3.16876471e-01 1.33029342e+00
    -1.42356730e+00 5.79097569e-01 1.49015081e+00 -1.34321177e+00
    7.86505878e-01 1.60351193e+00 -1.26342654e+00</data></hand_right>
</opencv_storage>
