<?xml version="1.0"?>
<opencv_storage>
<hand_left type_id="opencv-matrix">
  <rows>21</rows>
  <cols>3</cols>
  <dt>f</dt>
  <data>
    -8.29357577e-06 -7.67351776e-06 3.65908249e-06 5.91318965e-01
    -3.87801468e-01 7.07825184e-01 1.33849525e+00 -6.55847788e-01
    -2.48193145e-02 1.73380721e+00 -5.64342499e-01 -8.26320410e-01
    1.95746231e+00 -5.55290461e-01 -1.45156395e+00 5.90757489e-01
    -5.98941147e-01 -1.15023100e+00 1.03212476e+00 -4.27152157e-01
    -1.90949535e+00 1.48543453e+00 -2.10315853e-01 -2.03131676e+00
    1.81508398e+00 -4.88041341e-02 -2.08423734e+00 2.31546029e-01
    -8.20094198e-02 -1.29709649e+00 7.48072326e-01 1.82339862e-01
    -1.95327258e+00 1.14860463e+00 4.26489443e-01 -1.86849010e+00
    1.42894912e+00 5.55796027e-01 -1.73779953e+00 -4.42225486e-03
    3.92443657e-01 -1.18421733e+00 4.68271673e-01 7.04011738e-01
    -1.68460405e+00 8.38635206e-01 9.17240977e-01 -1.52446640e+00
    1.05414104e+00 1.00976872e+00 -1.31040335e+00 -1.83120593e-01
    9.54941571e-01 -9.07976627e-01 3.16889375e-01 1.32986188e+00
    -1.42401433e+00 5.79173565e-01 1.48972082e+00 -1.34363329e+00
    7.86605120e-01 1.60306025e+00 -1.26374888e+00</data></hand_left>
</opencv_storage>
