<?xml version="1.0"?>
<opencv_storage>
<hand_left type_id="opencv-matrix">
  <rows>21</rows>
  <cols>3</cols>
  <dt>f</dt>
  <data>
    -8.29313467e-06 -7.67149049e-06 3.65909682e-06 5.91096878e-01
    -3.87638420e-01 7.08106279e-01 1.33855462e+00 -6.55846000e-01
    -2.41947174e-02 1.73420262e+00 -5.64585090e-01 -8.25566173e-01
    1.95806146e+00 -5.55698752e-01 -1.45072770e+00 5.91182172e-01
    -5.99144578e-01 -1.14992511e+00 1.03271270e+00 -4.27545547e-01
    -1.90916169e+00 1.48588848e+00 -2.10815609e-01 -2.03099418e+00
    1.81539905e+00 -4.94153798e-02 -2.08398461e+00 2.31990784e-01
    -8.22551847e-02 -1.29703248e+00 7.48646259e-01 1.81954235e-01
    -1.95313323e+00 1.14895940e+00 4.26057130e-01 -1.86834598e+00
    1.42906046e+00 5.55295706e-01 -1.73772943e+00 -4.04383615e-03
    3.92212570e-01 -1.18431544e+00 4.68696952e-01 7.03678608e-01
    -1.68470716e+00 8.38901937e-01 9.16926980e-01 -1.52460229e+00
    1.05422723e+00 1.00944614e+00 -1.31064057e+00 -1.82872519e-01
    9.54769731e-01 -9.08226550e-01 3.17187548e-01 1.32959223e+00
    -1.42425931e+00 5.79361916e-01 1.48947179e+00 -1.34388435e+00
    7.86704063e-01 1.60285211e+00 -1.26409686e+00</data></hand_left>
</opencv_storage>
