<?xml version="1.0"?>
<opencv_storage>
<hand_right type_id="opencv-matrix">
  <rows>21</rows>
  <cols>3</cols>
  <dt>f</dt>
  <data>
    -8.29012151e-06 -7.67558140e-06 3.65908750e-06 5.91538489e-01
    -3.87779355e-01 7.07640886e-01 1.33867908e+00 -6.55483663e-01
    -2.51490772e-02 1.73386669e+00 -5.63756466e-01 -8.26686263e-01
    1.95741236e+00 -5.54508805e-01 -1.45196283e+00 5.90710700e-01
    -5.98559558e-01 -1.15044618e+00 1.03185129e+00 -4.26537275e-01
    -1.90980947e+00 1.48505259e+00 -2.09589034e-01 -2.03179646e+00
    1.81463718e+00 -4.79917228e-02 -2.08486247e+00 2.31334716e-01
    -8.16990882e-02 -1.29714990e+00 7.47603655e-01 1.82880893e-01
    -1.95344174e+00 1.14806211e+00 4.27109092e-01 -1.86885619e+00
    1.42840397e+00 5.56470990e-01 -1.73835683e+00 -4.74664941e-03
    3.92667979e-01 -1.18413758e+00 4.67712045e-01 7.04439759e-01
    -1.68462229e+00 8.38033915e-01 9.17749524e-01 -1.52467012e+00
    1.05358326e+00 1.01032233e+00 -1.31078827e+00 -1.83557689e-01
    9.55060780e-01 -9.07751620e-01 3.16200137e-01 1.33021593e+00
    -1.42387331e+00 5.78456938e-01 1.49014747e+00 -1.34358013e+00
    7.85897195e-01 1.60356140e+00 -1.26377487e+00</data></hand_right>
</opencv_storage>
