<?xml version="1.0"?>
<opencv_storage>
<hand_right type_id="opencv-matrix">
  <rows>21</rows>
  <cols>3</cols>
  <dt>f</dt>
  <data>
    -8.29423152e-06 -7.67040001e-06 3.65077995e-06 5.90729952e-01
    -3.88046086e-01 7.08096206e-01 1.33834100e+00 -6.56090617e-01
    -2.40120143e-02 1.73426819e+00 -5.64608932e-01 -8.25208545e-01
    1.95831370e+00 -5.55482745e-01 -1.45021367e+00 5.91379762e-01
    -5.98788917e-01 -1.14992547e+00 1.03311539e+00 -4.27066565e-01
    -1.90905476e+00 1.48645806e+00 -2.10400611e-01 -2.03098774e+00
    1.81617498e+00 -4.89788949e-02 -2.08408570e+00 2.32349783e-01
    -8.17932934e-02 -1.29692006e+00 7.49157906e-01 1.82477832e-01
    -1.95289600e+00 1.14956760e+00 4.26492900e-01 -1.86833286e+00
    1.42981935e+00 5.55720210e-01 -1.73799932e+00 -3.63077968e-03
    3.92658532e-01 -1.18411338e+00 4.69296515e-01 7.04196811e-01
    -1.68426287e+00 8.39490235e-01 9.17336464e-01 -1.52425611e+00
    1.05483484e+00 1.00981224e+00 -1.31050789e+00 -1.82451084e-01
    9.55090880e-01 -9.07872736e-01 3.17796469e-01 1.33006692e+00
    -1.42360711e+00 5.80012441e-01 1.48987806e+00 -1.34314513e+00
    7.87391722e-01 1.60320246e+00 -1.26328468e+00</data></hand_right>
</opencv_storage>
