<?xml version="1.0"?>
<opencv_storage>
<hand_right type_id="opencv-matrix">
  <rows>21</rows>
  <cols>3</cols>
  <dt>f</dt>
  <data>
    -8.29395685e-06 -7.66929952e-06 3.65968481e-06 5.90926468e-01
    -3.87360930e-01 7.08356380e-01 1.33849347e+00 -6.55899286e-01
    -2.36683190e-02 1.73428452e+00 -5.64991236e-01 -8.24984252e-01
    1.95827985e+00 -5.56372404e-01 -1.45007265e+00 5.91345668e-01
    -5.99635303e-01 -1.14953268e+00 1.03301096e+00 -4.28386092e-01
    -1.90875494e+00 1.48624444e+00 -2.11725324e-01 -2.03070354e+00
    1.81583297e+00 -5.03304005e-02 -2.08381605e+00 2.32209846e-01
    -8.28122348e-02 -1.29691219e+00 7.48995364e-01 1.81089729e-01
    -1.95302153e+00 1.14935136e+00 4.25234139e-01 -1.86835361e+00
    1.42952657e+00 5.54568172e-01 -1.73782241e+00 -3.82404402e-03
    3.91698897e-01 -1.18444538e+00 4.69019234e-01 7.02926815e-01
    -1.68486261e+00 8.39251757e-01 9.16252911e-01 -1.52485383e+00
    1.05463684e+00 1.00891149e+00 -1.31096292e+00 -1.82681039e-01
    9.54352856e-01 -9.08636868e-01 3.17480564e-01 1.32894397e+00
    -1.42471611e+00 5.79673886e-01 1.48886013e+00 -1.34440410e+00
    7.87053645e-01 1.60228133e+00 -1.26465487e+00</data></hand_right>
</opencv_storage>
