<?xml version="1.0"?>
<opencv_storage>
<hand_left type_id="opencv-matrix">
  <rows>21</rows>
  <cols>3</cols>
  <dt>f</dt>
  <data>
    -8.29684996e-06 -7.66844551e-06 3.64863718e-06 5.90456486e-01
    -3.88253808e-01 7.08208859e-01 1.33818066e+00 -6.56427383e-01
    -2.37261653e-02 1.73434186e+00 -5.64980865e-01 -8.24796379e-01
    1.95855129e+00 -5.55874228e-01 -1.44974744e+00 5.91527104e-01
    -5.98820508e-01 -1.14982951e+00 1.03351235e+00 -4.27121758e-01
    -1.90879881e+00 1.48689389e+00 -2.10563093e-01 -2.03051829e+00
    1.81659579e+00 -4.92544472e-02 -2.08345175e+00 2.32660353e-01
    -8.17280933e-02 -1.29687297e+00 7.49715447e-01 1.82496950e-01
    -1.95265281e+00 1.15011573e+00 4.26387459e-01 -1.86786652e+00
    1.43028188e+00 5.55488229e-01 -1.73737264e+00 -3.23379040e-03
    3.92768979e-01 -1.18407488e+00 4.69885588e-01 7.04241753e-01
    -1.68407917e+00 8.40074897e-01 9.17262673e-01 -1.52390194e+00
    1.05533528e+00 1.00962996e+00 -1.31004298e+00 -1.81988791e-01
    9.55221474e-01 -9.07824039e-01 3.18461537e-01 1.33011520e+00
    -1.42340446e+00 5.80668569e-01 1.48985064e+00 -1.34286022e+00
    7.88026810e-01 1.60311007e+00 -1.26297069e+00</data></hand_left>
</opencv_storage>
