<?xml version="1.0"?>
<opencv_storage>
<hand_right type_id="opencv-matrix">
  <rows>21</rows>
  <cols>3</cols>
  <dt>f</dt>
  <data>
    -8.28929660e-06 -7.67593974e-06 3.66933091e-06 5.91876388e-01
    -3.86973143e-01 7.07830489e-01 1.33882964e+00 -6.55187607e-01
    -2.49975026e-02 1.73366654e+00 -5.64054668e-01 -8.26762915e-01
    1.95703518e+00 -5.55376053e-01 -1.45213675e+00 5.90545297e-01
    -5.99440932e-01 -1.15008152e+00 1.03145695e+00 -4.27932233e-01
    -1.90963638e+00 1.48457634e+00 -2.10935533e-01 -2.03178978e+00
    1.81411076e+00 -4.92939651e-02 -2.08500504e+00 2.30991825e-01
    -8.28017592e-02 -1.29714262e+00 7.47117996e-01 1.81395292e-01
    -1.95366383e+00 1.14755332e+00 4.25823033e-01 -1.86909223e+00
    1.42792976e+00 5.55390835e-01 -1.73848867e+00 -5.16637042e-03
    3.91604006e-01 -1.18449450e+00 4.67158288e-01 7.03085899e-01
    -1.68524492e+00 8.37510884e-01 9.16634738e-01 -1.52532625e+00
    1.05314910e+00 1.00945210e+00 -1.31128383e+00 -1.84020028e-01
    9.54204619e-01 -9.08566892e-01 3.15601587e-01 1.32900190e+00
    -1.42502511e+00 5.77834606e-01 1.48904979e+00 -1.34485841e+00
    7.85279155e-01 1.60258198e+00 -1.26511884e+00</data></hand_right>
</opencv_storage>
