<?xml version="1.0"?>
<opencv_storage>
<hand_right type_id="opencv-matrix">
  <rows>21</rows>
  <cols>3</cols>
  <dt>f</dt>
  <data>
    -8.29493365e-06 -7.66757330e-06 3.65417463e-06 5.90595543e-01
    -3.87622565e-01 7.08429694e-01 1.33830881e+00 -6.56152427e-01
    -2.33966857e-02 1.73434758e+00 -5.65185308e-01 -8.24602187e-01
    1.95848680e+00 -5.56452513e-01 -1.44958186e+00 5.91557860e-01
    -5.99503577e-01 -1.14945590e+00 1.03340769e+00 -4.28271294e-01
    -1.90864015e+00 1.48678553e+00 -2.11692154e-01 -2.03069282e+00
    1.81654501e+00 -5.03006279e-02 -2.08389688e+00 2.32565865e-01
    -8.25938582e-02 -1.29682481e+00 7.49499738e-01 1.81264877e-01
    -1.95287573e+00 1.14990592e+00 4.25329924e-01 -1.86839342e+00
    1.43016911e+00 5.54644763e-01 -1.73808813e+00 -3.42505053e-03
    3.91929239e-01 -1.18435180e+00 4.69620109e-01 7.03160882e-01
    -1.68458295e+00 8.39780092e-01 9.16386485e-01 -1.52462375e+00
    1.05509853e+00 1.00899076e+00 -1.31086504e+00 -1.82283446e-01
    9.54528451e-01 -9.08484161e-01 3.18086445e-01 1.32918322e+00
    -1.42432547e+00 5.80284178e-01 1.48903036e+00 -1.34388840e+00
    7.87649751e-01 1.60239768e+00 -1.26402533e+00</data></hand_right>
</opencv_storage>
