<?xml version="1.0"?>
<opencv_storage>
<hand_right type_id="opencv-matrix">
  <rows>21</rows>
  <cols>3</cols>
  <dt>f</dt>
  <data>
    -8.29887813e-06 -7.67334768e-06 3.66705967e-06 5.91388464e-01
    -3.87367278e-01 7.08144069e-01 1.33855283e+00 -6.56040490e-01
    -2.44088024e-02 1.73379326e+00 -5.65069914e-01 -8.26012194e-01
    1.95750380e+00 -5.56579351e-01 -1.45137405e+00 5.90753078e-01
    -5.99802673e-01 -1.14989233e+00 1.03230286e+00 -4.28408861e-01
    -1.90906262e+00 1.48563933e+00 -2.11607635e-01 -2.03046656e+00
    1.81520295e+00 -5.01839817e-02 -2.08300018e+00 2.31578439e-01
    -8.29017833e-02 -1.29713035e+00 7.48352826e-01 1.81120470e-01
    -1.95323396e+00 1.14893103e+00 4.25314158e-01 -1.86790276e+00
    1.42923510e+00 5.54645538e-01 -1.73657203e+00 -4.32693958e-03
    3.91676009e-01 -1.18454540e+00 4.68536973e-01 7.02931345e-01
    -1.68499970e+00 8.39010358e-01 9.16236043e-01 -1.52446723e+00
    1.05451500e+00 1.00881481e+00 -1.30981779e+00 -1.82930961e-01
    9.54447150e-01 -9.08683598e-01 3.17272723e-01 1.32891870e+00
    -1.42488909e+00 5.79573095e-01 1.48880076e+00 -1.34445941e+00
    7.87011683e-01 1.60215640e+00 -1.26447988e+00</data></hand_right>
</opencv_storage>
