<?xml version="1.0"?>
<opencv_storage>
<hand_right type_id="opencv-matrix">
  <rows>21</rows>
  <cols>3</cols>
  <dt>f</dt>
  <data>
    -8.29073360e-06 -7.67270012e-06 3.65467736e-06 5.91166079e-01
    -3.87906730e-01 7.07791686e-01 1.33845866e+00 -6.55737996e-01
    -2.47154981e-02 1.73392045e+00 -5.64117372e-01 -8.26132596e-01
    1.95763457e+00 -5.54900289e-01 -1.45125735e+00 5.90972483e-01
    -5.98597586e-01 -1.15021873e+00 1.03227592e+00 -4.26742166e-01
    -1.90956616e+00 1.48556209e+00 -2.09926397e-01 -2.03177094e+00
    1.81528425e+00 -4.83729839e-02 -2.08507442e+00 2.31740132e-01
    -8.16948935e-02 -1.29701126e+00 7.48160779e-01 1.82723314e-01
    -1.95324624e+00 1.14859676e+00 4.26864266e-01 -1.86890888e+00
    1.42897308e+00 5.56206405e-01 -1.73873234e+00 -4.30848822e-03
    3.92687142e-01 -1.18408847e+00 4.68330741e-01 7.04371512e-01
    -1.68440926e+00 8.38546872e-01 9.17601943e-01 -1.52456808e+00
    1.05400932e+00 1.01015174e+00 -1.31090117e+00 -1.83141679e-01
    9.55049574e-01 -9.07747805e-01 3.16806406e-01 1.33017862e+00
    -1.42365301e+00 5.79031944e-01 1.49004471e+00 -1.34327900e+00
    7.86439598e-01 1.60341990e+00 -1.26343966e+00</data></hand_right>
</opencv_storage>
