<?xml version="1.0"?>
<opencv_storage>
<hand_left type_id="opencv-matrix">
  <rows>21</rows>
  <cols>3</cols>
  <dt>f</dt>
  <data>
    -8.29143482e-06 -7.67474012e-06 3.66370818e-06 5.91503859e-01
    -3.87543678e-01 7.07869828e-01 1.33872426e+00 -6.55559123e-01
    -2.47854888e-02 1.73401642e+00 -5.64151525e-01 -8.26302171e-01
    1.95763624e+00 -5.55199623e-01 -1.45158839e+00 5.90833187e-01
    -5.99011302e-01 -1.15020621e+00 1.03205705e+00 -4.27247465e-01
    -1.90953195e+00 1.48508096e+00 -2.10424244e-01 -2.03128409e+00
    1.81443226e+00 -4.90016341e-02 -2.08419466e+00 2.31483579e-01
    -8.21682960e-02 -1.29715657e+00 7.47865319e-01 1.82210937e-01
    -1.95335793e+00 1.14811981e+00 4.26360816e-01 -1.86846268e+00
    1.42815387e+00 5.55585980e-01 -1.73770821e+00 -4.58000228e-03
    3.92263651e-01 -1.18431330e+00 4.67894584e-01 7.03837752e-01
    -1.68487144e+00 8.38132560e-01 9.17130589e-01 -1.52474177e+00
    1.05350924e+00 1.00963771e+00 -1.31068873e+00 -1.83372840e-01
    9.54808474e-01 -9.08131421e-01 3.16430330e-01 1.32969213e+00
    -1.42434847e+00 5.78594863e-01 1.48960710e+00 -1.34404874e+00
    7.85934448e-01 1.60301733e+00 -1.26433730e+00</data></hand_left>
</opencv_storage>
