<?xml version="1.0"?>
<opencv_storage>
<hand_left type_id="opencv-matrix">
  <rows>21</rows>
  <cols>3</cols>
  <dt>f</dt>
  <data>
    -8.29407145e-06 -7.67150959e-06 3.66406357e-06 5.91199338e-01
    -3.87282014e-01 7.08225071e-01 1.33854544e+00 -6.55833840e-01
    -2.40512341e-02 1.73405612e+00 -5.64910531e-01 -8.25489998e-01
    1.95786238e+00 -5.56340098e-01 -1.45068550e+00 5.91017723e-01
    -5.99734247e-01 -1.14969003e+00 1.03252339e+00 -4.28466856e-01
    -1.90895736e+00 1.48570085e+00 -2.11768478e-01 -2.03070593e+00
    1.81518960e+00 -5.03925383e-02 -2.08359909e+00 2.31820747e-01
    -8.29139650e-02 -1.29700959e+00 7.48464346e-01 1.81006849e-01
    -1.95320415e+00 1.14882338e+00 4.25157577e-01 -1.86836815e+00
    1.42893696e+00 5.54452538e-01 -1.73762321e+00 -4.17904183e-03
    3.91614735e-01 -1.18449950e+00 4.68547583e-01 7.02835023e-01
    -1.68504298e+00 8.38814616e-01 9.16153312e-01 -1.52491581e+00
    1.05416548e+00 1.00875926e+00 -1.31083500e+00 -1.82942137e-01
    9.54320729e-01 -9.08681154e-01 3.17107797e-01 1.32885575e+00
    -1.42490590e+00 5.79307616e-01 1.48876333e+00 -1.34459364e+00
    7.86657214e-01 1.60216117e+00 -1.26483822e+00</data></hand_left>
</opencv_storage>
