<?xml version="1.0"?>
<opencv_storage>
<hand_right type_id="opencv-matrix">
  <rows>21</rows>
  <cols>3</cols>
  <dt>f</dt>
  <data>
    -8.29782675e-06 -7.67115125e-06 3.65285177e-06 5.90857148e-01
    -3.88222039e-01 7.07971215e-01 1.33829260e+00 -6.56316340e-01
    -2.43780464e-02 1.73401964e+00 -5.64736068e-01 -8.25662613e-01
    1.95797777e+00 -5.55587769e-01 -1.45080185e+00 5.91103315e-01
    -5.98746777e-01 -1.15014803e+00 1.03286934e+00 -4.26861167e-01
    -1.90916419e+00 1.48630214e+00 -2.10141629e-01 -2.03077817e+00
    1.81603277e+00 -4.87237275e-02 -2.08357859e+00 2.32125670e-01
    -8.16584155e-02 -1.29701376e+00 7.49042273e-01 1.82742909e-01
    -1.95286334e+00 1.14960504e+00 4.26741302e-01 -1.86785269e+00
    1.42996240e+00 5.55937588e-01 -1.73702455e+00 -3.74774635e-03
    3.92829120e-01 -1.18408954e+00 4.69271839e-01 7.04414487e-01
    -1.68415439e+00 8.39639246e-01 9.17495847e-01 -1.52381730e+00
    1.05511999e+00 1.00991035e+00 -1.30963457e+00 -1.82403654e-01
    9.55285907e-01 -9.07746196e-01 3.17950815e-01 1.33022618e+00
    -1.42343557e+00 5.80244660e-01 1.48999071e+00 -1.34290826e+00
    7.87697792e-01 1.60326648e+00 -1.26291871e+00</data></hand_right>
</opencv_storage>
