<?xml version="1.0"?>
<opencv_storage>
<hand_right type_id="opencv-matrix">
  <rows>21</rows>
  <cols>3</cols>
  <dt>f</dt>
  <data>
    -8.29078272e-06 -7.67507390e-06 3.67365192e-06 5.91854036e-01
    -3.86774361e-01 7.08024383e-01 1.33888817e+00 -6.55272841e-01
    -2.46538669e-02 1.73381102e+00 -5.64435363e-01 -8.26410532e-01
    1.95724511e+00 -5.56042194e-01 -1.45178461e+00 5.90681791e-01
    -5.99786341e-01 -1.14990067e+00 1.03169441e+00 -4.28467751e-01
    -1.90943182e+00 1.48467731e+00 -2.11560071e-01 -2.03134203e+00
    1.81402409e+00 -5.00588715e-02 -2.08437777e+00 2.31131181e-01
    -8.31695721e-02 -1.29717374e+00 7.47382402e-01 1.80904821e-01
    -1.95361614e+00 1.14763522e+00 4.25284147e-01 -1.86873293e+00
    1.42774367e+00 5.54747283e-01 -1.73783624e+00 -5.03633544e-03
    3.91283780e-01 -1.18465638e+00 4.67349887e-01 7.02648520e-01
    -1.68544006e+00 8.37589860e-01 9.16187465e-01 -1.52528846e+00
    1.05297589e+00 1.00890899e+00 -1.31099081e+00 -1.83907777e-01
    9.54006076e-01 -9.08892155e-01 3.15761924e-01 1.32863688e+00
    -1.42539859e+00 5.77884316e-01 1.48866832e+00 -1.34515584e+00
    7.85190463e-01 1.60217762e+00 -1.26543283e+00</data></hand_right>
</opencv_storage>
