<?xml version="1.0"?>
<opencv_storage>
<hand_right type_id="opencv-matrix">
  <rows>21</rows>
  <cols>3</cols>
  <dt>f</dt>
  <data>
    -8.29017699e-06 -7.67739220e-06 3.66063614e-06 5.91718912e-01
    -3.87864172e-01 7.07487583e-01 1.33872604e+00 -6.55464888e-01
    -2.54945904e-02 1.73373938e+00 -5.63596606e-01 -8.27098846e-01
    1.95716858e+00 -5.54300070e-01 -1.45242798e+00 5.90542674e-01
    -5.98361194e-01 -1.15068066e+00 1.03161955e+00 -4.26142454e-01
    -1.91001105e+00 1.48476267e+00 -2.09140658e-01 -2.03175855e+00
    1.81425500e+00 -4.75618243e-02 -2.08460903e+00 2.31107369e-01
    -8.14822912e-02 -1.29724526e+00 7.47355342e-01 1.83305904e-01
    -1.95345283e+00 1.14776123e+00 4.27523375e-01 -1.86854720e+00
    1.42799532e+00 5.56813061e-01 -1.73773861e+00 -4.97130677e-03
    3.92864406e-01 -1.18410718e+00 4.67464685e-01 7.04783082e-01
    -1.68453372e+00 8.37764621e-01 9.18053269e-01 -1.52431154e+00
    1.05319750e+00 1.01049435e+00 -1.31013942e+00 -1.83748335e-01
    9.55229402e-01 -9.07594919e-01 3.15962970e-01 1.33049917e+00
    -1.42365801e+00 5.78170061e-01 1.49039853e+00 -1.34325218e+00
    7.85523176e-01 1.60374832e+00 -1.26339555e+00</data></hand_right>
</opencv_storage>
