<?xml version="1.0"?>
<opencv_storage>
<hand_left type_id="opencv-matrix">
  <rows>21</rows>
  <cols>3</cols>
  <dt>f</dt>
  <data>
    -8.29430701e-06 -7.66957237e-06 3.65671076e-06 5.90818167e-01
    -3.87533039e-01 7.08327174e-01 1.33843029e+00 -6.55953884e-01
    -2.36700177e-02 1.73429275e+00 -5.64907551e-01 -8.24937761e-01
    1.95832455e+00 -5.56148767e-01 -1.44998753e+00 5.91403484e-01
    -5.99456251e-01 -1.14957833e+00 1.03311682e+00 -4.28130358e-01
    -1.90878212e+00 1.48641896e+00 -2.11478233e-01 -2.03074622e+00
    1.81608176e+00 -5.00620008e-02 -2.08386421e+00 2.32316434e-01
    -8.25846121e-02 -1.29688597e+00 7.49117851e-01 1.81362674e-01
    -1.95298350e+00 1.14950705e+00 4.25472736e-01 -1.86842251e+00
    1.42973888e+00 5.54797649e-01 -1.73801339e+00 -3.70098650e-03
    3.91918004e-01 -1.18436313e+00 4.69199121e-01 7.03199983e-01
    -1.68469393e+00 8.39399517e-01 9.16471243e-01 -1.52471662e+00
    1.05476594e+00 1.00909424e+00 -1.31090057e+00 -1.82554618e-01
    9.54518020e-01 -9.08467472e-01 3.17674786e-01 1.32919610e+00
    -1.42442822e+00 5.79883695e-01 1.48907912e+00 -1.34405422e+00
    7.87265480e-01 1.60247481e+00 -1.26423311e+00</data></hand_left>
</opencv_storage>
