<?xml version="1.0"?>
<opencv_storage>
<hand_left type_id="opencv-matrix">
  <rows>21</rows>
  <cols>3</cols>
  <dt>f</dt>
  <data>
    -8.29485361e-06 -7.67536585e-06 3.64917150e-06 5.91107726e-01
    -3.88578355e-01 7.07555473e-01 1.33840632e+00 -6.56030178e-01
    -2.51517743e-02 1.73391891e+00 -5.63840866e-01 -8.26480865e-01
    1.95770514e+00 -5.54226816e-01 -1.45165122e+00 5.90910137e-01
    -5.97881198e-01 -1.15069258e+00 1.03244138e+00 -4.25434411e-01
    -1.90974045e+00 1.48583508e+00 -2.08545744e-01 -2.03137279e+00
    1.81555676e+00 -4.70094681e-02 -2.08415318e+00 2.31792107e-01
    -8.07663947e-02 -1.29712474e+00 7.48440981e-01 1.84130386e-01
    -1.95300484e+00 1.14900327e+00 4.28156912e-01 -1.86808157e+00
    1.42938566e+00 5.57336152e-01 -1.73737264e+00 -4.14744020e-03
    3.93601716e-01 -1.18383288e+00 4.68663454e-01 7.05597103e-01
    -1.68385386e+00 8.39021087e-01 9.18650627e-01 -1.52356005e+00
    1.05450845e+00 1.01096952e+00 -1.30947423e+00 -1.82847276e-01
    9.55840111e-01 -9.07076538e-01 3.17274392e-01 1.33123565e+00
    -1.42269027e+00 5.79570055e-01 1.49100769e+00 -1.34212995e+00
    7.87015378e-01 1.60426378e+00 -1.26212549e+00</data></hand_left>
</opencv_storage>
