<?xml version="1.0"?>
<opencv_storage>
<hand_left type_id="opencv-matrix">
  <rows>21</rows>
  <cols>3</cols>
  <dt>f</dt>
  <data>
    -8.29409146e-06 -7.67049823e-06 3.66042968e-06 5.91124415e-01
    -3.87523949e-01 7.08104789e-01 1.33844376e+00 -6.55931592e-01
    -2.42367238e-02 1.73392653e+00 -5.64825535e-01 -8.25701594e-01
    1.95771217e+00 -5.56064487e-01 -1.45087993e+00 5.91025770e-01
    -5.99374175e-01 -1.14984095e+00 1.03249788e+00 -4.27931637e-01
    -1.90914118e+00 1.48580956e+00 -2.11182743e-01 -2.03117466e+00
    1.81550384e+00 -4.97052073e-02 -2.08434105e+00 2.31852695e-01
    -8.25124830e-02 -1.29698956e+00 7.48514712e-01 1.81562409e-01
    -1.95316565e+00 1.14899111e+00 4.25738335e-01 -1.86849248e+00
    1.42935085e+00 5.55120111e-01 -1.73791456e+00 -4.14770097e-03
    3.91972780e-01 -1.18436027e+00 4.68661845e-01 7.03347802e-01
    -1.68473434e+00 8.38959217e-01 9.16644871e-01 -1.52467036e+00
    1.05445361e+00 1.00928342e+00 -1.31066775e+00 -1.82925314e-01
    9.54554021e-01 -9.08375859e-01 3.17198634e-01 1.32928467e+00
    -1.42439759e+00 5.79433680e-01 1.48916686e+00 -1.34403348e+00
    7.86857426e-01 1.60256290e+00 -1.26417232e+00</data></hand_left>
</opencv_storage>
