<?xml version="1.0"?>
<opencv_storage>
<hand_left type_id="opencv-matrix">
  <rows>21</rows>
  <cols>3</cols>
  <dt>f</dt>
  <data>
    -8.29946111e-06 -7.66996345e-06 3.66040695e-06 5.90890467e-01
    -3.87720346e-01 7.08262503e-01 1.33831513e+00 -6.56367660e-01
    -2.39192396e-02 1.73401284e+00 -5.65347672e-01 -8.25253308e-01
    1.95800269e+00 -5.56729078e-01 -1.45042944e+00 5.91146469e-01
    -5.99527299e-01 -1.14974475e+00 1.03296518e+00 -4.28092480e-01
    -1.90875959e+00 1.48631310e+00 -2.11447448e-01 -2.03023577e+00
    1.81589603e+00 -5.01371622e-02 -2.08291054e+00 2.32163280e-01
    -8.25360194e-02 -1.29698503e+00 7.49167919e-01 1.81498781e-01
    -1.95286739e+00 1.14964581e+00 4.25529540e-01 -1.86763632e+00
    1.42986023e+00 5.54737091e-01 -1.73655272e+00 -3.70720401e-03
    3.92031252e-01 -1.18437445e+00 4.69338089e-01 7.03306437e-01
    -1.68459344e+00 8.39700341e-01 9.16476250e-01 -1.52412796e+00
    1.05510044e+00 1.00896430e+00 -1.30970669e+00 -1.82356581e-01
    9.54700470e-01 -9.08409119e-01 3.18031251e-01 1.32925200e+00
    -1.42430818e+00 5.80276608e-01 1.48905861e+00 -1.34382558e+00
    7.87692010e-01 1.60238791e+00 -1.26389277e+00</data></hand_left>
</opencv_storage>
