<?xml version="1.0"?>
<opencv_storage>
<hand_left type_id="opencv-matrix">
  <rows>21</rows>
  <cols>3</cols>
  <dt>f</dt>
  <data>
    -8.29370128e-06 -7.67195252e-06 3.65699225e-06 5.91092825e-01
    -3.87774408e-01 7.08004296e-01 1.33848453e+00 -6.55913651e-01
    -2.43482292e-02 1.73406243e+00 -5.64534426e-01 -8.25732350e-01
    1.95788717e+00 -5.55537581e-01 -1.45088482e+00 5.91077983e-01
    -5.98997355e-01 -1.15002966e+00 1.03262854e+00 -4.27295864e-01
    -1.90923989e+00 1.48593640e+00 -2.10518003e-01 -2.03107548e+00
    1.81559122e+00 -4.90434766e-02 -2.08404541e+00 2.31908843e-01
    -8.20788443e-02 -1.29702735e+00 7.48588800e-01 1.82215840e-01
    -1.95311201e+00 1.14903939e+00 4.26349223e-01 -1.86835003e+00
    1.42931640e+00 5.55653393e-01 -1.73771524e+00 -4.09987941e-03
    3.92376661e-01 -1.18424249e+00 4.68717724e-01 7.03920007e-01
    -1.68453658e+00 8.38981748e-01 9.17158842e-01 -1.52439189e+00
    1.05437779e+00 1.00968289e+00 -1.31036222e+00 -1.82894617e-01
    9.54879105e-01 -9.08075333e-01 3.17217052e-01 1.32980275e+00
    -1.42400146e+00 5.79441905e-01 1.48966658e+00 -1.34356618e+00
    7.86818266e-01 1.60301507e+00 -1.26368093e+00</data></hand_left>
</opencv_storage>
