<?xml version="1.0"?>
<opencv_storage>
<hand_left type_id="opencv-matrix">
  <rows>21</rows>
  <cols>3</cols>
  <dt>f</dt>
  <data>
    -8.29717828e-06 -7.66883568e-06 3.64925882e-06 5.90502858e-01
    -3.88230860e-01 7.08197832e-01 1.33820748e+00 -6.56407595e-01
    -2.37754434e-02 1.73432422e+00 -5.64963937e-01 -8.24874520e-01
    1.95851290e+00 -5.55863857e-01 -1.44984508e+00 5.91495156e-01
    -5.98834991e-01 -1.14985240e+00 1.03345180e+00 -4.27130342e-01
    -1.90884101e+00 1.48683619e+00 -2.10555315e-01 -2.03057861e+00
    1.81655049e+00 -4.92300689e-02 -2.08353019e+00 2.32611701e-01
    -8.17470178e-02 -1.29689145e+00 7.49656558e-01 1.82487801e-01
    -1.95268393e+00 1.15007639e+00 4.26398456e-01 -1.86788166e+00
    1.43027532e+00 5.55524468e-01 -1.73735690e+00 -3.28502059e-03
    3.92750561e-01 -1.18409050e+00 4.69825387e-01 7.04228520e-01
    -1.68410826e+00 8.40040684e-01 9.17268693e-01 -1.52392542e+00
    1.05534256e+00 1.00965917e+00 -1.31003618e+00 -1.82035282e-01
    9.55211580e-01 -9.07842636e-01 3.18407267e-01 1.33009923e+00
    -1.42344427e+00 5.80626786e-01 1.48984385e+00 -1.34291017e+00
    7.88003981e-01 1.60311329e+00 -1.26301396e+00</data></hand_left>
</opencv_storage>
