<?xml version="1.0"?>
<opencv_storage>
<hand_right type_id="opencv-matrix">
  <rows>21</rows>
  <cols>3</cols>
  <dt>f</dt>
  <data>
    -8.30253521e-06 -7.67249821e-06 3.65508254e-06 5.90856373e-01
    -3.87873828e-01 7.08273172e-01 1.33839822e+00 -6.56356514e-01
    -2.39553005e-02 1.73411775e+00 -5.65091968e-01 -8.25342655e-01
    1.95818186e+00 -5.56307852e-01 -1.45055461e+00 5.91288686e-01
    -5.99321365e-01 -1.14985704e+00 1.03331280e+00 -4.27679807e-01
    -1.90878963e+00 1.48699331e+00 -2.10853189e-01 -2.03019977e+00
    1.81691849e+00 -4.93136346e-02 -2.08274722e+00 2.32303917e-01
    -8.22800472e-02 -1.29701734e+00 7.49481559e-01 1.81912288e-01
    -1.95284116e+00 1.15027523e+00 4.26089346e-01 -1.86757314e+00
    1.43086946e+00 5.55497766e-01 -1.73636007e+00 -3.58750299e-03
    3.92281622e-01 -1.18434298e+00 4.69682515e-01 7.03706741e-01
    -1.68435335e+00 8.40197682e-01 9.16946769e-01 -1.52375722e+00
    1.05579901e+00 1.00952625e+00 -1.30911398e+00 -1.82265356e-01
    9.54909742e-01 -9.08309221e-01 3.18342566e-01 1.32963502e+00
    -1.42404413e+00 5.80723941e-01 1.48948193e+00 -1.34341502e+00
    7.88257360e-01 1.60280895e+00 -1.26319087e+00</data></hand_right>
</opencv_storage>
