<?xml version="1.0"?>
<opencv_storage>
<hand_left type_id="opencv-matrix">
  <rows>21</rows>
  <cols>3</cols>
  <dt>f</dt>
  <data>
    -8.28247903e-06 -7.67943129e-06 3.66622953e-06 5.92241526e-01
    -3.87464195e-01 7.07275510e-01 1.33911705e+00 -6.54727578e-01
    -2.59910226e-02 1.73381591e+00 -5.62823176e-01 -8.27767909e-01
    1.95697939e+00 -5.53530037e-01 -1.45316064e+00 5.90413392e-01
    -5.98116696e-01 -1.15087652e+00 1.03088701e+00 -4.25828576e-01
    -1.91055799e+00 1.48361015e+00 -2.08740979e-01 -2.03281260e+00
    1.81279922e+00 -4.71347272e-02 -2.08617926e+00 2.30613574e-01
    -8.14548060e-02 -1.29735374e+00 7.46285915e-01 1.83493137e-01
    -1.95386636e+00 1.14633465e+00 4.27826196e-01 -1.86934972e+00
    1.42633724e+00 5.57149410e-01 -1.73899519e+00 -5.69121912e-03
    3.92766684e-01 -1.18414032e+00 4.66164589e-01 7.04846859e-01
    -1.68492496e+00 8.36311042e-01 9.18307364e-01 -1.52511871e+00
    1.05173957e+00 1.01084602e+00 -1.31136024e+00 -1.84670478e-01
    9.55059171e-01 -9.07588720e-01 3.14463437e-01 1.33050513e+00
    -1.42401576e+00 5.76521754e-01 1.49055600e+00 -1.34386468e+00
    7.83821285e-01 1.60407543e+00 -1.26434445e+00</data></hand_left>
</opencv_storage>
