<?xml version="1.0"?>
<opencv_storage>
<hand_right type_id="opencv-matrix">
  <rows>21</rows>
  <cols>3</cols>
  <dt>f</dt>
  <data>
    -8.29123383e-06 -7.67552592e-06 3.66056065e-06 5.91534793e-01
    -3.87605548e-01 7.07763553e-01 1.33871555e+00 -6.55475974e-01
    -2.49541104e-02 1.73390746e+00 -5.63920617e-01 -8.26522470e-01
    1.95749044e+00 -5.54842174e-01 -1.45180416e+00 5.90805650e-01
    -5.98780334e-01 -1.15030181e+00 1.03197718e+00 -4.26890969e-01
    -1.90967500e+00 1.48519778e+00 -2.09936529e-01 -2.03169703e+00
    1.81481409e+00 -4.83246744e-02 -2.08481264e+00 2.31412202e-01
    -8.19590464e-02 -1.29713345e+00 7.47734785e-01 1.82520002e-01
    -1.95342493e+00 1.14820051e+00 4.26799715e-01 -1.86881292e+00
    1.42859149e+00 5.56235969e-01 -1.73827541e+00 -4.69137728e-03
    3.92424464e-01 -1.18423498e+00 4.67805684e-01 7.04121888e-01
    -1.68471980e+00 8.38146567e-01 9.17503953e-01 -1.52474666e+00
    1.05374825e+00 1.01015997e+00 -1.31079006e+00 -1.83532745e-01
    9.54873204e-01 -9.07977521e-01 3.16270202e-01 1.32993591e+00
    -1.42412579e+00 5.78524649e-01 1.48990154e+00 -1.34383988e+00
    7.85989344e-01 1.60336125e+00 -1.26402533e+00</data></hand_right>
</opencv_storage>
