<?xml version="1.0"?>
<opencv_storage>
<hand_right type_id="opencv-matrix">
  <rows>21</rows>
  <cols>3</cols>
  <dt>f</dt>
  <data>
    -8.29279725e-06 -7.67546044e-06 3.65630717e-06 5.91432810e-01
    -3.88079226e-01 7.07581282e-01 1.33857417e+00 -6.55735373e-01
    -2.52465159e-02 1.73380470e+00 -5.63845754e-01 -8.26752543e-01
    1.95740616e+00 -5.54493785e-01 -1.45202601e+00 5.90719759e-01
    -5.98308623e-01 -1.15058672e+00 1.03199768e+00 -4.26094592e-01
    -1.90982115e+00 1.48529100e+00 -2.09139347e-01 -2.03164983e+00
    1.81494784e+00 -4.75505888e-02 -2.08460522e+00 2.31431141e-01
    -8.13504308e-02 -1.29716754e+00 7.47884393e-01 1.83392420e-01
    -1.95325696e+00 1.14842176e+00 4.27570403e-01 -1.86841035e+00
    1.42882860e+00 5.56888342e-01 -1.73768735e+00 -4.58667055e-03
    3.93018425e-01 -1.18403327e+00 4.68034029e-01 7.04896510e-01
    -1.68430793e+00 8.38425934e-01 9.18126941e-01 -1.52412772e+00
    1.05401504e+00 1.01061654e+00 -1.31002975e+00 -1.83331937e-01
    9.55356479e-01 -9.07500863e-01 3.16583574e-01 1.33060074e+00
    -1.42341053e+00 5.78867316e-01 1.49047124e+00 -1.34300315e+00
    7.86332488e-01 1.60382712e+00 -1.26310265e+00</data></hand_right>
</opencv_storage>
