<?xml version="1.0"?>
<opencv_storage>
<hand_right type_id="opencv-matrix">
  <rows>21</rows>
  <cols>3</cols>
  <dt>f</dt>
  <data>
    -8.29654073e-06 -7.67202619e-06 3.66072300e-06 5.91157079e-01
    -3.87440324e-01 7.08202422e-01 1.33856928e+00 -6.55893922e-01
    -2.41091847e-02 1.73408103e+00 -5.64797342e-01 -8.25579226e-01
    1.95795178e+00 -5.56114316e-01 -1.45081615e+00 5.91151655e-01
    -5.99451423e-01 -1.14980459e+00 1.03280103e+00 -4.27940011e-01
    -1.90896463e+00 1.48620629e+00 -2.11083353e-01 -2.03072667e+00
    1.81592751e+00 -4.95400429e-02 -2.08361959e+00 2.31951162e-01
    -8.26025084e-02 -1.29702485e+00 7.48778462e-01 1.81536615e-01
    -1.95308006e+00 1.14936340e+00 4.25808489e-01 -1.86809647e+00
    1.42979228e+00 5.55268764e-01 -1.73715723e+00 -4.07632813e-03
    3.91895771e-01 -1.18442988e+00 4.68835652e-01 7.03296304e-01
    -1.68474519e+00 8.39252651e-01 9.16682124e-01 -1.52445769e+00
    1.05483794e+00 1.00938010e+00 -1.31013048e+00 -1.82884082e-01
    9.54524636e-01 -9.08506751e-01 3.17332506e-01 1.32923806e+00
    -1.42453921e+00 5.79619050e-01 1.48918331e+00 -1.34414029e+00
    7.87099481e-01 1.60261214e+00 -1.26418710e+00</data></hand_right>
</opencv_storage>
