<?xml version="1.0"?>
<opencv_storage>
<hand_left type_id="opencv-matrix">
  <rows>21</rows>
  <cols>3</cols>
  <dt>f</dt>
  <data>
    -8.29576402e-06 -7.67152596e-06 3.67217353e-06 5.91417193e-01
    -3.86955142e-01 7.08301127e-01 1.33859742e+00 -6.55860186e-01
    -2.40835100e-02 1.73387408e+00 -5.65247297e-01 -8.25651050e-01
    1.95756674e+00 -5.57005882e-01 -1.45097244e+00 5.90801477e-01
    -6.00253940e-01 -1.14958811e+00 1.03224552e+00 -4.29196805e-01
    -1.90886080e+00 1.48534858e+00 -2.12499201e-01 -2.03036833e+00
    1.81468749e+00 -5.11884987e-02 -2.08302951e+00 2.31566653e-01
    -8.34808052e-02 -1.29707229e+00 7.48216987e-01 1.80272534e-01
    -1.95330060e+00 1.14856529e+00 4.24455702e-01 -1.86811161e+00
    1.42858827e+00 5.53738236e-01 -1.73694623e+00 -4.39595804e-03
    3.91110092e-01 -1.18470275e+00 4.68301982e-01 7.02154577e-01
    -1.68539464e+00 8.38631153e-01 9.15514469e-01 -1.52504218e+00
    1.05396748e+00 1.00813341e+00 -1.31061137e+00 -1.83073863e-01
    9.53978360e-01 -9.09086645e-01 3.16950798e-01 1.32823956e+00
    -1.42551911e+00 5.79147398e-01 1.48815823e+00 -1.34523809e+00
    7.86479056e-01 1.60156322e+00 -1.26548171e+00</data></hand_left>
</opencv_storage>
