<?xml version="1.0"?>
<opencv_storage>
<hand_right type_id="opencv-matrix">
  <rows>21</rows>
  <cols>3</cols>
  <dt>f</dt>
  <data>
    -8.29336750e-06 -7.67131769e-06 3.65774895e-06 5.91046870e-01
    -3.87603581e-01 7.08110809e-01 1.33848953e+00 -6.55850291e-01
    -2.41322070e-02 1.73412371e+00 -5.64627767e-01 -8.25483561e-01
    1.95800984e+00 -5.55758834e-01 -1.45060205e+00 5.91162443e-01
    -5.99200010e-01 -1.14984119e+00 1.03270090e+00 -4.27663147e-01
    -1.90907633e+00 1.48596692e+00 -2.10921764e-01 -2.03104234e+00
    1.81560254e+00 -4.94589508e-02 -2.08415055e+00 2.31992036e-01
    -8.23339373e-02 -1.29696655e+00 7.48653412e-01 1.81810975e-01
    -1.95309484e+00 1.14907300e+00 4.25961196e-01 -1.86847365e+00
    1.42934954e+00 5.55303812e-01 -1.73798776e+00 -4.03552502e-03
    3.92128050e-01 -1.18429554e+00 4.68737364e-01 7.03555346e-01
    -1.68466234e+00 8.39008927e-01 9.16846812e-01 -1.52466607e+00
    1.05446255e+00 1.00946617e+00 -1.31078362e+00 -1.82863131e-01
    9.54667628e-01 -9.08256173e-01 3.17223549e-01 1.32947564e+00
    -1.42426431e+00 5.79452515e-01 1.48937452e+00 -1.34392643e+00
    7.86868215e-01 1.60278249e+00 -1.26412642e+00</data></hand_right>
</opencv_storage>
