<?xml version="1.0"?>
<opencv_storage>
<hand_left type_id="opencv-matrix">
  <rows>21</rows>
  <cols>3</cols>
  <dt>f</dt>
  <data>
    -8.29402416e-06 -7.67352321e-06 3.65665801e-06 5.91258883e-01
    -3.88019562e-01 7.07736790e-01 1.33843875e+00 -6.55943155e-01
    -2.49357373e-02 1.73375845e+00 -5.64272285e-01 -8.26422930e-01
    1.95742798e+00 -5.55093408e-01 -1.45165515e+00 5.90822339e-01
    -5.98585486e-01 -1.15037441e+00 1.03221869e+00 -4.26583529e-01
    -1.90958500e+00 1.48556185e+00 -2.09708959e-01 -2.03143287e+00
    1.81526875e+00 -4.81719375e-02 -2.08441567e+00 2.31623203e-01
    -8.16161409e-02 -1.29710197e+00 7.48224020e-01 1.82941824e-01
    -1.95315218e+00 1.14876246e+00 4.27083731e-01 -1.86826754e+00
    1.42916083e+00 5.56390464e-01 -1.73751640e+00 -4.35514003e-03
    3.92795861e-01 -1.18410122e+00 4.68418449e-01 7.04538643e-01
    -1.68430495e+00 8.38770270e-01 9.17732060e-01 -1.52405250e+00
    1.05428767e+00 1.01021135e+00 -1.30988622e+00 -1.83081046e-01
    9.55193996e-01 -9.07696962e-01 3.16989899e-01 1.33029294e+00
    -1.42352903e+00 5.79251647e-01 1.49012434e+00 -1.34305274e+00
    7.86682546e-01 1.60345054e+00 -1.26309323e+00</data></hand_left>
</opencv_storage>
