<?xml version="1.0"?>
<opencv_storage>
<hand_left type_id="opencv-matrix">
  <rows>21</rows>
  <cols>3</cols>
  <dt>f</dt>
  <data>
    -8.29083729e-06 -7.67111487e-06 3.66346421e-06 5.91278076e-01
    -3.87106121e-01 7.08177984e-01 1.33858752e+00 -6.55581117e-01
    -2.41209418e-02 1.73397732e+00 -5.64680934e-01 -8.25648546e-01
    1.95769048e+00 -5.56082368e-01 -1.45082116e+00 5.91037989e-01
    -5.99668026e-01 -1.14965844e+00 1.03234839e+00 -4.28449571e-01
    -1.90911901e+00 1.48557889e+00 -2.11664110e-01 -2.03137898e+00
    1.81523752e+00 -5.01286387e-02 -2.08471537e+00 2.31723011e-01
    -8.29570740e-02 -1.29696417e+00 7.48187184e-01 1.80949807e-01
    -1.95336390e+00 1.14859498e+00 4.25243199e-01 -1.86898780e+00
    1.42892480e+00 5.54738283e-01 -1.73865390e+00 -4.38482687e-03
    3.91509145e-01 -1.18449831e+00 4.68255103e-01 7.02790380e-01
    -1.68508255e+00 8.38483334e-01 9.16230381e-01 -1.52525187e+00
    1.05394495e+00 1.00900149e+00 -1.31144691e+00 -1.83278471e-01
    9.54144299e-01 -9.08711553e-01 3.16660464e-01 1.32880700e+00
    -1.42495620e+00 5.78862786e-01 1.48878169e+00 -1.34469950e+00
    7.86252081e-01 1.60225463e+00 -1.26492751e+00</data></hand_left>
</opencv_storage>
