<?xml version="1.0"?>
<opencv_storage>
<hand_left type_id="opencv-matrix">
  <rows>21</rows>
  <cols>3</cols>
  <dt>f</dt>
  <data>
    -8.29786950e-06 -7.66864468e-06 3.65011306e-06 5.90492368e-01
    -3.88168216e-01 7.08244741e-01 1.33818328e+00 -6.56465292e-01
    -2.36912519e-02 1.73428655e+00 -5.65125227e-01 -8.24802101e-01
    1.95846510e+00 -5.56086004e-01 -1.44978213e+00 5.91452003e-01
    -5.99022329e-01 -1.14978206e+00 1.03344345e+00 -4.27425623e-01
    -1.90877032e+00 1.48687553e+00 -2.10867792e-01 -2.03045177e+00
    1.81661677e+00 -4.95449007e-02 -2.08332801e+00 2.32595831e-01
    -8.19312558e-02 -1.29688323e+00 7.49664664e-01 1.82204306e-01
    -1.95271242e+00 1.15013421e+00 4.26123232e-01 -1.86791503e+00
    1.43037224e+00 5.55271983e-01 -1.73734975e+00 -3.27442214e-03
    3.92596811e-01 -1.18414533e+00 4.69887674e-01 7.04000711e-01
    -1.68418241e+00 8.40117633e-01 9.17044282e-01 -1.52397573e+00
    1.05541182e+00 1.00944602e+00 -1.31001687e+00 -1.81991681e-01
    9.55106080e-01 -9.07971442e-01 3.18501323e-01 1.32991552e+00
    -1.42359746e+00 5.80745816e-01 1.48965454e+00 -1.34304357e+00
    7.88123727e-01 1.60291481e+00 -1.26309419e+00</data></hand_left>
</opencv_storage>
