<?xml version="1.0"?>
<opencv_storage>
<hand_right type_id="opencv-matrix">
  <rows>21</rows>
  <cols>3</cols>
  <dt>f</dt>
  <data>
    -8.29425517e-06 -7.67072379e-06 3.65333358e-06 5.90823770e-01
    -3.87927324e-01 7.08094120e-01 1.33836651e+00 -6.56047940e-01
    -2.40563601e-02 1.73419619e+00 -5.64658165e-01 -8.25296879e-01
    1.95817864e+00 -5.55602372e-01 -1.45033514e+00 5.91273665e-01
    -5.98945796e-01 -1.14990163e+00 1.03293812e+00 -4.27305281e-01
    -1.90907264e+00 1.48624766e+00 -2.10642248e-01 -2.03097582e+00
    1.81592107e+00 -4.92306650e-02 -2.08404493e+00 2.32219145e-01
    -8.19748417e-02 -1.29693508e+00 7.48967290e-01 1.82232037e-01
    -1.95297170e+00 1.14936948e+00 4.26263094e-01 -1.86839962e+00
    1.42961490e+00 5.55505037e-01 -1.73802364e+00 -3.75477597e-03
    3.92490476e-01 -1.18417048e+00 4.69124794e-01 7.03973234e-01
    -1.68439841e+00 8.39329302e-01 9.17137504e-01 -1.52439272e+00
    1.05468297e+00 1.00963545e+00 -1.31060088e+00 -1.82549864e-01
    9.54966068e-01 -9.07991588e-01 3.17655027e-01 1.32986712e+00
    -1.42381263e+00 5.79874516e-01 1.48968768e+00 -1.34337842e+00
    7.87254453e-01 1.60302460e+00 -1.26353192e+00</data></hand_right>
</opencv_storage>
