<?xml version="1.0"?>
<opencv_storage>
<hand_left type_id="opencv-matrix">
  <rows>21</rows>
  <cols>3</cols>
  <dt>f</dt>
  <data>
    -8.29311193e-06 -7.67134043e-06 3.65336837e-06 5.90966463e-01
    -3.87985677e-01 7.07924366e-01 1.33837211e+00 -6.55967414e-01
    -2.44219601e-02 1.73400354e+00 -5.64431965e-01 -8.25762630e-01
    1.95785809e+00 -5.55282950e-01 -1.45084977e+00 5.91135025e-01
    -5.98691225e-01 -1.15009606e+00 1.03263783e+00 -4.26895082e-01
    -1.90933955e+00 1.48596907e+00 -2.10144728e-01 -2.03142595e+00
    1.81571746e+00 -4.86486256e-02 -2.08465672e+00 2.32007384e-01
    -8.17381069e-02 -1.29697406e+00 7.48648167e-01 1.82627529e-01
    -1.95305789e+00 1.14909685e+00 4.26717132e-01 -1.86853886e+00
    1.42946124e+00 5.56021690e-01 -1.73820484e+00 -3.99724394e-03
    3.92678857e-01 -1.18410039e+00 4.68820453e-01 7.04307020e-01
    -1.68429518e+00 8.39047730e-01 9.17491913e-01 -1.52430594e+00
    1.05448580e+00 1.01000953e+00 -1.31049931e+00 -1.82808489e-01
    9.55073476e-01 -9.07799482e-01 3.17321748e-01 1.33012664e+00
    -1.42358041e+00 5.79545259e-01 1.48995626e+00 -1.34313297e+00
    7.86952853e-01 1.60330582e+00 -1.26324141e+00</data></hand_left>
</opencv_storage>
