<?xml version="1.0"?>
<opencv_storage>
<hand_right type_id="opencv-matrix">
  <rows>21</rows>
  <cols>3</cols>
  <dt>f</dt>
  <data>
    -8.29052806e-06 -7.67266010e-06 3.65681399e-06 5.91219187e-01
    -3.87780160e-01 7.07857609e-01 1.33855617e+00 -6.55672431e-01
    -2.46118009e-02 1.73405385e+00 -5.64129949e-01 -8.26001287e-01
    1.95779884e+00 -5.54999352e-01 -1.45114911e+00 5.91014922e-01
    -5.98721862e-01 -1.15016437e+00 1.03237295e+00 -4.26880658e-01
    -1.90944934e+00 1.48555112e+00 -2.10063577e-01 -2.03145623e+00
    1.81511879e+00 -4.85680103e-02 -2.08459401e+00 2.31748343e-01
    -8.18535462e-02 -1.29704022e+00 7.48225570e-01 1.82570830e-01
    -1.95319688e+00 1.14858186e+00 4.26717430e-01 -1.86860836e+00
    1.42878795e+00 5.56007028e-01 -1.73818779e+00 -4.32254374e-03
    3.92537564e-01 -1.18415856e+00 4.68285084e-01 7.04188526e-01
    -1.68454254e+00 8.38511109e-01 9.17451560e-01 -1.52458322e+00
    1.05392265e+00 1.00998807e+00 -1.31079853e+00 -1.83177650e-01
    9.54954922e-01 -9.07884657e-01 3.16718161e-01 1.33001268e+00
    -1.42388523e+00 5.78912258e-01 1.48990893e+00 -1.34355783e+00
    7.86281705e-01 1.60329342e+00 -1.26381123e+00</data></hand_right>
</opencv_storage>
