<?xml version="1.0"?>
<opencv_storage>
<hand_left type_id="opencv-matrix">
  <rows>21</rows>
  <cols>3</cols>
  <dt>f</dt>
  <data>
    -8.29373676e-06 -7.67038364e-06 3.65445703e-06 5.90851426e-01
    -3.87784988e-01 7.08152115e-01 1.33839595e+00 -6.55989528e-01
    -2.39866376e-02 1.73419964e+00 -5.64693093e-01 -8.25265765e-01
    1.95816827e+00 -5.55730820e-01 -1.45032883e+00 5.91302276e-01
    -5.99089503e-01 -1.14982057e+00 1.03296876e+00 -4.27528799e-01
    -1.90901208e+00 1.48629618e+00 -2.10838765e-01 -2.03096294e+00
    1.81598806e+00 -4.93983626e-02 -2.08405566e+00 2.32217222e-01
    -8.21613595e-02 -1.29692781e+00 7.48976111e-01 1.81985527e-01
    -1.95299733e+00 1.14939022e+00 4.26065147e-01 -1.86841846e+00
    1.42964816e+00 5.55348098e-01 -1.73800981e+00 -3.78425419e-03
    3.92308891e-01 -1.18423402e+00 4.69105273e-01 7.03751981e-01
    -1.68448615e+00 8.39303017e-01 9.16956306e-01 -1.52446699e+00
    1.05465567e+00 1.00949323e+00 -1.31064403e+00 -1.82611108e-01
    9.54816341e-01 -9.08139944e-01 3.17598432e-01 1.32967150e+00
    -1.42399740e+00 5.79810381e-01 1.48951507e+00 -1.34356523e+00
    7.87180424e-01 1.60286605e+00 -1.26369500e+00</data></hand_left>
</opencv_storage>
