<?xml version="1.0"?>
<opencv_storage>
<hand_right type_id="opencv-matrix">
  <rows>21</rows>
  <cols>3</cols>
  <dt>f</dt>
  <data>
    -8.28664452e-06 -7.67773690e-06 3.66389031e-06 5.91965079e-01
    -3.87622535e-01 7.07405269e-01 1.33889103e+00 -6.55125737e-01
    -2.57117450e-02 1.73374844e+00 -5.63316822e-01 -8.27406764e-01
    1.95704567e+00 -5.54053366e-01 -1.45278716e+00 5.90418398e-01
    -5.98382652e-01 -1.15071237e+00 1.03115857e+00 -4.26236749e-01
    -1.91025448e+00 1.48410702e+00 -2.09223747e-01 -2.03236079e+00
    1.81346810e+00 -4.76341248e-02 -2.08555508e+00 2.30833560e-01
    -8.16103891e-02 -1.29727566e+00 7.46745229e-01 1.83134332e-01
    -1.95371866e+00 1.14702201e+00 4.27404225e-01 -1.86916530e+00
    1.42721474e+00 5.56738853e-01 -1.73871279e+00 -5.32642752e-03
    3.92695427e-01 -1.18414187e+00 4.66773182e-01 7.04591811e-01
    -1.68484318e+00 8.37055385e-01 9.17974234e-01 -1.52498949e+00
    1.05261159e+00 1.01053882e+00 -1.31116629e+00 -1.84163779e-01
    9.55056548e-01 -9.07666147e-01 3.15238476e-01 1.33030844e+00
    -1.42401922e+00 5.77424407e-01 1.49029946e+00 -1.34384370e+00
    7.84828186e-01 1.60377336e+00 -1.26421106e+00</data></hand_right>
</opencv_storage>
