<?xml version="1.0"?>
<opencv_storage>
<hand_left type_id="opencv-matrix">
  <rows>21</rows>
  <cols>3</cols>
  <dt>f</dt>
  <data>
    -8.29372675e-06 -7.67261645e-06 3.65152709e-06 5.90992332e-01
    -3.88224602e-01 7.07812130e-01 1.33840513e+00 -6.56007648e-01
    -2.46272832e-02 1.73406768e+00 -5.64224422e-01 -8.25919807e-01
    1.95793390e+00 -5.54891765e-01 -1.45103669e+00 5.91086924e-01
    -5.98394811e-01 -1.15030980e+00 1.03266752e+00 -4.26331520e-01
    -1.90942562e+00 1.48599672e+00 -2.09541142e-01 -2.03123212e+00
    1.81567991e+00 -4.80607748e-02 -2.08419633e+00 2.31976792e-01
    -8.13718662e-02 -1.29703689e+00 7.48675942e-01 1.83211848e-01
    -1.95298290e+00 1.14914382e+00 4.27258015e-01 -1.86820245e+00
    1.42944086e+00 5.56473553e-01 -1.73762190e+00 -3.99878621e-03
    3.93033743e-01 -1.18400371e+00 4.68832135e-01 7.04795241e-01
    -1.68413353e+00 8.39109600e-01 9.17919993e-01 -1.52397346e+00
    1.05453372e+00 1.01033378e+00 -1.31003141e+00 -1.82767808e-01
    9.55383182e-01 -9.07533228e-01 3.17365885e-01 1.33055151e+00
    -1.42325330e+00 5.79607308e-01 1.49035704e+00 -1.34277010e+00
    7.87007689e-01 1.60365808e+00 -1.26286876e+00</data></hand_left>
</opencv_storage>
