<?xml version="1.0"?>
<opencv_storage>
<hand_left type_id="opencv-matrix">
  <rows>21</rows>
  <cols>3</cols>
  <dt>f</dt>
  <data>
    -8.29377859e-06 -7.67139591e-06 3.66166250e-06 5.91130912e-01
    -3.87336135e-01 7.08239555e-01 1.33855903e+00 -6.55808330e-01
    -2.39904672e-02 1.73413873e+00 -5.64808846e-01 -8.25408578e-01
    1.95798874e+00 -5.56141376e-01 -1.45058322e+00 5.91125488e-01
    -5.99625647e-01 -1.14969289e+00 1.03269076e+00 -4.28298414e-01
    -1.90895820e+00 1.48594809e+00 -2.11558640e-01 -2.03079867e+00
    1.81553841e+00 -5.01099527e-02 -2.08375406e+00 2.31929645e-01
    -8.28027651e-02 -1.29699409e+00 7.48619616e-01 1.81164622e-01
    -1.95318794e+00 1.14904976e+00 4.25357699e-01 -1.86843657e+00
    1.42926121e+00 5.54714561e-01 -1.73775911e+00 -4.09827009e-03
    3.91710192e-01 -1.18446839e+00 4.68689442e-01 7.02985644e-01
    -1.68496132e+00 8.38969171e-01 9.16323841e-01 -1.52487838e+00
    1.05436337e+00 1.00897038e+00 -1.31085515e+00 -1.82911411e-01
    9.54380810e-01 -9.08621132e-01 3.17183048e-01 1.32899809e+00
    -1.42479098e+00 5.79413176e-01 1.48892117e+00 -1.34446108e+00
    7.86788464e-01 1.60232472e+00 -1.26464665e+00</data></hand_left>
</opencv_storage>
