<?xml version="1.0"?>
<opencv_storage>
<hand_left type_id="opencv-matrix">
  <rows>21</rows>
  <cols>3</cols>
  <dt>f</dt>
  <data>
    -8.29332839e-06 -7.67235724e-06 3.66254471e-06 5.91261864e-01
    -3.87344569e-01 7.08140135e-01 1.33859944e+00 -6.55741811e-01
    -2.42226273e-02 1.73404658e+00 -5.64665020e-01 -8.25702548e-01
    1.95780766e+00 -5.55956900e-01 -1.45092118e+00 5.91009200e-01
    -5.99520981e-01 -1.14982224e+00 1.03248024e+00 -4.28100109e-01
    -1.90911949e+00 1.48573637e+00 -2.11304277e-01 -2.03097224e+00
    1.81533062e+00 -4.98180091e-02 -2.08392549e+00 2.31759146e-01
    -8.27064663e-02 -1.29703999e+00 7.48370647e-01 1.81349888e-01
    -1.95327294e+00 1.14882314e+00 4.25576091e-01 -1.86850524e+00
    1.42907119e+00 5.54957926e-01 -1.73779368e+00 -4.28170338e-03
    3.91787678e-01 -1.18445480e+00 4.68448699e-01 7.03136206e-01
    -1.68496466e+00 8.38749230e-01 9.16491747e-01 -1.52486515e+00
    1.05417550e+00 1.00914025e+00 -1.31079793e+00 -1.83090046e-01
    9.54434276e-01 -9.08545792e-01 3.16939354e-01 1.32912123e+00
    -1.42473698e+00 5.79175770e-01 1.48905337e+00 -1.34440887e+00
    7.86558986e-01 1.60246229e+00 -1.26457953e+00</data></hand_left>
</opencv_storage>
