<?xml version="1.0"?>
<opencv_storage>
<hand_right type_id="opencv-matrix">
  <rows>21</rows>
  <cols>3</cols>
  <dt>f</dt>
  <data>
    -8.29394594e-06 -7.67429810e-06 3.65588176e-06 5.91249824e-01
    -3.88042152e-01 7.07748175e-01 1.33850932e+00 -6.55844569e-01
    -2.48918980e-02 1.73391473e+00 -5.64087391e-01 -8.26310515e-01
    1.95764279e+00 -5.54839909e-01 -1.45153308e+00 5.90885282e-01
    -5.98521471e-01 -1.15037632e+00 1.03232300e+00 -4.26458836e-01
    -1.90952623e+00 1.48562503e+00 -2.09583908e-01 -2.03123951e+00
    1.81525373e+00 -4.80647683e-02 -2.08409214e+00 2.31682479e-01
    -8.15464854e-02 -1.29709828e+00 7.48264551e-01 1.83043018e-01
    -1.95312119e+00 1.14876461e+00 4.27161336e-01 -1.86821914e+00
    1.42908871e+00 5.56423783e-01 -1.73747087e+00 -4.30396199e-03
    3.92861307e-01 -1.18407607e+00 4.68412936e-01 7.04609334e-01
    -1.68431389e+00 8.38763714e-01 9.17799354e-01 -1.52408969e+00
    1.05427492e+00 1.01026511e+00 -1.30998588e+00 -1.83039814e-01
    9.55255270e-01 -9.07652855e-01 3.16994131e-01 1.33036244e+00
    -1.42352736e+00 5.79263508e-01 1.49020958e+00 -1.34309351e+00
    7.86701679e-01 1.60354459e+00 -1.26318657e+00</data></hand_right>
</opencv_storage>
