<?xml version="1.0"?>
<opencv_storage>
<hand_left type_id="opencv-matrix">
  <rows>21</rows>
  <cols>3</cols>
  <dt>f</dt>
  <data>
    -8.29404325e-06 -7.67005986e-06 3.65652613e-06 5.90929747e-01
    -3.87725294e-01 7.08124816e-01 1.33838987e+00 -6.56005383e-01
    -2.40743607e-02 1.73409724e+00 -5.64774871e-01 -8.25395048e-01
    1.95801008e+00 -5.55862427e-01 -1.45049095e+00 5.91178715e-01
    -5.99187374e-01 -1.14983273e+00 1.03278291e+00 -4.27664399e-01
    -1.90904772e+00 1.48609662e+00 -2.10971296e-01 -2.03101373e+00
    1.81577635e+00 -4.95352745e-02 -2.08412933e+00 2.32083365e-01
    -8.22708756e-02 -1.29694498e+00 7.48818815e-01 1.81849092e-01
    -1.95303452e+00 1.14926076e+00 4.25944895e-01 -1.86841583e+00
    1.42955279e+00 5.55248678e-01 -1.73794103e+00 -3.90015915e-03
    3.92208546e-01 -1.18426418e+00 4.68961835e-01 7.03616560e-01
    -1.68456423e+00 8.39214683e-01 9.16841507e-01 -1.52454162e+00
    1.05463624e+00 1.00941241e+00 -1.31067121e+00 -1.82690367e-01
    9.54741001e-01 -9.08197105e-01 3.17490399e-01 1.32953954e+00
    -1.42411351e+00 5.79720616e-01 1.48938954e+00 -1.34372735e+00
    7.87124753e-01 1.60275078e+00 -1.26388359e+00</data></hand_left>
</opencv_storage>
