<?xml version="1.0"?>
<opencv_storage>
<hand_right type_id="opencv-matrix">
  <rows>21</rows>
  <cols>3</cols>
  <dt>f</dt>
  <data>
    -8.29449345e-06 -7.67592337e-06 3.65214964e-06 5.91315448e-01
    -3.88500869e-01 7.07458019e-01 1.33847046e+00 -6.55960858e-01
    -2.54343897e-02 1.73378098e+00 -5.63775420e-01 -8.26869309e-01
    1.95744038e+00 -5.54205537e-01 -1.45212471e+00 5.90702772e-01
    -5.97909391e-01 -1.15081060e+00 1.03210282e+00 -4.25424278e-01
    -1.90990198e+00 1.48546076e+00 -2.08482683e-01 -2.03151965e+00
    1.81514025e+00 -4.69278991e-02 -2.08427691e+00 2.31516823e-01
    -8.08189213e-02 -1.29719245e+00 7.48077631e-01 1.84124425e-01
    -1.95311880e+00 1.14866126e+00 4.28192914e-01 -1.86809182e+00
    1.42905641e+00 5.57388842e-01 -1.73724592e+00 -4.42268327e-03
    3.93545359e-01 -1.18386364e+00 4.68294561e-01 7.05560148e-01
    -1.68396556e+00 8.38717937e-01 9.18649793e-01 -1.52362669e+00
    1.05427432e+00 1.01098585e+00 -1.30943620e+00 -1.83084548e-01
    9.55800951e-01 -9.07099843e-01 3.16938043e-01 1.33118379e+00
    -1.42282283e+00 5.79246879e-01 1.49097848e+00 -1.34230876e+00
    7.86712468e-01 1.60424697e+00 -1.26233196e+00</data></hand_right>
</opencv_storage>
