<?xml version="1.0"?>
<opencv_storage>
<hand_left type_id="opencv-matrix">
  <rows>21</rows>
  <cols>3</cols>
  <dt>f</dt>
  <data>
    -8.29839428e-06 -7.66644916e-06 3.64760945e-06 5.90223134e-01
    -3.88219327e-01 7.08405614e-01 1.33808875e+00 -6.56610250e-01
    -2.32865363e-02 1.73446357e+00 -5.65360188e-01 -8.24267030e-01
    1.95882082e+00 -5.56363702e-01 -1.44915152e+00 5.91712952e-01
    -5.99085152e-01 -1.14958525e+00 1.03388119e+00 -4.27584708e-01
    -1.90850377e+00 1.48731828e+00 -2.11121172e-01 -2.03022456e+00
    1.81707501e+00 -4.98602688e-02 -2.08318377e+00 2.32952878e-01
    -8.19713548e-02 -1.29679418e+00 7.50184476e-01 1.82067692e-01
    -1.95251334e+00 1.15059733e+00 4.25919473e-01 -1.86774564e+00
    1.43077600e+00 5.55021405e-01 -1.73727381e+00 -2.90622562e-03
    3.92572820e-01 -1.18413377e+00 4.70374048e-01 7.03899086e-01
    -1.68407869e+00 8.40542912e-01 9.16899741e-01 -1.52390194e+00
    1.05577719e+00 1.00928783e+00 -1.31006432e+00 -1.81656778e-01
    9.55086827e-01 -9.08016384e-01 3.18959832e-01 1.32983875e+00
    -1.42352664e+00 5.81169426e-01 1.48954868e+00 -1.34295738e+00
    7.88526058e-01 1.60280001e+00 -1.26304674e+00</data></hand_left>
</opencv_storage>
