<?xml version="1.0"?>
<opencv_storage>
<hand_left type_id="opencv-matrix">
  <rows>21</rows>
  <cols>3</cols>
  <dt>f</dt>
  <data>
    -8.29313467e-06 -7.67084293e-06 3.65823030e-06 5.91040969e-01
    -3.87502551e-01 7.08157718e-01 1.33847690e+00 -6.55829787e-01
    -2.40668654e-02 1.73407662e+00 -5.64696074e-01 -8.25474441e-01
    1.95793676e+00 -5.55895746e-01 -1.45059586e+00 5.91202319e-01
    -5.99301398e-01 -1.14976680e+00 1.03271127e+00 -4.27864760e-01
    -1.90907621e+00 1.48602366e+00 -2.11112380e-01 -2.03120327e+00
    1.81574631e+00 -4.96064723e-02 -2.08445454e+00 2.32011884e-01
    -8.24675187e-02 -1.29694653e+00 7.48664021e-01 1.81607217e-01
    -1.95313668e+00 1.14910197e+00 4.25802171e-01 -1.86862683e+00
    1.42945898e+00 5.55216193e-01 -1.73823142e+00 -4.04177606e-03
    3.91994148e-01 -1.18434131e+00 4.68763918e-01 7.03395545e-01
    -1.68469512e+00 8.39001238e-01 9.16722119e-01 -1.52473700e+00
    1.05446041e+00 1.00939012e+00 -1.31087029e+00 -1.82904556e-01
    9.54544306e-01 -9.08368468e-01 3.17212969e-01 1.32933831e+00
    -1.42435622e+00 5.79427481e-01 1.48924708e+00 -1.34398746e+00
    7.86836922e-01 1.60267007e+00 -1.26413465e+00</data></hand_left>
</opencv_storage>
