<?xml version="1.0"?>
<opencv_storage>
<hand_right type_id="opencv-matrix">
  <rows>21</rows>
  <cols>3</cols>
  <dt>f</dt>
  <data>
    -8.29219971e-06 -7.67344591e-06 3.65977621e-06 5.91303945e-01
    -3.87665868e-01 7.07914472e-01 1.33859551e+00 -6.55720532e-01
    -2.45853662e-02 1.73401368e+00 -5.64303339e-01 -8.26036692e-01
    1.95771301e+00 -5.55294514e-01 -1.45124316e+00 5.90922832e-01
    -5.98997831e-01 -1.15013266e+00 1.03231978e+00 -4.27262008e-01
    -1.90940976e+00 1.48552704e+00 -2.10449189e-01 -2.03118801e+00
    1.81507242e+00 -4.89743054e-02 -2.08409190e+00 2.31659785e-01
    -8.21191221e-02 -1.29708970e+00 7.48181939e-01 1.82220742e-01
    -1.95326161e+00 1.14856553e+00 4.26375061e-01 -1.86847401e+00
    1.42875063e+00 5.55656433e-01 -1.73779440e+00 -4.37750667e-03
    3.92322719e-01 -1.18427444e+00 4.68296170e-01 7.03896999e-01
    -1.68468606e+00 8.38526130e-01 9.17154133e-01 -1.52453864e+00
    1.05386257e+00 1.00965166e+00 -1.31049263e+00 -1.83172390e-01
    9.54837918e-01 -9.08095002e-01 3.16793621e-01 1.32977939e+00
    -1.42414188e+00 5.78991532e-01 1.48965931e+00 -1.34373546e+00
    7.86318958e-01 1.60300803e+00 -1.26388490e+00</data></hand_right>
</opencv_storage>
