<?xml version="1.0"?>
<opencv_storage>
<hand_right type_id="opencv-matrix">
  <rows>21</rows>
  <cols>3</cols>
  <dt>f</dt>
  <data>
    -8.29381588e-06 -7.66983339e-06 3.65797177e-06 5.90927958e-01
    -3.87466073e-01 7.08268583e-01 1.33843076e+00 -6.55919194e-01
    -2.38313675e-02 1.73414421e+00 -5.64901590e-01 -8.25190723e-01
    1.95807838e+00 -5.56175113e-01 -1.45028043e+00 5.91270089e-01
    -5.99501610e-01 -1.14962542e+00 1.03288782e+00 -4.28197861e-01
    -1.90890265e+00 1.48624289e+00 -2.11497039e-01 -2.03097415e+00
    1.81597841e+00 -5.00212014e-02 -2.08415842e+00 2.32141763e-01
    -8.26539248e-02 -1.29690766e+00 7.48871863e-01 1.81282356e-01
    -1.95309901e+00 1.14933038e+00 4.25450444e-01 -1.86861360e+00
    1.42967153e+00 5.54847360e-01 -1.73822951e+00 -3.88233736e-03
    3.91844422e-01 -1.18438840e+00 4.68995035e-01 7.03134477e-01
    -1.68475366e+00 8.39226961e-01 9.16442037e-01 -1.52480602e+00
    1.05464470e+00 1.00910783e+00 -1.31096447e+00 -1.82725891e-01
    9.54447091e-01 -9.08507109e-01 3.17471355e-01 1.32913625e+00
    -1.42450798e+00 5.79700232e-01 1.48903310e+00 -1.34413421e+00
    7.87103117e-01 1.60243499e+00 -1.26426923e+00</data></hand_right>
</opencv_storage>
