<?xml version="1.0"?>
<opencv_storage>
<hand_right type_id="opencv-matrix">
  <rows>21</rows>
  <cols>3</cols>
  <dt>f</dt>
  <data>
    -8.29180863e-06 -7.67321126e-06 3.65312235e-06 5.91129959e-01
    -3.88066590e-01 7.07748234e-01 1.33843386e+00 -6.55821919e-01
    -2.47844160e-02 1.73392010e+00 -5.64074814e-01 -8.26173306e-01
    1.95766473e+00 -5.54774642e-01 -1.45130062e+00 5.90979874e-01
    -5.98431647e-01 -1.15031266e+00 1.03236127e+00 -4.26439345e-01
    -1.90957594e+00 1.48568630e+00 -2.09605455e-01 -2.03163695e+00
    1.81542110e+00 -4.80522215e-02 -2.08480692e+00 2.31781498e-01
    -8.14794153e-02 -1.29702854e+00 7.48283744e-01 1.83052287e-01
    -1.95316315e+00 1.14875567e+00 4.27169293e-01 -1.86866641e+00
    1.42913973e+00 5.56478024e-01 -1.73834145e+00 -4.24207747e-03
    3.92899215e-01 -1.18402696e+00 4.68465030e-01 7.04659045e-01
    -1.68425095e+00 8.38710546e-01 9.17846441e-01 -1.52427828e+00
    1.05416977e+00 1.01033974e+00 -1.31048667e+00 -1.83049127e-01
    9.55230236e-01 -9.07593429e-01 3.16962838e-01 1.33042574e+00
    -1.42340338e+00 5.79202473e-01 1.49026692e+00 -1.34296536e+00
    7.86613286e-01 1.60360909e+00 -1.26306927e+00</data></hand_right>
</opencv_storage>
