<?xml version="1.0"?>
<opencv_storage>
<hand_left type_id="opencv-matrix">
  <rows>21</rows>
  <cols>3</cols>
  <dt>f</dt>
  <data>
    -8.29480723e-06 -7.67172605e-06 3.65130404e-06 5.90845048e-01
    -3.88221741e-01 7.07941890e-01 1.33836913e+00 -6.56107187e-01
    -2.43440866e-02 1.73419905e+00 -5.64421058e-01 -8.25548649e-01
    1.95819020e+00 -5.55167198e-01 -1.45062053e+00 5.91235876e-01
    -5.98523378e-01 -1.15016198e+00 1.03294015e+00 -4.26557720e-01
    -1.90920603e+00 1.48621607e+00 -2.09853828e-01 -2.03090143e+00
    1.81582189e+00 -4.84663844e-02 -2.08379889e+00 2.32194811e-01
    -8.14802721e-02 -1.29699588e+00 7.49004006e-01 1.83010757e-01
    -1.95285165e+00 1.14939237e+00 4.26985383e-01 -1.86797631e+00
    1.42956340e+00 5.56118608e-01 -1.73735309e+00 -3.75629589e-03
    3.92953992e-01 -1.18402779e+00 4.69128609e-01 7.04622984e-01
    -1.68413699e+00 8.39372933e-01 9.17708039e-01 -1.52393270e+00
    1.05472565e+00 1.01008427e+00 -1.30998468e+00 -1.82517737e-01
    9.55344856e-01 -9.07623053e-01 3.17690790e-01 1.33040512e+00
    -1.42332208e+00 5.79903662e-01 1.49018931e+00 -1.34283662e+00
    7.87279606e-01 1.60348189e+00 -1.26297760e+00</data></hand_left>
</opencv_storage>
