<?xml version="1.0"?>
<opencv_storage>
<hand_right type_id="opencv-matrix">
  <rows>21</rows>
  <cols>3</cols>
  <dt>f</dt>
  <data>
    -8.29300916e-06 -7.67593338e-06 3.65770120e-06 5.91431558e-01
    -3.88040602e-01 7.07625091e-01 1.33858514e+00 -6.55757129e-01
    -2.51620561e-02 1.73383760e+00 -5.63926220e-01 -8.26653719e-01
    1.95744538e+00 -5.54639518e-01 -1.45191944e+00 5.90733588e-01
    -5.98411083e-01 -1.15055001e+00 1.03205395e+00 -4.26249623e-01
    -1.90975320e+00 1.48529053e+00 -2.09337652e-01 -2.03138161e+00
    1.81484413e+00 -4.78207171e-02 -2.08414555e+00 2.31454030e-01
    -8.14458579e-02 -1.29718184e+00 7.47930169e-01 1.83263108e-01
    -1.95324337e+00 1.14837813e+00 4.27393615e-01 -1.86825478e+00
    1.42862988e+00 5.56626379e-01 -1.73739529e+00 -4.55348566e-03
    3.92943710e-01 -1.18407679e+00 4.68086421e-01 7.04790413e-01
    -1.68435538e+00 8.38396072e-01 9.17977214e-01 -1.52404141e+00
    1.05380428e+00 1.01036751e+00 -1.30981410e+00 -1.83285847e-01
    9.55326080e-01 -9.07581091e-01 3.16651344e-01 1.33052206e+00
    -1.42348492e+00 5.78879833e-01 1.49036479e+00 -1.34299898e+00
    7.86247611e-01 1.60367608e+00 -1.26306868e+00</data></hand_right>
</opencv_storage>
