<?xml version="1.0"?>
<opencv_storage>
<hand_left type_id="opencv-matrix">
  <rows>21</rows>
  <cols>3</cols>
  <dt>f</dt>
  <data>
    -8.29213513e-06 -7.67315760e-06 3.65441133e-06 5.91139734e-01
    -3.87965858e-01 7.07820058e-01 1.33847928e+00 -6.55798912e-01
    -2.46659964e-02 1.73400176e+00 -5.64141214e-01 -8.26038063e-01
    1.95777559e+00 -5.54922938e-01 -1.45117104e+00 5.91009259e-01
    -5.98589122e-01 -1.15023243e+00 1.03242099e+00 -4.26672220e-01
    -1.90947700e+00 1.48569846e+00 -2.09860176e-01 -2.03145933e+00
    1.81536496e+00 -4.83442545e-02 -2.08456755e+00 2.31807590e-01
    -8.16532150e-02 -1.29703081e+00 7.48330772e-01 1.82810873e-01
    -1.95315278e+00 1.14876854e+00 4.26923454e-01 -1.86859071e+00
    1.42908144e+00 5.56214035e-01 -1.73819566e+00 -4.21634689e-03
    3.92744392e-01 -1.18408859e+00 4.68472213e-01 7.04433084e-01
    -1.68437076e+00 8.38725448e-01 9.17641103e-01 -1.52438462e+00
    1.05417848e+00 1.01014948e+00 -1.31057799e+00 -1.83022395e-01
    9.55128312e-01 -9.07731116e-01 3.16975832e-01 1.33023405e+00
    -1.42361557e+00 5.79210162e-01 1.49009109e+00 -1.34322333e+00
    7.86616564e-01 1.60344815e+00 -1.26338065e+00</data></hand_left>
</opencv_storage>
