<?xml version="1.0"?>
<opencv_storage>
<hand_right type_id="opencv-matrix">
  <rows>21</rows>
  <cols>3</cols>
  <dt>f</dt>
  <data>
    -8.29259443e-06 -7.67207530e-06 3.65324786e-06 5.90988040e-01
    -3.88062775e-01 7.07895696e-01 1.33844972e+00 -6.55903339e-01
    -2.44595259e-02 1.73416698e+00 -5.64244509e-01 -8.25718045e-01
    1.95806980e+00 -5.55023551e-01 -1.45080352e+00 5.91175020e-01
    -5.98533034e-01 -1.15017176e+00 1.03272295e+00 -4.26587045e-01
    -1.90930331e+00 1.48591578e+00 -2.09845901e-01 -2.03114247e+00
    1.81546652e+00 -4.84331250e-02 -2.08416605e+00 2.32034758e-01
    -8.15662146e-02 -1.29700637e+00 7.48691201e-01 1.82924852e-01
    -1.95296311e+00 1.14901781e+00 4.26951051e-01 -1.86821151e+00
    1.42914915e+00 5.56120038e-01 -1.73771429e+00 -3.97499278e-03
    3.92836869e-01 -1.18405497e+00 4.68759716e-01 7.04516292e-01
    -1.68427598e+00 8.38979065e-01 9.17666435e-01 -1.52419817e+00
    1.05434263e+00 1.01009607e+00 -1.31037259e+00 -1.82789758e-01
    9.55218911e-01 -9.07679021e-01 3.17255855e-01 1.33029842e+00
    -1.42350006e+00 5.79443514e-01 1.49012887e+00 -1.34310222e+00
    7.86807597e-01 1.60346258e+00 -1.26333630e+00</data></hand_right>
</opencv_storage>
