<?xml version="1.0"?>
<opencv_storage>
<hand_right type_id="opencv-matrix">
  <rows>21</rows>
  <cols>3</cols>
  <dt>f</dt>
  <data>
    -8.29413329e-06 -7.67356687e-06 3.65164760e-06 5.91075420e-01
    -3.88280809e-01 7.07711816e-01 1.33837807e+00 -6.56014025e-01
    -2.48650312e-02 1.73389077e+00 -5.64158082e-01 -8.26237321e-01
    1.95767164e+00 -5.54786325e-01 -1.45138669e+00 5.90941429e-01
    -5.98319888e-01 -1.15042198e+00 1.03243208e+00 -4.26213145e-01
    -1.90958834e+00 1.48583496e+00 -2.09384322e-01 -2.03146100e+00
    1.81560612e+00 -4.78476882e-02 -2.08444834e+00 2.31819957e-01
    -8.12790543e-02 -1.29705954e+00 7.48439729e-01 1.83333457e-01
    -1.95308685e+00 1.14899087e+00 4.27401006e-01 -1.86839247e+00
    1.42941535e+00 5.56658983e-01 -1.73786855e+00 -4.13579866e-03
    3.93122077e-01 -1.18397355e+00 4.68681633e-01 7.04923391e-01
    -1.68409526e+00 8.38991284e-01 9.18039441e-01 -1.52395248e+00
    1.05446768e+00 1.01045632e+00 -1.30997825e+00 -1.82861879e-01
    9.55447018e-01 -9.07447636e-01 3.17270726e-01 1.33066118e+00
    -1.42316127e+00 5.79548717e-01 1.49045813e+00 -1.34264219e+00
    7.86982477e-01 1.60374951e+00 -1.26265454e+00</data></hand_right>
</opencv_storage>
