<?xml version="1.0"?>
<opencv_storage>
<hand_left type_id="opencv-matrix">
  <rows>21</rows>
  <cols>3</cols>
  <dt>f</dt>
  <data>
    -8.29473720e-06 -7.66994526e-06 3.65469214e-06 5.90814948e-01
    -3.87831390e-01 7.08167672e-01 1.33838010e+00 -6.56054080e-01
    -2.39507705e-02 1.73422408e+00 -5.64758182e-01 -8.25200677e-01
    1.95823073e+00 -5.55793285e-01 -1.45026517e+00 5.91329873e-01
    -5.99071503e-01 -1.14981949e+00 1.03303492e+00 -4.27486956e-01
    -1.90896213e+00 1.48634028e+00 -2.10817337e-01 -2.03085041e+00
    1.81600082e+00 -4.94115651e-02 -2.08391905e+00 2.32272580e-01
    -8.21232945e-02 -1.29692721e+00 7.49085665e-01 1.82044327e-01
    -1.95292234e+00 1.14948523e+00 4.26096857e-01 -1.86824274e+00
    1.42972362e+00 5.55352330e-01 -1.73775053e+00 -3.71083617e-03
    3.92352402e-01 -1.18422031e+00 4.69199419e-01 7.03792214e-01
    -1.68444347e+00 8.39418888e-01 9.16982293e-01 -1.52437615e+00
    1.05479980e+00 1.00950992e+00 -1.31050503e+00 -1.82520375e-01
    9.54861939e-01 -9.08111870e-01 3.17716300e-01 1.32969475e+00
    -1.42394459e+00 5.79925418e-01 1.48952997e+00 -1.34352374e+00
    7.87313282e-01 1.60288489e+00 -1.26367819e+00</data></hand_left>
</opencv_storage>
