<?xml version="1.0"?>
<opencv_storage>
<hand_right type_id="opencv-matrix">
  <rows>21</rows>
  <cols>3</cols>
  <dt>f</dt>
  <data>
    -8.29318560e-06 -7.67192796e-06 3.65103233e-06 5.90918064e-01
    -3.88156056e-01 7.07888067e-01 1.33838439e+00 -6.55989408e-01
    -2.44560987e-02 1.73411429e+00 -5.64289331e-01 -8.25732350e-01
    1.95801485e+00 -5.55007160e-01 -1.45079815e+00 5.91177285e-01
    -5.98500490e-01 -1.15019011e+00 1.03276324e+00 -4.26560640e-01
    -1.90935707e+00 1.48610246e+00 -2.09806621e-01 -2.03129101e+00
    1.81582308e+00 -4.83261347e-02 -2.08436489e+00 2.32075885e-01
    -8.14968497e-02 -1.29699361e+00 7.48749554e-01 1.82967708e-01
    -1.95301139e+00 1.14919639e+00 4.27011430e-01 -1.86843204e+00
    1.42949319e+00 5.56247234e-01 -1.73806548e+00 -3.91517580e-03
    3.92915368e-01 -1.18403435e+00 4.68912482e-01 7.04606891e-01
    -1.68419659e+00 8.39138150e-01 9.17742133e-01 -1.52417171e+00
    1.05452442e+00 1.01018739e+00 -1.31039214e+00 -1.82716519e-01
    9.55277801e-01 -9.07634616e-01 3.17417800e-01 1.33040857e+00
    -1.42338145e+00 5.79649746e-01 1.49022150e+00 -1.34291792e+00
    7.87037730e-01 1.60353267e+00 -1.26303768e+00</data></hand_right>
</opencv_storage>
