<?xml version="1.0"?>
<opencv_storage>
<hand_left type_id="opencv-matrix">
  <rows>21</rows>
  <cols>3</cols>
  <dt>f</dt>
  <data>
    -8.29154851e-06 -7.67465281e-06 3.66592553e-06 5.91589153e-01
    -3.87190163e-01 7.07969904e-01 1.33874607e+00 -6.55447960e-01
    -2.46460289e-02 1.73389030e+00 -5.64288259e-01 -8.26261580e-01
    1.95746374e+00 -5.55573106e-01 -1.45156872e+00 5.90792477e-01
    -5.99408925e-01 -1.14999831e+00 1.03201592e+00 -4.27869856e-01
    -1.90937769e+00 1.48518801e+00 -2.10950673e-01 -2.03126168e+00
    1.81470847e+00 -4.93943393e-02 -2.08423853e+00 2.31379405e-01
    -8.26770216e-02 -1.29711473e+00 7.47777581e-01 1.81521386e-01
    -1.95343900e+00 1.14820766e+00 4.25847650e-01 -1.86863983e+00
    1.42846847e+00 5.55293143e-01 -1.73786008e+00 -4.72736359e-03
    3.91766727e-01 -1.18446195e+00 4.67804730e-01 7.03226686e-01
    -1.68507278e+00 8.38136911e-01 9.16671991e-01 -1.52496934e+00
    1.05363595e+00 1.00936782e+00 -1.31081939e+00 -1.83564126e-01
    9.54382598e-01 -9.08511341e-01 3.16258669e-01 1.32915759e+00
    -1.42482650e+00 5.78484774e-01 1.48914981e+00 -1.34455669e+00
    7.85880327e-01 1.60260880e+00 -1.26476157e+00</data></hand_left>
</opencv_storage>
