<?xml version="1.0"?>
<opencv_storage>
<hand_left type_id="opencv-matrix">
  <rows>21</rows>
  <cols>3</cols>
  <dt>f</dt>
  <data>
    -8.29332021e-06 -7.67245911e-06 3.65331198e-06 5.90988874e-01
    -3.87938261e-01 7.07964182e-01 1.33845472e+00 -6.55887902e-01
    -2.43515521e-02 1.73413515e+00 -5.64324856e-01 -8.25656593e-01
    1.95803094e+00 -5.55175424e-01 -1.45075715e+00 5.91189682e-01
    -5.98721623e-01 -1.15007794e+00 1.03278434e+00 -4.26876426e-01
    -1.90923786e+00 1.48612547e+00 -2.10077256e-01 -2.03112316e+00
    1.81582618e+00 -4.85660136e-02 -2.08413744e+00 2.32041374e-01
    -8.17802027e-02 -1.29699004e+00 7.48728037e-01 1.82616010e-01
    -1.95303297e+00 1.14919853e+00 4.26736951e-01 -1.86838281e+00
    1.42951441e+00 5.56043148e-01 -1.73789775e+00 -3.98168340e-03
    3.92640829e-01 -1.18412912e+00 4.68840003e-01 7.04273701e-01
    -1.68434989e+00 8.39104354e-01 9.17491794e-01 -1.52428639e+00
    1.05453157e+00 1.01001704e+00 -1.31040001e+00 -1.82814658e-01
    9.55060899e-01 -9.07854497e-01 3.17305624e-01 1.33010709e+00
    -1.42369092e+00 5.79549432e-01 1.48997104e+00 -1.34325945e+00
    7.86957145e-01 1.60332608e+00 -1.26337600e+00</data></hand_left>
</opencv_storage>
