<?xml version="1.0"?>
<opencv_storage>
<hand_right type_id="opencv-matrix">
  <rows>21</rows>
  <cols>3</cols>
  <dt>f</dt>
  <data>
    -8.29485271e-06 -7.67480742e-06 3.64977245e-06 5.91133356e-01
    -3.88642073e-01 7.07495511e-01 1.33836114e+00 -6.56093836e-01
    -2.52849162e-02 1.73382509e+00 -5.63886642e-01 -8.26630116e-01
    1.95755994e+00 -5.54243565e-01 -1.45182264e+00 5.90779960e-01
    -5.97878873e-01 -1.15075314e+00 1.03225958e+00 -4.25428867e-01
    -1.90981758e+00 1.48564303e+00 -2.08569586e-01 -2.03145456e+00
    1.81534600e+00 -4.70606387e-02 -2.08423662e+00 2.31689304e-01
    -8.07343051e-02 -1.29713631e+00 7.48300076e-01 1.84150010e-01
    -1.95304000e+00 1.14887357e+00 4.28135365e-01 -1.86812377e+00
    1.42925167e+00 5.57273090e-01 -1.73741841e+00 -4.20595706e-03
    3.93645525e-01 -1.18380868e+00 4.68573332e-01 7.05618024e-01
    -1.68386269e+00 8.38953316e-01 9.18630004e-01 -1.52359152e+00
    1.05446315e+00 1.01092005e+00 -1.30953145e+00 -1.82841033e-01
    9.55884874e-01 -9.07018721e-01 3.17260891e-01 1.33125043e+00
    -1.42266178e+00 5.79572380e-01 1.49099636e+00 -1.34212744e+00
    7.87029326e-01 1.60423017e+00 -1.26214778e+00</data></hand_right>
</opencv_storage>
