<?xml version="1.0"?>
<opencv_storage>
<hand_right type_id="opencv-matrix">
  <rows>21</rows>
  <cols>3</cols>
  <dt>f</dt>
  <data>
    -8.29122473e-06 -7.65058576e-06 3.67798475e-06 5.89850307e-01
    -3.83852392e-01 7.11083651e-01 1.33853650e+00 -6.55712247e-01
    -1.85734481e-02 1.73556399e+00 -5.68599999e-01 -8.19875836e-01
    1.96030366e+00 -5.62913299e-01 -1.44454050e+00 5.93013644e-01
    -6.05322361e-01 -1.14573038e+00 1.03558826e+00 -4.38095838e-01
    -1.90567923e+00 1.48913670e+00 -2.22109020e-01 -2.02885270e+00
    1.81916404e+00 -6.08201027e-02 -2.08273649e+00 2.34015271e-01
    -8.92541632e-02 -1.29615366e+00 7.51351118e-01 1.71070307e-01
    -1.95350432e+00 1.15158892e+00 4.15614009e-01 -1.87065983e+00
    1.43148398e+00 5.45583785e-01 -1.74152470e+00 -2.25766376e-03
    3.85802478e-01 -1.18644166e+00 4.71187234e-01 6.94473505e-01
    -1.68800521e+00 8.40780616e-01 9.08476114e-01 -1.52925587e+00
    1.05533814e+00 1.00206685e+00 -1.31655335e+00 -1.81626841e-01
    9.49803591e-01 -9.13677633e-01 3.19069862e-01 1.32200372e+00
    -1.43114436e+00 5.81102133e-01 1.48226571e+00 -1.35118723e+00
    7.88042367e-01 1.59589314e+00 -1.27163410e+00</data></hand_right>
</opencv_storage>
