<?xml version="1.0"?>
<opencv_storage>
<hand_left type_id="opencv-matrix">
  <rows>21</rows>
  <cols>3</cols>
  <dt>f</dt>
  <data>
    -8.30021054e-06 -7.66518133e-06 3.65235474e-06 5.90224802e-01
    -3.87817681e-01 7.08661079e-01 1.33810914e+00 -6.56655908e-01
    -2.28894055e-02 1.73447335e+00 -5.65852880e-01 -8.23927760e-01
    1.95886707e+00 -5.57241678e-01 -1.44884479e+00 5.91753542e-01
    -5.99755168e-01 -1.14924037e+00 1.03399014e+00 -4.28647339e-01
    -1.90818644e+00 1.48745525e+00 -2.12222725e-01 -2.02989674e+00
    1.81721914e+00 -5.09821773e-02 -2.08284259e+00 2.33004197e-01
    -8.27125162e-02 -1.29676020e+00 7.50336289e-01 1.80995986e-01
    -1.95253479e+00 1.15078855e+00 4.24914658e-01 -1.86769593e+00
    1.43100345e+00 5.54105997e-01 -1.73707628e+00 -2.84629688e-03
    3.91904771e-01 -1.18437004e+00 4.70508218e-01 7.02962399e-01
    -1.68442118e+00 8.40730667e-01 9.16062117e-01 -1.52420509e+00
    1.05601645e+00 1.00858057e+00 -1.31021512e+00 -1.81584343e-01
    9.54593241e-01 -9.08581078e-01 3.19118202e-01 1.32902813e+00
    -1.42425025e+00 5.81345737e-01 1.48878431e+00 -1.34372699e+00
    7.88733721e-01 1.60208488e+00 -1.26380837e+00</data></hand_left>
</opencv_storage>
