<?xml version="1.0"?>
<opencv_storage>
<hand_left type_id="opencv-matrix">
  <rows>21</rows>
  <cols>3</cols>
  <dt>f</dt>
  <data>
    -8.29174769e-06 -7.67265192e-06 3.65235292e-06 5.91045678e-01
    -3.88174057e-01 7.07763612e-01 1.33842897e+00 -6.55865073e-01
    -2.47039050e-02 1.73405838e+00 -5.64060211e-01 -8.25988770e-01
    1.95788193e+00 -5.54697752e-01 -1.45108724e+00 5.91059506e-01
    -5.98333538e-01 -1.15031779e+00 1.03250480e+00 -4.26278532e-01
    -1.90949857e+00 1.48572028e+00 -2.09507197e-01 -2.03141952e+00
    1.81531143e+00 -4.80534136e-02 -2.08450437e+00 2.31902763e-01
    -8.13480094e-02 -1.29702282e+00 7.48448133e-01 1.83227807e-01
    -1.95304739e+00 1.14881051e+00 4.27254319e-01 -1.86843312e+00
    1.42901313e+00 5.56437492e-01 -1.73805833e+00 -4.10286710e-03
    3.93030822e-01 -1.18397820e+00 4.68573213e-01 7.04791903e-01
    -1.68420494e+00 8.38792324e-01 9.17922199e-01 -1.52420819e+00
    1.05419052e+00 1.01034296e+00 -1.31047142e+00 -1.82901457e-01
    9.55351889e-01 -9.07492220e-01 3.17087829e-01 1.33053708e+00
    -1.42329586e+00 5.79295039e-01 1.49035561e+00 -1.34289896e+00
    7.86678672e-01 1.60368538e+00 -1.26311576e+00</data></hand_left>
</opencv_storage>
