<?xml version="1.0"?>
<opencv_storage>
<hand_left type_id="opencv-matrix">
  <rows>21</rows>
  <cols>3</cols>
  <dt>f</dt>
  <data>
    -8.29294459e-06 -7.67229994e-06 3.65509823e-06 5.91059029e-01
    -3.87940347e-01 7.07916498e-01 1.33846736e+00 -6.55868292e-01
    -2.44818628e-02 1.73409224e+00 -5.64297199e-01 -8.25807512e-01
    1.95793796e+00 -5.55137396e-01 -1.45094156e+00 5.91098189e-01
    -5.98713398e-01 -1.15013170e+00 1.03259504e+00 -4.26866561e-01
    -1.90932715e+00 1.48583961e+00 -2.10102201e-01 -2.03120947e+00
    1.81544340e+00 -4.86466587e-02 -2.08425474e+00 2.31940001e-01
    -8.17658976e-02 -1.29701412e+00 7.48546898e-01 1.82634771e-01
    -1.95307279e+00 1.14894080e+00 4.26709890e-01 -1.86839902e+00
    1.42917943e+00 5.55952489e-01 -1.73791146e+00 -4.06687707e-03
    3.92656893e-01 -1.18412137e+00 4.68662024e-01 7.04275250e-01
    -1.68440413e+00 8.38907897e-01 9.17465091e-01 -1.52436388e+00
    1.05433476e+00 1.00995946e+00 -1.31051254e+00 -1.82863623e-01
    9.55082595e-01 -9.07822847e-01 3.17189187e-01 1.33009315e+00
    -1.42371118e+00 5.79406857e-01 1.48994029e+00 -1.34332383e+00
    7.86806941e-01 1.60330045e+00 -1.26351023e+00</data></hand_left>
</opencv_storage>
