<?xml version="1.0"?>
<opencv_storage>
<hand_left type_id="opencv-matrix">
  <rows>21</rows>
  <cols>3</cols>
  <dt>f</dt>
  <data>
    -8.29347391e-06 -7.66908124e-06 3.66057270e-06 5.90963840e-01
    -3.87263536e-01 7.08352327e-01 1.33845603e+00 -6.55877650e-01
    -2.37061679e-02 1.73413730e+00 -5.65045476e-01 -8.25095296e-01
    1.95805478e+00 -5.56469440e-01 -1.45019782e+00 5.91275036e-01
    -5.99753261e-01 -1.14949358e+00 1.03286648e+00 -4.28607225e-01
    -1.90881348e+00 1.48616958e+00 -2.11925089e-01 -2.03091931e+00
    1.81586218e+00 -5.04699647e-02 -2.08414817e+00 2.32120693e-01
    -8.29590559e-02 -1.29689825e+00 7.48855650e-01 1.80863380e-01
    -1.95311725e+00 1.14927292e+00 4.25059885e-01 -1.86859429e+00
    1.42956781e+00 5.54477096e-01 -1.73816073e+00 -3.92137840e-03
    3.91554892e-01 -1.18448567e+00 4.68943715e-01 7.02752829e-01
    -1.68491471e+00 8.39163125e-01 9.16105747e-01 -1.52495635e+00
    1.05456400e+00 1.00881350e+00 -1.31107640e+00 -1.82782888e-01
    9.54219103e-01 -9.08733130e-01 3.17396671e-01 1.32879448e+00
    -1.42480993e+00 5.79602003e-01 1.48870993e+00 -1.34446645e+00
    7.86983967e-01 1.60213518e+00 -1.26463580e+00</data></hand_left>
</opencv_storage>
