<?xml version="1.0"?>
<opencv_storage>
<hand_right type_id="opencv-matrix">
  <rows>21</rows>
  <cols>3</cols>
  <dt>f</dt>
  <data>
    -8.27198346e-06 -7.68926202e-06 3.66909671e-06 5.93363345e-01
    -3.87630045e-01 7.06234515e-01 1.33962202e+00 -6.53523028e-01
    -2.81358063e-02 1.73337460e+00 -5.60552239e-01 -8.30235064e-01
    1.95580554e+00 -5.50526619e-01 -1.45584309e+00 5.89516282e-01
    -5.96655250e-01 -1.15203905e+00 1.02884674e+00 -4.23428863e-01
    -1.91210413e+00 1.48117566e+00 -2.05980331e-01 -2.03476477e+00
    1.81011820e+00 -4.41166461e-02 -2.08845735e+00 2.29161680e-01
    -8.01282302e-02 -1.29763162e+00 7.43617833e-01 1.85647860e-01
    -1.95465434e+00 1.14347613e+00 4.30120289e-01 -1.87080550e+00
    1.42349529e+00 5.59496820e-01 -1.74113846e+00 -7.34508038e-03
    3.93813640e-01 -1.18373871e+00 4.63463426e-01 7.06584692e-01
    -1.68492651e+00 8.33575308e-01 9.20165181e-01 -1.52570021e+00
    1.04923224e+00 1.01269972e+00 -1.31252480e+00 -1.86383381e-01
    9.55719411e-01 -9.06506717e-01 3.11719924e-01 1.33191919e+00
    -1.42331636e+00 5.73744297e-01 1.49211144e+00 -1.34348106e+00
    7.81096876e-01 1.60576653e+00 -1.26427269e+00</data></hand_right>
</opencv_storage>
