<?xml version="1.0"?>
<opencv_storage>
<hand_left type_id="opencv-matrix">
  <rows>21</rows>
  <cols>3</cols>
  <dt>f</dt>
  <data>
    -8.29026067e-06 -7.67392612e-06 3.66302356e-06 5.91488183e-01
    -3.87416005e-01 7.07877159e-01 1.33867812e+00 -6.55491710e-01
    -2.47011483e-02 1.73392165e+00 -5.64170480e-01 -8.26234341e-01
    1.95751595e+00 -5.55264235e-01 -1.45147467e+00 5.90840518e-01
    -5.99077404e-01 -1.15010428e+00 1.03204274e+00 -4.27397728e-01
    -1.90948355e+00 1.48516679e+00 -2.10524142e-01 -2.03144765e+00
    1.81466603e+00 -4.90047932e-02 -2.08453107e+00 2.31456891e-01
    -8.23047832e-02 -1.29709160e+00 7.47814417e-01 1.82017639e-01
    -1.95337486e+00 1.14815319e+00 4.26263362e-01 -1.86870539e+00
    1.42836058e+00 5.55636525e-01 -1.73812008e+00 -4.65116277e-03
    3.92102152e-01 -1.18432665e+00 4.67859060e-01 7.03672767e-01
    -1.68485999e+00 8.38096499e-01 9.17041421e-01 -1.52484274e+00
    1.05351698e+00 1.00965536e+00 -1.31086922e+00 -1.83508545e-01
    9.54617441e-01 -9.08218026e-01 3.16286266e-01 1.32954741e+00
    -1.42440081e+00 5.78462303e-01 1.48949504e+00 -1.34410584e+00
    7.85818875e-01 1.60292983e+00 -1.26435161e+00</data></hand_left>
</opencv_storage>
