<?xml version="1.0"?>
<opencv_storage>
<hand_right type_id="opencv-matrix">
  <rows>21</rows>
  <cols>3</cols>
  <dt>f</dt>
  <data>
    -8.29151941e-06 -7.67068468e-06 3.65337837e-06 5.90917230e-01
    -3.87894303e-01 7.08010793e-01 1.33842540e+00 -6.55879974e-01
    -2.42125541e-02 1.73419690e+00 -5.64415455e-01 -8.25484693e-01
    1.95810580e+00 -5.55297732e-01 -1.45051908e+00 5.91251910e-01
    -5.98787665e-01 -1.14998448e+00 1.03278267e+00 -4.27079856e-01
    -1.90923822e+00 1.48600960e+00 -2.10385740e-01 -2.03131175e+00
    1.81564462e+00 -4.89535332e-02 -2.08453488e+00 2.32112288e-01
    -8.18642899e-02 -1.29695487e+00 7.48726368e-01 1.82419449e-01
    -1.95306003e+00 1.14905059e+00 4.26473558e-01 -1.86861908e+00
    1.42923033e+00 5.55712223e-01 -1.73840284e+00 -3.92295048e-03
    3.92556757e-01 -1.18414140e+00 4.68827844e-01 7.04116642e-01
    -1.68443167e+00 8.38972688e-01 9.17304397e-01 -1.52454233e+00
    1.05428886e+00 1.00980222e+00 -1.31091237e+00 -1.82782963e-01
    9.54980373e-01 -9.07908440e-01 3.17271948e-01 1.32998550e+00
    -1.42378044e+00 5.79447269e-01 1.48982978e+00 -1.34339678e+00
    7.86787808e-01 1.60317993e+00 -1.26363456e+00</data></hand_right>
</opencv_storage>
