<?xml version="1.0"?>
<opencv_storage>
<hand_right type_id="opencv-matrix">
  <rows>21</rows>
  <cols>3</cols>
  <dt>f</dt>
  <data>
    -8.29175315e-06 -7.67277379e-06 3.65504411e-06 5.91124058e-01
    -3.87836128e-01 7.07889140e-01 1.33847809e+00 -6.55764461e-01
    -2.45375335e-02 1.73400164e+00 -5.64227939e-01 -8.25928211e-01
    1.95778430e+00 -5.55102110e-01 -1.45105314e+00 5.91053605e-01
    -5.98744392e-01 -1.15011716e+00 1.03246093e+00 -4.26952481e-01
    -1.90940547e+00 1.48576212e+00 -2.10141480e-01 -2.03148341e+00
    1.81546676e+00 -4.86027002e-02 -2.08466268e+00 2.31839880e-01
    -8.18469971e-02 -1.29700089e+00 7.48353720e-01 1.82514995e-01
    -1.95318711e+00 1.14879918e+00 4.26664948e-01 -1.86872864e+00
    1.42915034e+00 5.56008935e-01 -1.73842001e+00 -4.20553982e-03
    3.92557204e-01 -1.18414295e+00 4.68492925e-01 7.04184890e-01
    -1.68445516e+00 8.38730752e-01 9.17433023e-01 -1.52453113e+00
    1.05418003e+00 1.00999463e+00 -1.31075740e+00 -1.83042705e-01
    9.54969287e-01 -9.07880545e-01 3.16965520e-01 1.33002174e+00
    -1.42379975e+00 5.79197466e-01 1.48990226e+00 -1.34341121e+00
    7.86605835e-01 1.60328126e+00 -1.26355505e+00</data></hand_right>
</opencv_storage>
