<?xml version="1.0"?>
<opencv_storage>
<hand_right type_id="opencv-matrix">
  <rows>21</rows>
  <cols>3</cols>
  <dt>f</dt>
  <data>
    -8.28951670e-06 -7.67380698e-06 3.66191944e-06 5.91440082e-01
    -3.87353480e-01 7.07932234e-01 1.33870256e+00 -6.55415416e-01
    -2.45613456e-02 1.73401666e+00 -5.64124107e-01 -8.26071024e-01
    1.95765328e+00 -5.55220962e-01 -1.45127368e+00 5.90948462e-01
    -5.99103332e-01 -1.15002191e+00 1.03216612e+00 -4.27477121e-01
    -1.90942907e+00 1.48530269e+00 -2.10602105e-01 -2.03149843e+00
    1.81484175e+00 -4.90552783e-02 -2.08467484e+00 2.31549874e-01
    -8.23603272e-02 -1.29705715e+00 7.47896194e-01 1.81918159e-01
    -1.95337534e+00 1.14822626e+00 4.26191092e-01 -1.86885083e+00
    1.42845523e+00 5.55607378e-01 -1.73841262e+00 -4.59421426e-03
    3.92037153e-01 -1.18434072e+00 4.67913449e-01 7.03593135e-01
    -1.68488145e+00 8.38122964e-01 9.16999221e-01 -1.52496338e+00
    1.05354714e+00 1.00966048e+00 -1.31110251e+00 -1.83507562e-01
    9.54546869e-01 -9.08275366e-01 3.16283911e-01 1.32948947e+00
    -1.42445958e+00 5.78455925e-01 1.48946321e+00 -1.34418094e+00
    7.85814881e-01 1.60292065e+00 -1.26443946e+00</data></hand_right>
</opencv_storage>
