<?xml version="1.0"?>
<opencv_storage>
<hand_right type_id="opencv-matrix">
  <rows>21</rows>
  <cols>3</cols>
  <dt>f</dt>
  <data>
    -8.29327564e-06 -7.67492747e-06 3.67765188e-06 5.91955423e-01
    -3.86755049e-01 7.08018541e-01 1.33885074e+00 -6.55454993e-01
    -2.47966051e-02 1.73362803e+00 -5.64717770e-01 -8.26633513e-01
    1.95699716e+00 -5.56480765e-01 -1.45210588e+00 5.90483785e-01
    -6.00000858e-01 -1.14994192e+00 1.03150439e+00 -4.28726375e-01
    -1.90942383e+00 1.48447657e+00 -2.11836040e-01 -2.03108478e+00
    1.81375372e+00 -5.04028201e-02 -2.08389425e+00 2.30970576e-01
    -8.33423287e-02 -1.29723847e+00 7.47295499e-01 1.80689633e-01
    -1.95362163e+00 1.14758384e+00 4.25034851e-01 -1.86837864e+00
    1.42764592e+00 5.54432273e-01 -1.73710322e+00 -5.11375442e-03
    3.91164094e-01 -1.18472850e+00 4.67312515e-01 7.02449381e-01
    -1.68553197e+00 8.37639809e-01 9.15947199e-01 -1.52512872e+00
    1.05303669e+00 1.00861073e+00 -1.31051147e+00 -1.83857843e-01
    9.53975379e-01 -9.09001768e-01 3.15867543e-01 1.32844567e+00
    -1.42556763e+00 5.78008771e-01 1.48843992e+00 -1.34529543e+00
    7.85318971e-01 1.60190940e+00 -1.26553750e+00</data></hand_right>
</opencv_storage>
