<?xml version="1.0"?>
<opencv_storage>
<hand_right type_id="opencv-matrix">
  <rows>21</rows>
  <cols>3</cols>
  <dt>f</dt>
  <data>
    -8.29539204e-06 -7.66849098e-06 3.65730102e-06 5.90748191e-01
    -3.87424409e-01 7.08440304e-01 1.33837056e+00 -6.56056046e-01
    -2.34741122e-02 1.73424554e+00 -5.65191150e-01 -8.24774027e-01
    1.95830464e+00 -5.56579411e-01 -1.44982195e+00 5.91447592e-01
    -5.99710882e-01 -1.14942360e+00 1.03323197e+00 -4.28553104e-01
    -1.90863907e+00 1.48663878e+00 -2.11908221e-01 -2.03066683e+00
    1.81641054e+00 -5.04647195e-02 -2.08382225e+00 2.32396543e-01
    -8.28512013e-02 -1.29684961e+00 7.49285698e-01 1.80947214e-01
    -1.95297289e+00 1.14975679e+00 4.25094843e-01 -1.86844468e+00
    1.43009615e+00 5.54491818e-01 -1.73802960e+00 -3.60716134e-03
    3.91683519e-01 -1.18444264e+00 4.69404370e-01 7.02863872e-01
    -1.68474662e+00 8.39629889e-01 9.16163445e-01 -1.52475548e+00
    1.05502331e+00 1.00884497e+00 -1.31087554e+00 -1.82455435e-01
    9.54338014e-01 -9.08674240e-01 3.17883790e-01 1.32891226e+00
    -1.42462397e+00 5.80114603e-01 1.48879838e+00 -1.34421813e+00
    7.87516773e-01 1.60219717e+00 -1.26432061e+00</data></hand_right>
</opencv_storage>
