<?xml version="1.0"?>
<opencv_storage>
<hand_left type_id="opencv-matrix">
  <rows>21</rows>
  <cols>3</cols>
  <dt>f</dt>
  <data>
    -8.29111650e-06 -7.67379242e-06 3.65611731e-06 5.91220379e-01
    -3.87759507e-01 7.07877159e-01 1.33857477e+00 -6.55646205e-01
    -2.45821774e-02 1.73406255e+00 -5.64093471e-01 -8.25985193e-01
    1.95781553e+00 -5.54963112e-01 -1.45113111e+00 5.91044366e-01
    -5.98740458e-01 -1.15015101e+00 1.03242040e+00 -4.26904708e-01
    -1.90944541e+00 1.48567009e+00 -2.10054487e-01 -2.03146291e+00
    1.81531537e+00 -4.85053658e-02 -2.08458924e+00 2.31770217e-01
    -8.18733573e-02 -1.29703879e+00 7.48248816e-01 1.82539523e-01
    -1.95323062e+00 1.14866674e+00 4.26725090e-01 -1.86870384e+00
    1.42896521e+00 5.56079507e-01 -1.73831475e+00 -4.31084260e-03
    3.92519832e-01 -1.18417585e+00 4.68331337e-01 7.04179347e-01
    -1.68454158e+00 8.38572860e-01 9.17469740e-01 -1.52459538e+00
    1.05401540e+00 1.01004601e+00 -1.31078875e+00 -1.83179900e-01
    9.54942286e-01 -9.07916546e-01 3.16755116e-01 1.33001637e+00
    -1.42389870e+00 5.78978658e-01 1.48992562e+00 -1.34354210e+00
    7.86374509e-01 1.60332513e+00 -1.26372409e+00</data></hand_left>
</opencv_storage>
