<?xml version="1.0"?>
<opencv_storage>
<hand_left type_id="opencv-matrix">
  <rows>21</rows>
  <cols>3</cols>
  <dt>f</dt>
  <data>
    -8.29279543e-06 -7.67236270e-06 3.66078393e-06 5.91227710e-01
    -3.87426078e-01 7.08104551e-01 1.33859873e+00 -6.55719519e-01
    -2.42460370e-02 1.73408186e+00 -5.64554691e-01 -8.25706124e-01
    1.95786321e+00 -5.55766702e-01 -1.45089412e+00 5.91078520e-01
    -5.99330366e-01 -1.14987350e+00 1.03253865e+00 -4.27821457e-01
    -1.90917516e+00 1.48579490e+00 -2.11011410e-01 -2.03112125e+00
    1.81541872e+00 -4.95045185e-02 -2.08417416e+00 2.31816486e-01
    -8.25138390e-02 -1.29703212e+00 7.48418450e-01 1.81628808e-01
    -1.95323992e+00 1.14885020e+00 4.25855935e-01 -1.86854053e+00
    1.42911768e+00 5.55248260e-01 -1.73792505e+00 -4.25100699e-03
    3.91950488e-01 -1.18439543e+00 4.68475878e-01 7.03381062e-01
    -1.68484640e+00 8.38749647e-01 9.16735828e-01 -1.52478743e+00
    1.05418134e+00 1.00938201e+00 -1.31078589e+00 -1.83101416e-01
    9.54538822e-01 -9.08413947e-01 3.16919327e-01 1.32933044e+00
    -1.42452824e+00 5.79139113e-01 1.48926330e+00 -1.34418750e+00
    7.86524177e-01 1.60267997e+00 -1.26435912e+00</data></hand_left>
</opencv_storage>
