<?xml version="1.0"?>
<opencv_storage>
<hand_right type_id="opencv-matrix">
  <rows>21</rows>
  <cols>3</cols>
  <dt>f</dt>
  <data>
    -8.29511646e-06 -7.67006168e-06 3.65746746e-06 5.90894938e-01
    -3.87614936e-01 7.08248019e-01 1.33843899e+00 -6.55998707e-01
    -2.38603801e-02 1.73422277e+00 -5.64873338e-01 -8.25153887e-01
    1.95822227e+00 -5.56085408e-01 -1.45025146e+00 5.91310740e-01
    -5.99338770e-01 -1.14970648e+00 1.03301883e+00 -4.27878499e-01
    -1.90884674e+00 1.48630583e+00 -2.11189240e-01 -2.03067470e+00
    1.81592655e+00 -4.97825444e-02 -2.08368301e+00 2.32216924e-01
    -8.24439302e-02 -1.29693484e+00 7.49057770e-01 1.81631550e-01
    -1.95293283e+00 1.14946461e+00 4.25738394e-01 -1.86813092e+00
    1.42968619e+00 5.55033743e-01 -1.73748684e+00 -3.78034264e-03
    3.92052114e-01 -1.18432927e+00 4.69122171e-01 7.03404367e-01
    -1.68461585e+00 8.39391112e-01 9.16663885e-01 -1.52448487e+00
    1.05480289e+00 1.00925207e+00 -1.31048822e+00 -1.82593793e-01
    9.54636931e-01 -9.08357441e-01 3.17633450e-01 1.32934690e+00
    -1.42429221e+00 5.79849184e-01 1.48922038e+00 -1.34390521e+00
    7.87249506e-01 1.60260236e+00 -1.26408052e+00</data></hand_right>
</opencv_storage>
