<?xml version="1.0"?>
<opencv_storage>
<hand_left type_id="opencv-matrix">
  <rows>21</rows>
  <cols>3</cols>
  <dt>f</dt>
  <data>
    -8.29425881e-06 -7.66786070e-06 3.65528604e-06 5.90668380e-01
    -3.87584716e-01 7.08382487e-01 1.33832347e+00 -6.56086564e-01
    -2.35054642e-02 1.73428702e+00 -5.65111220e-01 -8.24739099e-01
    1.95836890e+00 -5.56373537e-01 -1.44973397e+00 5.91486692e-01
    -5.99489331e-01 -1.14949095e+00 1.03324938e+00 -4.28249836e-01
    -1.90871370e+00 1.48658621e+00 -2.11659789e-01 -2.03081369e+00
    1.81631422e+00 -5.02656996e-02 -2.08406448e+00 2.32460886e-01
    -8.25996399e-02 -1.29683602e+00 7.49317169e-01 1.81269452e-01
    -1.95293272e+00 1.14969933e+00 4.25342619e-01 -1.86849272e+00
    1.42994905e+00 5.54658771e-01 -1.73822784e+00 -3.54075432e-03
    3.91912282e-01 -1.18434930e+00 4.69434917e-01 7.03152418e-01
    -1.68462861e+00 8.39588046e-01 9.16387081e-01 -1.52471447e+00
    1.05490851e+00 1.00899732e+00 -1.31099665e+00 -1.82400241e-01
    9.54503775e-01 -9.08474147e-01 3.17900181e-01 1.32916558e+00
    -1.42435992e+00 5.80090165e-01 1.48901653e+00 -1.34395635e+00
    7.87453353e-01 1.60239458e+00 -1.26412559e+00</data></hand_left>
</opencv_storage>
