<?xml version="1.0"?>
<opencv_storage>
<hand_right type_id="opencv-matrix">
  <rows>21</rows>
  <cols>3</cols>
  <dt>f</dt>
  <data>
    -8.29449345e-06 -7.67115580e-06 3.65269261e-06 5.90887785e-01
    -3.88013363e-01 7.07999289e-01 1.33834815e+00 -6.56071424e-01
    -2.42854506e-02 1.73406470e+00 -5.64572573e-01 -8.25595975e-01
    1.95798254e+00 -5.55460215e-01 -1.45068192e+00 5.91172338e-01
    -5.98814607e-01 -1.15003383e+00 1.03280973e+00 -4.27066535e-01
    -1.90921009e+00 1.48621178e+00 -2.10335553e-01 -2.03114438e+00
    1.81598282e+00 -4.88540828e-02 -2.08419943e+00 2.32105166e-01
    -8.18247199e-02 -1.29696774e+00 7.48848438e-01 1.82472765e-01
    -1.95301592e+00 1.14935386e+00 4.26540494e-01 -1.86841011e+00
    1.42971551e+00 5.55820882e-01 -1.73797536e+00 -3.85962427e-03
    3.92629534e-01 -1.18413067e+00 4.69047427e-01 7.04190969e-01
    -1.68430734e+00 8.39306355e-01 9.17350471e-01 -1.52424383e+00
    1.05472255e+00 1.00984383e+00 -1.31036091e+00 -1.82630733e-01
    9.55070376e-01 -9.07875121e-01 3.17595243e-01 1.33005023e+00
    -1.42365682e+00 5.79851091e-01 1.48986733e+00 -1.34317636e+00
    7.87261665e-01 1.60318708e+00 -1.26323831e+00</data></hand_right>
</opencv_storage>
