<?xml version="1.0"?>
<opencv_storage>
<hand_right type_id="opencv-matrix">
  <rows>21</rows>
  <cols>3</cols>
  <dt>f</dt>
  <data>
    -8.29055534e-06 -7.67892379e-06 3.66977065e-06 5.92119217e-01
    -3.87394249e-01 7.07490027e-01 1.33887315e+00 -6.55251980e-01
    -2.57483423e-02 1.73348522e+00 -5.63651919e-01 -8.27563882e-01
    1.95670199e+00 -5.54678261e-01 -1.45306778e+00 5.90187669e-01
    -5.98910451e-01 -1.15061784e+00 1.03103757e+00 -4.26917136e-01
    -1.91003799e+00 1.48409605e+00 -2.09843040e-01 -2.03168774e+00
    1.81345701e+00 -4.82512116e-02 -2.08439994e+00 2.30625838e-01
    -8.21394399e-02 -1.29732430e+00 7.46694088e-01 1.82454154e-01
    -1.95371866e+00 1.14714837e+00 4.26785976e-01 -1.86865878e+00
    1.42737973e+00 5.56147635e-01 -1.73759317e+00 -5.44862077e-03
    3.92249852e-01 -1.18432546e+00 4.66787279e-01 7.03976035e-01
    -1.68505371e+00 8.37233603e-01 9.17376280e-01 -1.52479601e+00
    1.05280995e+00 1.00994515e+00 -1.31042111e+00 -1.84147045e-01
    9.54777837e-01 -9.08048689e-01 3.15385580e-01 1.32975841e+00
    -1.42450929e+00 5.77650309e-01 1.48973942e+00 -1.34426951e+00
    7.85065472e-01 1.60316205e+00 -1.26448107e+00</data></hand_right>
</opencv_storage>
