<?xml version="1.0"?>
<opencv_storage>
<hand_left type_id="opencv-matrix">
  <rows>21</rows>
  <cols>3</cols>
  <dt>f</dt>
  <data>
    -8.29006967e-06 -7.67722850e-06 3.66687664e-06 5.91859579e-01
    -3.87325436e-01 7.07733035e-01 1.33888400e+00 -6.55283213e-01
    -2.51968205e-02 1.73382044e+00 -5.63852787e-01 -8.26928616e-01
    1.95719731e+00 -5.54914355e-01 -1.45232821e+00 5.90576410e-01
    -5.99054813e-01 -1.15036559e+00 1.03155184e+00 -4.27263200e-01
    -1.90986526e+00 1.48463702e+00 -2.10278124e-01 -2.03178167e+00
    1.81408858e+00 -4.86924350e-02 -2.08477426e+00 2.31054679e-01
    -8.22924003e-02 -1.29724967e+00 7.47208595e-01 1.82129875e-01
    -1.95368433e+00 1.14758134e+00 4.26449120e-01 -1.86893928e+00
    1.42780483e+00 5.55853724e-01 -1.73822296e+00 -5.07433340e-03
    3.92114133e-01 -1.18439841e+00 4.67264831e-01 7.03756213e-01
    -1.68509078e+00 8.37561488e-01 9.17181194e-01 -1.52503669e+00
    1.05305934e+00 1.00980842e+00 -1.31094110e+00 -1.83891103e-01
    9.54667330e-01 -9.08234835e-01 3.15753102e-01 1.32962537e+00
    -1.42461932e+00 5.77966750e-01 1.48961377e+00 -1.34435868e+00
    7.85346091e-01 1.60307336e+00 -1.26457739e+00</data></hand_left>
</opencv_storage>
