<?xml version="1.0"?>
<opencv_storage>
<hand_right type_id="opencv-matrix">
  <rows>21</rows>
  <cols>3</cols>
  <dt>f</dt>
  <data>
    -8.29416331e-06 -7.66964422e-06 3.65605001e-06 5.90863645e-01
    -3.87637258e-01 7.08217442e-01 1.33838809e+00 -6.55996203e-01
    -2.38860548e-02 1.73414898e+00 -5.64859331e-01 -8.25209737e-01
    1.95811141e+00 -5.56030571e-01 -1.45028007e+00 5.91306269e-01
    -5.99285305e-01 -1.14971137e+00 1.03295219e+00 -4.27859783e-01
    -1.90894926e+00 1.48631036e+00 -2.11167067e-01 -2.03102088e+00
    1.81606197e+00 -4.97021377e-02 -2.08422899e+00 2.32208252e-01
    -8.23968276e-02 -1.29690647e+00 7.48976946e-01 1.81645915e-01
    -1.95302176e+00 1.14942777e+00 4.25776839e-01 -1.86849773e+00
    1.42977285e+00 5.55140615e-01 -1.73811460e+00 -3.80383432e-03
    3.92084599e-01 -1.18430543e+00 4.69105005e-01 7.03456283e-01
    -1.68458164e+00 8.39331388e-01 9.16721106e-01 -1.52460074e+00
    1.05475378e+00 1.00934243e+00 -1.31075692e+00 -1.82643533e-01
    9.54630792e-01 -9.08316195e-01 3.17582965e-01 1.32940757e+00
    -1.42421389e+00 5.79804301e-01 1.48927832e+00 -1.34380746e+00
    7.87210464e-01 1.60266685e+00 -1.26393330e+00</data></hand_right>
</opencv_storage>
