<?xml version="1.0"?>
<opencv_storage>
<hand_left type_id="opencv-matrix">
  <rows>21</rows>
  <cols>3</cols>
  <dt>f</dt>
  <data>
    -8.29319652e-06 -7.67197162e-06 3.65565461e-06 5.91093957e-01
    -3.87954891e-01 7.07886517e-01 1.33844113e+00 -6.55949831e-01
    -2.45463401e-02 1.73400354e+00 -5.64412415e-01 -8.25913966e-01
    1.95779622e+00 -5.55273652e-01 -1.45105839e+00 5.91005445e-01
    -5.98753810e-01 -1.15017641e+00 1.03250670e+00 -4.26914334e-01
    -1.90938449e+00 1.48578930e+00 -2.10144281e-01 -2.03123903e+00
    1.81542778e+00 -4.86859083e-02 -2.08423805e+00 2.31851339e-01
    -8.17950666e-02 -1.29704344e+00 7.48487592e-01 1.82612419e-01
    -1.95310342e+00 1.14892125e+00 4.26696718e-01 -1.86835968e+00
    1.42917979e+00 5.55945039e-01 -1.73777783e+00 -4.13699821e-03
    3.92639160e-01 -1.18414354e+00 4.68642712e-01 7.04266012e-01
    -1.68440795e+00 8.38902116e-01 9.17447209e-01 -1.52428520e+00
    1.05429411e+00 1.00991201e+00 -1.31032205e+00 -1.82904422e-01
    9.55077410e-01 -9.07841027e-01 3.17170531e-01 1.33009624e+00
    -1.42371547e+00 5.79392612e-01 1.48992741e+00 -1.34328032e+00
    7.86766708e-01 1.60325074e+00 -1.26342130e+00</data></hand_left>
</opencv_storage>
