<?xml version="1.0"?>
<opencv_storage>
<hand_right type_id="opencv-matrix">
  <rows>21</rows>
  <cols>3</cols>
  <dt>f</dt>
  <data>
    -8.27353506e-06 -7.68621248e-06 3.65998812e-06 5.92829227e-01
    -3.88030648e-01 7.06348658e-01 1.33936572e+00 -6.53867066e-01
    -2.76399851e-02 1.73357117e+00 -5.60784698e-01 -8.29484642e-01
    1.95630765e+00 -5.50544024e-01 -1.45490849e+00 5.89910388e-01
    -5.96356094e-01 -1.15189731e+00 1.02958703e+00 -4.23054397e-01
    -1.91179276e+00 1.48212755e+00 -2.05673784e-01 -2.03456736e+00
    1.81128812e+00 -4.38009202e-02 -2.08837557e+00 2.29767680e-01
    -7.97267035e-02 -1.29746699e+00 7.44503260e-01 1.86066806e-01
    -1.95432377e+00 1.14448476e+00 4.30462033e-01 -1.87070680e+00
    1.42467546e+00 5.59849858e-01 -1.74132955e+00 -6.69842958e-03
    3.94205302e-01 -1.18355501e+00 4.64396834e-01 7.07021832e-01
    -1.68445611e+00 8.34515274e-01 9.20512676e-01 -1.52534270e+00
    1.05020738e+00 1.01304519e+00 -1.31238258e+00 -1.85784131e-01
    9.55992341e-01 -9.06210423e-01 3.12599868e-01 1.33232331e+00
    -1.42268074e+00 5.74682236e-01 1.49246430e+00 -1.34277368e+00
    7.82108665e-01 1.60608912e+00 -1.26347089e+00</data></hand_right>
</opencv_storage>
