<?xml version="1.0"?>
<opencv_storage>
<hand_right type_id="opencv-matrix">
  <rows>21</rows>
  <cols>3</cols>
  <dt>f</dt>
  <data>
    -8.29310829e-06 -7.66950780e-06 3.65788583e-06 5.90902209e-01
    -3.87470663e-01 7.08282173e-01 1.33846819e+00 -6.55873179e-01
    -2.37548500e-02 1.73426819e+00 -5.64841688e-01 -8.25042963e-01
    1.95825648e+00 -5.56100607e-01 -1.45010734e+00 5.91357529e-01
    -5.99417806e-01 -1.14960933e+00 1.03299356e+00 -4.28059578e-01
    -1.90883148e+00 1.48623967e+00 -2.11379349e-01 -2.03084898e+00
    1.81585658e+00 -4.99568880e-02 -2.08402538e+00 2.32217804e-01
    -8.25855136e-02 -1.29689777e+00 7.48962522e-01 1.81408882e-01
    -1.95300329e+00 1.14931881e+00 4.25548255e-01 -1.86843443e+00
    1.42953098e+00 5.54890752e-01 -1.73801827e+00 -3.82963568e-03
    3.91893864e-01 -1.18436193e+00 4.68995661e-01 7.03208804e-01
    -1.68473136e+00 8.39206576e-01 9.16521072e-01 -1.52478039e+00
    1.05460238e+00 1.00917208e+00 -1.31097937e+00 -1.82709858e-01
    9.54477608e-01 -9.08459783e-01 3.17429245e-01 1.32918298e+00
    -1.42446458e+00 5.79619050e-01 1.48909235e+00 -1.34414315e+00
    7.87004948e-01 1.60251415e+00 -1.26438868e+00</data></hand_right>
</opencv_storage>
