<?xml version="1.0"?>
<opencv_storage>
<hand_right type_id="opencv-matrix">
  <rows>21</rows>
  <cols>3</cols>
  <dt>f</dt>
  <data>
    -8.29720739e-06 -7.67155143e-06 3.65145843e-06 5.90802670e-01
    -3.88295233e-01 7.07961142e-01 1.33829284e+00 -6.56296730e-01
    -2.43342519e-02 1.73410201e+00 -5.64651430e-01 -8.25562954e-01
    1.95808828e+00 -5.55412054e-01 -1.45065475e+00 5.91157079e-01
    -5.98646283e-01 -1.15016448e+00 1.03293562e+00 -4.26732898e-01
    -1.90918577e+00 1.48632312e+00 -2.10052282e-01 -2.03077960e+00
    1.81602049e+00 -4.86653745e-02 -2.08357143e+00 2.32191324e-01
    -8.15421417e-02 -1.29700565e+00 7.49085903e-01 1.82886288e-01
    -1.95285177e+00 1.14958382e+00 4.26842362e-01 -1.86791039e+00
    1.42986441e+00 5.55988252e-01 -1.73717713e+00 -3.68871167e-03
    3.92937005e-01 -1.18405080e+00 4.69322205e-01 7.04552770e-01
    -1.68410742e+00 8.39616656e-01 9.17596519e-01 -1.52380455e+00
    1.05499446e+00 1.00995255e+00 -1.30970633e+00 -1.82362184e-01
    9.55368817e-01 -9.07663703e-01 3.17980886e-01 1.33036244e+00
    -1.42331398e+00 5.80242813e-01 1.49010587e+00 -1.34275472e+00
    7.87644684e-01 1.60335875e+00 -1.26278043e+00</data></hand_right>
</opencv_storage>
