<?xml version="1.0"?>
<opencv_storage>
<hand_left type_id="opencv-matrix">
  <rows>21</rows>
  <cols>3</cols>
  <dt>f</dt>
  <data>
    -8.29426426e-06 -7.67222264e-06 3.65603137e-06 5.91011643e-01
    -3.87724489e-01 7.08090603e-01 1.33849931e+00 -6.55875146e-01
    -2.41554677e-02 1.73417473e+00 -5.64525366e-01 -8.25479209e-01
    1.95809889e+00 -5.55566788e-01 -1.45059681e+00 5.91219544e-01
    -5.99040568e-01 -1.14991212e+00 1.03283930e+00 -4.27375555e-01
    -1.90907383e+00 1.48614597e+00 -2.10603386e-01 -2.03091407e+00
    1.81580186e+00 -4.91218269e-02 -2.08390284e+00 2.32064113e-01
    -8.21406841e-02 -1.29698014e+00 7.48799562e-01 1.82116389e-01
    -1.95301902e+00 1.14924777e+00 4.26262617e-01 -1.86826909e+00
    1.42953885e+00 5.55593848e-01 -1.73766053e+00 -3.96110490e-03
    3.92312646e-01 -1.18424749e+00 4.68878269e-01 7.03822672e-01
    -1.68451822e+00 8.39158535e-01 9.17091787e-01 -1.52440417e+00
    1.05460310e+00 1.00967109e+00 -1.31040978e+00 -1.82792187e-01
    9.54821944e-01 -9.08132792e-01 3.17358196e-01 1.32970881e+00
    -1.42404175e+00 5.79594493e-01 1.48959589e+00 -1.34363413e+00
    7.87006617e-01 1.60298133e+00 -1.26376247e+00</data></hand_left>
</opencv_storage>
