<?xml version="1.0"?>
<opencv_storage>
<hand_right type_id="opencv-matrix">
  <rows>21</rows>
  <cols>3</cols>
  <dt>f</dt>
  <data>
    -8.29286455e-06 -7.67419533e-06 3.65661708e-06 5.91300905e-01
    -3.87919605e-01 7.07758546e-01 1.33853340e+00 -6.55778587e-01
    -2.48734653e-02 1.73389292e+00 -5.64116478e-01 -8.26333165e-01
    1.95757580e+00 -5.54915905e-01 -1.45154989e+00 5.90838253e-01
    -5.98649979e-01 -1.15033114e+00 1.03220499e+00 -4.26692486e-01
    -1.90958095e+00 1.48552120e+00 -2.09812164e-01 -2.03145313e+00
    1.81519663e+00 -4.82553244e-02 -2.08442712e+00 2.31598094e-01
    -8.17159265e-02 -1.29709911e+00 7.48095572e-01 1.82784706e-01
    -1.95325661e+00 1.14862394e+00 4.26952660e-01 -1.86856031e+00
    1.42900538e+00 5.56284904e-01 -1.73797178e+00 -4.41255793e-03
    3.92693758e-01 -1.18413210e+00 4.68259752e-01 7.04396188e-01
    -1.68446612e+00 8.38608384e-01 9.17639256e-01 -1.52438676e+00
    1.05413187e+00 1.01016927e+00 -1.31039953e+00 -1.83172718e-01
    9.55110312e-01 -9.07775879e-01 3.16799343e-01 1.33019710e+00
    -1.42374825e+00 5.79082012e-01 1.49007463e+00 -1.34336436e+00
    7.86526322e-01 1.60343266e+00 -1.26347661e+00</data></hand_right>
</opencv_storage>
