<?xml version="1.0"?>
<opencv_storage>
<hand_right type_id="opencv-matrix">
  <rows>21</rows>
  <cols>3</cols>
  <dt>f</dt>
  <data>
    -8.29251712e-06 -7.67216807e-06 3.68132942e-06 5.91840863e-01
    -3.86009365e-01 7.08467603e-01 1.33887613e+00 -6.55309021e-01
    -2.39540786e-02 1.73375797e+00 -5.65269470e-01 -8.25815320e-01
    1.95722878e+00 -5.57539225e-01 -1.45124745e+00 5.90701103e-01
    -6.01050377e-01 -1.14923024e+00 1.03183556e+00 -4.30483311e-01
    -1.90881360e+00 1.48496914e+00 -2.13600367e-01 -2.03080297e+00
    1.81440926e+00 -5.20665944e-02 -2.08382297e+00 2.31172159e-01
    -8.45878422e-02 -1.29706609e+00 7.47557402e-01 1.78815603e-01
    -1.95370793e+00 1.14800131e+00 4.23366398e-01 -1.86888647e+00
    1.42827833e+00 5.53059578e-01 -1.73788548e+00 -4.98001650e-03
    3.89993340e-01 -1.18507338e+00 4.67519462e-01 7.00830519e-01
    -1.68611121e+00 8.37922752e-01 9.14582968e-01 -1.52603281e+00
    1.05348206e+00 1.00761724e+00 -1.31161618e+00 -1.83834806e-01
    9.53021705e-01 -9.09935653e-01 3.15954834e-01 1.32706618e+00
    -1.42680252e+00 5.78180254e-01 1.48721433e+00 -1.34671772e+00
    7.85593510e-01 1.60082424e+00 -1.26699889e+00</data></hand_right>
</opencv_storage>
