<?xml version="1.0"?>
<opencv_storage>
<hand_left type_id="opencv-matrix">
  <rows>21</rows>
  <cols>3</cols>
  <dt>f</dt>
  <data>
    -8.29362671e-06 -7.67092843e-06 3.65093365e-06 5.90812504e-01
    -3.88143718e-01 7.07978845e-01 1.33835757e+00 -6.56055272e-01
    -2.42492706e-02 1.73420775e+00 -5.64436615e-01 -8.25464070e-01
    1.95819616e+00 -5.55219293e-01 -1.45049179e+00 5.91296136e-01
    -5.98575830e-01 -1.15008187e+00 1.03295517e+00 -4.26704943e-01
    -1.90920746e+00 1.48623669e+00 -2.10014164e-01 -2.03111053e+00
    1.81589615e+00 -4.86040413e-02 -2.08419466e+00 2.32234627e-01
    -8.15683976e-02 -1.29696119e+00 7.48986661e-01 1.82840526e-01
    -1.95290494e+00 1.14935493e+00 4.26836133e-01 -1.86825883e+00
    1.42954993e+00 5.56015313e-01 -1.73787665e+00 -3.74950469e-03
    3.92856300e-01 -1.18404853e+00 4.69107866e-01 7.04490542e-01
    -1.68419194e+00 8.39302778e-01 9.17605519e-01 -1.52414691e+00
    1.05464101e+00 1.01003194e+00 -1.31037962e+00 -1.82560146e-01
    9.55240607e-01 -9.07695234e-01 3.17611814e-01 1.33030272e+00
    -1.42342138e+00 5.79809904e-01 1.49010384e+00 -1.34296536e+00
    7.87177145e-01 1.60341704e+00 -1.26314354e+00</data></hand_left>
</opencv_storage>
