<?xml version="1.0"?>
<opencv_storage>
<hand_left type_id="opencv-matrix">
  <rows>21</rows>
  <cols>3</cols>
  <dt>f</dt>
  <data>
    -8.29725377e-06 -7.66882840e-06 3.65614960e-06 5.90740144e-01
    -3.87777299e-01 7.08294213e-01 1.33829844e+00 -6.56300485e-01
    -2.37482786e-02 1.73417675e+00 -5.65228224e-01 -8.25004220e-01
    1.95823586e+00 -5.56462348e-01 -1.45007670e+00 5.91283917e-01
    -5.99443793e-01 -1.14967453e+00 1.03312254e+00 -4.28060979e-01
    -1.90876687e+00 1.48648524e+00 -2.11467057e-01 -2.03049827e+00
    1.81615841e+00 -5.01296222e-02 -2.08340907e+00 2.32322603e-01
    -8.24568421e-02 -1.29692256e+00 7.49292374e-01 1.81522787e-01
    -1.95287335e+00 1.14975417e+00 4.25537944e-01 -1.86801279e+00
    1.42998409e+00 5.54761589e-01 -1.73731339e+00 -3.57723609e-03
    3.92093509e-01 -1.18432391e+00 4.69466239e-01 7.03361034e-01
    -1.68455040e+00 8.39752555e-01 9.16521907e-01 -1.52434349e+00
    1.05511701e+00 1.00903165e+00 -1.31028187e+00 -1.82288215e-01
    9.54716444e-01 -9.08353269e-01 3.18088830e-01 1.32933724e+00
    -1.42422175e+00 5.80330849e-01 1.48914254e+00 -1.34376609e+00
    7.87723720e-01 1.60245752e+00 -1.26388276e+00</data></hand_left>
</opencv_storage>
