<?xml version="1.0"?>
<opencv_storage>
<hand_right type_id="opencv-matrix">
  <rows>21</rows>
  <cols>3</cols>
  <dt>f</dt>
  <data>
    -8.29241526e-06 -7.67199253e-06 3.65618234e-06 5.91065347e-01
    -3.87742728e-01 7.08008468e-01 1.33851242e+00 -6.55778289e-01
    -2.42937803e-02 1.73415458e+00 -5.64362645e-01 -8.25617790e-01
    1.95803118e+00 -5.55345535e-01 -1.45072377e+00 5.91179430e-01
    -5.98891258e-01 -1.14998162e+00 1.03267574e+00 -4.27170455e-01
    -1.90919495e+00 1.48588634e+00 -2.10406572e-01 -2.03114986e+00
    1.81547487e+00 -4.89444137e-02 -2.08427095e+00 2.31981859e-01
    -8.20119753e-02 -1.29698133e+00 7.48594820e-01 1.82300255e-01
    -1.95305252e+00 1.14895213e+00 4.26423818e-01 -1.86841583e+00
    1.42917204e+00 5.55719554e-01 -1.73796189e+00 -4.06796858e-03
    3.92407775e-01 -1.18419540e+00 4.68642443e-01 7.03963399e-01
    -1.68451464e+00 8.38880539e-01 9.17228043e-01 -1.52451837e+00
    1.05431354e+00 1.00979567e+00 -1.31068814e+00 -1.82921827e-01
    9.54868257e-01 -9.08018053e-01 3.17102998e-01 1.32981694e+00
    -1.42395842e+00 5.79302728e-01 1.48970842e+00 -1.34361541e+00
    7.86700010e-01 1.60310805e+00 -1.26385057e+00</data></hand_right>
</opencv_storage>
