<?xml version="1.0"?>
<opencv_storage>
<hand_right type_id="opencv-matrix">
  <rows>21</rows>
  <cols>3</cols>
  <dt>f</dt>
  <data>
    -8.29174496e-06 -7.67382335e-06 3.66205450e-06 5.91409326e-01
    -3.87499273e-01 7.07934797e-01 1.33865917e+00 -6.55625939e-01
    -2.45996267e-02 1.73398626e+00 -5.64302683e-01 -8.26108098e-01
    1.95763361e+00 -5.55391252e-01 -1.45134807e+00 5.90875268e-01
    -5.99148035e-01 -1.15009570e+00 1.03222036e+00 -4.27480251e-01
    -1.90941370e+00 1.48540545e+00 -2.10636139e-01 -2.03119779e+00
    1.81492877e+00 -4.91412282e-02 -2.08409286e+00 2.31555685e-01
    -8.23187903e-02 -1.29711044e+00 7.48037219e-01 1.81977361e-01
    -1.95333695e+00 1.14842117e+00 4.26186174e-01 -1.86852694e+00
    1.42859852e+00 5.55508673e-01 -1.73778641e+00 -4.50874120e-03
    3.92126441e-01 -1.18435025e+00 4.68125105e-01 7.03667879e-01
    -1.68483388e+00 8.38363767e-01 9.16980147e-01 -1.52467358e+00
    1.05370140e+00 1.00951743e+00 -1.31056643e+00 -1.83321387e-01
    9.54681993e-01 -9.08248961e-01 3.16593230e-01 1.32957613e+00
    -1.42438757e+00 5.78787446e-01 1.48948812e+00 -1.34400499e+00
    7.86104739e-01 1.60285854e+00 -1.26416051e+00</data></hand_right>
</opencv_storage>
