<?xml version="1.0"?>
<opencv_storage>
<hand_left type_id="opencv-matrix">
  <rows>21</rows>
  <cols>3</cols>
  <dt>f</dt>
  <data>
    -8.27131771e-06 -7.69179860e-06 3.67514190e-06 5.93978226e-01
    -3.87721002e-01 7.05755353e-01 1.33965659e+00 -6.53558314e-01
    -2.93355733e-02 1.73268604e+00 -5.60433030e-01 -8.31810176e-01
    1.95463300e+00 -5.50370574e-01 -1.45765913e+00 5.88711977e-01
    -5.96438885e-01 -1.15264928e+00 1.02752936e+00 -4.22982693e-01
    -1.91295159e+00 1.47979832e+00 -2.05412537e-01 -2.03571725e+00
    1.80872130e+00 -4.35080826e-02 -2.08948183e+00 2.28206813e-01
    -7.98820779e-02 -1.29788995e+00 7.42351770e-01 1.86154664e-01
    -1.95507693e+00 1.14229321e+00 4.30670410e-01 -1.87098396e+00
    1.42240620e+00 5.60041189e-01 -1.74102414e+00 -8.23564455e-03
    3.94041777e-01 -1.18371820e+00 4.62345362e-01 7.07005143e-01
    -1.68504572e+00 8.32617879e-01 9.20573413e-01 -1.52563143e+00
    1.04842293e+00 1.01303887e+00 -1.31210840e+00 -1.87079430e-01
    9.55925345e-01 -9.06247854e-01 3.10794085e-01 1.33223820e+00
    -1.42320883e+00 5.72854757e-01 1.49239588e+00 -1.34336364e+00
    7.80240297e-01 1.60601211e+00 -1.26410115e+00</data></hand_left>
</opencv_storage>
