<?xml version="1.0"?>
<opencv_storage>
<hand_left type_id="opencv-matrix">
  <rows>21</rows>
  <cols>3</cols>
  <dt>f</dt>
  <data>
    -8.27309395e-06 -7.68948576e-06 3.67099483e-06 5.93477368e-01
    -3.87617439e-01 7.06198573e-01 1.33957899e+00 -6.53730452e-01
    -2.83193737e-02 1.73314226e+00 -5.60872197e-01 -8.30559909e-01
    1.95547926e+00 -5.50971150e-01 -1.45625246e+00 5.89345932e-01
    -5.96768856e-01 -1.15214527e+00 1.02865982e+00 -4.23563063e-01
    -1.91226554e+00 1.48102760e+00 -2.06077248e-01 -2.03488135e+00
    1.81000519e+00 -4.42228615e-02 -2.08851886e+00 2.28982896e-01
    -8.02234784e-02 -1.29773569e+00 7.43562758e-01 1.85603797e-01
    -1.95470691e+00 1.14348626e+00 4.30112004e-01 -1.87048793e+00
    1.42351317e+00 5.59484243e-01 -1.74041557e+00 -7.49744847e-03
    3.93747389e-01 -1.18381858e+00 4.63437617e-01 7.06556320e-01
    -1.68496788e+00 8.33616376e-01 9.20128703e-01 -1.52542460e+00
    1.04923391e+00 1.01260900e+00 -1.31182992e+00 -1.86484993e-01
    9.55708504e-01 -9.06580508e-01 3.11721444e-01 1.33188725e+00
    -1.42334723e+00 5.73745966e-01 1.49204314e+00 -1.34337139e+00
    7.81067908e-01 1.60565090e+00 -1.26401758e+00</data></hand_left>
</opencv_storage>
