<?xml version="1.0"?>
<opencv_storage>
<hand_left type_id="opencv-matrix">
  <rows>21</rows>
  <cols>3</cols>
  <dt>f</dt>
  <data>
    -8.29885084e-06 -7.67136498e-06 3.65840424e-06 5.90965629e-01
    -3.87956589e-01 7.08074927e-01 1.33833623e+00 -6.56314015e-01
    -2.42715925e-02 1.73396635e+00 -5.64992726e-01 -8.25614393e-01
    1.95788336e+00 -5.56104183e-01 -1.45081139e+00 5.91032386e-01
    -5.99148393e-01 -1.15001011e+00 1.03278160e+00 -4.27458644e-01
    -1.90902340e+00 1.48613048e+00 -2.10767090e-01 -2.03044629e+00
    1.81572187e+00 -4.94244993e-02 -2.08307099e+00 2.32029840e-01
    -8.21051747e-02 -1.29703832e+00 7.48949945e-01 1.82142586e-01
    -1.95291054e+00 1.14944720e+00 4.26148564e-01 -1.86768818e+00
    1.42967772e+00 5.55315256e-01 -1.73661804e+00 -3.83271649e-03
    3.92427206e-01 -1.18424726e+00 4.69160378e-01 7.03867078e-01
    -1.68442440e+00 8.39522183e-01 9.16980088e-01 -1.52395332e+00
    1.05492485e+00 1.00939143e+00 -1.30956423e+00 -1.82456523e-01
    9.55006719e-01 -9.08078372e-01 3.17876458e-01 1.32973993e+00
    -1.42391503e+00 5.80135584e-01 1.48951781e+00 -1.34339964e+00
    7.87546337e-01 1.60280657e+00 -1.26343668e+00</data></hand_left>
</opencv_storage>
