<?xml version="1.0"?>
<opencv_storage>
<hand_left type_id="opencv-matrix">
  <rows>21</rows>
  <cols>3</cols>
  <dt>f</dt>
  <data>
    -8.29483361e-06 -7.66821177e-06 3.65889105e-06 5.90769291e-01
    -3.87308359e-01 7.08491981e-01 1.33840489e+00 -6.56029046e-01
    -2.33688802e-02 1.73430133e+00 -5.65285444e-01 -8.24652910e-01
    1.95836318e+00 -5.56760073e-01 -1.44968951e+00 5.91447711e-01
    -5.99868536e-01 -1.14934659e+00 1.03321385e+00 -4.28809941e-01
    -1.90858543e+00 1.48653412e+00 -2.12208867e-01 -2.03060174e+00
    1.81621981e+00 -5.08170724e-02 -2.08376312e+00 2.32382879e-01
    -8.30364749e-02 -1.29685247e+00 7.49256492e-01 1.80689037e-01
    -1.95299220e+00 1.14965534e+00 4.24826384e-01 -1.86844552e+00
    1.42989349e+00 5.54198205e-01 -1.73801327e+00 -3.62884253e-03
    3.91511202e-01 -1.18450415e+00 4.69341010e-01 7.02624321e-01
    -1.68488932e+00 8.39539468e-01 9.15941894e-01 -1.52491999e+00
    1.05488586e+00 1.00862849e+00 -1.31106341e+00 -1.82485029e-01
    9.54212010e-01 -9.08809721e-01 3.17803860e-01 1.32870841e+00
    -1.42484164e+00 5.80006003e-01 1.48860562e+00 -1.34448123e+00
    7.87377775e-01 1.60201597e+00 -1.26466453e+00</data></hand_left>
</opencv_storage>
