<?xml version="1.0"?>
<opencv_storage>
<hand_right type_id="opencv-matrix">
  <rows>21</rows>
  <cols>3</cols>
  <dt>f</dt>
  <data>
    -8.29331293e-06 -7.67502843e-06 3.66069162e-06 5.91463864e-01
    -3.87595087e-01 7.07848072e-01 1.33864999e+00 -6.55647814e-01
    -2.48155743e-02 1.73387003e+00 -5.64192414e-01 -8.26374173e-01
    1.95750356e+00 -5.55217028e-01 -1.45167160e+00 5.90789557e-01
    -5.99002600e-01 -1.15020955e+00 1.03213620e+00 -4.27192032e-01
    -1.90947771e+00 1.48546338e+00 -2.10241586e-01 -2.03127909e+00
    1.81512642e+00 -4.86379564e-02 -2.08416533e+00 2.31470987e-01
    -8.21512043e-02 -1.29712498e+00 7.47979403e-01 1.82249114e-01
    -1.95332515e+00 1.14855468e+00 4.26531523e-01 -1.86847651e+00
    1.42897880e+00 5.55964947e-01 -1.73765433e+00 -4.57463413e-03
    3.92280579e-01 -1.18428946e+00 4.68090653e-01 7.03895211e-01
    -1.68471038e+00 8.38506043e-01 9.17254090e-01 -1.52452588e+00
    1.05409420e+00 1.00988746e+00 -1.31031799e+00 -1.83351353e-01
    9.54796553e-01 -9.08117831e-01 3.16608250e-01 1.32974505e+00
    -1.42422962e+00 5.78907251e-01 1.48968780e+00 -1.34386563e+00
    7.86372542e-01 1.60309505e+00 -1.26394856e+00</data></hand_right>
</opencv_storage>
