<?xml version="1.0"?>
<opencv_storage>
<hand_left type_id="opencv-matrix">
  <rows>21</rows>
  <cols>3</cols>
  <dt>f</dt>
  <data>
    -8.29230885e-06 -7.67399797e-06 3.66391578e-06 5.91433465e-01
    -3.87327343e-01 7.08039522e-01 1.33871865e+00 -6.55576348e-01
    -2.44622678e-02 1.73404729e+00 -5.64391673e-01 -8.26000333e-01
    1.95772982e+00 -5.55641711e-01 -1.45126104e+00 5.90961576e-01
    -5.99330187e-01 -1.14997637e+00 1.03230143e+00 -4.27768081e-01
    -1.90930927e+00 1.48545349e+00 -2.10918069e-01 -2.03114510e+00
    1.81495023e+00 -4.94250357e-02 -2.08409810e+00 2.31611878e-01
    -8.25436041e-02 -1.29710674e+00 7.48113632e-01 1.81668878e-01
    -1.95334065e+00 1.14847469e+00 4.25916255e-01 -1.86849093e+00
    1.42864072e+00 5.55278659e-01 -1.73771703e+00 -4.48032096e-03
    3.91911864e-01 -1.18443632e+00 4.68130231e-01 7.03380883e-01
    -1.68497169e+00 8.38398337e-01 9.16761458e-01 -1.52482653e+00
    1.05379808e+00 1.00937986e+00 -1.31069851e+00 -1.83326051e-01
    9.54522312e-01 -9.08444107e-01 3.16582978e-01 1.32931423e+00
    -1.42466199e+00 5.78773618e-01 1.48926795e+00 -1.34433532e+00
    7.86125898e-01 1.60269737e+00 -1.26453590e+00</data></hand_left>
</opencv_storage>
