<?xml version="1.0"?>
<opencv_storage>
<hand_left type_id="opencv-matrix">
  <rows>21</rows>
  <cols>3</cols>
  <dt>f</dt>
  <data>
    -8.29238888e-06 -7.67378697e-06 3.65961091e-06 5.91315925e-01
    -3.87703210e-01 7.07901835e-01 1.33862340e+00 -6.55709445e-01
    -2.46400386e-02 1.73405194e+00 -5.64246297e-01 -8.26094449e-01
    1.95777094e+00 -5.55227697e-01 -1.45132208e+00 5.90952277e-01
    -5.98908484e-01 -1.15017223e+00 1.03232098e+00 -4.27116752e-01
    -1.90944433e+00 1.48548293e+00 -2.10300207e-01 -2.03125882e+00
    1.81498742e+00 -4.88382280e-02 -2.08420992e+00 2.31683061e-01
    -8.20213109e-02 -1.29710591e+00 7.48194098e-01 1.82365760e-01
    -1.95324767e+00 1.14854991e+00 4.26507533e-01 -1.86843133e+00
    1.42871296e+00 5.55767775e-01 -1.73775220e+00 -4.35933098e-03
    3.92411321e-01 -1.18424881e+00 4.68267858e-01 7.04010725e-01
    -1.68466902e+00 8.38527203e-01 9.17271435e-01 -1.52454436e+00
    1.05392861e+00 1.00978160e+00 -1.31051850e+00 -1.83157846e-01
    9.54914689e-01 -9.08029079e-01 3.16787481e-01 1.32985950e+00
    -1.42409241e+00 5.78989148e-01 1.48975146e+00 -1.34372354e+00
    7.86358714e-01 1.60313380e+00 -1.26391590e+00</data></hand_left>
</opencv_storage>
