<?xml version="1.0"?>
<opencv_storage>
<hand_left type_id="opencv-matrix">
  <rows>21</rows>
  <cols>3</cols>
  <dt>f</dt>
  <data>
    -8.29073815e-06 -7.67362690e-06 3.66639392e-06 5.91560602e-01
    -3.87066782e-01 7.08022535e-01 1.33869803e+00 -6.55437231e-01
    -2.45392174e-02 1.73383927e+00 -5.64420938e-01 -8.26170325e-01
    1.95739508e+00 -5.55782676e-01 -1.45145190e+00 5.90755105e-01
    -5.99634588e-01 -1.14986312e+00 1.03192735e+00 -4.28292692e-01
    -1.90933418e+00 1.48513222e+00 -2.11415231e-01 -2.03141308e+00
    1.81471682e+00 -4.98456359e-02 -2.08454227e+00 2.31356159e-01
    -8.29307437e-02 -1.29706371e+00 7.47680783e-01 1.81075603e-01
    -1.95352769e+00 1.14814055e+00 4.25412893e-01 -1.86900723e+00
    1.42847109e+00 5.54911017e-01 -1.73847795e+00 -4.74140793e-03
    3.91532212e-01 -1.18451273e+00 4.67761427e-01 7.02863216e-01
    -1.68521440e+00 8.38083088e-01 9.16331410e-01 -1.52531374e+00
    1.05361414e+00 1.00910151e+00 -1.31136787e+00 -1.83569491e-01
    9.54183757e-01 -9.08673584e-01 3.16232502e-01 1.32885993e+00
    -1.42507648e+00 5.78480124e-01 1.48886323e+00 -1.34487009e+00
    7.85898328e-01 1.60234082e+00 -1.26511288e+00</data></hand_left>
</opencv_storage>
