<?xml version="1.0"?>
<opencv_storage>
<hand_left type_id="opencv-matrix">
  <rows>21</rows>
  <cols>3</cols>
  <dt>f</dt>
  <data>
    -8.29399323e-06 -7.67106303e-06 3.65351707e-06 5.90887070e-01
    -3.88022184e-01 7.07990289e-01 1.33837533e+00 -6.56017423e-01
    -2.42618322e-02 1.73414755e+00 -5.64494014e-01 -8.25507879e-01
    1.95809448e+00 -5.55345893e-01 -1.45057225e+00 5.91225326e-01
    -5.98718822e-01 -1.15003920e+00 1.03282678e+00 -4.26917970e-01
    -1.90918434e+00 1.48607099e+00 -2.10229337e-01 -2.03106260e+00
    1.81568813e+00 -4.88308966e-02 -2.08415151e+00 2.32143492e-01
    -8.17396343e-02 -1.29696178e+00 7.48861313e-01 1.82622850e-01
    -1.95292091e+00 1.14921451e+00 4.26637441e-01 -1.86823797e+00
    1.42942607e+00 5.55841565e-01 -1.73778486e+00 -3.83835658e-03
    3.92694384e-01 -1.18409455e+00 4.68983114e-01 7.04279721e-01
    -1.68428540e+00 8.39193821e-01 9.17427301e-01 -1.52422917e+00
    1.05457890e+00 1.00989306e+00 -1.31039858e+00 -1.82631895e-01
    9.55113530e-01 -9.07806337e-01 3.17516863e-01 1.33010018e+00
    -1.42357945e+00 5.79707384e-01 1.48991156e+00 -1.34315562e+00
    7.87095070e-01 1.60325778e+00 -1.26335537e+00</data></hand_left>
</opencv_storage>
