<?xml version="1.0"?>
<opencv_storage>
<hand_left type_id="opencv-matrix">
  <rows>21</rows>
  <cols>3</cols>
  <dt>f</dt>
  <data>
    -8.29170585e-06 -7.67091387e-06 3.66215045e-06 5.91203928e-01
    -3.87270451e-01 7.08158255e-01 1.33854532e+00 -6.55685067e-01
    -2.41363645e-02 1.73400092e+00 -5.64684272e-01 -8.25620770e-01
    1.95775735e+00 -5.56006789e-01 -1.45078468e+00 5.91094613e-01
    -5.99498332e-01 -1.14972699e+00 1.03247833e+00 -4.28162545e-01
    -1.90911138e+00 1.48571086e+00 -2.11384684e-01 -2.03126860e+00
    1.81535125e+00 -4.98795807e-02 -2.08453512e+00 2.31821150e-01
    -8.27379003e-02 -1.29697132e+00 7.48367906e-01 1.81267262e-01
    -1.95325756e+00 1.14875817e+00 4.25512165e-01 -1.86874247e+00
    1.42904532e+00 5.54947555e-01 -1.73831546e+00 -4.26633283e-03
    3.91723514e-01 -1.18443644e+00 4.68431205e-01 7.03068614e-01
    -1.68492270e+00 8.38654339e-01 9.16453719e-01 -1.52498949e+00
    1.05408931e+00 1.00916016e+00 -1.31111670e+00 -1.83146894e-01
    9.54322696e-01 -9.08558786e-01 3.16848755e-01 1.32904363e+00
    -1.42469907e+00 5.79040229e-01 1.48898542e+00 -1.34439409e+00
    7.86418974e-01 1.60243225e+00 -1.26460421e+00</data></hand_left>
</opencv_storage>
