<?xml version="1.0"?>
<opencv_storage>
<hand_right type_id="opencv-matrix">
  <rows>21</rows>
  <cols>3</cols>
  <dt>f</dt>
  <data>
    -8.27785334e-06 -7.68304017e-06 3.66192080e-06 5.92495322e-01
    -3.87774408e-01 7.06844747e-01 1.33927214e+00 -6.54266417e-01
    -2.67428905e-02 1.73379660e+00 -5.61727166e-01 -8.28527927e-01
    1.95678329e+00 -5.51931381e-01 -1.45390213e+00 5.90251923e-01
    -5.97199678e-01 -1.15137887e+00 1.03036106e+00 -4.24395978e-01
    -1.91116583e+00 1.48298883e+00 -2.07182139e-01 -2.03367138e+00
    1.81217170e+00 -4.54466641e-02 -2.08725452e+00 2.30282053e-01
    -8.05419385e-02 -1.29740715e+00 7.45492339e-01 1.84827536e-01
    -1.95408976e+00 1.14547193e+00 4.29169774e-01 -1.87006748e+00
    1.42552948e+00 5.58501720e-01 -1.74026299e+00 -6.11412153e-03
    3.93534958e-01 -1.18384731e+00 4.65378761e-01 7.05993056e-01
    -1.68466091e+00 8.35449815e-01 9.19443130e-01 -1.52520704e+00
    1.05093002e+00 1.01193988e+00 -1.31190348e+00 -1.85166717e-01
    9.55571294e-01 -9.06890333e-01 3.13617826e-01 1.33148825e+00
    -1.42329860e+00 5.75666904e-01 1.49156868e+00 -1.34322953e+00
    7.82989979e-01 1.60511816e+00 -1.26379108e+00</data></hand_right>
</opencv_storage>
