<?xml version="1.0"?>
<opencv_storage>
<hand_left type_id="opencv-matrix">
  <rows>21</rows>
  <cols>3</cols>
  <dt>f</dt>
  <data>
    -8.29167220e-06 -7.67494566e-06 3.66008771e-06 5.91447830e-01
    -3.87662977e-01 7.07802594e-01 1.33865440e+00 -6.55586421e-01
    -2.48610377e-02 1.73392367e+00 -5.64044595e-01 -8.26383114e-01
    1.95753837e+00 -5.54953575e-01 -1.45165336e+00 5.90806842e-01
    -5.98863125e-01 -1.15026283e+00 1.03208327e+00 -4.27010715e-01
    -1.90958476e+00 1.48533416e+00 -2.10097015e-01 -2.03146887e+00
    1.81494117e+00 -4.85236943e-02 -2.08443189e+00 2.31479019e-01
    -8.20035338e-02 -1.29712427e+00 7.47883797e-01 1.82423800e-01
    -1.95338488e+00 1.14837003e+00 4.26655829e-01 -1.86869264e+00
    1.42870164e+00 5.56028903e-01 -1.73806190e+00 -4.58194688e-03
    3.92409921e-01 -1.18424141e+00 4.67995226e-01 7.04056859e-01
    -1.68471467e+00 8.38320911e-01 9.17376280e-01 -1.52466393e+00
    1.05382919e+00 1.00996399e+00 -1.31066144e+00 -1.83383226e-01
    9.54888701e-01 -9.07998860e-01 3.16493154e-01 1.32990122e+00
    -1.42412376e+00 5.78754187e-01 1.48982680e+00 -1.34379101e+00
    7.86176682e-01 1.60323000e+00 -1.26393700e+00</data></hand_left>
</opencv_storage>
