<?xml version="1.0"?>
<opencv_storage>
<hand_right type_id="opencv-matrix">
  <rows>21</rows>
  <cols>3</cols>
  <dt>f</dt>
  <data>
    -8.28371867e-06 -7.67893198e-06 3.66474274e-06 5.92135429e-01
    -3.87558639e-01 7.07308471e-01 1.33905923e+00 -6.54842734e-01
    -2.58968771e-02 1.73384130e+00 -5.62922835e-01 -8.27628732e-01
    1.95707405e+00 -5.53609908e-01 -1.45300210e+00 5.90476751e-01
    -5.98090172e-01 -1.15085053e+00 1.03104806e+00 -4.25784200e-01
    -1.91046476e+00 1.48382974e+00 -2.08711803e-01 -2.03267312e+00
    1.81306434e+00 -4.71118093e-02 -2.08600569e+00 2.30736911e-01
    -8.13912451e-02 -1.29732847e+00 7.46503413e-01 1.83557093e-01
    -1.95377195e+00 1.14659607e+00 4.27867055e-01 -1.86921406e+00
    1.42664468e+00 5.57186365e-01 -1.73882747e+00 -5.53884357e-03
    3.92840981e-01 -1.18411076e+00 4.66401398e-01 7.04915285e-01
    -1.68482041e+00 8.36577356e-01 9.18350101e-01 -1.52497315e+00
    1.05203676e+00 1.01088297e+00 -1.31118214e+00 -1.84498593e-01
    9.55125868e-01 -9.07544017e-01 3.14726055e-01 1.33056509e+00
    -1.42389524e+00 5.76806426e-01 1.49059844e+00 -1.34371936e+00
    7.84133732e-01 1.60410726e+00 -1.26416433e+00</data></hand_right>
</opencv_storage>
