<?xml version="1.0"?>
<opencv_storage>
<hand_right type_id="opencv-matrix">
  <rows>21</rows>
  <cols>3</cols>
  <dt>f</dt>
  <data>
    -8.29428882e-06 -7.66998710e-06 3.65427877e-06 5.90834439e-01
    -3.87833148e-01 7.08134532e-01 1.33834600e+00 -6.56062961e-01
    -2.40251124e-02 1.73412859e+00 -5.64767718e-01 -8.25319469e-01
    1.95808864e+00 -5.55801809e-01 -1.45038247e+00 5.91255009e-01
    -5.99095225e-01 -1.14983726e+00 1.03292167e+00 -4.27546203e-01
    -1.90903902e+00 1.48629332e+00 -2.10864335e-01 -2.03101873e+00
    1.81603408e+00 -4.94171381e-02 -2.08412504e+00 2.32196495e-01
    -8.21459144e-02 -1.29692578e+00 7.48962522e-01 1.81980789e-01
    -1.95301116e+00 1.14942324e+00 4.26052332e-01 -1.86846542e+00
    1.42973685e+00 5.55342376e-01 -1.73808348e+00 -3.77881899e-03
    3.92333150e-01 -1.18422318e+00 4.69136298e-01 7.03763127e-01
    -1.68446219e+00 8.39360356e-01 9.16951656e-01 -1.52445757e+00
    1.05473816e+00 1.00948763e+00 -1.31063509e+00 -1.82573900e-01
    9.54839945e-01 -9.08117533e-01 3.17664683e-01 1.32968533e+00
    -1.42396700e+00 5.79898477e-01 1.48951685e+00 -1.34352493e+00
    7.87289858e-01 1.60285580e+00 -1.26363111e+00</data></hand_right>
</opencv_storage>
