<?xml version="1.0"?>
<opencv_storage>
<hand_left type_id="opencv-matrix">
  <rows>21</rows>
  <cols>3</cols>
  <dt>f</dt>
  <data>
    -8.29483270e-06 -7.67057099e-06 3.65463711e-06 5.90864718e-01
    -3.87873054e-01 7.08115935e-01 1.33839786e+00 -6.56039357e-01
    -2.40684599e-02 1.73419333e+00 -5.64675331e-01 -8.25335145e-01
    1.95817602e+00 -5.55674434e-01 -1.45042157e+00 5.91284692e-01
    -5.98985732e-01 -1.14989626e+00 1.03297043e+00 -4.27324057e-01
    -1.90902841e+00 1.48627901e+00 -2.10623533e-01 -2.03087878e+00
    1.81593597e+00 -4.92038727e-02 -2.08390713e+00 2.32211381e-01
    -8.20295140e-02 -1.29695177e+00 7.49009252e-01 1.82202920e-01
    -1.95293760e+00 1.14942658e+00 4.26263571e-01 -1.86820662e+00
    1.42967284e+00 5.55517435e-01 -1.73766637e+00 -3.77138332e-03
    3.92437249e-01 -1.18419969e+00 4.69118953e-01 7.03922510e-01
    -1.68441737e+00 8.39367986e-01 9.17112947e-01 -1.52432072e+00
    1.05477452e+00 1.00963402e+00 -1.31040847e+00 -1.82572022e-01
    9.54930544e-01 -9.08042669e-01 3.17642659e-01 1.32980323e+00
    -1.42387974e+00 5.79865754e-01 1.48964047e+00 -1.34345925e+00
    7.87267327e-01 1.60299671e+00 -1.26361001e+00</data></hand_left>
</opencv_storage>
