<?xml version="1.0"?>
<opencv_storage>
<hand_right type_id="opencv-matrix">
  <rows>21</rows>
  <cols>3</cols>
  <dt>f</dt>
  <data>
    -8.29419696e-06 -7.67287202e-06 3.65560186e-06 5.91122091e-01
    -3.87958139e-01 7.07883716e-01 1.33845592e+00 -6.55945122e-01
    -2.45961845e-02 1.73397779e+00 -5.64377964e-01 -8.25986505e-01
    1.95777166e+00 -5.55243492e-01 -1.45115435e+00 5.90977788e-01
    -5.98773181e-01 -1.15019417e+00 1.03248882e+00 -4.26918715e-01
    -1.90938616e+00 1.48582149e+00 -2.10120320e-01 -2.03119946e+00
    1.81549907e+00 -4.86281514e-02 -2.08414197e+00 2.31826276e-01
    -8.18030462e-02 -1.29705441e+00 7.48467565e-01 1.82600752e-01
    -1.95312500e+00 1.14897037e+00 4.26706344e-01 -1.86836445e+00
    1.42929840e+00 5.55984378e-01 -1.73774266e+00 -4.14858013e-03
    3.92639935e-01 -1.18415034e+00 4.68641937e-01 7.04259992e-01
    -1.68441546e+00 8.38957608e-01 9.17452812e-01 -1.52427411e+00
    1.05441499e+00 1.00994301e+00 -1.31026244e+00 -1.82891607e-01
    9.55090344e-01 -9.07851815e-01 3.17211092e-01 1.33009124e+00
    -1.42374408e+00 5.79476774e-01 1.48993289e+00 -1.34330952e+00
    7.86895514e-01 1.60326290e+00 -1.26340413e+00</data></hand_right>
</opencv_storage>
