<?xml version="1.0"?>
<opencv_storage>
<hand_left type_id="opencv-matrix">
  <rows>21</rows>
  <cols>3</cols>
  <dt>f</dt>
  <data>
    -8.29769397e-06 -7.67170786e-06 3.65856931e-06 5.91030419e-01
    -3.87921900e-01 7.08031714e-01 1.33836794e+00 -6.56229496e-01
    -2.43604779e-02 1.73394823e+00 -5.64890146e-01 -8.25726449e-01
    1.95781493e+00 -5.55970550e-01 -1.45092630e+00 5.90965927e-01
    -5.99140227e-01 -1.15004253e+00 1.03264320e+00 -4.27455455e-01
    -1.90911031e+00 1.48597014e+00 -2.10754037e-01 -2.03059387e+00
    1.81555533e+00 -4.93942797e-02 -2.08325863e+00 2.31930181e-01
    -8.21155831e-02 -1.29705083e+00 7.48771250e-01 1.82131991e-01
    -1.95298564e+00 1.14926291e+00 4.26153988e-01 -1.86784840e+00
    1.42949128e+00 5.55331588e-01 -1.73685491e+00 -3.94602865e-03
    3.92408222e-01 -1.18424714e+00 4.68985021e-01 7.03855395e-01
    -1.68448186e+00 8.39340985e-01 9.16984320e-01 -1.52407956e+00
    1.05474389e+00 1.00940537e+00 -1.30975962e+00 -1.82574630e-01
    9.54982460e-01 -9.08075452e-01 3.17692995e-01 1.32973385e+00
    -1.42396581e+00 5.79955697e-01 1.48952460e+00 -1.34347701e+00
    7.87359834e-01 1.60281456e+00 -1.26354027e+00</data></hand_left>
</opencv_storage>
