<?xml version="1.0"?>
<opencv_storage>
<hand_right type_id="opencv-matrix">
  <rows>21</rows>
  <cols>3</cols>
  <dt>f</dt>
  <data>
    -8.28692646e-06 -7.67779784e-06 3.66333734e-06 5.91935456e-01
    -3.87478948e-01 7.07486331e-01 1.33887982e+00 -6.55080557e-01
    -2.55590081e-02 1.73371840e+00 -5.63364029e-01 -8.27287316e-01
    1.95701957e+00 -5.54160357e-01 -1.45265114e+00 5.90476692e-01
    -5.98557532e-01 -1.15058100e+00 1.03126240e+00 -4.26522255e-01
    -1.91015804e+00 1.48437989e+00 -2.09439784e-01 -2.03240705e+00
    1.81394088e+00 -4.77277040e-02 -2.08568382e+00 2.30876416e-01
    -8.18297267e-02 -1.29722846e+00 7.46810675e-01 1.82802439e-01
    -1.95377123e+00 1.14724457e+00 4.27184790e-01 -1.86941671e+00
    1.42765403e+00 5.56691468e-01 -1.73908758e+00 -5.31360134e-03
    3.92481565e-01 -1.18420994e+00 4.66866046e-01 7.04325914e-01
    -1.68490338e+00 8.37193012e-01 9.17795300e-01 -1.52514338e+00
    1.05284166e+00 1.01049972e+00 -1.31136417e+00 -1.84198752e-01
    9.54860866e-01 -9.07846212e-01 3.15261900e-01 1.33009899e+00
    -1.42420328e+00 5.77509046e-01 1.49013007e+00 -1.34403312e+00
    7.84968197e-01 1.60363770e+00 -1.26430893e+00</data></hand_right>
</opencv_storage>
