<?xml version="1.0"?>
<opencv_storage>
<hand_left type_id="opencv-matrix">
  <rows>21</rows>
  <cols>3</cols>
  <dt>f</dt>
  <data>
    -8.29576857e-06 -7.66986432e-06 3.65855249e-06 5.90920150e-01
    -3.87546986e-01 7.08275914e-01 1.33843839e+00 -6.56014979e-01
    -2.38504708e-02 1.73417187e+00 -5.64954638e-01 -8.25189948e-01
    1.95813835e+00 -5.56213439e-01 -1.45032465e+00 5.91277242e-01
    -5.99466324e-01 -1.14967275e+00 1.03298068e+00 -4.28067625e-01
    -1.90884089e+00 1.48632908e+00 -2.11356133e-01 -2.03070593e+00
    1.81601286e+00 -4.99134362e-02 -2.08373046e+00 2.32181683e-01
    -8.25784057e-02 -1.29693878e+00 7.49022186e-01 1.81433201e-01
    -1.95299530e+00 1.14950085e+00 4.25579339e-01 -1.86822724e+00
    1.42981553e+00 5.54935813e-01 -1.73757446e+00 -3.80932912e-03
    3.91933799e-01 -1.18437886e+00 4.69117403e-01 7.03242064e-01
    -1.68469226e+00 8.39421034e-01 9.16530132e-01 -1.52457809e+00
    1.05489779e+00 1.00917399e+00 -1.31055391e+00 -1.82610720e-01
    9.54549372e-01 -9.08460319e-01 3.17638993e-01 1.32921064e+00
    -1.42443550e+00 5.79886734e-01 1.48909700e+00 -1.34406352e+00
    7.87319899e-01 1.60249734e+00 -1.26419830e+00</data></hand_left>
</opencv_storage>
