<?xml version="1.0"?>
<opencv_storage>
<hand_right type_id="opencv-matrix">
  <rows>21</rows>
  <cols>3</cols>
  <dt>f</dt>
  <data>
    -8.29276723e-06 -7.67057918e-06 3.65347023e-06 5.90887427e-01
    -3.87971044e-01 7.08008766e-01 1.33839142e+00 -6.55983627e-01
    -2.42179632e-02 1.73417914e+00 -5.64499021e-01 -8.25466633e-01
    1.95811760e+00 -5.55381060e-01 -1.45051658e+00 5.91245651e-01
    -5.98757982e-01 -1.15000987e+00 1.03284407e+00 -4.26995337e-01
    -1.90918112e+00 1.48607254e+00 -2.10308820e-01 -2.03111005e+00
    1.81567788e+00 -4.89102006e-02 -2.08421755e+00 2.32144907e-01
    -8.18015784e-02 -1.29696178e+00 7.48847961e-01 1.82530835e-01
    -1.95296109e+00 1.14918065e+00 4.26555961e-01 -1.86832404e+00
    1.42933857e+00 5.55752933e-01 -1.73792207e+00 -3.85783240e-03
    3.92629772e-01 -1.18411970e+00 4.68949705e-01 7.04203248e-01
    -1.68434691e+00 8.39128673e-01 9.17358637e-01 -1.52432048e+00
    1.05445230e+00 1.00981688e+00 -1.31054509e+00 -1.82680652e-01
    9.55055773e-01 -9.07857358e-01 3.17434132e-01 1.33004594e+00
    -1.42366982e+00 5.79611301e-01 1.48986888e+00 -1.34325504e+00
    7.86960006e-01 1.60320425e+00 -1.26347160e+00</data></hand_right>
</opencv_storage>
