<?xml version="1.0"?>
<opencv_storage>
<hand_right type_id="opencv-matrix">
  <rows>21</rows>
  <cols>3</cols>
  <dt>f</dt>
  <data>
    -8.29253349e-06 -7.67263373e-06 3.65812616e-06 5.91190934e-01
    -3.87676477e-01 7.07975328e-01 1.33855319e+00 -6.55764580e-01
    -2.44225860e-02 1.73406219e+00 -5.64383030e-01 -8.25837493e-01
    1.95783627e+00 -5.55390596e-01 -1.45100212e+00 5.91047466e-01
    -5.98991930e-01 -1.15004563e+00 1.03250694e+00 -4.27288890e-01
    -1.90930665e+00 1.48576164e+00 -2.10481912e-01 -2.03119040e+00
    1.81537843e+00 -4.89876270e-02 -2.08420324e+00 2.31812775e-01
    -8.21181163e-02 -1.29703975e+00 7.48397052e-01 1.82192102e-01
    -1.95318103e+00 1.14880729e+00 4.26359713e-01 -1.86847734e+00
    1.42906260e+00 5.55686712e-01 -1.73789525e+00 -4.23502177e-03
    3.92318040e-01 -1.18425977e+00 4.68493283e-01 7.03880191e-01
    -1.68461514e+00 8.38735819e-01 9.17158961e-01 -1.52452505e+00
    1.05412924e+00 1.00970924e+00 -1.31054020e+00 -1.83064237e-01
    9.54815626e-01 -9.08104539e-01 3.16956878e-01 1.32976031e+00
    -1.42409372e+00 5.79164386e-01 1.48965216e+00 -1.34369445e+00
    7.86529899e-01 1.60302687e+00 -1.26384556e+00</data></hand_right>
</opencv_storage>
