<?xml version="1.0"?>
<opencv_storage>
<hand_right type_id="opencv-matrix">
  <rows>21</rows>
  <cols>3</cols>
  <dt>f</dt>
  <data>
    -8.28800694e-06 -7.67699294e-06 3.66502172e-06 5.91865659e-01
    -3.87368917e-01 7.07619905e-01 1.33884656e+00 -6.55165374e-01
    -2.53257751e-02 1.73374891e+00 -5.63623428e-01 -8.27027559e-01
    1.95710468e+00 -5.54561734e-01 -1.45239079e+00 5.90518892e-01
    -5.98857880e-01 -1.15041029e+00 1.03139830e+00 -4.26992536e-01
    -1.90994477e+00 1.48450518e+00 -2.09968507e-01 -2.03205895e+00
    1.81401539e+00 -4.83174622e-02 -2.08520985e+00 2.30971396e-01
    -8.21282491e-02 -1.29720020e+00 7.46993423e-01 1.82343006e-01
    -1.95372355e+00 1.14741254e+00 4.26696002e-01 -1.86926091e+00
    1.42774880e+00 5.56164384e-01 -1.73881710e+00 -5.18396869e-03
    3.92230183e-01 -1.18429649e+00 4.67053652e-01 7.03929901e-01
    -1.68502498e+00 8.37379575e-01 9.17384684e-01 -1.52520096e+00
    1.05297637e+00 1.01008236e+00 -1.31134999e+00 -1.84036016e-01
    9.54697132e-01 -9.08065021e-01 3.15496087e-01 1.32976079e+00
    -1.42447376e+00 5.77742577e-01 1.48977995e+00 -1.34430230e+00
    7.85183549e-01 1.60327530e+00 -1.26458049e+00</data></hand_right>
</opencv_storage>
