<?xml version="1.0"?>
<opencv_storage>
<hand_right type_id="opencv-matrix">
  <rows>21</rows>
  <cols>3</cols>
  <dt>f</dt>
  <data>
    -8.29023793e-06 -7.67356960e-06 3.65736469e-06 5.91301084e-01
    -3.87650788e-01 7.07849205e-01 1.33857095e+00 -6.55568063e-01
    -2.46757716e-02 1.73393941e+00 -5.64071894e-01 -8.26154292e-01
    1.95761013e+00 -5.54990053e-01 -1.45132434e+00 5.90943635e-01
    -5.98836899e-01 -1.15013099e+00 1.03221738e+00 -4.27083462e-01
    -1.90950584e+00 1.48549938e+00 -2.10208029e-01 -2.03166032e+00
    1.81519866e+00 -4.86110151e-02 -2.08487439e+00 2.31633052e-01
    -8.20078775e-02 -1.29702854e+00 7.48010099e-01 1.82331428e-01
    -1.95334136e+00 1.14846873e+00 4.26561385e-01 -1.86896992e+00
    1.42884576e+00 5.55976272e-01 -1.73870242e+00 -4.45749611e-03
    3.92382592e-01 -1.18420362e+00 4.68130618e-01 7.04004288e-01
    -1.68463159e+00 8.38378549e-01 9.17329371e-01 -1.52478123e+00
    1.05386043e+00 1.00995719e+00 -1.31103802e+00 -1.83322728e-01
    9.54813004e-01 -9.07996237e-01 3.16561997e-01 1.32986045e+00
    -1.42405403e+00 5.78799605e-01 1.48978949e+00 -1.34372199e+00
    7.86211371e-01 1.60320139e+00 -1.26389325e+00</data></hand_right>
</opencv_storage>
