<?xml version="1.0"?>
<opencv_storage>
<hand_left type_id="opencv-matrix">
  <rows>21</rows>
  <cols>3</cols>
  <dt>f</dt>
  <data>
    -8.29311284e-06 -7.67157144e-06 3.65952860e-06 5.91177881e-01
    -3.87550890e-01 7.08037734e-01 1.33847797e+00 -6.55831218e-01
    -2.43599415e-02 1.73391819e+00 -5.64615846e-01 -8.25836360e-01
    1.95766973e+00 -5.55767417e-01 -1.45101798e+00 5.90994716e-01
    -5.99248171e-01 -1.14991927e+00 1.03242671e+00 -4.27725583e-01
    -1.90924275e+00 1.48575842e+00 -2.10927188e-01 -2.03129530e+00
    1.81548095e+00 -4.93995249e-02 -2.08444571e+00 2.31782451e-01
    -8.23960155e-02 -1.29700422e+00 7.48375177e-01 1.81744009e-01
    -1.95323157e+00 1.14887762e+00 4.25949723e-01 -1.86864126e+00
    1.42926073e+00 5.55355430e-01 -1.73813164e+00 -4.24259529e-03
    3.92066717e-01 -1.18432868e+00 4.68523145e-01 7.03506649e-01
    -1.68472099e+00 8.38817000e-01 9.16817009e-01 -1.52470589e+00
    1.05430269e+00 1.00945711e+00 -1.31075370e+00 -1.83044329e-01
    9.54613805e-01 -9.08291280e-01 3.17023069e-01 1.32943165e+00
    -1.42433202e+00 5.79270720e-01 1.48932910e+00 -1.34396517e+00
    7.86688864e-01 1.60272276e+00 -1.26408827e+00</data></hand_left>
</opencv_storage>
