<?xml version="1.0"?>
<opencv_storage>
<hand_right type_id="opencv-matrix">
  <rows>21</rows>
  <cols>3</cols>
  <dt>f</dt>
  <data>
    -8.29242254e-06 -7.67390156e-06 3.65956976e-06 5.91346502e-01
    -3.87762904e-01 7.07820535e-01 1.33857036e+00 -6.55739307e-01
    -2.47735232e-02 1.73391867e+00 -5.64223886e-01 -8.26240659e-01
    1.95757675e+00 -5.55140257e-01 -1.45146561e+00 5.90835929e-01
    -5.98846495e-01 -1.15024447e+00 1.03217840e+00 -4.27007675e-01
    -1.90951645e+00 1.48538172e+00 -2.10174233e-01 -2.03129983e+00
    1.81493139e+00 -4.86913025e-02 -2.08422303e+00 2.31571615e-01
    -8.19471702e-02 -1.29710686e+00 7.48065889e-01 1.82484195e-01
    -1.95325196e+00 1.14847016e+00 4.26631033e-01 -1.86843371e+00
    1.42869294e+00 5.55907726e-01 -1.73772573e+00 -4.45016846e-03
    3.92478675e-01 -1.18421400e+00 4.68197525e-01 7.04116344e-01
    -1.68459737e+00 8.38466167e-01 9.17358756e-01 -1.52443397e+00
    1.05386400e+00 1.00984716e+00 -1.31036079e+00 -1.83217049e-01
    9.54953551e-01 -9.07948911e-01 3.16729188e-01 1.32994866e+00
    -1.42396128e+00 5.78940451e-01 1.48981738e+00 -1.34356034e+00
    7.86300063e-01 1.60316706e+00 -1.26371181e+00</data></hand_right>
</opencv_storage>
