<?xml version="1.0"?>
<opencv_storage>
<hand_left type_id="opencv-matrix">
  <rows>21</rows>
  <cols>3</cols>
  <dt>f</dt>
  <data>
    -8.29643523e-06 -7.66975700e-06 3.65208734e-06 5.90704560e-01
    -3.88114363e-01 7.08117068e-01 1.33827865e+00 -6.56293631e-01
    -2.40091532e-02 1.73420370e+00 -5.64872861e-01 -8.25207591e-01
    1.95826316e+00 -5.55805802e-01 -1.45024693e+00 5.91301799e-01
    -5.98903537e-01 -1.14993382e+00 1.03311288e+00 -4.27209020e-01
    -1.90899265e+00 1.48645687e+00 -2.10593015e-01 -2.03073096e+00
    1.81613016e+00 -4.92480099e-02 -2.08367324e+00 2.32345238e-01
    -8.18508118e-02 -1.29694450e+00 7.49266028e-01 1.82392508e-01
    -1.95282567e+00 1.14969003e+00 4.26346838e-01 -1.86801243e+00
    1.42990255e+00 5.55500269e-01 -1.73743093e+00 -3.56041268e-03
    3.92644405e-01 -1.18413424e+00 4.69447553e-01 7.04124808e-01
    -1.68425000e+00 8.39691877e-01 9.17205155e-01 -1.52406752e+00
    1.05503130e+00 1.00961757e+00 -1.31011677e+00 -1.82285309e-01
    9.55127895e-01 -9.07902539e-01 3.18056077e-01 1.32999825e+00
    -1.42361569e+00 5.80281556e-01 1.48976636e+00 -1.34311724e+00
    7.87665427e-01 1.60305166e+00 -1.26323390e+00</data></hand_left>
</opencv_storage>
