<?xml version="1.0"?>
<opencv_storage>
<hand_right type_id="opencv-matrix">
  <rows>21</rows>
  <cols>3</cols>
  <dt>f</dt>
  <data>
    -8.29213332e-06 -7.67334222e-06 3.65858978e-06 5.91284037e-01
    -3.87808800e-01 7.07848251e-01 1.33859241e+00 -6.55730486e-01
    -2.46949196e-02 1.73405325e+00 -5.64189196e-01 -8.26108873e-01
    1.95779109e+00 -5.55091500e-01 -1.45131874e+00 5.90952694e-01
    -5.98749757e-01 -1.15022743e+00 1.03230858e+00 -4.26873475e-01
    -1.90947616e+00 1.48545110e+00 -2.10065842e-01 -2.03131723e+00
    1.81494069e+00 -4.86180782e-02 -2.08431864e+00 2.31699005e-01
    -8.18451047e-02 -1.29709315e+00 7.48194516e-01 1.82609305e-01
    -1.95320404e+00 1.14853454e+00 4.26722467e-01 -1.86841631e+00
    1.42870283e+00 5.55959940e-01 -1.73779809e+00 -4.33687493e-03
    3.92569304e-01 -1.18417728e+00 4.68264014e-01 7.04215229e-01
    -1.68457198e+00 8.38531137e-01 9.17454243e-01 -1.52449417e+00
    1.05396593e+00 1.00995278e+00 -1.31053782e+00 -1.83133081e-01
    9.55025077e-01 -9.07881737e-01 3.16789389e-01 1.33002508e+00
    -1.42390978e+00 5.78989029e-01 1.48990965e+00 -1.34357119e+00
    7.86382914e-01 1.60329878e+00 -1.26380622e+00</data></hand_right>
</opencv_storage>
