<?xml version="1.0"?>
<opencv_storage>
<hand_left type_id="opencv-matrix">
  <rows>21</rows>
  <cols>3</cols>
  <dt>f</dt>
  <data>
    -8.29243527e-06 -7.67108122e-06 3.66016093e-06 5.91162860e-01
    -3.87425065e-01 7.08100140e-01 1.33848524e+00 -6.55780315e-01
    -2.42331326e-02 1.73394144e+00 -5.64677715e-01 -8.25713694e-01
    1.95769620e+00 -5.55907607e-01 -1.45087421e+00 5.91039538e-01
    -5.99386692e-01 -1.14980793e+00 1.03244281e+00 -4.27987009e-01
    -1.90918052e+00 1.48575425e+00 -2.11211830e-01 -2.03134799e+00
    1.81547761e+00 -4.96850908e-02 -2.08460712e+00 2.31813222e-01
    -8.25732499e-02 -1.29697239e+00 7.48373389e-01 1.81466952e-01
    -1.95325601e+00 1.14884162e+00 4.25688565e-01 -1.86878824e+00
    1.42921984e+00 5.55124044e-01 -1.73839772e+00 -4.23375517e-03
    3.91892701e-01 -1.18437493e+00 4.68510181e-01 7.03269839e-01
    -1.68480825e+00 8.38766098e-01 9.16610658e-01 -1.52488041e+00
    1.05424190e+00 1.00929463e+00 -1.31101561e+00 -1.83066711e-01
    9.54462647e-01 -9.08422410e-01 3.16984862e-01 1.32922709e+00
    -1.42449784e+00 5.79216242e-01 1.48914051e+00 -1.34415746e+00
    7.86625624e-01 1.60255885e+00 -1.26430655e+00</data></hand_left>
</opencv_storage>
