<?xml version="1.0"?>
<opencv_storage>
<hand_right type_id="opencv-matrix">
  <rows>21</rows>
  <cols>3</cols>
  <dt>f</dt>
  <data>
    -8.29029250e-06 -7.67705751e-06 3.65061533e-06 5.91443181e-01
    -3.88646483e-01 7.07205534e-01 1.33850884e+00 -6.55704737e-01
    -2.58537829e-02 1.73372817e+00 -5.63223243e-01 -8.27279210e-01
    1.95725393e+00 -5.53363562e-01 -1.45250654e+00 5.90566278e-01
    -5.97444117e-01 -1.15105939e+00 1.03168643e+00 -4.24747616e-01
    -1.91027749e+00 1.48489380e+00 -2.07795769e-01 -2.03212667e+00
    1.81448281e+00 -4.62311208e-02 -2.08510208e+00 2.31291488e-01
    -8.03697184e-02 -1.29720724e+00 7.47535348e-01 1.84756070e-01
    -1.95326471e+00 1.14798737e+00 4.28783178e-01 -1.86857915e+00
    1.42829561e+00 5.57922006e-01 -1.73813176e+00 -4.69561666e-03
    3.93913478e-01 -1.18369901e+00 4.67750102e-01 7.06093848e-01
    -1.68389821e+00 8.38071644e-01 9.19150591e-01 -1.52384734e+00
    1.05359757e+00 1.01144302e+00 -1.31004560e+00 -1.83397651e-01
    9.56028938e-01 -9.06717718e-01 3.16358030e-01 1.33163524e+00
    -1.42248082e+00 5.78624189e-01 1.49142635e+00 -1.34206092e+00
    7.86058724e-01 1.60470366e+00 -1.26223183e+00</data></hand_right>
</opencv_storage>
