<?xml version="1.0"?>
<opencv_storage>
<hand_left type_id="opencv-matrix">
  <rows>21</rows>
  <cols>3</cols>
  <dt>f</dt>
  <data>
    -8.29168675e-06 -7.67204438e-06 3.66249196e-06 5.91329277e-01
    -3.87333989e-01 7.08035588e-01 1.33857632e+00 -6.55646086e-01
    -2.44111866e-02 1.73390162e+00 -5.64530253e-01 -8.25948060e-01
    1.95757949e+00 -5.55781007e-01 -1.45115769e+00 5.90951383e-01
    -5.99352181e-01 -1.14988577e+00 1.03224015e+00 -4.27895844e-01
    -1.90928626e+00 1.48546457e+00 -2.11073756e-01 -2.03143716e+00
    1.81510472e+00 -4.95423675e-02 -2.08470082e+00 2.31642649e-01
    -8.25806856e-02 -1.29701960e+00 7.48119950e-01 1.81535155e-01
    -1.95331287e+00 1.14854085e+00 4.25795108e-01 -1.86875284e+00
    1.42887855e+00 5.55241048e-01 -1.73827136e+00 -4.43770364e-03
    3.91863495e-01 -1.18439353e+00 4.68200862e-01 7.03287363e-01
    -1.68488598e+00 8.38476777e-01 9.16676223e-01 -1.52493107e+00
    1.05398858e+00 1.00938129e+00 -1.31100154e+00 -1.83285668e-01
    9.54431415e-01 -9.08427894e-01 3.16654623e-01 1.32921624e+00
    -1.42457902e+00 5.78867912e-01 1.48916149e+00 -1.34428644e+00
    7.86281705e-01 1.60261309e+00 -1.26449192e+00</data></hand_left>
</opencv_storage>
