<?xml version="1.0"?>
<opencv_storage>
<hand_right type_id="opencv-matrix">
  <rows>21</rows>
  <cols>3</cols>
  <dt>f</dt>
  <data>
    -8.28830161e-06 -7.67625625e-06 3.66014820e-06 5.91631889e-01
    -3.87758076e-01 7.07562864e-01 1.33872449e+00 -6.55376911e-01
    -2.52662748e-02 1.73385823e+00 -5.63616753e-01 -8.26806068e-01
    1.95733786e+00 -5.54352283e-01 -1.45205498e+00 5.90667963e-01
    -5.98435938e-01 -1.15052700e+00 1.03170085e+00 -4.26361620e-01
    -1.90993619e+00 1.48475218e+00 -2.09435076e-01 -2.03189731e+00
    1.81420326e+00 -4.78934944e-02 -2.08498526e+00 2.31224135e-01
    -8.16066414e-02 -1.29717934e+00 7.47402728e-01 1.83068186e-01
    -1.95345104e+00 1.14769077e+00 4.27265644e-01 -1.86881745e+00
    1.42785323e+00 5.56553364e-01 -1.73831058e+00 -4.89606336e-03
    3.92727554e-01 -1.18411934e+00 4.67471659e-01 7.04579711e-01
    -1.68460906e+00 8.37671757e-01 9.17870343e-01 -1.52460706e+00
    1.05305243e+00 1.01035047e+00 -1.31071329e+00 -1.83742270e-01
    9.55087841e-01 -9.07682002e-01 3.15904617e-01 1.33033085e+00
    -1.42377186e+00 5.78060210e-01 1.49024367e+00 -1.34343755e+00
    7.85384178e-01 1.60363352e+00 -1.26369405e+00</data></hand_right>
</opencv_storage>
