<?xml version="1.0"?>
<opencv_storage>
<hand_right type_id="opencv-matrix">
  <rows>21</rows>
  <cols>3</cols>
  <dt>f</dt>
  <data>
    -8.29423425e-06 -7.67396341e-06 3.66303493e-06 5.91392100e-01
    -3.87503326e-01 7.07984746e-01 1.33863103e+00 -6.55732572e-01
    -2.45790780e-02 1.73394608e+00 -5.64469099e-01 -8.26111317e-01
    1.95762599e+00 -5.55623293e-01 -1.45139813e+00 5.90855241e-01
    -5.99276364e-01 -1.15005279e+00 1.03220820e+00 -4.27666485e-01
    -1.90935063e+00 1.48544371e+00 -2.10835367e-01 -2.03113818e+00
    1.81500244e+00 -4.93433177e-02 -2.08404446e+00 2.31587410e-01
    -8.24111402e-02 -1.29710507e+00 7.48097301e-01 1.81799859e-01
    -1.95333600e+00 1.14855886e+00 4.26000953e-01 -1.86850893e+00
    1.42885578e+00 5.55355847e-01 -1.73775029e+00 -4.42508236e-03
    3.92068416e-01 -1.18437505e+00 4.68217552e-01 7.03519225e-01
    -1.68488157e+00 8.38569164e-01 9.16846752e-01 -1.52476180e+00
    1.05409956e+00 1.00946653e+00 -1.31063938e+00 -1.83169723e-01
    9.54668581e-01 -9.08313692e-01 3.16809297e-01 1.32943153e+00
    -1.42450690e+00 5.79071701e-01 1.48935223e+00 -1.34419107e+00
    7.86516905e-01 1.60277641e+00 -1.26435292e+00</data></hand_right>
</opencv_storage>
