<?xml version="1.0"?>
<opencv_storage>
<hand_right type_id="opencv-matrix">
  <rows>21</rows>
  <cols>3</cols>
  <dt>f</dt>
  <data>
    -8.29412784e-06 -7.67042002e-06 3.64992775e-06 5.90724111e-01
    -3.88163745e-01 7.08033919e-01 1.33833170e+00 -6.56110644e-01
    -2.41130739e-02 1.73426533e+00 -5.64523458e-01 -8.25295329e-01
    1.95831144e+00 -5.55316806e-01 -1.45029521e+00 5.91387093e-01
    -5.98594308e-01 -1.15002167e+00 1.03310776e+00 -4.26756740e-01
    -1.90913308e+00 1.48641753e+00 -2.10088909e-01 -2.03106499e+00
    1.81611061e+00 -4.86814678e-02 -2.08418822e+00 2.32357383e-01
    -8.15771148e-02 -1.29693556e+00 7.49169469e-01 1.82803556e-01
    -1.95285082e+00 1.14954340e+00 4.26790893e-01 -1.86823237e+00
    1.42976379e+00 5.55979013e-01 -1.73787963e+00 -3.62496451e-03
    3.92853856e-01 -1.18404770e+00 4.69293267e-01 7.04473317e-01
    -1.68414497e+00 8.39475691e-01 9.17581677e-01 -1.52410281e+00
    1.05481112e+00 1.01001406e+00 -1.31034541e+00 -1.82448655e-01
    9.55238819e-01 -9.07712281e-01 3.17788899e-01 1.33029330e+00
    -1.42338228e+00 5.79984844e-01 1.49008858e+00 -1.34290314e+00
    7.87357211e-01 1.60340214e+00 -1.26305425e+00</data></hand_right>
</opencv_storage>
