<?xml version="1.0"?>
<opencv_storage>
<hand_left type_id="opencv-matrix">
  <rows>21</rows>
  <cols>3</cols>
  <dt>f</dt>
  <data>
    -8.29081273e-06 -7.67389884e-06 3.65942992e-06 5.91373324e-01
    -3.87611121e-01 7.07862556e-01 1.33865499e+00 -6.55562401e-01
    -2.46842802e-02 1.73402739e+00 -5.64096630e-01 -8.26157570e-01
    1.95770371e+00 -5.55044770e-01 -1.45137882e+00 5.90928793e-01
    -5.98877728e-01 -1.15016520e+00 1.03221273e+00 -4.27085876e-01
    -1.90950763e+00 1.48540771e+00 -2.10210770e-01 -2.03152061e+00
    1.81499052e+00 -4.86625135e-02 -2.08464050e+00 2.31598154e-01
    -8.20493475e-02 -1.29708362e+00 7.48013020e-01 1.82343498e-01
    -1.95333099e+00 1.14842367e+00 4.26569015e-01 -1.86872911e+00
    1.42871141e+00 5.55944085e-01 -1.73821771e+00 -4.49497998e-03
    3.92351627e-01 -1.18424380e+00 4.68070388e-01 7.03979552e-01
    -1.68471634e+00 8.38346899e-01 9.17318583e-01 -1.52475274e+00
    1.05384111e+00 1.00993371e+00 -1.31086504e+00 -1.83352575e-01
    9.54820514e-01 -9.08038557e-01 3.16506445e-01 1.32982922e+00
    -1.42414916e+00 5.78728616e-01 1.48976922e+00 -1.34385133e+00
    7.86139667e-01 1.60320187e+00 -1.26406419e+00</data></hand_left>
</opencv_storage>
