<?xml version="1.0"?>
<opencv_storage>
<hand_right type_id="opencv-matrix">
  <rows>21</rows>
  <cols>3</cols>
  <dt>f</dt>
  <data>
    -8.29814962e-06 -7.67238271e-06 3.65344340e-06 5.90911686e-01
    -3.88331234e-01 7.07884192e-01 1.33829379e+00 -6.56341255e-01
    -2.45461017e-02 1.73396897e+00 -5.64656556e-01 -8.25826406e-01
    1.95789087e+00 -5.55435538e-01 -1.45098305e+00 5.91015518e-01
    -5.98610997e-01 -1.15027833e+00 1.03275466e+00 -4.26613212e-01
    -1.90925729e+00 1.48613071e+00 -2.09900767e-01 -2.03069448e+00
    1.81577110e+00 -4.85309660e-02 -2.08333802e+00 2.32040256e-01
    -8.14862028e-02 -1.29705608e+00 7.48926044e-01 1.83015928e-01
    -1.95286477e+00 1.14944041e+00 4.26964313e-01 -1.86771917e+00
    1.42970943e+00 5.56078017e-01 -1.73677301e+00 -3.80956009e-03
    3.92997444e-01 -1.18404424e+00 4.69183564e-01 7.04647779e-01
    -1.68409455e+00 8.39527547e-01 9.17670786e-01 -1.52364898e+00
    1.05492461e+00 1.00998628e+00 -1.30936444e+00 -1.82424888e-01
    9.55435991e-01 -9.07607853e-01 3.17906916e-01 1.33042252e+00
    -1.42326844e+00 5.80178022e-01 1.49015188e+00 -1.34268987e+00
    7.87590027e-01 1.60339284e+00 -1.26268673e+00</data></hand_right>
</opencv_storage>
