<?xml version="1.0"?>
<opencv_storage>
<hand_right type_id="opencv-matrix">
  <rows>21</rows>
  <cols>3</cols>
  <dt>f</dt>
  <data>
    -8.29169221e-06 -7.67236543e-06 3.65320807e-06 5.91052711e-01
    -3.88097823e-01 7.07810223e-01 1.33844209e+00 -6.55865610e-01
    -2.46300995e-02 1.73407555e+00 -5.64140320e-01 -8.25928688e-01
    1.95790052e+00 -5.54848433e-01 -1.45102251e+00 5.91078043e-01
    -5.98444998e-01 -1.15026414e+00 1.03253126e+00 -4.26459759e-01
    -1.90946221e+00 1.48573327e+00 -2.09701300e-01 -2.03138661e+00
    1.81531596e+00 -4.82606888e-02 -2.08447742e+00 2.31912404e-01
    -8.14752206e-02 -1.29702473e+00 7.48469114e-01 1.83047101e-01
    -1.95305955e+00 1.14880943e+00 4.27080154e-01 -1.86843538e+00
    1.42898452e+00 5.56265593e-01 -1.73805296e+00 -4.10045311e-03
    3.92914653e-01 -1.18402791e+00 4.68582511e-01 7.04634666e-01
    -1.68427420e+00 8.38784575e-01 9.17778790e-01 -1.52427125e+00
    1.05415106e+00 1.01020622e+00 -1.31052494e+00 -1.82907298e-01
    9.55265820e-01 -9.07598972e-01 3.17084283e-01 1.33040929e+00
    -1.42342508e+00 5.79274058e-01 1.49023318e+00 -1.34302866e+00
    7.86637485e-01 1.60356355e+00 -1.26325858e+00</data></hand_right>
</opencv_storage>
