<?xml version="1.0"?>
<opencv_storage>
<hand_left type_id="opencv-matrix">
  <rows>21</rows>
  <cols>3</cols>
  <dt>f</dt>
  <data>
    -8.29325018e-06 -7.67387792e-06 3.66249219e-06 5.91369569e-01
    -3.87361616e-01 7.08059013e-01 1.33867502e+00 -6.55630231e-01
    -2.44021267e-02 1.73402977e+00 -5.64442039e-01 -8.25930178e-01
    1.95775044e+00 -5.55687010e-01 -1.45117450e+00 5.91008544e-01
    -5.99312961e-01 -1.14994574e+00 1.03239143e+00 -4.27753687e-01
    -1.90926600e+00 1.48562717e+00 -2.10889667e-01 -2.03116441e+00
    1.81522834e+00 -4.93564010e-02 -2.08418679e+00 2.31684849e-01
    -8.25173110e-02 -1.29707718e+00 7.48232365e-01 1.81686535e-01
    -1.95329547e+00 1.14866269e+00 4.25955623e-01 -1.86850953e+00
    1.42895579e+00 5.55380702e-01 -1.73779070e+00 -4.40207869e-03
    3.91937405e-01 -1.18441832e+00 4.68271613e-01 7.03409851e-01
    -1.68488669e+00 8.38573515e-01 9.16805267e-01 -1.52476847e+00
    1.05405354e+00 1.00947428e+00 -1.31064630e+00 -1.83251873e-01
    9.54531372e-01 -9.08428311e-01 3.16725135e-01 1.32933843e+00
    -1.42457759e+00 5.78944266e-01 1.48929358e+00 -1.34423578e+00
    7.86347270e-01 1.60274172e+00 -1.26438987e+00</data></hand_left>
</opencv_storage>
