<?xml version="1.0"?>
<opencv_storage>
<hand_left type_id="opencv-matrix">
  <rows>21</rows>
  <cols>3</cols>
  <dt>f</dt>
  <data>
    -8.29179498e-06 -7.67277197e-06 3.65951746e-06 5.91266751e-01
    -3.87627304e-01 7.07948685e-01 1.33859885e+00 -6.55694246e-01
    -2.45048404e-02 1.73407042e+00 -5.64316988e-01 -8.25932980e-01
    1.95781159e+00 -5.55328369e-01 -1.45113504e+00 5.90991378e-01
    -5.99002957e-01 -1.15007162e+00 1.03237259e+00 -4.27291095e-01
    -1.90936065e+00 1.48556519e+00 -2.10479379e-01 -2.03128672e+00
    1.81511974e+00 -4.89946902e-02 -2.08434033e+00 2.31726244e-01
    -8.21461976e-02 -1.29705954e+00 7.48239040e-01 1.82166874e-01
    -1.95324421e+00 1.14862680e+00 4.26338851e-01 -1.86855710e+00
    1.42885184e+00 5.55657864e-01 -1.73798251e+00 -4.33001667e-03
    3.92285556e-01 -1.18426812e+00 4.68306869e-01 7.03836918e-01
    -1.68471396e+00 8.38570595e-01 9.17134523e-01 -1.52469230e+00
    1.05401516e+00 1.00971401e+00 -1.31076777e+00 -1.83157533e-01
    9.54792321e-01 -9.08111811e-01 3.16781342e-01 1.32971263e+00
    -1.42419505e+00 5.78991532e-01 1.48962414e+00 -1.34387827e+00
    7.86383569e-01 1.60303152e+00 -1.26409769e+00</data></hand_left>
</opencv_storage>
