<?xml version="1.0"?>
<opencv_storage>
<hand_left type_id="opencv-matrix">
  <rows>21</rows>
  <cols>3</cols>
  <dt>f</dt>
  <data>
    -8.29206419e-06 -7.67180973e-06 3.65281221e-06 5.90931833e-01
    -3.87997240e-01 7.07967162e-01 1.33846343e+00 -6.55871391e-01
    -2.42924988e-02 1.73425579e+00 -5.64270973e-01 -8.25523853e-01
    1.95820093e+00 -5.55080712e-01 -1.45058322e+00 5.91276884e-01
    -5.98605931e-01 -1.15007925e+00 1.03287029e+00 -4.26725000e-01
    -1.90921819e+00 1.48606634e+00 -2.09994495e-01 -2.03108072e+00
    1.81562424e+00 -4.85776663e-02 -2.08411860e+00 2.32135147e-01
    -8.16600621e-02 -1.29698217e+00 7.48814702e-01 1.82780296e-01
    -1.95294797e+00 1.14911962e+00 4.26818669e-01 -1.86825061e+00
    1.42922771e+00 5.56001663e-01 -1.73780203e+00 -3.89987975e-03
    3.92745465e-01 -1.18408561e+00 4.68861312e-01 7.04398334e-01
    -1.68430901e+00 8.39035392e-01 9.17565823e-01 -1.52425528e+00
    1.05434704e+00 1.01000786e+00 -1.31047058e+00 -1.82758242e-01
    9.55140829e-01 -9.07764733e-01 3.17306280e-01 1.33020878e+00
    -1.42357862e+00 5.79475284e-01 1.49004936e+00 -1.34316611e+00
    7.86810160e-01 1.60338855e+00 -1.26339602e+00</data></hand_left>
</opencv_storage>
