<?xml version="1.0"?>
<opencv_storage>
<hand_left type_id="opencv-matrix">
  <rows>21</rows>
  <cols>3</cols>
  <dt>f</dt>
  <data>
    -8.29539295e-06 -7.67089114e-06 3.65117921e-06 5.90764642e-01
    -3.88205618e-01 7.08010375e-01 1.33832741e+00 -6.56173706e-01
    -2.41915137e-02 1.73422050e+00 -5.64572930e-01 -8.25381517e-01
    1.95824730e+00 -5.55354118e-01 -1.45042157e+00 5.91297746e-01
    -5.98625243e-01 -1.15007460e+00 1.03302753e+00 -4.26762342e-01
    -1.90914774e+00 1.48632383e+00 -2.10108578e-01 -2.03090930e+00
    1.81597400e+00 -4.87389863e-02 -2.08389449e+00 2.32291967e-01
    -8.15726444e-02 -1.29696465e+00 7.49124646e-01 1.82828188e-01
    -1.95283580e+00 1.14950049e+00 4.26782697e-01 -1.86805928e+00
    1.42970526e+00 5.55929482e-01 -1.73753798e+00 -3.64772603e-03
    3.92879605e-01 -1.18405259e+00 4.69283998e-01 7.04488814e-01
    -1.68414414e+00 8.39492023e-01 9.17565048e-01 -1.52399302e+00
    1.05483198e+00 1.00995493e+00 -1.31009936e+00 -1.82406783e-01
    9.55289364e-01 -9.07698929e-01 3.17860276e-01 1.33030212e+00
    -1.42336178e+00 5.80061316e-01 1.49006975e+00 -1.34286022e+00
    7.87436664e-01 1.60336566e+00 -1.26299226e+00</data></hand_left>
</opencv_storage>
