<?xml version="1.0"?>
<opencv_storage>
<hand_right type_id="opencv-matrix">
  <rows>21</rows>
  <cols>3</cols>
  <dt>f</dt>
  <data>
    -8.29529836e-06 -7.67029996e-06 3.65710184e-06 5.90906203e-01
    -3.87549907e-01 7.08263159e-01 1.33841264e+00 -6.56000733e-01
    -2.38592327e-02 1.73412418e+00 -5.64928055e-01 -8.25222731e-01
    1.95808184e+00 -5.56187630e-01 -1.45032620e+00 5.91272175e-01
    -5.99454880e-01 -1.14966846e+00 1.03296065e+00 -4.28089589e-01
    -1.90888453e+00 1.48637986e+00 -2.11368203e-01 -2.03085685e+00
    1.81616354e+00 -4.98765111e-02 -2.08394122e+00 2.32172891e-01
    -8.25718343e-02 -1.29692113e+00 7.48983264e-01 1.81410939e-01
    -1.95304644e+00 1.14950573e+00 4.25577939e-01 -1.86843598e+00
    1.42989540e+00 5.54976881e-01 -1.73792064e+00 -3.82594764e-03
    3.91935438e-01 -1.18437159e+00 4.69128311e-01 7.03254223e-01
    -1.68465936e+00 8.39404821e-01 9.16542292e-01 -1.52459717e+00
    1.05484819e+00 1.00918841e+00 -1.31062102e+00 -1.82639524e-01
    9.54535842e-01 -9.08456206e-01 3.17637682e-01 1.32924008e+00
    -1.42439330e+00 5.79892933e-01 1.48912251e+00 -1.34396386e+00
    7.87313282e-01 1.60250318e+00 -1.26402414e+00</data></hand_right>
</opencv_storage>
