<?xml version="1.0"?>
<opencv_storage>
<hand_left type_id="opencv-matrix">
  <rows>21</rows>
  <cols>3</cols>
  <dt>f</dt>
  <data>
    -8.29721830e-06 -7.66954963e-06 3.66898576e-06 5.91174066e-01
    -3.86935115e-01 7.08492637e-01 1.33849669e+00 -6.56041741e-01
    -2.36800909e-02 1.73396349e+00 -5.65592408e-01 -8.25221181e-01
    1.95779073e+00 -5.57459474e-01 -1.45047772e+00 5.91000557e-01
    -6.00490570e-01 -1.14935625e+00 1.03264189e+00 -4.29641306e-01
    -1.90863037e+00 1.48595095e+00 -2.12978005e-01 -2.03030062e+00
    1.81551886e+00 -5.16126156e-02 -2.08307838e+00 2.31863260e-01
    -8.36991891e-02 -1.29699039e+00 7.48693228e-01 1.79851249e-01
    -1.95322943e+00 1.14918661e+00 4.24061954e-01 -1.86822081e+00
    1.42939520e+00 5.53443551e-01 -1.73720241e+00 -4.07876819e-03
    3.90933126e-01 -1.18475914e+00 4.68829274e-01 7.01853454e-01
    -1.68536246e+00 8.39187682e-01 9.15232658e-01 -1.52507579e+00
    1.05457354e+00 1.00793231e+00 -1.31071186e+00 -1.82770342e-01
    9.53844786e-01 -9.09280002e-01 3.17467481e-01 1.32801986e+00
    -1.42562842e+00 5.79717398e-01 1.48793912e+00 -1.34528971e+00
    7.87093222e-01 1.60133433e+00 -1.26542675e+00</data></hand_left>
</opencv_storage>
