<?xml version="1.0"?>
<opencv_storage>
<hand_right type_id="opencv-matrix">
  <rows>21</rows>
  <cols>3</cols>
  <dt>f</dt>
  <data>
    -8.29216242e-06 -7.67497932e-06 3.67415942e-06 5.91848254e-01
    -3.86857867e-01 7.08011270e-01 1.33884859e+00 -6.55397654e-01
    -2.47121751e-02 1.73375595e+00 -5.64540267e-01 -8.26471329e-01
    1.95719016e+00 -5.56154728e-01 -1.45187354e+00 5.90627253e-01
    -5.99789977e-01 -1.14995050e+00 1.03168583e+00 -4.28433895e-01
    -1.90942621e+00 1.48467767e+00 -2.11540073e-01 -2.03119278e+00
    1.81400192e+00 -5.00752032e-02 -2.08410239e+00 2.31118128e-01
    -8.31276774e-02 -1.29719961e+00 7.47437000e-01 1.80970356e-01
    -1.95357394e+00 1.14770949e+00 4.25311387e-01 -1.86850846e+00
    1.42779243e+00 5.54722309e-01 -1.73743927e+00 -5.00261411e-03
    3.91346931e-01 -1.18465066e+00 4.67431009e-01 7.02706337e-01
    -1.68539977e+00 8.37708175e-01 9.16198969e-01 -1.52511692e+00
    1.05308783e+00 1.00886869e+00 -1.31068134e+00 -1.83813274e-01
    9.54086602e-01 -9.08855796e-01 3.15910041e-01 1.32868278e+00
    -1.42533886e+00 5.78042984e-01 1.48868358e+00 -1.34506333e+00
    7.85351455e-01 1.60216045e+00 -1.26531303e+00</data></hand_right>
</opencv_storage>
