<?xml version="1.0"?>
<opencv_storage>
<hand_left type_id="opencv-matrix">
  <rows>21</rows>
  <cols>3</cols>
  <dt>f</dt>
  <data>
    -8.29166220e-06 -7.67106212e-06 3.66024551e-06 5.91154099e-01
    -3.87366325e-01 7.08127797e-01 1.33851397e+00 -6.55705810e-01
    -2.41571218e-02 1.73400676e+00 -5.64630270e-01 -8.25617671e-01
    1.95778108e+00 -5.55878520e-01 -1.45075321e+00 5.91105461e-01
    -5.99391878e-01 -1.14975893e+00 1.03248906e+00 -4.28021401e-01
    -1.90914881e+00 1.48574734e+00 -2.11259753e-01 -2.03136396e+00
    1.81543124e+00 -4.97456193e-02 -2.08468127e+00 2.31855810e-01
    -8.26072618e-02 -1.29695535e+00 7.48384356e-01 1.81416422e-01
    -1.95325100e+00 1.14878869e+00 4.25638556e-01 -1.86884665e+00
    1.42911458e+00 5.55069089e-01 -1.73853898e+00 -4.22128662e-03
    3.91846836e-01 -1.18438220e+00 4.68481421e-01 7.03217447e-01
    -1.68484032e+00 8.38692904e-01 9.16575730e-01 -1.52496910e+00
    1.05413306e+00 1.00926840e+00 -1.31118321e+00 -1.83095276e-01
    9.54412818e-01 -9.08454716e-01 3.16915870e-01 1.32918072e+00
    -1.42454708e+00 5.79116464e-01 1.48910785e+00 -1.34422898e+00
    7.86504388e-01 1.60254383e+00 -1.26442468e+00</data></hand_left>
</opencv_storage>
