<?xml version="1.0"?>
<opencv_storage>
<hand_left type_id="opencv-matrix">
  <rows>21</rows>
  <cols>3</cols>
  <dt>f</dt>
  <data>
    -8.29272904e-06 -7.67131314e-06 3.65543292e-06 5.90998530e-01
    -3.87857646e-01 7.07998037e-01 1.33844829e+00 -6.55904293e-01
    -2.42928714e-02 1.73414254e+00 -5.64465225e-01 -8.25587153e-01
    1.95803189e+00 -5.55404425e-01 -1.45068157e+00 5.91153979e-01
    -5.98870099e-01 -1.15000987e+00 1.03269351e+00 -4.27143276e-01
    -1.90920591e+00 1.48590612e+00 -2.10430354e-01 -2.03111315e+00
    1.81548285e+00 -4.90148962e-02 -2.08418608e+00 2.32013673e-01
    -8.19424689e-02 -1.29698598e+00 7.48669863e-01 1.82363868e-01
    -1.95303047e+00 1.14902174e+00 4.26425934e-01 -1.86835504e+00
    1.42919230e+00 5.55651248e-01 -1.73787761e+00 -3.99420038e-03
    3.92495036e-01 -1.18416929e+00 4.68762755e-01 7.04039216e-01
    -1.68446696e+00 8.38981032e-01 9.17234063e-01 -1.52443397e+00
    1.05434895e+00 1.00972891e+00 -1.31060433e+00 -1.82803988e-01
    9.54956770e-01 -9.07953739e-01 3.17265868e-01 1.32989597e+00
    -1.42385554e+00 5.79460740e-01 1.48974216e+00 -1.34347522e+00
    7.86827266e-01 1.60309494e+00 -1.26369750e+00</data></hand_left>
</opencv_storage>
