<?xml version="1.0"?>
<opencv_storage>
<hand_left type_id="opencv-matrix">
  <rows>21</rows>
  <cols>3</cols>
  <dt>f</dt>
  <data>
    -8.29286091e-06 -7.67031634e-06 3.65233291e-06 5.90817153e-01
    -3.87989283e-01 7.08044052e-01 1.33835495e+00 -6.56022072e-01
    -2.41241306e-02 1.73420334e+00 -5.64551711e-01 -8.25347126e-01
    1.95817173e+00 -5.55425644e-01 -1.45036781e+00 5.91279745e-01
    -5.98806083e-01 -1.14996171e+00 1.03292727e+00 -4.27091002e-01
    -1.90914083e+00 1.48621154e+00 -2.10418969e-01 -2.03109932e+00
    1.81587601e+00 -4.90079224e-02 -2.08420825e+00 2.32209519e-01
    -8.18375647e-02 -1.29694068e+00 7.48936713e-01 1.82435587e-01
    -1.95297253e+00 1.14931202e+00 4.26456630e-01 -1.86842668e+00
    1.42949903e+00 5.55668890e-01 -1.73810148e+00 -3.78283486e-03
    3.92605215e-01 -1.18412817e+00 4.69067454e-01 7.04144657e-01
    -1.68435574e+00 8.39243472e-01 9.17290986e-01 -1.52438080e+00
    1.05454886e+00 1.00975776e+00 -1.31067050e+00 -1.82605773e-01
    9.55040097e-01 -9.07886326e-01 3.17545056e-01 1.33001757e+00
    -1.42369604e+00 5.79742730e-01 1.48983335e+00 -1.34327257e+00
    7.87088752e-01 1.60314941e+00 -1.26346779e+00</data></hand_left>
</opencv_storage>
