<?xml version="1.0"?>
<opencv_storage>
<hand_right type_id="opencv-matrix">
  <rows>21</rows>
  <cols>3</cols>
  <dt>f</dt>
  <data>
    -8.28832162e-06 -7.67458732e-06 3.66326685e-06 5.91603279e-01
    -3.87245834e-01 7.07841337e-01 1.33873320e+00 -6.55277133e-01
    -2.48095989e-02 1.73383784e+00 -5.63978076e-01 -8.26435268e-01
    1.95734489e+00 -5.55090785e-01 -1.45168900e+00 5.90788424e-01
    -5.99113643e-01 -1.15008247e+00 1.03183353e+00 -4.27496552e-01
    -1.90959609e+00 1.48500657e+00 -2.10546017e-01 -2.03187227e+00
    1.81462514e+00 -4.89037335e-02 -2.08519888e+00 2.31313393e-01
    -8.24204385e-02 -1.29707229e+00 7.47509003e-01 1.81848556e-01
    -1.95353842e+00 1.14791989e+00 4.26206857e-01 -1.86918998e+00
    1.42828894e+00 5.55728793e-01 -1.73887885e+00 -4.85601649e-03
    3.91955763e-01 -1.18435311e+00 4.67556179e-01 7.03526676e-01
    -1.68497002e+00 8.37812960e-01 9.16996002e-01 -1.52517474e+00
    1.05335510e+00 1.00974858e+00 -1.31138527e+00 -1.83773294e-01
    9.54451203e-01 -9.08299148e-01 3.15922141e-01 1.32941568e+00
    -1.42457604e+00 5.78135252e-01 1.48942590e+00 -1.34434998e+00
    7.85546899e-01 1.60291862e+00 -1.26459491e+00</data></hand_right>
</opencv_storage>
