<?xml version="1.0"?>
<opencv_storage>
<hand_right type_id="opencv-matrix">
  <rows>21</rows>
  <cols>3</cols>
  <dt>f</dt>
  <data>
    -8.29379496e-06 -7.67146412e-06 3.65029109e-06 5.90800405e-01
    -3.88249725e-01 7.07931876e-01 1.33835268e+00 -6.56068802e-01
    -2.43089646e-02 1.73422813e+00 -5.64359665e-01 -8.25490475e-01
    1.95822537e+00 -5.55052161e-01 -1.45050883e+00 5.91296554e-01
    -5.98431230e-01 -1.15015543e+00 1.03294444e+00 -4.26479459e-01
    -1.90926409e+00 1.48618174e+00 -2.09812760e-01 -2.03110242e+00
    1.81579733e+00 -4.84359860e-02 -2.08416414e+00 2.32248515e-01
    -8.13942179e-02 -1.29697001e+00 7.48990178e-01 1.83094755e-01
    -1.95286417e+00 1.14930534e+00 4.27044570e-01 -1.86817718e+00
    1.42946219e+00 5.56173205e-01 -1.73777485e+00 -3.72549146e-03
    3.93020809e-01 -1.18399251e+00 4.69124168e-01 7.04712331e-01
    -1.68409371e+00 8.39283705e-01 9.17784929e-01 -1.52401185e+00
    1.05458856e+00 1.01015353e+00 -1.31022525e+00 -1.82523936e-01
    9.55374062e-01 -9.07561660e-01 3.17655474e-01 1.33048964e+00
    -1.42321360e+00 5.79827726e-01 1.49026191e+00 -1.34272289e+00
    7.87176609e-01 1.60356212e+00 -1.26289487e+00</data></hand_right>
</opencv_storage>
