<?xml version="1.0"?>
<opencv_storage>
<hand_left type_id="opencv-matrix">
  <rows>21</rows>
  <cols>3</cols>
  <dt>f</dt>
  <data>
    -8.29148121e-06 -7.67805523e-06 3.67000189e-06 5.91961265e-01
    -3.87318581e-01 7.07697690e-01 1.33887458e+00 -6.55347645e-01
    -2.53576636e-02 1.73367608e+00 -5.63925385e-01 -8.27143908e-01
    1.95699847e+00 -5.55076003e-01 -1.45262361e+00 5.90446651e-01
    -5.99115133e-01 -1.15043092e+00 1.03142011e+00 -4.27287221e-01
    -1.90986848e+00 1.48447657e+00 -2.10283846e-01 -2.03151608e+00
    1.81383109e+00 -4.87434864e-02 -2.08425045e+00 2.30927363e-01
    -8.23334530e-02 -1.29730415e+00 7.47116506e-01 1.82127908e-01
    -1.95367181e+00 1.14748323e+00 4.26427186e-01 -1.86858737e+00
    1.42762518e+00 5.55761456e-01 -1.73753190e+00 -5.16277552e-03
    3.92093569e-01 -1.18442428e+00 4.67185616e-01 7.03734636e-01
    -1.68511248e+00 8.37520003e-01 9.17124271e-01 -1.52481067e+00
    1.05296624e+00 1.00967205e+00 -1.31041563e+00 -1.83910280e-01
    9.54688251e-01 -9.08254325e-01 3.15755546e-01 1.32957816e+00
    -1.42465663e+00 5.77959836e-01 1.48954332e+00 -1.34433317e+00
    7.85313010e-01 1.60296977e+00 -1.26450324e+00</data></hand_left>
</opencv_storage>
