<?xml version="1.0"?>
<opencv_storage>
<hand_left type_id="opencv-matrix">
  <rows>21</rows>
  <cols>3</cols>
  <dt>f</dt>
  <data>
    -8.29666442e-06 -7.66955236e-06 3.66061840e-06 5.90954661e-01
    -3.87511969e-01 7.08282053e-01 1.33838391e+00 -6.56149149e-01
    -2.38725096e-02 1.73405218e+00 -5.65222502e-01 -8.25243294e-01
    1.95798922e+00 -5.56617320e-01 -1.45039368e+00 5.91127753e-01
    -5.99672794e-01 -1.14964604e+00 1.03282738e+00 -4.28389311e-01
    -1.90880609e+00 1.48615646e+00 -2.11734593e-01 -2.03055382e+00
    1.81578255e+00 -5.03635705e-02 -2.08344817e+00 2.32072443e-01
    -8.27656612e-02 -1.29695654e+00 7.48934031e-01 1.81149408e-01
    -1.95301127e+00 1.14940965e+00 4.25252676e-01 -1.86811256e+00
    1.42966318e+00 5.54548442e-01 -1.73731863e+00 -3.85716558e-03
    3.91787171e-01 -1.18442845e+00 4.69081640e-01 7.03000665e-01
    -1.68478727e+00 8.39419603e-01 9.16255832e-01 -1.52457643e+00
    1.05484712e+00 1.00884604e+00 -1.31040895e+00 -1.82569891e-01
    9.54468966e-01 -9.08569992e-01 3.17701340e-01 1.32899988e+00
    -1.42460799e+00 5.79952598e-01 1.48886204e+00 -1.34421730e+00
    7.87369370e-01 1.60222697e+00 -1.26435721e+00</data></hand_left>
</opencv_storage>
