<?xml version="1.0"?>
<opencv_storage>
<hand_left type_id="opencv-matrix">
  <rows>21</rows>
  <cols>3</cols>
  <dt>f</dt>
  <data>
    -8.29156943e-06 -7.67179517e-06 3.66609106e-06 5.91376960e-01
    -3.86993617e-01 7.08202124e-01 1.33863664e+00 -6.55558586e-01
    -2.41492391e-02 1.73395324e+00 -5.64733624e-01 -8.25716615e-01
    1.95762897e+00 -5.56233108e-01 -1.45093954e+00 5.90950906e-01
    -5.99853218e-01 -1.14963937e+00 1.03225577e+00 -4.28689420e-01
    -1.90908134e+00 1.48546720e+00 -2.11892337e-01 -2.03118443e+00
    1.81506383e+00 -5.03754318e-02 -2.08436561e+00 2.31618091e-01
    -8.31529051e-02 -1.29699790e+00 7.48079181e-01 1.80703327e-01
    -1.95340168e+00 1.14849281e+00 4.25008506e-01 -1.86887944e+00
    1.42878032e+00 5.54494381e-01 -1.73836863e+00 -4.47309762e-03
    3.91339958e-01 -1.18457329e+00 4.68140841e-01 7.02556372e-01
    -1.68522525e+00 8.38409066e-01 9.16017294e-01 -1.52531254e+00
    1.05387926e+00 1.00879574e+00 -1.31138062e+00 -1.83325842e-01
    9.54040468e-01 -9.08857942e-01 3.16593975e-01 1.32860303e+00
    -1.42519987e+00 5.78806996e-01 1.48859060e+00 -1.34496593e+00
    7.86198616e-01 1.60206807e+00 -1.26520896e+00</data></hand_left>
</opencv_storage>
