<?xml version="1.0"?>
<opencv_storage>
<hand_right type_id="opencv-matrix">
  <rows>21</rows>
  <cols>3</cols>
  <dt>f</dt>
  <data>
    -8.29177134e-06 -7.67138954e-06 3.65134974e-06 5.90873003e-01
    -3.88138026e-01 7.07913399e-01 1.33840704e+00 -6.55915678e-01
    -2.43431032e-02 1.73424244e+00 -5.64230084e-01 -8.25542867e-01
    1.95819342e+00 -5.54937005e-01 -1.45055628e+00 5.91293395e-01
    -5.98426342e-01 -1.15014231e+00 1.03284085e+00 -4.26497579e-01
    -1.90931606e+00 1.48600078e+00 -2.09815770e-01 -2.03126431e+00
    1.81555557e+00 -4.84346747e-02 -2.08442354e+00 2.32177153e-01
    -8.14465806e-02 -1.29696846e+00 7.48808980e-01 1.83036685e-01
    -1.95293367e+00 1.14904976e+00 4.27012146e-01 -1.86835861e+00
    1.42914104e+00 5.56149662e-01 -1.73808396e+00 -3.84712219e-03
    3.92943114e-01 -1.18400800e+00 4.68889415e-01 7.04641402e-01
    -1.68419373e+00 8.39004517e-01 9.17755604e-01 -1.52421963e+00
    1.05428374e+00 1.01015270e+00 -1.31055999e+00 -1.82700202e-01
    9.55284655e-01 -9.07597840e-01 3.17355961e-01 1.33042157e+00
    -1.42333400e+00 5.79495072e-01 1.49022651e+00 -1.34290719e+00
    7.86820292e-01 1.60355866e+00 -1.26316667e+00</data></hand_right>
</opencv_storage>
