<?xml version="1.0"?>
<opencv_storage>
<hand_left type_id="opencv-matrix">
  <rows>21</rows>
  <cols>3</cols>
  <dt>f</dt>
  <data>
    -8.29816963e-06 -7.66808262e-06 3.65111600e-06 5.90499759e-01
    -3.88109565e-01 7.08280325e-01 1.33818018e+00 -6.56484008e-01
    -2.36586928e-02 1.73427367e+00 -5.65216959e-01 -8.24791372e-01
    1.95845139e+00 -5.56247115e-01 -1.44978189e+00 5.91440737e-01
    -5.99134922e-01 -1.14973557e+00 1.03342342e+00 -4.27607417e-01
    -1.90874302e+00 1.48684502e+00 -2.11067557e-01 -2.03045630e+00
    1.81658435e+00 -4.97568548e-02 -2.08337712e+00 2.32588604e-01
    -8.20512548e-02 -1.29688108e+00 7.49671102e-01 1.82024941e-01
    -1.95271480e+00 1.15013742e+00 4.25943315e-01 -1.86790168e+00
    1.43037403e+00 5.55093706e-01 -1.73731732e+00 -3.27288732e-03
    3.92490596e-01 -1.18418169e+00 4.69888747e-01 7.03839839e-01
    -1.68424129e+00 8.40130448e-01 9.16891217e-01 -1.52403831e+00
    1.05544615e+00 1.00931072e+00 -1.31008101e+00 -1.81975588e-01
    9.55029726e-01 -9.08059180e-01 3.18525046e-01 1.32977283e+00
    -1.42371690e+00 5.80767751e-01 1.48951185e+00 -1.34318340e+00
    7.88152933e-01 1.60277581e+00 -1.26325715e+00</data></hand_left>
</opencv_storage>
