<?xml version="1.0"?>
<opencv_storage>
<hand_right type_id="opencv-matrix">
  <rows>21</rows>
  <cols>3</cols>
  <dt>f</dt>
  <data>
    -8.29115652e-06 -7.63185471e-06 3.68330939e-06 5.88511765e-01
    -3.82574856e-01 7.12663889e-01 1.33803701e+00 -6.56456888e-01
    -1.50830299e-02 1.73647165e+00 -5.71596444e-01 -8.15835357e-01
    1.96192443e+00 -5.67176700e-01 -1.43999481e+00 5.93973398e-01
    -6.08444333e-01 -1.14340997e+00 1.03733790e+00 -4.43613231e-01
    -1.90351605e+00 1.49081802e+00 -2.28534460e-01 -2.02725005e+00
    1.82073426e+00 -6.78109229e-02 -2.08160949e+00 2.35526845e-01
    -9.25465897e-02 -1.29553258e+00 7.53313243e-01 1.65516287e-01
    -1.95334423e+00 1.15326214e+00 4.09767300e-01 -1.87184942e+00
    1.43262315e+00 5.39652884e-01 -1.74406755e+00 -5.94954938e-04
    3.82903397e-01 -1.18729293e+00 4.73173946e-01 6.89834297e-01
    -1.68957794e+00 8.42431486e-01 9.03897166e-01 -1.53206038e+00
    1.05655050e+00 9.97872472e-01 -1.32079518e+00 -1.80009127e-01
    9.47610259e-01 -9.16080892e-01 3.20949733e-01 1.31823802e+00
    -1.43434548e+00 5.82923234e-01 1.47855616e+00 -1.35499609e+00
    7.89715767e-01 1.59227884e+00 -1.27620280e+00</data></hand_right>
</opencv_storage>
