<?xml version="1.0"?>
<opencv_storage>
<hand_right type_id="opencv-matrix">
  <rows>21</rows>
  <cols>3</cols>
  <dt>f</dt>
  <data>
    -8.29164219e-06 -7.67314850e-06 3.66712129e-06 5.91508925e-01
    -3.87195230e-01 7.08020568e-01 1.33868194e+00 -6.55561805e-01
    -2.45082080e-02 1.73390293e+00 -5.64526081e-01 -8.26088309e-01
    1.95750248e+00 -5.55890739e-01 -1.45135415e+00 5.90825021e-01
    -5.99498868e-01 -1.14992356e+00 1.03203654e+00 -4.28071856e-01
    -1.90933383e+00 1.48510909e+00 -2.11265087e-01 -2.03123426e+00
    1.81453562e+00 -4.98209000e-02 -2.08426714e+00 2.31456459e-01
    -8.27511847e-02 -1.29709685e+00 7.47853637e-01 1.81358054e-01
    -1.95341051e+00 1.14814913e+00 4.25592184e-01 -1.86863256e+00
    1.42826939e+00 5.54942966e-01 -1.73792279e+00 -4.62594628e-03
    3.91710699e-01 -1.18447757e+00 4.67895687e-01 7.03097224e-01
    -1.68510830e+00 8.38133872e-01 9.16486979e-01 -1.52502906e+00
    1.05350709e+00 1.00911283e+00 -1.31094408e+00 -1.83444649e-01
    9.54350352e-01 -9.08557177e-01 3.16376984e-01 1.32905102e+00
    -1.42486727e+00 5.78535199e-01 1.48900068e+00 -1.34458971e+00
    7.85867631e-01 1.60244012e+00 -1.26486838e+00</data></hand_right>
</opencv_storage>
