<?xml version="1.0"?>
<opencv_storage>
<hand_right type_id="opencv-matrix">
  <rows>21</rows>
  <cols>3</cols>
  <dt>f</dt>
  <data>
    -8.29209876e-06 -7.67136407e-06 3.65611868e-06 5.91042399e-01
    -3.87793779e-01 7.08004177e-01 1.33849347e+00 -6.55834854e-01
    -2.42948234e-02 1.73416400e+00 -5.64420104e-01 -8.25623453e-01
    1.95803082e+00 -5.55379629e-01 -1.45071936e+00 5.91183364e-01
    -5.98868847e-01 -1.15001309e+00 1.03267765e+00 -4.27154720e-01
    -1.90926516e+00 1.48587132e+00 -2.10422128e-01 -2.03124857e+00
    1.81545448e+00 -4.89907265e-02 -2.08439469e+00 2.31996134e-01
    -8.19697753e-02 -1.29700196e+00 7.48606801e-01 1.82340175e-01
    -1.95309544e+00 1.14892840e+00 4.26431477e-01 -1.86848176e+00
    1.42909241e+00 5.55684745e-01 -1.73806715e+00 -4.04984877e-03
    3.92456234e-01 -1.18419743e+00 4.68671054e-01 7.04016984e-01
    -1.68452871e+00 8.38858008e-01 9.17246938e-01 -1.52453899e+00
    1.05420220e+00 1.00976086e+00 -1.31074643e+00 -1.82902396e-01
    9.54915941e-01 -9.07996535e-01 3.17118198e-01 1.32988346e+00
    -1.42393506e+00 5.79288960e-01 1.48975027e+00 -1.34356487e+00
    7.86637664e-01 1.60312176e+00 -1.26380825e+00</data></hand_right>
</opencv_storage>
