<?xml version="1.0"?>
<opencv_storage>
<hand_left type_id="opencv-matrix">
  <rows>21</rows>
  <cols>3</cols>
  <dt>f</dt>
  <data>
    -8.29512464e-06 -7.67181427e-06 3.65309097e-06 5.90955555e-01
    -3.88254642e-01 7.07843423e-01 1.33834565e+00 -6.56145692e-01
    -2.45901644e-02 1.73402464e+00 -5.64435601e-01 -8.25864375e-01
    1.95791101e+00 -5.55165410e-01 -1.45099473e+00 5.91042757e-01
    -5.98509848e-01 -1.15027678e+00 1.03264523e+00 -4.26509827e-01
    -1.90935946e+00 1.48593187e+00 -2.09788799e-01 -2.03106236e+00
    1.81554306e+00 -4.83943522e-02 -2.08396220e+00 2.31993467e-01
    -8.14487636e-02 -1.29703724e+00 7.48732328e-01 1.83066159e-01
    -1.95294404e+00 1.14916766e+00 4.27041590e-01 -1.86805034e+00
    1.42939472e+00 5.56179464e-01 -1.73738170e+00 -3.92399728e-03
    3.92990828e-01 -1.18401933e+00 4.68914628e-01 7.04669833e-01
    -1.68417120e+00 8.39210510e-01 9.17743564e-01 -1.52395988e+00
    1.05462897e+00 1.01011825e+00 -1.30996358e+00 -1.82621434e-01
    9.55381215e-01 -9.07570064e-01 3.17545414e-01 1.33043504e+00
    -1.42331862e+00 5.79784751e-01 1.49020886e+00 -1.34285510e+00
    7.87194252e-01 1.60349834e+00 -1.26299191e+00</data></hand_left>
</opencv_storage>
