<?xml version="1.0"?>
<opencv_storage>
<hand_left type_id="opencv-matrix">
  <rows>21</rows>
  <cols>3</cols>
  <dt>f</dt>
  <data>
    -8.29696091e-06 -7.66977064e-06 3.65427513e-06 5.90720057e-01
    -3.87845367e-01 7.08264410e-01 1.33833385e+00 -6.56207085e-01
    -2.37766653e-02 1.73424864e+00 -5.64990044e-01 -8.25001776e-01
    1.95833147e+00 -5.56106210e-01 -1.45006537e+00 5.91381550e-01
    -5.99231958e-01 -1.14972782e+00 1.03322864e+00 -4.27719712e-01
    -1.90879607e+00 1.48661411e+00 -2.11074322e-01 -2.03054976e+00
    1.81631851e+00 -4.96841371e-02 -2.08348513e+00 2.32395977e-01
    -8.22467208e-02 -1.29691195e+00 7.49350905e-01 1.81841910e-01
    -1.95284176e+00 1.14981842e+00 4.25880343e-01 -1.86803567e+00
    1.43009377e+00 5.55135369e-01 -1.73740339e+00 -3.54155898e-03
    3.92270386e-01 -1.18426096e+00 4.69494909e-01 7.03635097e-01
    -1.68442917e+00 8.39765131e-01 9.16808009e-01 -1.52425182e+00
    1.05516148e+00 1.00933540e+00 -1.31023705e+00 -1.82306498e-01
    9.54832554e-01 -9.08215821e-01 3.18067819e-01 1.32956922e+00
    -1.42401171e+00 5.80313861e-01 1.48938894e+00 -1.34354305e+00
    7.87725806e-01 1.60272789e+00 -1.26362932e+00</data></hand_left>
</opencv_storage>
