<?xml version="1.0"?>
<opencv_storage>
<hand_right type_id="opencv-matrix">
  <rows>21</rows>
  <cols>3</cols>
  <dt>f</dt>
  <data>
    -8.28997145e-06 -7.67636084e-06 3.66202812e-06 5.91663539e-01
    -3.87558639e-01 7.07694173e-01 1.33877885e+00 -6.55357301e-01
    -2.51234174e-02 1.73387778e+00 -5.63759565e-01 -8.26729536e-01
    1.95737815e+00 -5.54651856e-01 -1.45204270e+00 5.90702772e-01
    -5.98751783e-01 -1.15038168e+00 1.03177428e+00 -4.26825941e-01
    -1.90979803e+00 1.48492622e+00 -2.09850758e-01 -2.03179955e+00
    1.81446862e+00 -4.82421517e-02 -2.08488488e+00 2.31251419e-01
    -8.19520727e-02 -1.29717350e+00 7.47467756e-01 1.82565123e-01
    -1.95352411e+00 1.14788830e+00 4.26852256e-01 -1.86891353e+00
    1.42820632e+00 5.56263328e-01 -1.73836851e+00 -4.87019122e-03
    3.92419994e-01 -1.18424284e+00 4.67525363e-01 7.04143822e-01
    -1.68481004e+00 8.37844610e-01 9.17531610e-01 -1.52485693e+00
    1.05340719e+00 1.01016510e+00 -1.31092155e+00 -1.83712497e-01
    9.54868972e-01 -9.07962978e-01 3.15983891e-01 1.32995367e+00
    -1.42419505e+00 5.78222632e-01 1.48992920e+00 -1.34393835e+00
    7.85655677e-01 1.60338879e+00 -1.26416397e+00</data></hand_right>
</opencv_storage>
