<?xml version="1.0"?>
<opencv_storage>
<hand_left type_id="opencv-matrix">
  <rows>21</rows>
  <cols>3</cols>
  <dt>f</dt>
  <data>
    -8.29789951e-06 -7.66762787e-06 3.65709002e-06 5.90610266e-01
    -3.87426794e-01 7.08582520e-01 1.33832884e+00 -6.56231403e-01
    -2.32004970e-02 1.73432708e+00 -5.65480113e-01 -8.24455261e-01
    1.95850396e+00 -5.56979060e-01 -1.44949281e+00 5.91597319e-01
    -5.99858224e-01 -1.14929533e+00 1.03356612e+00 -4.28763360e-01
    -1.90840077e+00 1.48701811e+00 -2.12152719e-01 -2.03027821e+00
    1.81680369e+00 -5.07472754e-02 -2.08332658e+00 2.32619777e-01
    -8.29693973e-02 -1.29682636e+00 7.49731958e-01 1.80785969e-01
    -1.95279002e+00 1.15022027e+00 4.24915493e-01 -1.86800039e+00
    1.43055642e+00 5.54299355e-01 -1.73733461e+00 -3.35442275e-03
    3.91600639e-01 -1.18448806e+00 4.69833285e-01 7.02727199e-01
    -1.68467140e+00 8.40081573e-01 9.16011393e-01 -1.52447140e+00
    1.05546999e+00 1.00868058e+00 -1.31036329e+00 -1.82188272e-01
    9.54304993e-01 -9.08790052e-01 3.18332374e-01 1.32878733e+00
    -1.42462969e+00 5.80559015e-01 1.48865306e+00 -1.34414256e+00
    7.87964463e-01 1.60203767e+00 -1.26417017e+00</data></hand_left>
</opencv_storage>
