<?xml version="1.0"?>
<opencv_storage>
<hand_right type_id="opencv-matrix">
  <rows>21</rows>
  <cols>3</cols>
  <dt>f</dt>
  <data>
    -8.29724831e-06 -7.66867925e-06 3.64955895e-06 5.90526521e-01
    -3.88252407e-01 7.08170056e-01 1.33820248e+00 -6.56424880e-01
    -2.38416195e-02 1.73427987e+00 -5.64955652e-01 -8.24960828e-01
    1.95844734e+00 -5.55841804e-01 -1.44995701e+00 5.91475964e-01
    -5.98780215e-01 -1.14989519e+00 1.03343987e+00 -4.27017629e-01
    -1.90885031e+00 1.48683596e+00 -2.10413128e-01 -2.03054309e+00
    1.81655335e+00 -4.90779281e-02 -2.08345866e+00 2.32584760e-01
    -8.16912875e-02 -1.29690194e+00 7.49659419e-01 1.82605758e-01
    -1.95264542e+00 1.15009308e+00 4.26529706e-01 -1.86773455e+00
    1.43030858e+00 5.55658817e-01 -1.73710048e+00 -3.31318751e-03
    3.92798543e-01 -1.18407583e+00 4.69821393e-01 7.04319119e-01
    -1.68404627e+00 8.40052605e-01 9.17358696e-01 -1.52377331e+00
    1.05536783e+00 1.00973654e+00 -1.30978334e+00 -1.82061285e-01
    9.55244064e-01 -9.07801926e-01 3.18396777e-01 1.33016217e+00
    -1.42335701e+00 5.80609918e-01 1.48990321e+00 -1.34279573e+00
    7.87985444e-01 1.60316563e+00 -1.26287055e+00</data></hand_right>
</opencv_storage>
