<?xml version="1.0"?>
<opencv_storage>
<hand_right type_id="opencv-matrix">
  <rows>21</rows>
  <cols>3</cols>
  <dt>f</dt>
  <data>
    -8.29255623e-06 -7.67338861e-06 3.65289134e-06 5.91137826e-01
    -3.88223410e-01 7.07690120e-01 1.33842134e+00 -6.55917406e-01
    -2.49135345e-02 1.73392606e+00 -5.64071655e-01 -8.26275885e-01
    1.95766699e+00 -5.54691315e-01 -1.45142508e+00 5.90888917e-01
    -5.98347306e-01 -1.15042675e+00 1.03229117e+00 -4.26267147e-01
    -1.90963149e+00 1.48557448e+00 -2.09471911e-01 -2.03151250e+00
    1.81522012e+00 -4.79896367e-02 -2.08452344e+00 2.31737673e-01
    -8.13274086e-02 -1.29706967e+00 7.48251379e-01 1.83256894e-01
    -1.95314395e+00 1.14870179e+00 4.27289784e-01 -1.86850572e+00
    1.42899203e+00 5.56485891e-01 -1.73806846e+00 -4.22602519e-03
    3.93069535e-01 -1.18398285e+00 4.68461335e-01 7.04836845e-01
    -1.68421602e+00 8.38734269e-01 9.17946577e-01 -1.52417183e+00
    1.05417526e+00 1.01035047e+00 -1.31034148e+00 -1.82950526e-01
    9.55405235e-01 -9.07465398e-01 3.17061901e-01 1.33058536e+00
    -1.42328548e+00 5.79313695e-01 1.49038732e+00 -1.34285665e+00
    7.86721826e-01 1.60368657e+00 -1.26299393e+00</data></hand_right>
</opencv_storage>
