<?xml version="1.0"?>
<opencv_storage>
<hand_left type_id="opencv-matrix">
  <rows>21</rows>
  <cols>3</cols>
  <dt>f</dt>
  <data>
    -8.29415876e-06 -7.67168603e-06 3.66404629e-06 5.91216624e-01
    -3.87379289e-01 7.08152592e-01 1.33852148e+00 -6.55864298e-01
    -2.41800100e-02 1.73399544e+00 -5.64853311e-01 -8.25613558e-01
    1.95777214e+00 -5.56206703e-01 -1.45081425e+00 5.90962410e-01
    -5.99598289e-01 -1.14978409e+00 1.03244638e+00 -4.28228021e-01
    -1.90902615e+00 1.48561049e+00 -2.11520344e-01 -2.03072929e+00
    1.81507349e+00 -5.01529276e-02 -2.08358407e+00 2.31770843e-01
    -8.27546120e-02 -1.29702461e+00 7.48405933e-01 1.81252822e-01
    -1.95318699e+00 1.14876282e+00 4.25382435e-01 -1.86828744e+00
    1.42886639e+00 5.54648101e-01 -1.73748600e+00 -4.21521068e-03
    3.91761661e-01 -1.18444777e+00 4.68504965e-01 7.03041852e-01
    -1.68496072e+00 8.38773370e-01 9.16326046e-01 -1.52478838e+00
    1.05412006e+00 1.00889206e+00 -1.31067204e+00 -1.82958931e-01
    9.54433143e-01 -9.08548832e-01 3.17077100e-01 1.32902420e+00
    -1.42473269e+00 5.79275668e-01 1.48890996e+00 -1.34440863e+00
    7.86621451e-01 1.60229182e+00 -1.26464391e+00</data></hand_left>
</opencv_storage>
