<?xml version="1.0"?>
<opencv_storage>
<hand_right type_id="opencv-matrix">
  <rows>21</rows>
  <cols>3</cols>
  <dt>f</dt>
  <data>
    -8.29788314e-06 -7.67040910e-06 3.65590131e-06 5.90825558e-01
    -3.87707442e-01 7.08280504e-01 1.33836126e+00 -6.56190753e-01
    -2.38368213e-02 1.73412883e+00 -5.65066814e-01 -8.25172663e-01
    1.95815229e+00 -5.56308866e-01 -1.45029235e+00 5.91297269e-01
    -5.99407256e-01 -1.14970767e+00 1.03312683e+00 -4.27962184e-01
    -1.90880573e+00 1.48662090e+00 -2.11243480e-01 -2.03058577e+00
    1.81643474e+00 -4.97698486e-02 -2.08349800e+00 2.32274488e-01
    -8.24522898e-02 -1.29693437e+00 7.49242902e-01 1.81585386e-01
    -1.95292127e+00 1.14983451e+00 4.25717413e-01 -1.86807287e+00
    1.43026066e+00 5.55083096e-01 -1.73733187e+00 -3.66770104e-03
    3.92079681e-01 -1.18434322e+00 4.69416380e-01 7.03416228e-01
    -1.68451321e+00 8.39761734e-01 9.16656256e-01 -1.52426755e+00
    1.05524325e+00 1.00925744e+00 -1.31008649e+00 -1.82420224e-01
    9.54686403e-01 -9.08379734e-01 3.17995459e-01 1.32937706e+00
    -1.42421806e+00 5.80285847e-01 1.48922896e+00 -1.34371912e+00
    7.87740290e-01 1.60257888e+00 -1.26369917e+00</data></hand_right>
</opencv_storage>
