<?xml version="1.0"?>
<opencv_storage>
<hand_left type_id="opencv-matrix">
  <rows>21</rows>
  <cols>3</cols>
  <dt>f</dt>
  <data>
    -8.29515284e-06 -7.67159963e-06 3.66951599e-06 5.91340303e-01
    -3.87095511e-01 7.08257616e-01 1.33857143e+00 -6.55852735e-01
    -2.40962356e-02 1.73392987e+00 -5.65107286e-01 -8.25604796e-01
    1.95765626e+00 -5.56726575e-01 -1.45088148e+00 5.90864658e-01
    -6.00039244e-01 -1.14964104e+00 1.03232408e+00 -4.28883970e-01
    -1.90889907e+00 1.48542988e+00 -2.12193012e-01 -2.03044915e+00
    1.81478584e+00 -5.08766472e-02 -2.08315682e+00 2.31648058e-01
    -8.32425952e-02 -1.29705024e+00 7.48283148e-01 1.80586174e-01
    -1.95325828e+00 1.14861584e+00 4.24739540e-01 -1.86817634e+00
    1.42863750e+00 5.53999722e-01 -1.73714709e+00 -4.32135165e-03
    3.91324073e-01 -1.18461525e+00 4.68370289e-01 7.02437520e-01
    -1.68526089e+00 8.38666558e-01 9.15765047e-01 -1.52498138e+00
    1.05398798e+00 1.00835729e+00 -1.31067920e+00 -1.83021650e-01
    9.54128325e-01 -9.08907533e-01 3.16996396e-01 1.32848990e+00
    -1.42526877e+00 5.79188347e-01 1.48839557e+00 -1.34498072e+00
    7.86517501e-01 1.60179222e+00 -1.26523697e+00</data></hand_left>
</opencv_storage>
