<?xml version="1.0"?>
<opencv_storage>
<hand_right type_id="opencv-matrix">
  <rows>21</rows>
  <cols>3</cols>
  <dt>f</dt>
  <data>
    -8.29028431e-06 -7.67584152e-06 3.66334780e-06 5.91673017e-01
    -3.87537509e-01 7.07718015e-01 1.33877516e+00 -6.55426145e-01
    -2.50959843e-02 1.73386753e+00 -5.63900352e-01 -8.26711655e-01
    1.95737493e+00 -5.54890752e-01 -1.45203054e+00 5.90710223e-01
    -5.98798215e-01 -1.15037203e+00 1.03180468e+00 -4.26888049e-01
    -1.90976095e+00 1.48489380e+00 -2.09936500e-01 -2.03167343e+00
    1.81435490e+00 -4.83884513e-02 -2.08469582e+00 2.31259316e-01
    -8.20000544e-02 -1.29719567e+00 7.47540951e-01 1.82530358e-01
    -1.95346570e+00 1.14789128e+00 4.26791251e-01 -1.86864710e+00
    1.42809224e+00 5.56141675e-01 -1.73793173e+00 -4.85718995e-03
    3.92379463e-01 -1.18427312e+00 4.67561007e-01 7.04098344e-01
    -1.68481743e+00 8.37863803e-01 9.17469263e-01 -1.52471805e+00
    1.05335116e+00 1.01004779e+00 -1.31063569e+00 -1.83692321e-01
    9.54851866e-01 -9.08008456e-01 3.16015422e-01 1.32990158e+00
    -1.42422891e+00 5.78210056e-01 1.48986375e+00 -1.34393775e+00
    7.85594344e-01 1.60330081e+00 -1.26418114e+00</data></hand_right>
</opencv_storage>
