<?xml version="1.0"?>
<opencv_storage>
<hand_left type_id="opencv-matrix">
  <rows>21</rows>
  <cols>3</cols>
  <dt>f</dt>
  <data>
    -8.29541477e-06 -7.66776702e-06 3.65859296e-06 5.90724587e-01
    -3.87301832e-01 7.08534956e-01 1.33838105e+00 -6.56063557e-01
    -2.33047158e-02 1.73429990e+00 -5.65340996e-01 -8.24597538e-01
    1.95838094e+00 -5.56837082e-01 -1.44963837e+00 5.91486096e-01
    -5.99927187e-01 -1.14930058e+00 1.03330195e+00 -4.28906679e-01
    -1.90852571e+00 1.48667836e+00 -2.12301731e-01 -2.03053713e+00
    1.81641185e+00 -5.08945286e-02 -2.08368278e+00 2.32443660e-01
    -8.30881521e-02 -1.29683554e+00 7.49365211e-01 1.80595562e-01
    -1.95297074e+00 1.14979982e+00 4.24737513e-01 -1.86842060e+00
    1.43007660e+00 5.54121614e-01 -1.73797846e+00 -3.55918333e-03
    3.91471416e-01 -1.18451893e+00 4.69467461e-01 7.02556789e-01
    -1.68487012e+00 8.39668214e-01 9.15866375e-01 -1.52487338e+00
    1.05501664e+00 1.00855815e+00 -1.31099403e+00 -1.82410523e-01
    9.54185009e-01 -9.08855200e-01 3.17944497e-01 1.32865429e+00
    -1.42485523e+00 5.80157280e-01 1.48854399e+00 -1.34446430e+00
    7.87532568e-01 1.60194314e+00 -1.26459420e+00</data></hand_left>
</opencv_storage>
