<?xml version="1.0"?>
<opencv_storage>
<hand_left type_id="opencv-matrix">
  <rows>21</rows>
  <cols>3</cols>
  <dt>f</dt>
  <data>
    -8.29232431e-06 -7.67169604e-06 3.65372580e-06 5.90977907e-01
    -3.87992948e-01 7.07925498e-01 1.33843315e+00 -6.55887127e-01
    -2.43934393e-02 1.73414493e+00 -5.64304233e-01 -8.25668871e-01
    1.95802975e+00 -5.55109978e-01 -1.45073938e+00 5.91173828e-01
    -5.98638237e-01 -1.15010905e+00 1.03268290e+00 -4.26796615e-01
    -1.90931284e+00 1.48588610e+00 -2.10081667e-01 -2.03125000e+00
    1.81547689e+00 -4.86614108e-02 -2.08437347e+00 2.32032031e-01
    -8.16858709e-02 -1.29698610e+00 7.48644471e-01 1.82721406e-01
    -1.95301342e+00 1.14896202e+00 4.26754773e-01 -1.86841214e+00
    1.42913795e+00 5.55958629e-01 -1.73804021e+00 -3.98359820e-03
    3.92725557e-01 -1.18408525e+00 4.68750834e-01 7.04358339e-01
    -1.68433142e+00 8.38924885e-01 9.17520523e-01 -1.52433515e+00
    1.05427051e+00 1.00997591e+00 -1.31058002e+00 -1.82805195e-01
    9.55122590e-01 -9.07765508e-01 3.17247510e-01 1.33017313e+00
    -1.42358637e+00 5.79419672e-01 1.49000001e+00 -1.34317827e+00
    7.86776185e-01 1.60334539e+00 -1.26340270e+00</data></hand_left>
</opencv_storage>
