<?xml version="1.0"?>
<opencv_storage>
<hand_left type_id="opencv-matrix">
  <rows>21</rows>
  <cols>3</cols>
  <dt>f</dt>
  <data>
    -8.29444161e-06 -7.67066558e-06 3.65702067e-06 5.91001928e-01
    -3.87782097e-01 7.08065689e-01 1.33841443e+00 -6.56030118e-01
    -2.42186636e-02 1.73406124e+00 -5.64732373e-01 -8.25565934e-01
    1.95793927e+00 -5.55800557e-01 -1.45070088e+00 5.91108620e-01
    -5.99105358e-01 -1.14994192e+00 1.03272402e+00 -4.27478254e-01
    -1.90910828e+00 1.48603415e+00 -2.10749447e-01 -2.03093123e+00
    1.81568074e+00 -4.93206084e-02 -2.08389974e+00 2.31997415e-01
    -8.21710005e-02 -1.29699445e+00 7.48750806e-01 1.82044774e-01
    -1.95303190e+00 1.14920223e+00 4.26140815e-01 -1.86823034e+00
    1.42945683e+00 5.55414200e-01 -1.73757684e+00 -3.97664309e-03
    3.92306447e-01 -1.18425310e+00 4.68883514e-01 7.03772783e-01
    -1.68453622e+00 8.39169979e-01 9.16987181e-01 -1.52438462e+00
    1.05458045e+00 1.00951362e+00 -1.31036711e+00 -1.82741955e-01
    9.54833806e-01 -9.08130527e-01 3.17419648e-01 1.32966936e+00
    -1.42405307e+00 5.79650342e-01 1.48951876e+00 -1.34364438e+00
    7.87041962e-01 1.60286295e+00 -1.26379395e+00</data></hand_left>
</opencv_storage>
