<?xml version="1.0"?>
<opencv_storage>
<hand_right type_id="opencv-matrix">
  <rows>21</rows>
  <cols>3</cols>
  <dt>f</dt>
  <data>
    -8.28569318e-06 -7.67751226e-06 3.67718144e-06 5.92299461e-01
    -3.86502445e-01 7.07782149e-01 1.33910346e+00 -6.54783130e-01
    -2.51960903e-02 1.73364258e+00 -5.63876748e-01 -8.27141047e-01
    1.95677769e+00 -5.55431902e-01 -1.45259619e+00 5.90358198e-01
    -5.99687636e-01 -1.15010750e+00 1.03094125e+00 -4.28317040e-01
    -1.90990245e+00 1.48381400e+00 -2.11271137e-01 -2.03214025e+00
    1.81312251e+00 -4.96388674e-02 -2.08541465e+00 2.30558053e-01
    -8.32143724e-02 -1.29726040e+00 7.46373057e-01 1.80945367e-01
    -1.95402765e+00 1.14659858e+00 4.25479114e-01 -1.86950612e+00
    1.42675614e+00 5.55076003e-01 -1.73889005e+00 -5.72904572e-03
    3.91164631e-01 -1.18468654e+00 4.66302723e-01 7.02637911e-01
    -1.68574286e+00 8.36529732e-01 9.16327715e-01 -1.52588439e+00
    1.05198526e+00 1.00916326e+00 -1.31180894e+00 -1.84680015e-01
    9.53842521e-01 -9.08896148e-01 3.14601481e-01 1.32861757e+00
    -1.42568600e+00 5.76718152e-01 1.48875368e+00 -1.34559476e+00
    7.84022570e-01 1.60234225e+00 -1.26598179e+00</data></hand_right>
</opencv_storage>
