<?xml version="1.0"?>
<opencv_storage>
<hand_right type_id="opencv-matrix">
  <rows>21</rows>
  <cols>3</cols>
  <dt>f</dt>
  <data>
    -8.29606051e-06 -7.66932862e-06 3.64976177e-06 5.90634108e-01
    -3.88306767e-01 7.08039045e-01 1.33822227e+00 -6.56342745e-01
    -2.40961164e-02 1.73419595e+00 -5.64758658e-01 -8.25244904e-01
    1.95827329e+00 -5.55542231e-01 -1.45025563e+00 5.91337681e-01
    -5.98621607e-01 -1.15003681e+00 1.03316617e+00 -4.26767528e-01
    -1.90905321e+00 1.48651600e+00 -2.10145801e-01 -2.03081512e+00
    1.81620896e+00 -4.87972200e-02 -2.08379722e+00 2.32405022e-01
    -8.15333948e-02 -1.29693317e+00 7.49344468e-01 1.82843357e-01
    -1.95274055e+00 1.14976311e+00 4.26763654e-01 -1.86792791e+00
    1.42998028e+00 5.55884957e-01 -1.73739040e+00 -3.49781290e-03
    3.92931491e-01 -1.18402255e+00 4.69527066e-01 7.04517424e-01
    -1.68404567e+00 8.39755893e-01 9.17550683e-01 -1.52385986e+00
    1.05509543e+00 1.00991845e+00 -1.30996442e+00 -1.82232872e-01
    9.55332875e-01 -9.07658637e-01 3.18113923e-01 1.33032918e+00
    -1.42325425e+00 5.80329418e-01 1.49007154e+00 -1.34273481e+00
    7.87711322e-01 1.60333848e+00 -1.26285291e+00</data></hand_right>
</opencv_storage>
