<?xml version="1.0"?>
<opencv_storage>
<hand_right type_id="opencv-matrix">
  <rows>21</rows>
  <cols>3</cols>
  <dt>f</dt>
  <data>
    -8.29318924e-06 -7.67114852e-06 3.65935148e-06 5.91097593e-01
    -3.87493402e-01 7.08143055e-01 1.33852053e+00 -6.55810356e-01
    -2.41107643e-02 1.73411286e+00 -5.64662814e-01 -8.25497389e-01
    1.95797074e+00 -5.55867791e-01 -1.45064521e+00 5.91143250e-01
    -5.99328876e-01 -1.14979780e+00 1.03267896e+00 -4.27845448e-01
    -1.90903604e+00 1.48594892e+00 -2.11082399e-01 -2.03096914e+00
    1.81557250e+00 -4.96085286e-02 -2.08402944e+00 2.31948137e-01
    -8.24902728e-02 -1.29697454e+00 7.48614192e-01 1.81614339e-01
    -1.95311952e+00 1.14904428e+00 4.25796360e-01 -1.86843956e+00
    1.42931342e+00 5.55159271e-01 -1.73786747e+00 -4.08976153e-03
    3.91980678e-01 -1.18435180e+00 4.68682647e-01 7.03372777e-01
    -1.68475091e+00 8.38961959e-01 9.16693687e-01 -1.52471042e+00
    1.05441093e+00 1.00933158e+00 -1.31076086e+00 -1.82922229e-01
    9.54555452e-01 -9.08376515e-01 3.17157835e-01 1.32931435e+00
    -1.42443275e+00 5.79384267e-01 1.48923063e+00 -1.34409940e+00
    7.86789656e-01 1.60263729e+00 -1.26429009e+00</data></hand_right>
</opencv_storage>
