<?xml version="1.0"?>
<opencv_storage>
<hand_left type_id="opencv-matrix">
  <rows>21</rows>
  <cols>3</cols>
  <dt>f</dt>
  <data>
    -8.29585588e-06 -7.66956146e-06 3.65435699e-06 5.90696931e-01
    -3.87862355e-01 7.08258808e-01 1.33832586e+00 -6.56197786e-01
    -2.37302631e-02 1.73429370e+00 -5.64982772e-01 -8.24908257e-01
    1.95836818e+00 -5.56043983e-01 -1.44993508e+00 5.91369569e-01
    -5.99242866e-01 -1.14972556e+00 1.03321457e+00 -4.27753925e-01
    -1.90881300e+00 1.48654294e+00 -2.11158067e-01 -2.03051710e+00
    1.81618178e+00 -4.98175025e-02 -2.08340216e+00 2.32392564e-01
    -8.22506323e-02 -1.29691207e+00 7.49301791e-01 1.81811810e-01
    -1.95288467e+00 1.14970219e+00 4.25805748e-01 -1.86815035e+00
    1.42986774e+00 5.55001855e-01 -1.73759627e+00 -3.54209542e-03
    3.92271787e-01 -1.18426192e+00 4.69466388e-01 7.03620315e-01
    -1.68448377e+00 8.39656293e-01 9.16754603e-01 -1.52435720e+00
    1.05491877e+00 1.00922132e+00 -1.31043959e+00 -1.82309106e-01
    9.54838514e-01 -9.08209026e-01 3.18016768e-01 1.32958341e+00
    -1.42403460e+00 5.80228567e-01 1.48938072e+00 -1.34356701e+00
    7.87568748e-01 1.60268879e+00 -1.26369691e+00</data></hand_left>
</opencv_storage>
