<?xml version="1.0"?>
<opencv_storage>
<hand_left type_id="opencv-matrix">
  <rows>21</rows>
  <cols>3</cols>
  <dt>f</dt>
  <data>
    -8.29081000e-06 -7.67260281e-06 3.66676477e-06 5.91508329e-01
    -3.86980653e-01 7.08106160e-01 1.33869374e+00 -6.55458748e-01
    -2.43717730e-02 1.73387122e+00 -5.64556360e-01 -8.26012552e-01
    1.95746088e+00 -5.56006789e-01 -1.45128095e+00 5.90879738e-01
    -5.99707007e-01 -1.14976335e+00 1.03207970e+00 -4.28432286e-01
    -1.90925133e+00 1.48528552e+00 -2.11556762e-01 -2.03143787e+00
    1.81490576e+00 -4.99787033e-02 -2.08470106e+00 2.31471673e-01
    -8.30347463e-02 -1.29703963e+00 7.47867227e-01 1.80943266e-01
    -1.95346832e+00 1.14830303e+00 4.25312817e-01 -1.86892700e+00
    1.42865562e+00 5.54857254e-01 -1.73838782e+00 -4.65910509e-03
    3.91423851e-01 -1.18455446e+00 4.67908382e-01 7.02746511e-01
    -1.68519807e+00 8.38199496e-01 9.16250825e-01 -1.52526712e+00
    1.05373311e+00 1.00906014e+00 -1.31127679e+00 -1.83542371e-01
    9.54082251e-01 -9.08775270e-01 3.16313386e-01 1.32874572e+00
    -1.42511523e+00 5.78528523e-01 1.48875749e+00 -1.34488142e+00
    7.85936832e-01 1.60225701e+00 -1.26509905e+00</data></hand_left>
</opencv_storage>
