<?xml version="1.0"?>
<opencv_storage>
<hand_left type_id="opencv-matrix">
  <rows>21</rows>
  <cols>3</cols>
  <dt>f</dt>
  <data>
    -8.29370219e-06 -7.67048186e-06 3.65544747e-06 5.90879679e-01
    -3.87879670e-01 7.08106995e-01 1.33844090e+00 -6.55998290e-01
    -2.40609646e-02 1.73429561e+00 -5.64631104e-01 -8.25288713e-01
    1.95828092e+00 -5.55600047e-01 -1.45037258e+00 5.91284454e-01
    -5.98962963e-01 -1.14991665e+00 1.03293753e+00 -4.27296788e-01
    -1.90906179e+00 1.48611665e+00 -2.10649967e-01 -2.03084135e+00
    1.81562138e+00 -4.93116379e-02 -2.08381629e+00 2.32204229e-01
    -8.20037872e-02 -1.29697442e+00 7.48950839e-01 1.82243198e-01
    -1.95295882e+00 1.14923692e+00 4.26242858e-01 -1.86819613e+00
    1.42930579e+00 5.55394232e-01 -1.73765397e+00 -3.78371030e-03
    3.92464072e-01 -1.18419433e+00 4.69027042e-01 7.03945518e-01
    -1.68448615e+00 8.39205801e-01 9.17101622e-01 -1.52440858e+00
    1.05450213e+00 1.00954974e+00 -1.31055272e+00 -1.82587326e-01
    9.54967022e-01 -9.08016264e-01 3.17555130e-01 1.32982790e+00
    -1.42391121e+00 5.79726338e-01 1.48965549e+00 -1.34350836e+00
    7.87069917e-01 1.60300350e+00 -1.26374519e+00</data></hand_left>
</opencv_storage>
