<?xml version="1.0"?>
<opencv_storage>
<hand_right type_id="opencv-matrix">
  <rows>21</rows>
  <cols>3</cols>
  <dt>f</dt>
  <data>
    -8.28824705e-06 -7.67660458e-06 3.66018503e-06 5.91667771e-01
    -3.87786865e-01 7.07521915e-01 1.33873188e+00 -6.55366659e-01
    -2.53557563e-02 1.73382711e+00 -5.63562453e-01 -8.26910496e-01
    1.95728266e+00 -5.54270446e-01 -1.45217228e+00 5.90626061e-01
    -5.98378539e-01 -1.15058208e+00 1.03163409e+00 -4.26258802e-01
    -1.90999508e+00 1.48468423e+00 -2.09317029e-01 -2.03194404e+00
    1.81413412e+00 -4.77674901e-02 -2.08501720e+00 2.31171906e-01
    -8.15436989e-02 -1.29719532e+00 7.47329891e-01 1.83171213e-01
    -1.95346904e+00 1.14762521e+00 4.27370608e-01 -1.86881733e+00
    1.42779565e+00 5.56655824e-01 -1.73829198e+00 -4.94639948e-03
    3.92784476e-01 -1.18410301e+00 4.67404425e-01 7.04665959e-01
    -1.68459058e+00 8.37615192e-01 9.17953432e-01 -1.52457690e+00
    1.05300641e+00 1.01042414e+00 -1.31066632e+00 -1.83783725e-01
    9.55132008e-01 -9.07631397e-01 3.15845966e-01 1.33040237e+00
    -1.42372131e+00 5.78005672e-01 1.49031436e+00 -1.34338474e+00
    7.85333455e-01 1.60370076e+00 -1.26363587e+00</data></hand_right>
</opencv_storage>
