<?xml version="1.0"?>
<opencv_storage>
<hand_left type_id="opencv-matrix">
  <rows>21</rows>
  <cols>3</cols>
  <dt>f</dt>
  <data>
    -8.29236978e-06 -7.67016991e-06 3.65989740e-06 5.91066360e-01
    -3.87393534e-01 7.08187103e-01 1.33847618e+00 -6.55801773e-01
    -2.40220428e-02 1.73405468e+00 -5.64779639e-01 -8.25446844e-01
    1.95788622e+00 -5.56056678e-01 -1.45056343e+00 5.91165304e-01
    -5.99454939e-01 -1.14969766e+00 1.03262091e+00 -4.28135157e-01
    -1.90906191e+00 1.48588490e+00 -2.11417913e-01 -2.03124666e+00
    1.81556439e+00 -4.99410927e-02 -2.08454919e+00 2.31963128e-01
    -8.26488286e-02 -1.29693866e+00 7.48562932e-01 1.81326911e-01
    -1.95319438e+00 1.14895666e+00 4.25514817e-01 -1.86875641e+00
    1.42925811e+00 5.54915786e-01 -1.73842835e+00 -4.09270823e-03
    3.91824186e-01 -1.18439138e+00 4.68664825e-01 7.03150511e-01
    -1.68482685e+00 8.38869810e-01 9.16484416e-01 -1.52493489e+00
    1.05428696e+00 1.00915933e+00 -1.31114006e+00 -1.82953551e-01
    9.54409778e-01 -9.08489645e-01 3.17117572e-01 1.32913089e+00
    -1.42455530e+00 5.79313636e-01 1.48904014e+00 -1.34422469e+00
    7.86696434e-01 1.60246634e+00 -1.26442182e+00</data></hand_left>
</opencv_storage>
