<?xml version="1.0"?>
<opencv_storage>
<hand_left type_id="opencv-matrix">
  <rows>21</rows>
  <cols>3</cols>
  <dt>f</dt>
  <data>
    -8.29660712e-06 -7.67091660e-06 3.66896984e-06 5.91243446e-01
    -3.86990100e-01 7.08413184e-01 1.33855188e+00 -6.55950308e-01
    -2.38195509e-02 1.73398519e+00 -5.65383613e-01 -8.25349212e-01
    1.95779228e+00 -5.57175994e-01 -1.45060825e+00 5.90993524e-01
    -6.00287795e-01 -1.14946914e+00 1.03256738e+00 -4.29309160e-01
    -1.90873945e+00 1.48578930e+00 -2.12630063e-01 -2.03035784e+00
    1.81527507e+00 -5.12810647e-02 -2.08310890e+00 2.31811181e-01
    -8.34983960e-02 -1.29702187e+00 7.48569429e-01 1.80180237e-01
    -1.95323920e+00 1.14897692e+00 4.24373984e-01 -1.86818802e+00
    1.42910242e+00 5.53713322e-01 -1.73715913e+00 -4.15724143e-03
    3.91103178e-01 -1.18470967e+00 4.68672574e-01 7.02121437e-01
    -1.68530881e+00 8.38986635e-01 9.15489852e-01 -1.52499938e+00
    1.05432200e+00 1.00814104e+00 -1.31062436e+00 -1.82872713e-01
    9.53971326e-01 -9.09136951e-01 3.17286909e-01 1.32824111e+00
    -1.42547023e+00 5.79497695e-01 1.48815966e+00 -1.34512115e+00
    7.86841631e-01 1.60156035e+00 -1.26528585e+00</data></hand_left>
</opencv_storage>
