<?xml version="1.0"?>
<opencv_storage>
<hand_left type_id="opencv-matrix">
  <rows>21</rows>
  <cols>3</cols>
  <dt>f</dt>
  <data>
    -8.29181045e-06 -7.67233450e-06 3.66285713e-06 5.91380298e-01
    -3.87409359e-01 7.07958698e-01 1.33853865e+00 -6.55695796e-01
    -2.45929062e-02 1.73378444e+00 -5.64516783e-01 -8.26161504e-01
    1.95739233e+00 -5.55719018e-01 -1.45140123e+00 5.90791941e-01
    -5.99344790e-01 -1.14997935e+00 1.03205240e+00 -4.27857220e-01
    -1.90938354e+00 1.48530936e+00 -2.11033940e-01 -2.03145456e+00
    1.81495285e+00 -4.95042503e-02 -2.08460021e+00 2.31503576e-01
    -8.25365111e-02 -1.29704952e+00 7.47938871e-01 1.81580096e-01
    -1.95338726e+00 1.14841270e+00 4.25812960e-01 -1.86881757e+00
    1.42875242e+00 5.55219769e-01 -1.73830032e+00 -4.53079119e-03
    3.91923159e-01 -1.18437600e+00 4.68093097e-01 7.03339994e-01
    -1.68490410e+00 8.38392615e-01 9.16678965e-01 -1.52492762e+00
    1.05387950e+00 1.00933039e+00 -1.31098127e+00 -1.83307886e-01
    9.54498112e-01 -9.08368111e-01 3.16620231e-01 1.32927418e+00
    -1.42455709e+00 5.78863025e-01 1.48918998e+00 -1.34425271e+00
    7.86268294e-01 1.60259318e+00 -1.26442981e+00</data></hand_left>
</opencv_storage>
