<?xml version="1.0"?>
<opencv_storage>
<hand_right type_id="opencv-matrix">
  <rows>21</rows>
  <cols>3</cols>
  <dt>f</dt>
  <data>
    -8.29187866e-06 -7.67510573e-06 3.67882740e-06 5.92068791e-01
    -3.86582553e-01 7.07987428e-01 1.33886766e+00 -6.55325770e-01
    -2.48945504e-02 1.73350644e+00 -5.64662695e-01 -8.26798320e-01
    1.95678163e+00 -5.56457818e-01 -1.45230794e+00 5.90312183e-01
    -6.00192904e-01 -1.14989293e+00 1.03123283e+00 -4.29031581e-01
    -1.90944147e+00 1.48428655e+00 -2.12081164e-01 -2.03125167e+00
    1.81363761e+00 -5.05574048e-02 -2.08411431e+00 2.30758831e-01
    -8.35925937e-02 -1.29721987e+00 7.46956825e-01 1.80316508e-01
    -1.95378077e+00 1.14738917e+00 4.24755752e-01 -1.86876953e+00
    1.42761576e+00 5.54274201e-01 -1.73764122e+00 -5.32990694e-03
    3.90918106e-01 -1.18477499e+00 4.67009783e-01 7.02119470e-01
    -1.68573093e+00 8.37449074e-01 9.15704548e-01 -1.52551794e+00
    1.05301499e+00 1.00850749e+00 -1.31102931e+00 -1.84058964e-01
    9.53757286e-01 -9.09142733e-01 3.15577775e-01 1.32815599e+00
    -1.42589056e+00 5.77814937e-01 1.48821700e+00 -1.34574759e+00
    7.85220742e-01 1.60173297e+00 -1.26601303e+00</data></hand_right>
</opencv_storage>
