<?xml version="1.0"?>
<opencv_storage>
<hand_right type_id="opencv-matrix">
  <rows>21</rows>
  <cols>3</cols>
  <dt>f</dt>
  <data>
    -8.29176315e-06 -7.67291749e-06 3.65477513e-06 5.91134012e-01
    -3.88038874e-01 7.07788885e-01 1.33847642e+00 -6.55819774e-01
    -2.47027576e-02 1.73403287e+00 -5.64115405e-01 -8.26040626e-01
    1.95781088e+00 -5.54854214e-01 -1.45116627e+00 5.91018021e-01
    -5.98480105e-01 -1.15028846e+00 1.03242493e+00 -4.26498353e-01
    -1.90950680e+00 1.48560011e+00 -2.09725052e-01 -2.03138590e+00
    1.81515336e+00 -4.82831895e-02 -2.08444333e+00 2.31820777e-01
    -8.15262869e-02 -1.29704916e+00 7.48351216e-01 1.83014274e-01
    -1.95308948e+00 1.14867508e+00 4.27065164e-01 -1.86839473e+00
    1.42884052e+00 5.56256473e-01 -1.73791695e+00 -4.19970229e-03
    3.92862976e-01 -1.18405151e+00 4.68463361e-01 7.04594076e-01
    -1.68431377e+00 8.38659883e-01 9.17753220e-01 -1.52424669e+00
    1.05401087e+00 1.01017177e+00 -1.31039846e+00 -1.83001101e-01
    9.55228806e-01 -9.07636642e-01 3.16971123e-01 1.33036339e+00
    -1.42347729e+00 5.79144120e-01 1.49019134e+00 -1.34306002e+00
    7.86493063e-01 1.60352480e+00 -1.26327074e+00</data></hand_right>
</opencv_storage>
