<?xml version="1.0"?>
<opencv_storage>
<hand_left type_id="opencv-matrix">
  <rows>21</rows>
  <cols>3</cols>
  <dt>f</dt>
  <data>
    -8.29337478e-06 -7.67374240e-06 3.65150981e-06 5.91063797e-01
    -3.88227284e-01 7.07758844e-01 1.33845115e+00 -6.55918300e-01
    -2.47446746e-02 1.73404837e+00 -5.64055681e-01 -8.26065838e-01
    1.95787811e+00 -5.54673314e-01 -1.45119822e+00 5.91069400e-01
    -5.98286033e-01 -1.15038538e+00 1.03260541e+00 -4.26139623e-01
    -1.90951824e+00 1.48594952e+00 -2.09291220e-01 -2.03133154e+00
    1.81565166e+00 -4.77633476e-02 -2.08428526e+00 2.31911734e-01
    -8.12759101e-02 -1.29706025e+00 7.48555779e-01 1.83382511e-01
    -1.95304120e+00 1.14904177e+00 4.27467465e-01 -1.86828744e+00
    1.42937708e+00 5.56718349e-01 -1.73772752e+00 -4.09311056e-03
    3.93108815e-01 -1.18398857e+00 4.68703330e-01 7.04939544e-01
    -1.68412054e+00 8.38984430e-01 9.18088555e-01 -1.52397013e+00
    1.05442166e+00 1.01051676e+00 -1.31001711e+00 -1.82889119e-01
    9.55430269e-01 -9.07473624e-01 3.17204207e-01 1.33067656e+00
    -1.42319882e+00 5.79451859e-01 1.49050093e+00 -1.34270799e+00
    7.86862254e-01 1.60381603e+00 -1.26277781e+00</data></hand_left>
</opencv_storage>
