<?xml version="1.0"?>
<opencv_storage>
<hand_right type_id="opencv-matrix">
  <rows>21</rows>
  <cols>3</cols>
  <dt>f</dt>
  <data>
    -8.29317196e-06 -7.67614893e-06 3.66021004e-06 5.91527224e-01
    -3.87942731e-01 7.07616627e-01 1.33861768e+00 -6.55722857e-01
    -2.52266228e-02 1.73377776e+00 -5.63961744e-01 -8.26763690e-01
    1.95733571e+00 -5.54762125e-01 -1.45206773e+00 5.90669453e-01
    -5.98487735e-01 -1.15055287e+00 1.03191972e+00 -4.26354408e-01
    -1.90978110e+00 1.48510027e+00 -2.09433347e-01 -2.03140116e+00
    1.81459904e+00 -4.79319394e-02 -2.08418083e+00 2.31351554e-01
    -8.15509260e-02 -1.29720557e+00 7.47794330e-01 1.83153749e-01
    -1.95327616e+00 1.14820683e+00 4.27301764e-01 -1.86820424e+00
    1.42843413e+00 5.56541443e-01 -1.73725724e+00 -4.66473773e-03
    3.92838866e-01 -1.18411887e+00 4.67926919e-01 7.04671919e-01
    -1.68443727e+00 8.38246346e-01 9.17886734e-01 -1.52408433e+00
    1.05367196e+00 1.01029396e+00 -1.30977726e+00 -1.83392406e-01
    9.55244839e-01 -9.07655418e-01 3.16497922e-01 1.33040011e+00
    -1.42360985e+00 5.78707576e-01 1.49025452e+00 -1.34314859e+00
    7.86076009e-01 1.60358906e+00 -1.26324809e+00</data></hand_right>
</opencv_storage>
