<?xml version="1.0"?>
<opencv_storage>
<hand_left type_id="opencv-matrix">
  <rows>21</rows>
  <cols>3</cols>
  <dt>f</dt>
  <data>
    -8.29720102e-06 -7.67093115e-06 3.66196468e-06 5.91026545e-01
    -3.87474328e-01 7.08300412e-01 1.33846426e+00 -6.56098664e-01
    -2.38980204e-02 1.73410916e+00 -5.65145671e-01 -8.25289249e-01
    1.95802641e+00 -5.56551278e-01 -1.45047581e+00 5.91129243e-01
    -5.99716902e-01 -1.14968336e+00 1.03284061e+00 -4.28407013e-01
    -1.90883815e+00 1.48613620e+00 -2.11738646e-01 -2.03043127e+00
    1.81571031e+00 -5.03794551e-02 -2.08318400e+00 2.32044980e-01
    -8.28026459e-02 -1.29700744e+00 7.48902559e-01 1.81132004e-01
    -1.95306730e+00 1.14934826e+00 4.25233483e-01 -1.86804664e+00
    1.42952371e+00 5.54499269e-01 -1.73711884e+00 -3.89156863e-03
    3.91763955e-01 -1.18448150e+00 4.69039261e-01 7.02982664e-01
    -1.68487084e+00 8.39342713e-01 9.16230321e-01 -1.52456903e+00
    1.05469370e+00 1.00878143e+00 -1.31031251e+00 -1.82602331e-01
    9.54484344e-01 -9.08628106e-01 3.17660153e-01 1.32900345e+00
    -1.42469990e+00 5.79893649e-01 1.48886013e+00 -1.34427881e+00
    7.87262082e-01 1.60221136e+00 -1.26439345e+00</data></hand_left>
</opencv_storage>
