<?xml version="1.0"?>
<opencv_storage>
<hand_right type_id="opencv-matrix">
  <rows>21</rows>
  <cols>3</cols>
  <dt>f</dt>
  <data>
    -8.28860539e-06 -7.67506663e-06 3.65503183e-06 5.91389477e-01
    -3.87980402e-01 7.07595408e-01 1.33861160e+00 -6.55507743e-01
    -2.51066387e-02 1.73394537e+00 -5.63626170e-01 -8.26543033e-01
    1.95755386e+00 -5.54221153e-01 -1.45171332e+00 5.90845525e-01
    -5.98246217e-01 -1.15049505e+00 1.03201938e+00 -4.26106185e-01
    -1.90983582e+00 1.48518407e+00 -2.09197968e-01 -2.03190160e+00
    1.81476271e+00 -4.76299524e-02 -2.08505726e+00 2.31496692e-01
    -8.13592672e-02 -1.29710782e+00 7.47761905e-01 1.83318838e-01
    -1.95334697e+00 1.14812839e+00 4.27478194e-01 -1.86890101e+00
    1.42837739e+00 5.56768417e-01 -1.73863077e+00 -4.60283458e-03
    3.92967284e-01 -1.18401539e+00 4.67855841e-01 7.04838037e-01
    -1.68440914e+00 8.38072538e-01 9.18081343e-01 -1.52453697e+00
    1.05350006e+00 1.01057231e+00 -1.31085908e+00 -1.83466151e-01
    9.55261171e-01 -9.07501817e-01 3.16273749e-01 1.33057368e+00
    -1.42348874e+00 5.78481197e-01 1.49047041e+00 -1.34315979e+00
    7.85854578e-01 1.60384655e+00 -1.26340103e+00</data></hand_right>
</opencv_storage>
