<?xml version="1.0"?>
<opencv_storage>
<hand_right type_id="opencv-matrix">
  <rows>21</rows>
  <cols>3</cols>
  <dt>f</dt>
  <data>
    -8.29617966e-06 -7.67188158e-06 3.65373489e-06 5.90975463e-01
    -3.88184398e-01 7.07889915e-01 1.33834767e+00 -6.56180680e-01
    -2.45553702e-02 1.73398423e+00 -5.64542294e-01 -8.25871289e-01
    1.95786488e+00 -5.55352390e-01 -1.45102763e+00 5.91006398e-01
    -5.98681211e-01 -1.15022504e+00 1.03265297e+00 -4.26754296e-01
    -1.90928984e+00 1.48601484e+00 -2.10013926e-01 -2.03093719e+00
    1.81568146e+00 -4.85912859e-02 -2.08375406e+00 2.31969386e-01
    -8.16202387e-02 -1.29703999e+00 7.48759151e-01 1.82821140e-01
    -1.95295501e+00 1.14927900e+00 4.26828682e-01 -1.86800051e+00
    1.42957890e+00 5.56008995e-01 -1.73723423e+00 -3.92622128e-03
    3.92846495e-01 -1.18407786e+00 4.68972743e-01 7.04464257e-01
    -1.68422556e+00 8.39326262e-01 9.17557299e-01 -1.52394986e+00
    1.05479169e+00 1.00996554e+00 -1.30984628e+00 -1.82590038e-01
    9.55286801e-01 -9.07702446e-01 3.17642212e-01 1.33026147e+00
    -1.42347419e+00 5.79924285e-01 1.49004233e+00 -1.34299374e+00
    7.87360787e-01 1.60332286e+00 -1.26306570e+00</data></hand_right>
</opencv_storage>
