<?xml version="1.0"?>
<opencv_storage>
<hand_right type_id="opencv-matrix">
  <rows>21</rows>
  <cols>3</cols>
  <dt>f</dt>
  <data>
    -8.29156306e-06 -7.67459733e-06 3.65412188e-06 5.91313183e-01
    -3.88093054e-01 7.07611144e-01 1.33849287e+00 -6.55739725e-01
    -2.51231045e-02 1.73380089e+00 -5.63872218e-01 -8.26600313e-01
    1.95742893e+00 -5.54504097e-01 -1.45180404e+00 5.90788722e-01
    -5.98318338e-01 -1.15049410e+00 1.03205872e+00 -4.26203012e-01
    -1.90978897e+00 1.48540533e+00 -2.09289759e-01 -2.03182364e+00
    1.81515479e+00 -4.76801097e-02 -2.08493710e+00 2.31531948e-01
    -8.13642219e-02 -1.29709589e+00 7.47933030e-01 1.83271557e-01
    -1.95328355e+00 1.14847398e+00 4.27431226e-01 -1.86875248e+00
    1.42893028e+00 5.56772232e-01 -1.73835504e+00 -4.48960438e-03
    3.93000066e-01 -1.18400681e+00 4.68137473e-01 7.04834461e-01
    -1.68427849e+00 8.38457942e-01 9.18045223e-01 -1.52428901e+00
    1.05400562e+00 1.01055181e+00 -1.31043053e+00 -1.83260754e-01
    9.55313206e-01 -9.07497764e-01 3.16670716e-01 1.33056808e+00
    -1.42337620e+00 5.78948319e-01 1.49042892e+00 -1.34296024e+00
    7.86400378e-01 1.60377443e+00 -1.26305032e+00</data></hand_right>
</opencv_storage>
