<?xml version="1.0"?>
<opencv_storage>
<hand_right type_id="opencv-matrix">
  <rows>21</rows>
  <cols>3</cols>
  <dt>f</dt>
  <data>
    -8.29640067e-06 -7.66945595e-06 3.65587903e-06 5.90790927e-01
    -3.87730718e-01 7.08272040e-01 1.33835673e+00 -6.56172395e-01
    -2.37943381e-02 1.73419893e+00 -5.65051198e-01 -8.25075686e-01
    1.95822322e+00 -5.56233168e-01 -1.45015287e+00 5.91308713e-01
    -5.99375725e-01 -1.14970255e+00 1.03310108e+00 -4.27955389e-01
    -1.90884185e+00 1.48648059e+00 -2.11308450e-01 -2.03066206e+00
    1.81619811e+00 -4.99070883e-02 -2.08365107e+00 2.32291535e-01
    -8.24214816e-02 -1.29692888e+00 7.49210477e-01 1.81603357e-01
    -1.95292699e+00 1.14968848e+00 4.25676405e-01 -1.86816049e+00
    1.42997491e+00 5.54964781e-01 -1.73753440e+00 -3.65559757e-03
    3.92105013e-01 -1.18432391e+00 4.69365180e-01 7.03428507e-01
    -1.68455243e+00 8.39635491e-01 9.16633904e-01 -1.52439570e+00
    1.05501997e+00 1.00918460e+00 -1.31037271e+00 -1.82420149e-01
    9.54701722e-01 -9.08343494e-01 3.17922771e-01 1.32939827e+00
    -1.42420673e+00 5.80165923e-01 1.48922956e+00 -1.34374893e+00
    7.87561834e-01 1.60256577e+00 -1.26383829e+00</data></hand_right>
</opencv_storage>
