<?xml version="1.0"?>
<opencv_storage>
<hand_left type_id="opencv-matrix">
  <rows>21</rows>
  <cols>3</cols>
  <dt>f</dt>
  <data>
    -8.29349756e-06 -7.67132406e-06 3.65422898e-06 5.90952218e-01
    -3.87870699e-01 7.08019495e-01 1.33840346e+00 -6.55950606e-01
    -2.42656916e-02 1.73407626e+00 -5.64516008e-01 -8.25599313e-01
    1.95796561e+00 -5.55459559e-01 -1.45069098e+00 5.91184199e-01
    -5.98888814e-01 -1.14998364e+00 1.03274512e+00 -4.27198112e-01
    -1.90921330e+00 1.48607898e+00 -2.10459083e-01 -2.03123331e+00
    1.81580687e+00 -4.89743948e-02 -2.08438706e+00 2.32061192e-01
    -8.19528550e-02 -1.29696405e+00 7.48742640e-01 1.82314947e-01
    -1.95305645e+00 1.14919043e+00 4.26415384e-01 -1.86849833e+00
    1.42951989e+00 5.55723488e-01 -1.73810887e+00 -3.94443423e-03
    3.92488927e-01 -1.18417299e+00 4.68893915e-01 7.04032838e-01
    -1.68441141e+00 8.39125276e-01 9.17239189e-01 -1.52440119e+00
    1.05454242e+00 1.00977802e+00 -1.31056619e+00 -1.82759255e-01
    9.54943061e-01 -9.07973230e-01 3.17395717e-01 1.32989991e+00
    -1.42381322e+00 5.79624355e-01 1.48974419e+00 -1.34337854e+00
    7.87022054e-01 1.60309899e+00 -1.26349068e+00</data></hand_left>
</opencv_storage>
