<?xml version="1.0"?>
<opencv_storage>
<hand_right type_id="opencv-matrix">
  <rows>21</rows>
  <cols>3</cols>
  <dt>f</dt>
  <data>
    -8.29720375e-06 -7.66926041e-06 3.64894913e-06 5.90560436e-01
    -3.88336003e-01 7.08099008e-01 1.33819664e+00 -6.56427383e-01
    -2.39844471e-02 1.73423505e+00 -5.64866364e-01 -8.25112045e-01
    1.95837152e+00 -5.55683851e-01 -1.45011604e+00 5.91396153e-01
    -5.98683476e-01 -1.14998722e+00 1.03333020e+00 -4.26853836e-01
    -1.90894687e+00 1.48673868e+00 -2.10240155e-01 -2.03061604e+00
    1.81646323e+00 -4.88956273e-02 -2.08349347e+00 2.32507959e-01
    -8.15695971e-02 -1.29692280e+00 7.49545336e-01 1.82774320e-01
    -1.95268190e+00 1.15000522e+00 4.26684141e-01 -1.86778808e+00
    1.43023515e+00 5.55796504e-01 -1.73716331e+00 -3.37205827e-03
    3.92916232e-01 -1.18403578e+00 4.69741106e-01 7.04472423e-01
    -1.68400967e+00 8.39988589e-01 9.17486668e-01 -1.52374125e+00
    1.05530858e+00 1.00983572e+00 -1.30976188e+00 -1.82089150e-01
    9.55341578e-01 -9.07699645e-01 3.18352401e-01 1.33030057e+00
    -1.42325401e+00 5.80585182e-01 1.49002826e+00 -1.34268355e+00
    7.87967026e-01 1.60326982e+00 -1.26274300e+00</data></hand_right>
</opencv_storage>
