<?xml version="1.0"?>
<opencv_storage>
<hand_left type_id="opencv-matrix">
  <rows>21</rows>
  <cols>3</cols>
  <dt>f</dt>
  <data>
    -8.29672263e-06 -7.66892663e-06 3.64884568e-06 5.90497613e-01
    -3.88255507e-01 7.08168089e-01 1.33820033e+00 -6.56369805e-01
    -2.37997770e-02 1.73432064e+00 -5.64883053e-01 -8.24879050e-01
    1.95850527e+00 -5.55727899e-01 -1.44983542e+00 5.91508269e-01
    -5.98744392e-01 -1.14987218e+00 1.03343320e+00 -4.27001238e-01
    -1.90886581e+00 1.48679566e+00 -2.10425079e-01 -2.03063536e+00
    1.81650591e+00 -4.90966737e-02 -2.08364439e+00 2.32614979e-01
    -8.16618204e-02 -1.29687595e+00 7.49624968e-01 1.82612464e-01
    -1.95266414e+00 1.15001667e+00 4.26519185e-01 -1.86791658e+00
    1.43022490e+00 5.55651367e-01 -1.73745739e+00 -3.29418480e-03
    3.92817855e-01 -1.18405473e+00 4.69791949e-01 7.04331875e-01
    -1.68405151e+00 8.39980900e-01 9.17370915e-01 -1.52390993e+00
    1.05529010e+00 1.00976586e+00 -1.31007242e+00 -1.82062194e-01
    9.55244958e-01 -9.07772720e-01 3.18357110e-01 1.33018029e+00
    -1.42333484e+00 5.80560088e-01 1.48992074e+00 -1.34280682e+00
    7.87937164e-01 1.60320413e+00 -1.26292610e+00</data></hand_left>
</opencv_storage>
