<?xml version="1.0"?>
<opencv_storage>
<hand_left type_id="opencv-matrix">
  <rows>21</rows>
  <cols>3</cols>
  <dt>f</dt>
  <data>
    -8.29303372e-06 -7.67128859e-06 3.65870301e-06 5.91088891e-01
    -3.87597799e-01 7.08113909e-01 1.33853984e+00 -6.55839682e-01
    -2.41615474e-02 1.73417735e+00 -5.64612269e-01 -8.25534105e-01
    1.95803881e+00 -5.55732787e-01 -1.45069098e+00 5.91161072e-01
    -5.99205077e-01 -1.14988482e+00 1.03270411e+00 -4.27641869e-01
    -1.90912700e+00 1.48593950e+00 -2.10894823e-01 -2.03102160e+00
    1.81552529e+00 -4.94508147e-02 -2.08405685e+00 2.31972873e-01
    -8.23318139e-02 -1.29700994e+00 7.48643100e-01 1.81845531e-01
    -1.95313215e+00 1.14902878e+00 4.25987810e-01 -1.86840367e+00
    1.42923045e+00 5.55291593e-01 -1.73780274e+00 -4.06217203e-03
    3.92137170e-01 -1.18432391e+00 4.68708754e-01 7.03582466e-01
    -1.68471205e+00 8.38951230e-01 9.16862011e-01 -1.52464283e+00
    1.05434418e+00 1.00943780e+00 -1.31069160e+00 -1.82893232e-01
    9.54697132e-01 -9.08271968e-01 3.17185104e-01 1.32950914e+00
    -1.42429996e+00 5.79388499e-01 1.48940289e+00 -1.34394002e+00
    7.86761522e-01 1.60279357e+00 -1.26413047e+00</data></hand_left>
</opencv_storage>
