<?xml version="1.0"?>
<opencv_storage>
<hand_right type_id="opencv-matrix">
  <rows>21</rows>
  <cols>3</cols>
  <dt>f</dt>
  <data>
    -8.29584951e-06 -7.67145139e-06 3.65313599e-06 5.90862095e-01
    -3.88069749e-01 7.08020329e-01 1.33835769e+00 -6.56134129e-01
    -2.42334008e-02 1.73413193e+00 -5.64621210e-01 -8.25496376e-01
    1.95809603e+00 -5.55493236e-01 -1.45058155e+00 5.91205180e-01
    -5.98797619e-01 -1.15004599e+00 1.03290176e+00 -4.27007914e-01
    -1.90915084e+00 1.48624921e+00 -2.10308284e-01 -2.03090334e+00
    1.81593812e+00 -4.88927364e-02 -2.08384585e+00 2.32167169e-01
    -8.17762315e-02 -1.29698253e+00 7.48978019e-01 1.82564035e-01
    -1.95292258e+00 1.14943051e+00 4.26584005e-01 -1.86813450e+00
    1.42971659e+00 5.55804789e-01 -1.73753536e+00 -3.77491117e-03
    3.92689943e-01 -1.18412483e+00 4.69157994e-01 7.04256177e-01
    -1.68426657e+00 8.39418650e-01 9.17385817e-01 -1.52409005e+00
    1.05481255e+00 1.00983500e+00 -1.31009686e+00 -1.82520494e-01
    9.55144405e-01 -9.07848179e-01 3.17740440e-01 1.33009923e+00
    -1.42358983e+00 5.79977274e-01 1.48989427e+00 -1.34309411e+00
    7.87378907e-01 1.60320544e+00 -1.26317823e+00</data></hand_right>
</opencv_storage>
