<?xml version="1.0"?>
<opencv_storage>
<hand_left type_id="opencv-matrix">
  <rows>21</rows>
  <cols>3</cols>
  <dt>f</dt>
  <data>
    -8.29663168e-06 -7.67766869e-06 3.65639517e-06 5.91498017e-01
    -3.88112754e-01 7.07597017e-01 1.33861434e+00 -6.55843735e-01
    -2.53267437e-02 1.73373413e+00 -5.63903689e-01 -8.26916695e-01
    1.95733976e+00 -5.54596364e-01 -1.45229399e+00 5.90688765e-01
    -5.98350048e-01 -1.15066719e+00 1.03213871e+00 -4.26017165e-01
    -1.90976608e+00 1.48565781e+00 -2.08920181e-01 -2.03128910e+00
    1.81547093e+00 -4.72163260e-02 -2.08389664e+00 2.31409296e-01
    -8.13513100e-02 -1.29723287e+00 7.48055339e-01 1.83488697e-01
    -1.95322847e+00 1.14883828e+00 4.27772224e-01 -1.86800790e+00
    1.42946446e+00 5.57201385e-01 -1.73681176e+00 -4.58103046e-03
    3.93046677e-01 -1.18408191e+00 4.68240976e-01 7.04988241e-01
    -1.68422353e+00 8.38799238e-01 9.18261468e-01 -1.52369702e+00
    1.05450690e+00 1.01077914e+00 -1.30910158e+00 -1.83279872e-01
    9.55425680e-01 -9.07549798e-01 3.16822290e-01 1.33068049e+00
    -1.42339075e+00 5.79203367e-01 1.49057376e+00 -1.34284472e+00
    7.86740303e-01 1.60391521e+00 -1.26268804e+00</data></hand_left>
</opencv_storage>
