<?xml version="1.0"?>
<opencv_storage>
<hand_right type_id="opencv-matrix">
  <rows>21</rows>
  <cols>3</cols>
  <dt>f</dt>
  <data>
    -8.29316468e-06 -7.66896483e-06 3.65475262e-06 5.90738058e-01
    -3.87597203e-01 7.08310425e-01 1.33837533e+00 -6.55963063e-01
    -2.36330181e-02 1.73429501e+00 -5.64884722e-01 -8.24870706e-01
    1.95834184e+00 -5.56070685e-01 -1.44986689e+00 5.91455638e-01
    -5.99351048e-01 -1.14956892e+00 1.03315830e+00 -4.28022623e-01
    -1.90880370e+00 1.48647642e+00 -2.11389422e-01 -2.03090978e+00
    1.81618702e+00 -4.99626398e-02 -2.08414960e+00 2.32382342e-01
    -8.24782103e-02 -1.29684865e+00 7.49151945e-01 1.81467861e-01
    -1.95298004e+00 1.14952564e+00 4.25562829e-01 -1.86860561e+00
    1.42977166e+00 5.54889619e-01 -1.73840451e+00 -3.64756957e-03
    3.92006040e-01 -1.18431163e+00 4.69251752e-01 7.03313351e-01
    -1.68461645e+00 8.39399397e-01 9.16565776e-01 -1.52475500e+00
    1.05472589e+00 1.00918102e+00 -1.31109118e+00 -1.82532400e-01
    9.54559505e-01 -9.08381045e-01 3.17688167e-01 1.32930243e+00
    -1.42429435e+00 5.79881370e-01 1.48917615e+00 -1.34390998e+00
    7.87246108e-01 1.60256660e+00 -1.26409650e+00</data></hand_right>
</opencv_storage>
