<?xml version="1.0"?>
<opencv_storage>
<hand_left type_id="opencv-matrix">
  <rows>21</rows>
  <cols>3</cols>
  <dt>f</dt>
  <data>
    -8.29295641e-06 -7.62874424e-06 3.69266945e-06 5.88589728e-01
    -3.81705284e-01 7.13130593e-01 1.33809364e+00 -6.56509519e-01
    -1.43793225e-02 1.73647046e+00 -5.72639704e-01 -8.15335453e-01
    1.96188962e+00 -5.68996489e-01 -1.43958163e+00 5.93920052e-01
    -6.09897256e-01 -1.14273882e+00 1.03727365e+00 -4.45982218e-01
    -1.90312111e+00 1.49084389e+00 -2.31010348e-01 -2.02719879e+00
    1.82091010e+00 -7.02613294e-02 -2.08181858e+00 2.35458463e-01
    -9.41603109e-02 -1.29548883e+00 7.53289461e-01 1.63114667e-01
    -1.95363843e+00 1.15336514e+00 4.07536089e-01 -1.87242281e+00
    1.43291640e+00 5.37710488e-01 -1.74470091e+00 -6.54052943e-04
    3.81443977e-01 -1.18782008e+00 4.73175168e-01 6.87769711e-01
    -1.69047761e+00 8.42531204e-01 9.02093232e-01 -1.53322887e+00
    1.05682623e+00 9.96428728e-01 -1.32196879e+00 -1.80041492e-01
    9.46525872e-01 -9.17302549e-01 3.20965022e-01 1.31649554e+00
    -1.43606365e+00 5.82984865e-01 1.47693181e+00 -1.35688365e+00
    7.89855480e-01 1.59078789e+00 -1.27821207e+00</data></hand_left>
</opencv_storage>
