<?xml version="1.0"?>
<opencv_storage>
<hand_right type_id="opencv-matrix">
  <rows>21</rows>
  <cols>3</cols>
  <dt>f</dt>
  <data>
    -8.29600140e-06 -7.66903031e-06 3.65703681e-06 5.90844631e-01
    -3.87684226e-01 7.08246887e-01 1.33836424e+00 -6.56147540e-01
    -2.38562226e-02 1.73414230e+00 -5.65051317e-01 -8.25170219e-01
    1.95813251e+00 -5.56273878e-01 -1.45026731e+00 5.91289580e-01
    -5.99347651e-01 -1.14971936e+00 1.03303003e+00 -4.27903146e-01
    -1.90886652e+00 1.48638570e+00 -2.11226225e-01 -2.03074598e+00
    1.81609249e+00 -4.98150885e-02 -2.08380198e+00 2.32235655e-01
    -8.24226141e-02 -1.29693389e+00 7.49135017e-01 1.81640536e-01
    -1.95292354e+00 1.14959800e+00 4.25742149e-01 -1.86811757e+00
    1.42989492e+00 5.55055857e-01 -1.73746347e+00 -3.73366848e-03
    3.92085999e-01 -1.18432653e+00 4.69254017e-01 7.03438222e-01
    -1.68455422e+00 8.39537501e-01 9.16676164e-01 -1.52438402e+00
    1.05496562e+00 1.00925684e+00 -1.31033230e+00 -1.82520494e-01
    9.54667270e-01 -9.08341229e-01 3.17777812e-01 1.32938290e+00
    -1.42421293e+00 5.80004752e-01 1.48923314e+00 -1.34378362e+00
    7.87413597e-01 1.60259724e+00 -1.26390183e+00</data></hand_right>
</opencv_storage>
