<?xml version="1.0"?>
<opencv_storage>
<hand_left type_id="opencv-matrix">
  <rows>21</rows>
  <cols>3</cols>
  <dt>f</dt>
  <data>
    -8.29400051e-06 -7.67038910e-06 3.65637334e-06 5.90942621e-01
    -3.87675494e-01 7.08144903e-01 1.33840275e+00 -6.55978441e-01
    -2.40592510e-02 1.73408246e+00 -5.64770639e-01 -8.25418591e-01
    1.95798755e+00 -5.55895567e-01 -1.45051742e+00 5.91198325e-01
    -5.99228919e-01 -1.14981043e+00 1.03279734e+00 -4.27745372e-01
    -1.90906620e+00 1.48615611e+00 -2.11030692e-01 -2.03109670e+00
    1.81589913e+00 -4.95552421e-02 -2.08424735e+00 2.32083768e-01
    -8.23280513e-02 -1.29694581e+00 7.48808444e-01 1.81762010e-01
    -1.95308781e+00 1.14928055e+00 4.25893724e-01 -1.86853206e+00
    1.42962348e+00 5.55242300e-01 -1.73810494e+00 -3.91757488e-03
    3.92151594e-01 -1.18429232e+00 4.68961179e-01 7.03556478e-01
    -1.68459392e+00 8.39205563e-01 9.16805744e-01 -1.52458692e+00
    1.05462003e+00 1.00939941e+00 -1.31070971e+00 -1.82728633e-01
    9.54692662e-01 -9.08256829e-01 3.17465007e-01 1.32949829e+00
    -1.42417967e+00 5.79699159e-01 1.48936129e+00 -1.34376574e+00
    7.87097812e-01 1.60272944e+00 -1.26387429e+00</data></hand_left>
</opencv_storage>
