<?xml version="1.0"?>
<opencv_storage>
<hand_left type_id="opencv-matrix">
  <rows>21</rows>
  <cols>3</cols>
  <dt>f</dt>
  <data>
    -8.29499368e-06 -7.66967332e-06 3.66104723e-06 5.90982854e-01
    -3.87328863e-01 7.08344400e-01 1.33844447e+00 -6.55981004e-01
    -2.37669498e-02 1.73410022e+00 -5.65119624e-01 -8.25170159e-01
    1.95801163e+00 -5.56563318e-01 -1.45030832e+00 5.91210544e-01
    -5.99784255e-01 -1.14954793e+00 1.03287816e+00 -4.28589135e-01
    -1.90878594e+00 1.48622417e+00 -2.11895108e-01 -2.03067446e+00
    1.81590772e+00 -5.04566133e-02 -2.08368182e+00 2.32088327e-01
    -8.29455033e-02 -1.29693365e+00 7.48898387e-01 1.80901974e-01
    -1.95309138e+00 1.14936912e+00 4.25079167e-01 -1.86835587e+00
    1.42964661e+00 5.54457605e-01 -1.73769319e+00 -3.90773267e-03
    3.91594827e-01 -1.18449700e+00 4.69016880e-01 7.02788711e-01
    -1.68489397e+00 8.39282572e-01 9.16104734e-01 -1.52477181e+00
    1.05466819e+00 1.00875950e+00 -1.31070578e+00 -1.82705119e-01
    9.54289794e-01 -9.08728778e-01 3.17532003e-01 1.32883191e+00
    -1.42479753e+00 5.79760253e-01 1.48872685e+00 -1.34440565e+00
    7.87136555e-01 1.60211039e+00 -1.26452374e+00</data></hand_left>
</opencv_storage>
