<?xml version="1.0"?>
<opencv_storage>
<hand_right type_id="opencv-matrix">
  <rows>21</rows>
  <cols>3</cols>
  <dt>f</dt>
  <data>
    -8.29573673e-06 -7.67130587e-06 3.64665402e-06 5.90694845e-01
    -3.88645589e-01 7.07808614e-01 1.33823574e+00 -6.56314015e-01
    -2.45149136e-02 1.73415625e+00 -5.64338803e-01 -8.25653017e-01
    1.95818889e+00 -5.54818988e-01 -1.45067668e+00 5.91256857e-01
    -5.98065078e-01 -1.15037501e+00 1.03302407e+00 -4.25848961e-01
    -1.90935373e+00 1.48637080e+00 -2.09165215e-01 -2.03104377e+00
    1.81605923e+00 -4.77885604e-02 -2.08396530e+00 2.32306644e-01
    -8.09059665e-02 -1.29699528e+00 7.49179125e-01 1.83781236e-01
    -1.95273292e+00 1.14960146e+00 4.27661180e-01 -1.86786532e+00
    1.42982697e+00 5.56720078e-01 -1.73731828e+00 -3.59169766e-03
    3.93504769e-01 -1.18383837e+00 4.69382226e-01 7.05331326e-01
    -1.68375981e+00 8.39618623e-01 9.18292224e-01 -1.52352238e+00
    1.05496621e+00 1.01055670e+00 -1.30962002e+00 -1.82309613e-01
    9.55775321e-01 -9.07189846e-01 3.17991793e-01 1.33102560e+00
    -1.42265713e+00 5.80213726e-01 1.49073255e+00 -1.34208000e+00
    7.87601352e-01 1.60396302e+00 -1.26216316e+00</data></hand_right>
</opencv_storage>
