<?xml version="1.0"?>
<opencv_storage>
<hand_right type_id="opencv-matrix">
  <rows>21</rows>
  <cols>3</cols>
  <dt>f</dt>
  <data>
    -8.29564033e-06 -7.67311212e-06 3.68478368e-06 5.91967940e-01
    -3.86265129e-01 7.08352447e-01 1.33886313e+00 -6.55596495e-01
    -2.42994577e-02 1.73363042e+00 -5.65466166e-01 -8.26212943e-01
    1.95703745e+00 -5.57777047e-01 -1.45172787e+00 5.90505362e-01
    -6.00906014e-01 -1.14952207e+00 1.03162074e+00 -4.30150032e-01
    -1.90902102e+00 1.48457265e+00 -2.13357538e-01 -2.03054428e+00
    1.81377518e+00 -5.20270765e-02 -2.08323073e+00 2.31020838e-01
    -8.43115151e-02 -1.29722321e+00 7.47485459e-01 1.79281339e-01
    -1.95365024e+00 1.14774466e+00 4.23649102e-01 -1.86819637e+00
    1.42771220e+00 5.53065896e-01 -1.73665106e+00 -5.02587482e-03
    3.90308261e-01 -1.18505836e+00 4.67494637e-01 7.01227248e-01
    -1.68599820e+00 8.37838590e-01 9.14794803e-01 -1.52545142e+00
    1.05317092e+00 1.00753069e+00 -1.31057513e+00 -1.83719069e-01
    9.53372896e-01 -9.09744620e-01 3.16119701e-01 1.32740211e+00
    -1.42650890e+00 5.78240931e-01 1.48741698e+00 -1.34625399e+00
    7.85522938e-01 1.60090995e+00 -1.26649916e+00</data></hand_right>
</opencv_storage>
