<?xml version="1.0"?>
<opencv_storage>
<hand_left type_id="opencv-matrix">
  <rows>21</rows>
  <cols>3</cols>
  <dt>f</dt>
  <data>
    -8.29500459e-06 -7.67343045e-06 3.65549658e-06 5.91119587e-01
    -3.87924910e-01 7.07918048e-01 1.33848357e+00 -6.55935764e-01
    -2.45369673e-02 1.73401308e+00 -5.64379334e-01 -8.25927496e-01
    1.95784056e+00 -5.55279195e-01 -1.45111287e+00 5.91040730e-01
    -5.98779619e-01 -1.15016997e+00 1.03260779e+00 -4.26898956e-01
    -1.90931642e+00 1.48597717e+00 -2.10058570e-01 -2.03107500e+00
    1.81568384e+00 -4.85346019e-02 -2.08397269e+00 2.31879100e-01
    -8.18212181e-02 -1.29705381e+00 7.48589873e-01 1.82618558e-01
    -1.95306981e+00 1.14912581e+00 4.26765829e-01 -1.86819923e+00
    1.42950630e+00 5.56090355e-01 -1.73745394e+00 -4.11303341e-03
    3.92618477e-01 -1.18416524e+00 4.68732893e-01 7.04264224e-01
    -1.68437612e+00 8.39079738e-01 9.17491436e-01 -1.52414620e+00
    1.05457830e+00 1.01001465e+00 -1.31000733e+00 -1.82880819e-01
    9.55073833e-01 -9.07885134e-01 3.17272723e-01 1.33008325e+00
    -1.42373478e+00 5.79545617e-01 1.48994207e+00 -1.34326887e+00
    7.86985695e-01 1.60329270e+00 -1.26331270e+00</data></hand_left>
</opencv_storage>
