<?xml version="1.0"?>
<opencv_storage>
<hand_left type_id="opencv-matrix">
  <rows>21</rows>
  <cols>3</cols>
  <dt>f</dt>
  <data>
    -8.29578130e-06 -7.67073288e-06 3.65715596e-06 5.90929449e-01
    -3.87917936e-01 7.08075464e-01 1.33836889e+00 -6.56157613e-01
    -2.41879821e-02 1.73409212e+00 -5.64823389e-01 -8.25479269e-01
    1.95801878e+00 -5.55870295e-01 -1.45059597e+00 5.91134429e-01
    -5.99055231e-01 -1.14996970e+00 1.03279066e+00 -4.27404940e-01
    -1.90908492e+00 1.48601687e+00 -2.10767150e-01 -2.03072333e+00
    1.81554556e+00 -4.94529009e-02 -2.08357239e+00 2.32089564e-01
    -8.20544288e-02 -1.29700398e+00 7.48880625e-01 1.82172954e-01
    -1.95295811e+00 1.14921975e+00 4.26148236e-01 -1.86801863e+00
    1.42932320e+00 5.55277646e-01 -1.73729086e+00 -3.83320451e-03
    3.92443746e-01 -1.18421948e+00 4.69044685e-01 7.03897953e-01
    -1.68446088e+00 8.39262009e-01 9.17006493e-01 -1.52421117e+00
    1.05454457e+00 1.00940394e+00 -1.31014097e+00 -1.82542071e-01
    9.54979777e-01 -9.08041120e-01 3.17672312e-01 1.32978201e+00
    -1.42389536e+00 5.79858661e-01 1.48956406e+00 -1.34342933e+00
    7.87195563e-01 1.60286343e+00 -1.26357937e+00</data></hand_left>
</opencv_storage>
