<?xml version="1.0"?>
<opencv_storage>
<hand_right type_id="opencv-matrix">
  <rows>21</rows>
  <cols>3</cols>
  <dt>f</dt>
  <data>
    -8.28980319e-06 -7.67653182e-06 3.65902542e-06 5.91628551e-01
    -3.87917191e-01 7.07493901e-01 1.33867359e+00 -6.55485749e-01
    -2.54292488e-02 1.73375976e+00 -5.63599944e-01 -8.26988339e-01
    1.95722997e+00 -5.54253817e-01 -1.45227265e+00 5.90604186e-01
    -5.98293722e-01 -1.15064323e+00 1.03167462e+00 -4.26088333e-01
    -1.90998888e+00 1.48481345e+00 -2.09119320e-01 -2.03188038e+00
    1.81434011e+00 -4.75449860e-02 -2.08489490e+00 2.31196463e-01
    -8.14107656e-02 -1.29719877e+00 7.47436464e-01 1.83359116e-01
    -1.95340252e+00 1.14782906e+00 4.27554846e-01 -1.86865079e+00
    1.42809618e+00 5.56851745e-01 -1.73802495e+00 -4.88219783e-03
    3.92923772e-01 -1.18405914e+00 4.67545956e-01 7.04835713e-01
    -1.68446505e+00 8.37836087e-01 9.18098748e-01 -1.52436852e+00
    1.05331683e+00 1.01057053e+00 -1.31036270e+00 -1.83674514e-01
    9.55253184e-01 -9.07530010e-01 3.16038609e-01 1.33054030e+00
    -1.42355037e+00 5.78247011e-01 1.49043298e+00 -1.34318638e+00
    7.85629094e-01 1.60380411e+00 -1.26337802e+00</data></hand_right>
</opencv_storage>
