<?xml version="1.0"?>
<opencv_storage>
<hand_left type_id="opencv-matrix">
  <rows>21</rows>
  <cols>3</cols>
  <dt>f</dt>
  <data>
    -8.29846613e-06 -7.66811081e-06 3.64812945e-06 5.90390980e-01
    -3.88294011e-01 7.08252013e-01 1.33814132e+00 -6.56538963e-01
    -2.36447453e-02 1.73433566e+00 -5.65121353e-01 -8.24707687e-01
    1.95859170e+00 -5.56042552e-01 -1.44965982e+00 5.91573596e-01
    -5.98851502e-01 -1.14979780e+00 1.03363144e+00 -4.27162021e-01
    -1.90872514e+00 1.48707128e+00 -2.10608423e-01 -2.03042293e+00
    1.81683254e+00 -4.92952764e-02 -2.08335114e+00 2.32749328e-01
    -8.17335844e-02 -1.29686129e+00 7.49901056e-01 1.82481334e-01
    -1.95258093e+00 1.15035200e+00 4.26371217e-01 -1.86772108e+00
    1.43059134e+00 5.55497050e-01 -1.73714757e+00 -3.12156230e-03
    3.92777830e-01 -1.18407905e+00 4.70087588e-01 7.04237342e-01
    -1.68401110e+00 8.40317547e-01 9.17255163e-01 -1.52376783e+00
    1.05563521e+00 1.00964200e+00 -1.30981803e+00 -1.81858093e-01
    9.55240309e-01 -9.07838762e-01 3.18686664e-01 1.33010614e+00
    -1.42335367e+00 5.80914319e-01 1.48983240e+00 -1.34277999e+00
    7.88308024e-01 1.60309398e+00 -1.26284039e+00</data></hand_left>
</opencv_storage>
