<?xml version="1.0"?>
<opencv_storage>
<hand_left type_id="opencv-matrix">
  <rows>21</rows>
  <cols>3</cols>
  <dt>f</dt>
  <data>
    -8.29305372e-06 -7.67507208e-06 3.66646009e-06 5.91568828e-01
    -3.87195826e-01 7.08051205e-01 1.33878505e+00 -6.55528486e-01
    -2.45414823e-02 1.73398364e+00 -5.64417005e-01 -8.26171756e-01
    1.95758998e+00 -5.55758893e-01 -1.45149553e+00 5.90867758e-01
    -5.99501252e-01 -1.14998519e+00 1.03215122e+00 -4.28000450e-01
    -1.90936744e+00 1.48532188e+00 -2.11115420e-01 -2.03115630e+00
    1.81482947e+00 -4.95951176e-02 -2.08405018e+00 2.31473967e-01
    -8.27319175e-02 -1.29715264e+00 7.47935653e-01 1.81432620e-01
    -1.95345473e+00 1.14832830e+00 4.25725162e-01 -1.86855090e+00
    1.42853546e+00 5.55132270e-01 -1.73767698e+00 -4.61872667e-03
    3.91744733e-01 -1.18452680e+00 4.67975795e-01 7.03176320e-01
    -1.68511474e+00 8.38263512e-01 9.16596174e-01 -1.52491617e+00
    1.05368578e+00 1.00924289e+00 -1.31067014e+00 -1.83440775e-01
    9.54413891e-01 -9.08597946e-01 3.16462874e-01 1.32914329e+00
    -1.42489100e+00 5.78666091e-01 1.48911202e+00 -1.34455323e+00
    7.86024570e-01 1.60255158e+00 -1.26470017e+00</data></hand_left>
</opencv_storage>
