<?xml version="1.0"?>
<opencv_storage>
<hand_right type_id="opencv-matrix">
  <rows>21</rows>
  <cols>3</cols>
  <dt>f</dt>
  <data>
    -8.29499368e-06 -7.67121583e-06 3.65248115e-06 5.90870500e-01
    -3.88112545e-01 7.07979560e-01 1.33835185e+00 -6.56126738e-01
    -2.43016928e-02 1.73412180e+00 -5.64564943e-01 -8.25565457e-01
    1.95806074e+00 -5.55381417e-01 -1.45064604e+00 5.91167331e-01
    -5.98738611e-01 -1.15009475e+00 1.03285336e+00 -4.26913142e-01
    -1.90921056e+00 1.48620808e+00 -2.10207194e-01 -2.03098965e+00
    1.81590509e+00 -4.87818420e-02 -2.08393168e+00 2.32125565e-01
    -8.17111731e-02 -1.29699183e+00 7.48916745e-01 1.82653427e-01
    -1.95295238e+00 1.14938283e+00 4.26671088e-01 -1.86819971e+00
    1.42965591e+00 5.55878401e-01 -1.73764038e+00 -3.81590798e-03
    3.92748982e-01 -1.18410397e+00 4.69105661e-01 7.04338074e-01
    -1.68425584e+00 8.39363039e-01 9.17453527e-01 -1.52410626e+00
    1.05473399e+00 1.00988126e+00 -1.31016469e+00 -1.82559475e-01
    9.55186009e-01 -9.07792926e-01 3.17675442e-01 1.33018112e+00
    -1.42354178e+00 5.79917431e-01 1.48997092e+00 -1.34305036e+00
    7.87302971e-01 1.60325885e+00 -1.26314330e+00</data></hand_right>
</opencv_storage>
