<?xml version="1.0"?>
<opencv_storage>
<hand_right type_id="opencv-matrix">
  <rows>21</rows>
  <cols>3</cols>
  <dt>f</dt>
  <data>
    -8.28862176e-06 -7.67620713e-06 3.66240920e-06 5.91718197e-01
    -3.87482733e-01 7.07667232e-01 1.33879888e+00 -6.55282736e-01
    -2.51628458e-02 1.73384213e+00 -5.63716471e-01 -8.26795578e-01
    1.95729971e+00 -5.54630399e-01 -1.45209980e+00 5.90659559e-01
    -5.98767698e-01 -1.15037978e+00 1.03167367e+00 -4.26867962e-01
    -1.90984774e+00 1.48480654e+00 -2.09875822e-01 -2.03194046e+00
    1.81435585e+00 -4.82444763e-02 -2.08509541e+00 2.31164768e-01
    -8.20096955e-02 -1.29717648e+00 7.47334361e-01 1.82506233e-01
    -1.95356858e+00 1.14774644e+00 4.26829487e-01 -1.86901653e+00
    1.42806053e+00 5.56270599e-01 -1.73851538e+00 -4.98605892e-03
    3.92346591e-01 -1.18425727e+00 4.67375070e-01 7.04081953e-01
    -1.68485808e+00 8.37680161e-01 9.17501926e-01 -1.52493942e+00
    1.05322218e+00 1.01015401e+00 -1.31103384e+00 -1.83857769e-01
    9.54787672e-01 -9.07998741e-01 3.15777361e-01 1.32989860e+00
    -1.42426074e+00 5.78002930e-01 1.48989153e+00 -1.34401536e+00
    7.85410821e-01 1.60335088e+00 -1.26426148e+00</data></hand_right>
</opencv_storage>
