<?xml version="1.0"?>
<opencv_storage>
<hand_left type_id="opencv-matrix">
  <rows>21</rows>
  <cols>3</cols>
  <dt>f</dt>
  <data>
    -8.29380588e-06 -7.67422171e-06 3.66239692e-06 5.91372252e-01
    -3.87451828e-01 7.08026588e-01 1.33866465e+00 -6.55667067e-01
    -2.44847387e-02 1.73402429e+00 -5.64405918e-01 -8.26004207e-01
    1.95772755e+00 -5.55563450e-01 -1.45127630e+00 5.90943098e-01
    -5.99287450e-01 -1.15000892e+00 1.03233504e+00 -4.27684784e-01
    -1.90930963e+00 1.48559546e+00 -2.10826784e-01 -2.03111005e+00
    1.81518817e+00 -4.93007004e-02 -2.08402586e+00 2.31652752e-01
    -8.24450180e-02 -1.29709411e+00 7.48180330e-01 1.81762844e-01
    -1.95333421e+00 1.14865017e+00 4.25999761e-01 -1.86854899e+00
    1.42895734e+00 5.55392504e-01 -1.73781884e+00 -4.39435616e-03
    3.92026722e-01 -1.18439579e+00 4.68271434e-01 7.03490674e-01
    -1.68489003e+00 8.38596761e-01 9.16847467e-01 -1.52477920e+00
    1.05409801e+00 1.00948858e+00 -1.31067693e+00 -1.83190092e-01
    9.54627037e-01 -9.08362448e-01 3.16798806e-01 1.32942080e+00
    -1.42453647e+00 5.79053760e-01 1.48935652e+00 -1.34420264e+00
    7.86479294e-01 1.60278738e+00 -1.26434183e+00</data></hand_left>
</opencv_storage>
