<?xml version="1.0"?>
<opencv_storage>
<hand_right type_id="opencv-matrix">
  <rows>21</rows>
  <cols>3</cols>
  <dt>f</dt>
  <data>
    -8.29245892e-06 -7.67306938e-06 3.65411097e-06 5.91120005e-01
    -3.88118953e-01 7.07758605e-01 1.33845615e+00 -6.55864239e-01
    -2.47512907e-02 1.73401141e+00 -5.64102173e-01 -8.26081276e-01
    1.95779526e+00 -5.54785490e-01 -1.45121217e+00 5.91005981e-01
    -5.98395467e-01 -1.15033782e+00 1.03242731e+00 -4.26351041e-01
    -1.90952814e+00 1.48562884e+00 -2.09569424e-01 -2.03138113e+00
    1.81520736e+00 -4.81193364e-02 -2.08442736e+00 2.31827378e-01
    -8.14172551e-02 -1.29705143e+00 7.48380542e-01 1.83174744e-01
    -1.95305562e+00 1.14873326e+00 4.27218646e-01 -1.86832559e+00
    1.42894936e+00 5.56415200e-01 -1.73781633e+00 -4.17787209e-03
    3.92968953e-01 -1.18401468e+00 4.68511909e-01 7.04735518e-01
    -1.68422890e+00 8.38733613e-01 9.17881370e-01 -1.52413392e+00
    1.05413008e+00 1.01029658e+00 -1.31024730e+00 -1.82961389e-01
    9.55312610e-01 -9.07551110e-01 3.17042708e-01 1.33047938e+00
    -1.42334092e+00 5.79231262e-01 1.49029541e+00 -1.34290791e+00
    7.86607802e-01 1.60363007e+00 -1.26309097e+00</data></hand_right>
</opencv_storage>
