<?xml version="1.0"?>
<opencv_storage>
<hand_right type_id="opencv-matrix">
  <rows>21</rows>
  <cols>3</cols>
  <dt>f</dt>
  <data>
    -8.28936936e-06 -7.67461097e-06 3.65979986e-06 5.91495931e-01
    -3.87610465e-01 7.07769930e-01 1.33871889e+00 -6.55448914e-01
    -2.48930305e-02 1.73398113e+00 -5.63894272e-01 -8.26431036e-01
    1.95757651e+00 -5.54804683e-01 -1.45166624e+00 5.90879083e-01
    -5.98714113e-01 -1.15029275e+00 1.03205752e+00 -4.26822543e-01
    -1.90968978e+00 1.48520589e+00 -2.09898084e-01 -2.03176522e+00
    1.81476700e+00 -4.83216047e-02 -2.08493423e+00 2.31467605e-01
    -8.19117576e-02 -1.29713035e+00 7.47797906e-01 1.82593808e-01
    -1.95340109e+00 1.14816248e+00 4.26848382e-01 -1.86879396e+00
    1.42840862e+00 5.56223810e-01 -1.73830152e+00 -4.66978177e-03
    3.92453521e-01 -1.18422532e+00 4.67820346e-01 7.04182863e-01
    -1.68470383e+00 8.38065505e-01 9.17541265e-01 -1.52472663e+00
    1.05351686e+00 1.01013124e+00 -1.31083882e+00 -1.83564246e-01
    9.54880834e-01 -9.07953441e-01 3.16198826e-01 1.32999933e+00
    -1.42407322e+00 5.78387260e-01 1.48995233e+00 -1.34375906e+00
    7.85755515e-01 1.60337734e+00 -1.26399136e+00</data></hand_right>
</opencv_storage>
