<?xml version="1.0"?>
<opencv_storage>
<hand_right type_id="opencv-matrix">
  <rows>21</rows>
  <cols>3</cols>
  <dt>f</dt>
  <data>
    -8.29670353e-06 -7.67088932e-06 3.65437859e-06 5.90854943e-01
    -3.87983412e-01 7.08112538e-01 1.33836401e+00 -6.56206965e-01
    -2.41181552e-02 1.73414969e+00 -5.64820886e-01 -8.25402200e-01
    1.95813489e+00 -5.55827558e-01 -1.45051122e+00 5.91206670e-01
    -5.99034309e-01 -1.14995849e+00 1.03296995e+00 -4.27357465e-01
    -1.90903854e+00 1.48633432e+00 -2.10681736e-01 -2.03070927e+00
    1.81601286e+00 -4.92909849e-02 -2.08354688e+00 2.32193515e-01
    -8.20076540e-02 -1.29699302e+00 7.49076486e-01 1.82220355e-01
    -1.95292926e+00 1.14955115e+00 4.26235676e-01 -1.86802471e+00
    1.42979586e+00 5.55436730e-01 -1.73730564e+00 -3.72171775e-03
    3.92499208e-01 -1.18421113e+00 4.69257295e-01 7.03963280e-01
    -1.68438745e+00 8.39545667e-01 9.17091727e-01 -1.52413595e+00
    1.05491996e+00 1.00953865e+00 -1.31005788e+00 -1.82432622e-01
    9.55030859e-01 -9.08030927e-01 3.17879558e-01 1.32985806e+00
    -1.42383969e+00 5.80132008e-01 1.48965323e+00 -1.34334528e+00
    7.87522376e-01 1.60294676e+00 -1.26341689e+00</data></hand_right>
</opencv_storage>
