<?xml version="1.0"?>
<opencv_storage>
<hand_left type_id="opencv-matrix">
  <rows>21</rows>
  <cols>3</cols>
  <dt>f</dt>
  <data>
    -8.29367673e-06 -7.67016172e-06 3.66506242e-06 5.91198981e-01
    -3.87083232e-01 7.08320975e-01 1.33853543e+00 -6.55822515e-01
    -2.39170194e-02 1.73398578e+00 -5.65088689e-01 -8.25445294e-01
    1.95775974e+00 -5.56659937e-01 -1.45064843e+00 5.91056943e-01
    -5.99981666e-01 -1.14954484e+00 1.03254569e+00 -4.28895652e-01
    -1.90890884e+00 1.48581886e+00 -2.12168097e-01 -2.03090239e+00
    1.81545603e+00 -5.07105887e-02 -2.08399916e+00 2.31834024e-01
    -8.32174867e-02 -1.29697895e+00 7.48506308e-01 1.80564359e-01
    -1.95326507e+00 1.14894640e+00 4.24808830e-01 -1.86855948e+00
    1.42921185e+00 5.54238617e-01 -1.73788762e+00 -4.19762358e-03
    3.91322047e-01 -1.18460095e+00 4.68609363e-01 7.02471137e-01
    -1.68513584e+00 8.38875651e-01 9.15858805e-01 -1.52505207e+00
    1.05428028e+00 1.00857222e+00 -1.31096816e+00 -1.83004200e-01
    9.54068840e-01 -9.08922732e-01 3.17110419e-01 1.32854283e+00
    -1.42514682e+00 5.79322696e-01 1.48847449e+00 -1.34481311e+00
    7.86685944e-01 1.60189235e+00 -1.26496935e+00</data></hand_left>
</opencv_storage>
