<?xml version="1.0"?>
<opencv_storage>
<hand_left type_id="opencv-matrix">
  <rows>21</rows>
  <cols>3</cols>
  <dt>f</dt>
  <data>
    -8.29461897e-06 -7.67214897e-06 3.65737287e-06 5.91106832e-01
    -3.87786210e-01 7.08002806e-01 1.33848119e+00 -6.55947685e-01
    -2.43795961e-02 1.73403287e+00 -5.64565897e-01 -8.25781405e-01
    1.95785606e+00 -5.55586696e-01 -1.45095277e+00 5.91062963e-01
    -5.99001944e-01 -1.15004706e+00 1.03262460e+00 -4.27283287e-01
    -1.90923977e+00 1.48595047e+00 -2.10493237e-01 -2.03103971e+00
    1.81561935e+00 -4.90135550e-02 -2.08398533e+00 2.31899634e-01
    -8.20731744e-02 -1.29703987e+00 7.48611450e-01 1.82239279e-01
    -1.95309043e+00 1.14908731e+00 4.26378995e-01 -1.86824846e+00
    1.42939746e+00 5.55693388e-01 -1.73752856e+00 -4.09792364e-03
    3.92387509e-01 -1.18424678e+00 4.68744218e-01 7.03936279e-01
    -1.68451345e+00 8.39041293e-01 9.17178154e-01 -1.52430952e+00
    1.05447567e+00 1.00970769e+00 -1.31019473e+00 -1.82874933e-01
    9.54896092e-01 -9.08075273e-01 3.17267179e-01 1.32980824e+00
    -1.42398381e+00 5.79502106e-01 1.48966908e+00 -1.34353554e+00
    7.86898255e-01 1.60302210e+00 -1.26362765e+00</data></hand_left>
</opencv_storage>
