<?xml version="1.0"?>
<opencv_storage>
<hand_left type_id="opencv-matrix">
  <rows>21</rows>
  <cols>3</cols>
  <dt>f</dt>
  <data>
    -8.29346300e-06 -7.67379606e-06 3.66456106e-06 5.91402948e-01
    -3.87222290e-01 7.08135188e-01 1.33871150e+00 -6.55606329e-01
    -2.43052244e-02 1.73406267e+00 -5.64547658e-01 -8.25853288e-01
    1.95777011e+00 -5.55883050e-01 -1.45112014e+00 5.90979338e-01
    -5.99569798e-01 -1.14985085e+00 1.03236222e+00 -4.28150415e-01
    -1.90919626e+00 1.48558426e+00 -2.11311996e-01 -2.03104258e+00
    1.81515026e+00 -4.97985184e-02 -2.08399749e+00 2.31656134e-01
    -8.27877820e-02 -1.29708052e+00 7.48188615e-01 1.81283072e-01
    -1.95336187e+00 1.14861870e+00 4.25556451e-01 -1.86857796e+00
    1.42888176e+00 5.54982364e-01 -1.73782718e+00 -4.41759825e-03
    3.91701937e-01 -1.18451011e+00 4.68238294e-01 7.03061521e-01
    -1.68507636e+00 8.38544369e-01 9.16477084e-01 -1.52497566e+00
    1.05401659e+00 1.00916946e+00 -1.31085169e+00 -1.83243543e-01
    9.54373419e-01 -9.08628881e-01 3.16729605e-01 1.32905066e+00
    -1.42489195e+00 5.78960240e-01 1.48901820e+00 -1.34458601e+00
    7.86361098e-01 1.60247111e+00 -1.26475704e+00</data></hand_left>
</opencv_storage>
