<?xml version="1.0"?>
<opencv_storage>
<hand_left type_id="opencv-matrix">
  <rows>21</rows>
  <cols>3</cols>
  <dt>f</dt>
  <data>
    -8.29172041e-06 -7.67517849e-06 3.65299093e-06 5.91290355e-01
    -3.88255358e-01 7.07560003e-01 1.33851635e+00 -6.55755401e-01
    -2.51904875e-02 1.73389721e+00 -5.63735366e-01 -8.26600134e-01
    1.95755982e+00 -5.54246843e-01 -1.45179486e+00 5.90821803e-01
    -5.98098934e-01 -1.15060449e+00 1.03212488e+00 -4.25825059e-01
    -1.90982032e+00 1.48539376e+00 -2.08931774e-01 -2.03170514e+00
    1.81503367e+00 -4.73808944e-02 -2.08470511e+00 2.31581539e-01
    -8.10999349e-02 -1.29712188e+00 7.47996449e-01 1.83664694e-01
    -1.95321238e+00 1.14846003e+00 4.27754343e-01 -1.86855340e+00
    1.42878604e+00 5.56989849e-01 -1.73808169e+00 -4.42865118e-03
    3.93251717e-01 -1.18393242e+00 4.68167335e-01 7.05163002e-01
    -1.68417239e+00 8.38461399e-01 9.18312669e-01 -1.52411973e+00
    1.05395567e+00 1.01072991e+00 -1.31025934e+00 -1.83188707e-01
    9.55526531e-01 -9.07306612e-01 3.16716582e-01 1.33085155e+00
    -1.42314386e+00 5.78972697e-01 1.49068737e+00 -1.34272838e+00
    7.86396503e-01 1.60401380e+00 -1.26286483e+00</data></hand_left>
</opencv_storage>
