<?xml version="1.0"?>
<opencv_storage>
<hand_left type_id="opencv-matrix">
  <rows>21</rows>
  <cols>3</cols>
  <dt>f</dt>
  <data>
    -8.27222721e-06 -7.68905738e-06 3.67016446e-06 5.93522608e-01
    -3.87813509e-01 7.05979109e-01 1.33943772e+00 -6.53795838e-01
    -2.87065953e-02 1.73287237e+00 -5.60808241e-01 -8.30964863e-01
    1.95505857e+00 -5.50743759e-01 -1.45663571e+00 5.88976264e-01
    -5.96662581e-01 -1.15229416e+00 1.02806973e+00 -4.23454076e-01
    -1.91250396e+00 1.48043895e+00 -2.06051588e-01 -2.03532863e+00
    1.80945265e+00 -4.42177653e-02 -2.08914208e+00 2.28674814e-01
    -8.00566822e-02 -1.29770565e+00 7.42995262e-01 1.85693353e-01
    -1.95485520e+00 1.14296150e+00 4.30098355e-01 -1.87105298e+00
    1.42307365e+00 5.59423864e-01 -1.74140632e+00 -7.69777223e-03
    3.93914998e-01 -1.18368697e+00 4.63050425e-01 7.06659138e-01
    -1.68496025e+00 8.33263516e-01 9.20140803e-01 -1.52575982e+00
    1.04900289e+00 1.01261091e+00 -1.31258416e+00 -1.86528787e-01
    9.55819666e-01 -9.06346500e-01 3.11517298e-01 1.33197987e+00
    -1.42322862e+00 5.73605061e-01 1.49208927e+00 -1.34340942e+00
    7.80986667e-01 1.60566080e+00 -1.26418245e+00</data></hand_left>
</opencv_storage>
