<?xml version="1.0"?>
<opencv_storage>
<hand_left type_id="opencv-matrix">
  <rows>21</rows>
  <cols>3</cols>
  <dt>f</dt>
  <data>
    -8.29787314e-06 -7.66858466e-06 3.64915650e-06 5.90478420e-01
    -3.88248324e-01 7.08217382e-01 1.33818603e+00 -6.56466782e-01
    -2.37481147e-02 1.73431146e+00 -5.65037131e-01 -8.24847817e-01
    1.95851541e+00 -5.55946469e-01 -1.44982886e+00 5.91493964e-01
    -5.98875046e-01 -1.14983976e+00 1.03350425e+00 -4.27176178e-01
    -1.90878940e+00 1.48692954e+00 -2.10598648e-01 -2.03045869e+00
    1.81666994e+00 -4.92710173e-02 -2.08334851e+00 2.32636318e-01
    -8.17710683e-02 -1.29688799e+00 7.49742627e-01 1.82456985e-01
    -1.95263946e+00 1.15020204e+00 4.26367044e-01 -1.86775875e+00
    1.43043363e+00 5.55496216e-01 -1.73713648e+00 -3.24033201e-03
    3.92739832e-01 -1.18409634e+00 4.69930351e-01 7.04205155e-01
    -1.68407345e+00 8.40170085e-01 9.17234778e-01 -1.52381480e+00
    1.05548477e+00 1.00961733e+00 -1.30983794e+00 -1.81967437e-01
    9.55213547e-01 -9.07861471e-01 3.18537414e-01 1.33007801e+00
    -1.42342532e+00 5.80769718e-01 1.48981071e+00 -1.34285796e+00
    7.88153470e-01 1.60306418e+00 -1.26291609e+00</data></hand_left>
</opencv_storage>
