<?xml version="1.0"?>
<opencv_storage>
<hand_right type_id="opencv-matrix">
  <rows>21</rows>
  <cols>3</cols>
  <dt>f</dt>
  <data>
    -8.29834335e-06 -7.67102756e-06 3.64959965e-06 5.90659738e-01
    -3.88345897e-01 7.08047032e-01 1.33825266e+00 -6.56370699e-01
    -2.41409987e-02 1.73419702e+00 -5.64729095e-01 -8.25303674e-01
    1.95829988e+00 -5.55519700e-01 -1.45036149e+00 5.91320574e-01
    -5.98634124e-01 -1.15007138e+00 1.03322172e+00 -4.26722199e-01
    -1.90900481e+00 1.48665440e+00 -2.10055143e-01 -2.03057528e+00
    1.81637836e+00 -4.86727953e-02 -2.08335018e+00 2.32408196e-01
    -8.15113485e-02 -1.29695702e+00 7.49408245e-01 1.82892963e-01
    -1.95271993e+00 1.14992249e+00 4.26829785e-01 -1.86775446e+00
    1.43021846e+00 5.55971622e-01 -1.73702943e+00 -3.46373767e-03
    3.92972827e-01 -1.18402731e+00 4.69613194e-01 7.04562902e-01
    -1.68401301e+00 8.39928806e-01 9.17599440e-01 -1.52370572e+00
    1.05534577e+00 1.00997472e+00 -1.30962443e+00 -1.82151213e-01
    9.55399096e-01 -9.07656670e-01 3.18273902e-01 1.33036697e+00
    -1.42325020e+00 5.80550671e-01 1.49011445e+00 -1.34269261e+00
    7.87988484e-01 1.60338354e+00 -1.26271689e+00</data></hand_right>
</opencv_storage>
