<?xml version="1.0"?>
<opencv_storage>
<hand_right type_id="opencv-matrix">
  <rows>21</rows>
  <cols>3</cols>
  <dt>f</dt>
  <data>
    -8.29525925e-06 -7.67368329e-06 3.68460314e-06 5.92013180e-01
    -3.86296391e-01 7.08293557e-01 1.33888435e+00 -6.55539751e-01
    -2.44103968e-02 1.73361182e+00 -5.65329790e-01 -8.26330185e-01
    1.95698988e+00 -5.57576537e-01 -1.45185828e+00 5.90471804e-01
    -6.00794733e-01 -1.14959228e+00 1.03154945e+00 -4.29959118e-01
    -1.90909040e+00 1.48449063e+00 -2.13135630e-01 -2.03061175e+00
    1.81368470e+00 -5.17845452e-02 -2.08329320e+00 2.30962753e-01
    -8.42042416e-02 -1.29723656e+00 7.47386932e-01 1.79459944e-01
    -1.95366573e+00 1.14764929e+00 4.23839837e-01 -1.86821473e+00
    1.42762721e+00 5.53262591e-01 -1.73666918e+00 -5.09611890e-03
    3.90397161e-01 -1.18502355e+00 4.67387736e-01 7.01370955e-01
    -1.68596613e+00 8.37739050e-01 9.14943814e-01 -1.52542818e+00
    1.05309117e+00 1.00767827e+00 -1.31055796e+00 -1.83797419e-01
    9.53432083e-01 -9.09660041e-01 3.15999687e-01 1.32751763e+00
    -1.42642498e+00 5.78124523e-01 1.48753977e+00 -1.34617949e+00
    7.85413265e-01 1.60103750e+00 -1.26643085e+00</data></hand_right>
</opencv_storage>
