<?xml version="1.0"?>
<opencv_storage>
<hand_left type_id="opencv-matrix">
  <rows>21</rows>
  <cols>3</cols>
  <dt>f</dt>
  <data>
    -8.28888915e-06 -7.67326947e-06 3.65797678e-06 5.91263354e-01
    -3.87568116e-01 7.07923353e-01 1.33861876e+00 -6.55506372e-01
    -2.44843066e-02 1.73409855e+00 -5.64081132e-01 -8.25893402e-01
    1.95781469e+00 -5.55035591e-01 -1.45101893e+00 5.91061354e-01
    -5.98896921e-01 -1.15004456e+00 1.03235626e+00 -4.27196175e-01
    -1.90941918e+00 1.48550987e+00 -2.10371912e-01 -2.03152919e+00
    1.81507277e+00 -4.88485992e-02 -2.08472538e+00 2.31732145e-01
    -8.20980892e-02 -1.29701996e+00 7.48105407e-01 1.82209358e-01
    -1.95331955e+00 1.14841974e+00 4.26406085e-01 -1.86893487e+00
    1.42859995e+00 5.55753112e-01 -1.73868787e+00 -4.39446419e-03
    3.92289877e-01 -1.18424296e+00 4.68148112e-01 7.03881979e-01
    -1.68473244e+00 8.38300467e-01 9.17205453e-01 -1.52490592e+00
    1.05363953e+00 1.00979793e+00 -1.31124401e+00 -1.83317930e-01
    9.54742014e-01 -9.08078849e-01 3.16503465e-01 1.32976615e+00
    -1.42418015e+00 5.78675747e-01 1.48969841e+00 -1.34388041e+00
    7.86003590e-01 1.60311532e+00 -1.26415014e+00</data></hand_left>
</opencv_storage>
