<?xml version="1.0"?>
<opencv_storage>
<hand_right type_id="opencv-matrix">
  <rows>21</rows>
  <cols>3</cols>
  <dt>f</dt>
  <data>
    -8.24559629e-06 -7.70725637e-06 3.68061887e-06 5.95912218e-01
    -3.87412012e-01 7.04061568e-01 1.34068394e+00 -6.50823236e-01
    -3.25452089e-02 1.73219991e+00 -5.56159735e-01 -8.35503757e-01
    1.95289147e+00 -5.44848561e-01 -1.46163440e+00 5.87430120e-01
    -5.94071388e-01 -1.15426958e+00 1.02410221e+00 -4.19261873e-01
    -1.91552520e+00 1.47568953e+00 -2.00933069e-01 -2.03972840e+00
    1.80426455e+00 -3.83601189e-02 -2.09462523e+00 2.25745365e-01
    -7.80598670e-02 -1.29820299e+00 7.37417459e-01 1.89203858e-01
    -1.95675433e+00 1.13703966e+00 4.34262455e-01 -1.87488747e+00
    1.41739893e+00 5.64108312e-01 -1.74699450e+00 -1.13271624e-02
    3.95272404e-01 -1.18310964e+00 4.57155943e-01 7.09382057e-01
    -1.68550074e+00 8.27242136e-01 9.23503637e-01 -1.52797532e+00
    1.04354322e+00 1.01638174e+00 -1.31626534e+00 -1.90658987e-01
    9.56418037e-01 -9.04704511e-01 3.05002689e-01 1.33416879e+00
    -1.42270041e+00 5.66985965e-01 1.49484491e+00 -1.34377086e+00
    7.74525702e-01 1.60895801e+00 -1.26530206e+00</data></hand_right>
</opencv_storage>
