<?xml version="1.0"?>
<opencv_storage>
<hand_left type_id="opencv-matrix">
  <rows>21</rows>
  <cols>3</cols>
  <dt>f</dt>
  <data>
    -8.29588589e-06 -7.66783251e-06 3.65891901e-06 5.90772390e-01
    -3.87347788e-01 7.08475053e-01 1.33836234e+00 -6.56106591e-01
    -2.34431326e-02 1.73420095e+00 -5.65353811e-01 -8.24776947e-01
    1.95824063e+00 -5.56830764e-01 -1.44984722e+00 5.91399848e-01
    -5.99871933e-01 -1.14938021e+00 1.03317356e+00 -4.28807676e-01
    -1.90862703e+00 1.48657703e+00 -2.12182909e-01 -2.03067470e+00
    1.81635153e+00 -5.07550538e-02 -2.08385611e+00 2.32354492e-01
    -8.30200315e-02 -1.29686129e+00 7.49271154e-01 1.80711672e-01
    -1.95299685e+00 1.14975286e+00 4.24867481e-01 -1.86841094e+00
    1.43010330e+00 5.54276466e-01 -1.73791683e+00 -3.63489240e-03
    3.91536266e-01 -1.18450212e+00 4.69402283e-01 7.02658594e-01
    -1.68483388e+00 8.39646041e-01 9.15969491e-01 -1.52480292e+00
    1.05505323e+00 1.00866747e+00 -1.31085086e+00 -1.82460353e-01
    9.54236448e-01 -9.08795059e-01 3.17901731e-01 1.32873249e+00
    -1.42477703e+00 5.80133855e-01 1.48861659e+00 -1.34437263e+00
    7.87538171e-01 1.60201526e+00 -1.26446795e+00</data></hand_left>
</opencv_storage>
