<?xml version="1.0"?>
<opencv_storage>
<hand_right type_id="opencv-matrix">
  <rows>21</rows>
  <cols>3</cols>
  <dt>f</dt>
  <data>
    -8.28911561e-06 -7.67693655e-06 3.65925507e-06 5.91679037e-01
    -3.87897193e-01 7.07468688e-01 1.33874476e+00 -6.55372202e-01
    -2.54894197e-02 1.73382854e+00 -5.63449979e-01 -8.27055633e-01
    1.95728731e+00 -5.54045677e-01 -1.45236874e+00 5.90610504e-01
    -5.98226428e-01 -1.15067649e+00 1.03158891e+00 -4.25989717e-01
    -1.91007733e+00 1.48470414e+00 -2.08996177e-01 -2.03210759e+00
    1.81421673e+00 -4.73903120e-02 -2.08524299e+00 2.31166124e-01
    -8.13576207e-02 -1.29720712e+00 7.47282386e-01 1.83418334e-01
    -1.95351493e+00 1.14767790e+00 4.27639425e-01 -1.86896110e+00
    1.42800272e+00 5.56980014e-01 -1.73852801e+00 -4.94008139e-03
    3.92962277e-01 -1.18404472e+00 4.67367947e-01 7.04883873e-01
    -1.68455040e+00 8.37685943e-01 9.18194652e-01 -1.52465701e+00
    1.05329025e+00 1.01074862e+00 -1.31083953e+00 -1.83758900e-01
    9.55273926e-01 -9.07491207e-01 3.15858245e-01 1.33058059e+00
    -1.42362499e+00 5.78098714e-01 1.49052155e+00 -1.34337378e+00
    7.85560846e-01 1.60396791e+00 -1.26363647e+00</data></hand_right>
</opencv_storage>
