<?xml version="1.0"?>
<opencv_storage>
<hand_left type_id="opencv-matrix">
  <rows>21</rows>
  <cols>3</cols>
  <dt>f</dt>
  <data>
    -8.29315286e-06 -7.67056736e-06 3.65671895e-06 5.90996027e-01
    -3.87667537e-01 7.08087862e-01 1.33841062e+00 -6.55914426e-01
    -2.41724402e-02 1.73402333e+00 -5.64674675e-01 -8.25563371e-01
    1.95787323e+00 -5.55769145e-01 -1.45066738e+00 5.91163933e-01
    -5.99140227e-01 -1.14986122e+00 1.03266513e+00 -4.27622736e-01
    -1.90916836e+00 1.48599696e+00 -2.10889518e-01 -2.03132033e+00
    1.81574583e+00 -4.93941009e-02 -2.08459854e+00 2.32010648e-01
    -8.22591856e-02 -1.29695010e+00 7.48655498e-01 1.81871414e-01
    -1.95313048e+00 1.14910328e+00 4.26019192e-01 -1.86866319e+00
    1.42946923e+00 5.55391192e-01 -1.73833370e+00 -4.01414186e-03
    3.92196774e-01 -1.18426895e+00 4.68805730e-01 7.03645766e-01
    -1.68457830e+00 8.39028537e-01 9.16909993e-01 -1.52463627e+00
    1.05446792e+00 1.00952232e+00 -1.31082642e+00 -1.82846546e-01
    9.54702735e-01 -9.08198655e-01 3.17286968e-01 1.32956147e+00
    -1.42411852e+00 5.79506636e-01 1.48942971e+00 -1.34372270e+00
    7.86909819e-01 1.60282004e+00 -1.26385212e+00</data></hand_left>
</opencv_storage>
