<?xml version="1.0"?>
<opencv_storage>
<hand_right type_id="opencv-matrix">
  <rows>21</rows>
  <cols>3</cols>
  <dt>f</dt>
  <data>
    -8.29185410e-06 -7.63554635e-06 3.68030419e-06 5.88712454e-01
    -3.82979542e-01 7.12321162e-01 1.33810806e+00 -6.56383872e-01
    -1.57900453e-02 1.73633754e+00 -5.70996046e-01 -8.16604972e-01
    1.96170008e+00 -5.66251338e-01 -1.44082308e+00 5.93806267e-01
    -6.07683241e-01 -1.14392960e+00 1.03702545e+00 -4.42318827e-01
    -1.90400052e+00 1.49052882e+00 -2.27092922e-01 -2.02766466e+00
    1.82048404e+00 -6.62808716e-02 -2.08199239e+00 2.35287875e-01
    -9.17057544e-02 -1.29565239e+00 7.52968371e-01 1.66835740e-01
    -1.95337915e+00 1.15296388e+00 4.11092222e-01 -1.87173939e+00
    1.43245625e+00 5.40965855e-01 -1.74384809e+00 -8.41233879e-04
    3.83663148e-01 -1.18706310e+00 4.72848177e-01 6.90962791e-01
    -1.68918681e+00 8.42174172e-01 9.04973030e-01 -1.53151965e+00
    1.05640841e+00 9.98852730e-01 -1.32010174e+00 -1.80227250e-01
    9.48194146e-01 -9.15465653e-01 3.20683628e-01 1.31918418e+00
    -1.43354213e+00 5.82685113e-01 1.47947180e+00 -1.35409737e+00
    7.89536774e-01 1.59317601e+00 -1.27517724e+00</data></hand_right>
</opencv_storage>
