<?xml version="1.0"?>
<opencv_storage>
<hand_right type_id="opencv-matrix">
  <rows>21</rows>
  <cols>3</cols>
  <dt>f</dt>
  <data>
    -8.29294459e-06 -7.67210986e-06 3.68890824e-06 5.92109144e-01
    -3.85544121e-01 7.08553076e-01 1.33896923e+00 -6.55226350e-01
    -2.39658803e-02 1.73357725e+00 -5.65582752e-01 -8.26016366e-01
    1.95689106e+00 -5.58233500e-01 -1.45156455e+00 5.90457320e-01
    -6.01680517e-01 -1.14907110e+00 1.03145337e+00 -4.31444287e-01
    -1.90878391e+00 1.48458600e+00 -2.14530885e-01 -2.03080487e+00
    1.81400585e+00 -5.29745817e-02 -2.08380723e+00 2.30840668e-01
    -8.53201374e-02 -1.29711401e+00 7.47130036e-01 1.77814350e-01
    -1.95395362e+00 1.14763832e+00 4.22483206e-01 -1.86910582e+00
    1.42797732e+00 5.52294791e-01 -1.73795593e+00 -5.31379879e-03
    3.89316887e-01 -1.18532383e+00 4.67107564e-01 6.99938059e-01
    -1.68659568e+00 8.37596297e-01 9.13824499e-01 -1.52651143e+00
    1.05323482e+00 1.00699329e+00 -1.31192601e+00 -1.84124351e-01
    9.52515602e-01 -9.10466909e-01 3.15583587e-01 1.32629037e+00
    -1.42763615e+00 5.77840567e-01 1.48650873e+00 -1.34764266e+00
    7.85283864e-01 1.60017216e+00 -1.26794004e+00</data></hand_right>
</opencv_storage>
