<?xml version="1.0"?>
<opencv_storage>
<hand_right type_id="opencv-matrix">
  <rows>21</rows>
  <cols>3</cols>
  <dt>f</dt>
  <data>
    -8.29612054e-06 -7.66977791e-06 3.65582946e-06 5.90775073e-01
    -3.87666494e-01 7.08320081e-01 1.33840680e+00 -6.56073570e-01
    -2.36927718e-02 1.73429668e+00 -5.64952672e-01 -8.24948728e-01
    1.95837247e+00 -5.56161404e-01 -1.45001554e+00 5.91437638e-01
    -5.99346876e-01 -1.14964199e+00 1.03324795e+00 -4.27910149e-01
    -1.90875065e+00 1.48660231e+00 -2.11237878e-01 -2.03056741e+00
    1.81628764e+00 -4.98242676e-02 -2.08355951e+00 2.32390240e-01
    -8.24250728e-02 -1.29690397e+00 7.49304593e-01 1.81614295e-01
    -1.95288122e+00 1.14973807e+00 4.25707787e-01 -1.86811936e+00
    1.43000150e+00 5.55013478e-01 -1.73752260e+00 -3.59905139e-03
    3.92083049e-01 -1.18432605e+00 4.69390690e-01 7.03419864e-01
    -1.68454647e+00 8.39637756e-01 9.16662097e-01 -1.52441144e+00
    1.05503333e+00 1.00924778e+00 -1.31042206e+00 -1.82423159e-01
    9.54668641e-01 -9.08365905e-01 3.17899942e-01 1.32937920e+00
    -1.42422974e+00 5.80123246e-01 1.48924172e+00 -1.34379339e+00
    7.87526369e-01 1.60262001e+00 -1.26390874e+00</data></hand_right>
</opencv_storage>
