<?xml version="1.0"?>
<opencv_storage>
<hand_left type_id="opencv-matrix">
  <rows>21</rows>
  <cols>3</cols>
  <dt>f</dt>
  <data>
    -8.29011424e-06 -7.67345500e-06 3.66402264e-06 5.91494918e-01
    -3.87248099e-01 7.07965314e-01 1.33868694e+00 -6.55471444e-01
    -2.45718360e-02 1.73391616e+00 -5.64311385e-01 -8.26141059e-01
    1.95750391e+00 -5.55526972e-01 -1.45138693e+00 5.90822697e-01
    -5.99365354e-01 -1.14996791e+00 1.03202689e+00 -4.27868605e-01
    -1.90940237e+00 1.48520970e+00 -2.10998684e-01 -2.03146386e+00
    1.81477404e+00 -4.94461954e-02 -2.08458304e+00 2.31437579e-01
    -8.26254785e-02 -1.29707193e+00 7.47773409e-01 1.81514382e-01
    -1.95347822e+00 1.14818823e+00 4.25807118e-01 -1.86896122e+00
    1.42846203e+00 5.55248499e-01 -1.73847604e+00 -4.66860458e-03
    3.91811639e-01 -1.18442488e+00 4.67841029e-01 7.03251243e-01
    -1.68506074e+00 8.38114202e-01 9.16670561e-01 -1.52515769e+00
    1.05357862e+00 1.00936759e+00 -1.31126964e+00 -1.83522746e-01
    9.54395652e-01 -9.08455193e-01 3.16270530e-01 1.32920527e+00
    -1.42476714e+00 5.78494191e-01 1.48918509e+00 -1.34453094e+00
    7.85878658e-01 1.60263693e+00 -1.26477778e+00</data></hand_left>
</opencv_storage>
