<?xml version="1.0"?>
<opencv_storage>
<hand_right type_id="opencv-matrix">
  <rows>21</rows>
  <cols>3</cols>
  <dt>f</dt>
  <data>
    -8.29159217e-06 -7.67037363e-06 3.65896040e-06 5.91077745e-01
    -3.87443125e-01 7.08136559e-01 1.33848274e+00 -6.55758977e-01
    -2.40938812e-02 1.73406219e+00 -5.64657211e-01 -8.25503349e-01
    1.95788157e+00 -5.55859029e-01 -1.45061076e+00 5.91144860e-01
    -5.99347115e-01 -1.14975154e+00 1.03257918e+00 -4.27962184e-01
    -1.90911460e+00 1.48584580e+00 -2.11228877e-01 -2.03131270e+00
    1.81552911e+00 -4.97345626e-02 -2.08462119e+00 2.31932953e-01
    -8.25379565e-02 -1.29693711e+00 7.48494565e-01 1.81487605e-01
    -1.95320690e+00 1.14889550e+00 4.25675422e-01 -1.86882389e+00
    1.42920756e+00 5.55074811e-01 -1.73855078e+00 -4.12888825e-03
    3.91919404e-01 -1.18435025e+00 4.68599439e-01 7.03288078e-01
    -1.68478513e+00 8.38802218e-01 9.16615009e-01 -1.52493477e+00
    1.05422461e+00 1.00928283e+00 -1.31120205e+00 -1.82996184e-01
    9.54472601e-01 -9.08397913e-01 3.17042172e-01 1.32925153e+00
    -1.42445803e+00 5.79244494e-01 1.48916316e+00 -1.34413743e+00
    7.86631346e-01 1.60258198e+00 -1.26434302e+00</data></hand_right>
</opencv_storage>
