<?xml version="1.0"?>
<opencv_storage>
<hand_left type_id="opencv-matrix">
  <rows>21</rows>
  <cols>3</cols>
  <dt>f</dt>
  <data>
    -8.29573219e-06 -7.67058646e-06 3.65569076e-06 5.90881348e-01
    -3.87781441e-01 7.08169401e-01 1.33839476e+00 -6.56074822e-01
    -2.40090191e-02 1.73415089e+00 -5.64816415e-01 -8.25315595e-01
    1.95812309e+00 -5.55909336e-01 -1.45042133e+00 5.91246367e-01
    -5.99186361e-01 -1.14982855e+00 1.03295374e+00 -4.27633137e-01
    -1.90897524e+00 1.48631799e+00 -2.10932732e-01 -2.03080988e+00
    1.81602120e+00 -4.94958758e-02 -2.08380270e+00 2.32183650e-01
    -8.22359249e-02 -1.29695344e+00 7.49014378e-01 1.81900978e-01
    -1.95297408e+00 1.14949393e+00 4.25989628e-01 -1.86822689e+00
    1.42980409e+00 5.55286407e-01 -1.73762453e+00 -3.78148258e-03
    3.92259896e-01 -1.18426824e+00 4.69159722e-01 7.03671992e-01
    -1.68450451e+00 8.39442015e-01 9.16883647e-01 -1.52437222e+00
    1.05487263e+00 1.00943708e+00 -1.31037605e+00 -1.82554543e-01
    9.54807878e-01 -9.08197761e-01 3.17715079e-01 1.32959473e+00
    -1.42406607e+00 5.79964995e-01 1.48943794e+00 -1.34362972e+00
    7.87381649e-01 1.60278988e+00 -1.26372421e+00</data></hand_left>
</opencv_storage>
