<?xml version="1.0"?>
<opencv_storage>
<hand_left type_id="opencv-matrix">
  <rows>21</rows>
  <cols>3</cols>
  <dt>f</dt>
  <data>
    -8.29522287e-06 -7.67234815e-06 3.65867072e-06 5.91097116e-01
    -3.87662023e-01 7.08104908e-01 1.33851480e+00 -6.55933022e-01
    -2.42215097e-02 1.73410475e+00 -5.64665437e-01 -8.25610220e-01
    1.95798147e+00 -5.55821300e-01 -1.45078778e+00 5.91118455e-01
    -5.99206090e-01 -1.14992428e+00 1.03272724e+00 -4.27596033e-01
    -1.90908432e+00 1.48601508e+00 -2.10832864e-01 -2.03079820e+00
    1.81562209e+00 -4.93897796e-02 -2.08366585e+00 2.31962070e-01
    -8.22957978e-02 -1.29702878e+00 7.48713970e-01 1.81915402e-01
    -1.95306599e+00 1.14915884e+00 4.26049888e-01 -1.86813688e+00
    1.42939436e+00 5.55342138e-01 -1.73733521e+00 -4.03174385e-03
    3.92190337e-01 -1.18431783e+00 4.68808353e-01 7.03643322e-01
    -1.68463361e+00 8.39112341e-01 9.16900039e-01 -1.52439356e+00
    1.05452836e+00 1.00944376e+00 -1.31023824e+00 -1.82804808e-01
    9.54764783e-01 -9.08250093e-01 3.17354441e-01 1.32955253e+00
    -1.42422915e+00 5.79586864e-01 1.48942804e+00 -1.34380543e+00
    7.86978066e-01 1.60279465e+00 -1.26392448e+00</data></hand_left>
</opencv_storage>
