<?xml version="1.0"?>
<opencv_storage>
<hand_right type_id="opencv-matrix">
  <rows>21</rows>
  <cols>3</cols>
  <dt>f</dt>
  <data>
    -8.29301371e-06 -7.67300571e-06 3.65628421e-06 5.91162264e-01
    -3.87819856e-01 7.07914293e-01 1.33851552e+00 -6.55812502e-01
    -2.45329440e-02 1.73402309e+00 -5.64309478e-01 -8.25939715e-01
    1.95780754e+00 -5.55226803e-01 -1.45109880e+00 5.91032982e-01
    -5.98820925e-01 -1.15013170e+00 1.03248048e+00 -4.27021950e-01
    -1.90938377e+00 1.48577702e+00 -2.10204899e-01 -2.03132939e+00
    1.81544971e+00 -4.86863554e-02 -2.08439517e+00 2.31822297e-01
    -8.19093511e-02 -1.29704058e+00 7.48392582e-01 1.82460353e-01
    -1.95317948e+00 1.14885211e+00 4.26612020e-01 -1.86854851e+00
    1.42918062e+00 5.55943429e-01 -1.73805559e+00 -4.20713797e-03
    3.92515600e-01 -1.18418777e+00 4.68517542e-01 7.04126298e-01
    -1.68450844e+00 8.38798642e-01 9.17381763e-01 -1.52447736e+00
    1.05426478e+00 1.00993705e+00 -1.31056631e+00 -1.83016479e-01
    9.54967260e-01 -9.07943547e-01 3.17013800e-01 1.32997286e+00
    -1.42389512e+00 5.79257965e-01 1.48985434e+00 -1.34350765e+00
    7.86674738e-01 1.60323191e+00 -1.26364756e+00</data></hand_right>
</opencv_storage>
