<?xml version="1.0"?>
<opencv_storage>
<hand_left type_id="opencv-matrix">
  <rows>21</rows>
  <cols>3</cols>
  <dt>f</dt>
  <data>
    -8.29631153e-06 -7.67173333e-06 3.66307700e-06 5.91145039e-01
    -3.87421727e-01 7.08238304e-01 1.33851552e+00 -6.55998588e-01
    -2.40555257e-02 1.73404884e+00 -5.65016687e-01 -8.25501442e-01
    1.95788658e+00 -5.56409240e-01 -1.45072019e+00 5.91035008e-01
    -5.99696696e-01 -1.14975166e+00 1.03265572e+00 -4.28358674e-01
    -1.90895545e+00 1.48593330e+00 -2.11651117e-01 -2.03056931e+00
    1.81549191e+00 -5.02634645e-02 -2.08332253e+00 2.31894583e-01
    -8.28068852e-02 -1.29704022e+00 7.48666167e-01 1.81160882e-01
    -1.95316303e+00 1.14911306e+00 4.25295830e-01 -1.86816084e+00
    1.42929149e+00 5.54581523e-01 -1.73723102e+00 -4.06193361e-03
    3.91747385e-01 -1.18449271e+00 4.68804300e-01 7.02997565e-01
    -1.68493366e+00 8.39105844e-01 9.16268229e-01 -1.52464259e+00
    1.05445611e+00 1.00882483e+00 -1.31037772e+00 -1.82777777e-01
    9.54463542e-01 -9.08626974e-01 3.17410916e-01 1.32901382e+00
    -1.42475402e+00 5.79643846e-01 1.48888445e+00 -1.34434462e+00
    7.87000954e-01 1.60223973e+00 -1.26445627e+00</data></hand_left>
</opencv_storage>
