<?xml version="1.0"?>
<opencv_storage>
<hand_left type_id="opencv-matrix">
  <rows>21</rows>
  <cols>3</cols>
  <dt>f</dt>
  <data>
    -8.29237706e-06 -7.67081201e-06 3.65752089e-06 5.91062069e-01
    -3.87638569e-01 7.08046913e-01 1.33843768e+00 -6.55849576e-01
    -2.42574513e-02 1.73400068e+00 -5.64593256e-01 -8.25660825e-01
    1.95781112e+00 -5.55673122e-01 -1.45077753e+00 5.91102779e-01
    -5.99123597e-01 -1.14989614e+00 1.03255165e+00 -4.27586138e-01
    -1.90922022e+00 1.48584664e+00 -2.10840136e-01 -2.03135920e+00
    1.81555390e+00 -4.93447483e-02 -2.08461833e+00 2.31920242e-01
    -8.22588205e-02 -1.29696274e+00 7.48511076e-01 1.81894004e-01
    -1.95316815e+00 1.14894187e+00 4.26049411e-01 -1.86869979e+00
    1.42928028e+00 5.55414796e-01 -1.73835862e+00 -4.11331281e-03
    3.92187834e-01 -1.18426633e+00 4.68650371e-01 7.03649640e-01
    -1.68462014e+00 8.38873148e-01 9.16923046e-01 -1.52469158e+00
    1.05430615e+00 1.00953293e+00 -1.31089222e+00 -1.82946175e-01
    9.54689801e-01 -9.08186257e-01 3.17126691e-01 1.32956004e+00
    -1.42415082e+00 5.79339802e-01 1.48943686e+00 -1.34377897e+00
    7.86735058e-01 1.60282636e+00 -1.26393938e+00</data></hand_left>
</opencv_storage>
