<?xml version="1.0"?>
<opencv_storage>
<hand_right type_id="opencv-matrix">
  <rows>21</rows>
  <cols>3</cols>
  <dt>f</dt>
  <data>
    -8.29544297e-06 -7.67224628e-06 3.64941252e-06 5.90848923e-01
    -3.88440907e-01 7.07809269e-01 1.33831656e+00 -6.56168818e-01
    -2.45821625e-02 1.73409295e+00 -5.64291596e-01 -8.25806737e-01
    1.95804811e+00 -5.54877758e-01 -1.45088029e+00 5.91179311e-01
    -5.98214209e-01 -1.15034497e+00 1.03283441e+00 -4.26073641e-01
    -1.90939629e+00 1.48617077e+00 -2.09338427e-01 -2.03114676e+00
    1.81586337e+00 -4.79130447e-02 -2.08411527e+00 2.32149705e-01
    -8.11188146e-02 -1.29701376e+00 7.48927355e-01 1.83522925e-01
    -1.95284426e+00 1.14936304e+00 4.27482694e-01 -1.86801922e+00
    1.42965543e+00 5.56631207e-01 -1.73746276e+00 -3.78459692e-03
    3.93287957e-01 -1.18391430e+00 4.69111919e-01 7.05086470e-01
    -1.68392205e+00 8.39375317e-01 9.18135285e-01 -1.52372050e+00
    1.05479491e+00 1.01048696e+00 -1.30977237e+00 -1.82521611e-01
    9.55593169e-01 -9.07351017e-01 3.17708194e-01 1.33079910e+00
    -1.42292440e+00 5.79935074e-01 1.49055409e+00 -1.34238780e+00
    7.87352026e-01 1.60383844e+00 -1.26247382e+00</data></hand_right>
</opencv_storage>
