<?xml version="1.0"?>
<opencv_storage>
<hand_right type_id="opencv-matrix">
  <rows>21</rows>
  <cols>3</cols>
  <dt>f</dt>
  <data>
    -8.29096552e-06 -7.67578422e-06 3.67650023e-06 5.92006028e-01
    -3.86687517e-01 7.07978785e-01 1.33893096e+00 -6.55238748e-01
    -2.48220861e-02 1.73369968e+00 -5.64441860e-01 -8.26657653e-01
    1.95704162e+00 -5.56121230e-01 -1.45209360e+00 5.90532005e-01
    -5.99877000e-01 -1.14995849e+00 1.03145790e+00 -4.28568780e-01
    -1.90951741e+00 1.48440433e+00 -2.11636752e-01 -2.03136015e+00
    1.81370127e+00 -5.01400232e-02 -2.08432746e+00 2.30937719e-01
    -8.32758918e-02 -1.29722428e+00 7.47136116e-01 1.80801928e-01
    -1.95369887e+00 1.14738786e+00 4.25202370e-01 -1.86869645e+00
    1.42747545e+00 5.54664850e-01 -1.73765600e+00 -5.22206724e-03
    3.91185999e-01 -1.18470609e+00 4.67112690e-01 7.02541113e-01
    -1.68554699e+00 8.37381601e-01 9.16096330e-01 -1.52531564e+00
    1.05277455e+00 1.00881314e+00 -1.31088316e+00 -1.84056923e-01
    9.53944802e-01 -9.08961654e-01 3.15562844e-01 1.32853103e+00
    -1.42554450e+00 5.77685118e-01 1.48856747e+00 -1.34530735e+00
    7.84985721e-01 1.60207593e+00 -1.26557827e+00</data></hand_right>
</opencv_storage>
