<?xml version="1.0"?>
<opencv_storage>
<hand_right type_id="opencv-matrix">
  <rows>21</rows>
  <cols>3</cols>
  <dt>f</dt>
  <data>
    -8.29261353e-06 -7.67130132e-06 3.66148038e-06 5.91200829e-01
    -3.87373745e-01 7.08125055e-01 1.33855188e+00 -6.55737281e-01
    -2.41870135e-02 1.73403931e+00 -5.64658880e-01 -8.25629294e-01
    1.95782888e+00 -5.55928409e-01 -1.45080304e+00 5.91055095e-01
    -5.99426508e-01 -1.14979112e+00 1.03249168e+00 -4.28002775e-01
    -1.90909100e+00 1.48572230e+00 -2.11229742e-01 -2.03108263e+00
    1.81531811e+00 -4.97510731e-02 -2.08420181e+00 2.31814429e-01
    -8.26255828e-02 -1.29698789e+00 7.48403013e-01 1.81440935e-01
    -1.95319569e+00 1.14881456e+00 4.25650954e-01 -1.86854661e+00
    1.42908430e+00 5.55040300e-01 -1.73798811e+00 -4.23627719e-03
    3.91843796e-01 -1.18439639e+00 4.68465924e-01 7.03206956e-01
    -1.68486488e+00 8.38749886e-01 9.16564941e-01 -1.52486312e+00
    1.05422580e+00 1.00924015e+00 -1.31091964e+00 -1.83067888e-01
    9.54440713e-01 -9.08465028e-01 3.16944540e-01 1.32916021e+00
    -1.42459786e+00 5.79164863e-01 1.48909450e+00 -1.34430671e+00
    7.86574781e-01 1.60252619e+00 -1.26453161e+00</data></hand_right>
</opencv_storage>
