<?xml version="1.0"?>
<opencv_storage>
<hand_right type_id="opencv-matrix">
  <rows>21</rows>
  <cols>3</cols>
  <dt>f</dt>
  <data>
    -8.29698820e-06 -7.67186611e-06 3.65217170e-06 5.90853095e-01
    -3.88200998e-01 7.07975268e-01 1.33833158e+00 -6.56218052e-01
    -2.43386030e-02 1.73409104e+00 -5.64600825e-01 -8.25604260e-01
    1.95805931e+00 -5.55405140e-01 -1.45071101e+00 5.91170907e-01
    -5.98686993e-01 -1.15013933e+00 1.03291941e+00 -4.26790088e-01
    -1.90918434e+00 1.48632491e+00 -2.10065901e-01 -2.03083634e+00
    1.81605101e+00 -4.86357510e-02 -2.08367562e+00 2.32162759e-01
    -8.16188380e-02 -1.29700553e+00 7.49037266e-01 1.82803020e-01
    -1.95287836e+00 1.14955592e+00 4.26812530e-01 -1.86796165e+00
    1.42988646e+00 5.56018472e-01 -1.73723483e+00 -3.74823809e-03
    3.92851293e-01 -1.18408144e+00 4.69246447e-01 7.04469323e-01
    -1.68415010e+00 8.39556813e-01 9.17564034e-01 -1.52386510e+00
    1.05498135e+00 1.00997829e+00 -1.30975938e+00 -1.82453498e-01
    9.55287814e-01 -9.07733500e-01 3.17870796e-01 1.33028185e+00
    -1.42340744e+00 5.80137849e-01 1.49005461e+00 -1.34286451e+00
    7.87559628e-01 1.60333693e+00 -1.26288354e+00</data></hand_right>
</opencv_storage>
