<?xml version="1.0"?>
<opencv_storage>
<hand_right type_id="opencv-matrix">
  <rows>21</rows>
  <cols>3</cols>
  <dt>f</dt>
  <data>
    -8.29833607e-06 -7.67634810e-06 3.65890969e-06 5.91460228e-01
    -3.87906313e-01 7.07771719e-01 1.33859706e+00 -6.55939579e-01
    -2.50566155e-02 1.73373735e+00 -5.64277112e-01 -8.26679051e-01
    1.95738220e+00 -5.55207372e-01 -1.45207179e+00 5.90710878e-01
    -5.98798990e-01 -1.15044558e+00 1.03224158e+00 -4.26730275e-01
    -1.90955091e+00 1.48580730e+00 -2.09680170e-01 -2.03104711e+00
    1.81564951e+00 -4.80015576e-02 -2.08361721e+00 2.31470868e-01
    -8.18183199e-02 -1.29721010e+00 7.48211384e-01 1.82783961e-01
    -1.95323050e+00 1.14904106e+00 4.27084744e-01 -1.86796010e+00
    1.42969167e+00 5.56548119e-01 -1.73667192e+00 -4.48799133e-03
    3.92641693e-01 -1.18423188e+00 4.68415201e-01 7.04386652e-01
    -1.68442416e+00 8.39013696e-01 9.17693794e-01 -1.52386403e+00
    1.05474210e+00 1.01026940e+00 -1.30917835e+00 -1.83150247e-01
    9.55141187e-01 -9.07905400e-01 3.17046732e-01 1.33017361e+00
    -1.42383432e+00 5.79450846e-01 1.49007499e+00 -1.34330201e+00
    7.87006259e-01 1.60342407e+00 -1.26312542e+00</data></hand_right>
</opencv_storage>
