<?xml version="1.0"?>
<opencv_storage>
<hand_left type_id="opencv-matrix">
  <rows>21</rows>
  <cols>3</cols>
  <dt>f</dt>
  <data>
    -8.29655619e-06 -7.67289202e-06 3.67737425e-06 5.91696262e-01
    -3.86573613e-01 7.08346844e-01 1.33873272e+00 -6.55705631e-01
    -2.41952091e-02 1.73371971e+00 -5.65321088e-01 -8.25973928e-01
    1.95727718e+00 -5.57367086e-01 -1.45141661e+00 5.90648651e-01
    -6.00640655e-01 -1.14952183e+00 1.03197002e+00 -4.29754078e-01
    -1.90889645e+00 1.48513937e+00 -2.12939978e-01 -2.03046274e+00
    1.81454933e+00 -5.15232682e-02 -2.08313894e+00 2.31291458e-01
    -8.39650705e-02 -1.29713047e+00 7.47888923e-01 1.79675996e-01
    -1.95348120e+00 1.14835024e+00 4.24027771e-01 -1.86820185e+00
    1.42853951e+00 5.53488493e-01 -1.73683608e+00 -4.71078977e-03
    3.90645832e-01 -1.18489397e+00 4.67955649e-01 7.01610327e-01
    -1.68568599e+00 8.38399708e-01 9.15130734e-01 -1.52524853e+00
    1.05388951e+00 1.00790536e+00 -1.31056023e+00 -1.83390319e-01
    9.53621030e-01 -9.09472048e-01 3.16609025e-01 1.32774854e+00
    -1.42607057e+00 5.78846693e-01 1.48774970e+00 -1.34580970e+00
    7.86241412e-01 1.60122001e+00 -1.26597834e+00</data></hand_left>
</opencv_storage>
