<?xml version="1.0"?>
<opencv_storage>
<hand_left type_id="opencv-matrix">
  <rows>21</rows>
  <cols>3</cols>
  <dt>f</dt>
  <data>
    -8.29316741e-06 -7.66933135e-06 3.65662709e-06 5.90850055e-01
    -3.87564778e-01 7.08257973e-01 1.33841014e+00 -6.55927956e-01
    -2.37912387e-02 1.73422337e+00 -5.64836383e-01 -8.25077653e-01
    1.95819712e+00 -5.56016326e-01 -1.45012701e+00 5.91335893e-01
    -5.99372029e-01 -1.14963949e+00 1.03297281e+00 -4.28014576e-01
    -1.90889287e+00 1.48626471e+00 -2.11356699e-01 -2.03095460e+00
    1.81593943e+00 -4.99276519e-02 -2.08415747e+00 2.32232541e-01
    -8.25043470e-02 -1.29688907e+00 7.48964310e-01 1.81472182e-01
    -1.95303559e+00 1.14934754e+00 4.25581157e-01 -1.86857033e+00
    1.42959177e+00 5.54907084e-01 -1.73825872e+00 -3.79007310e-03
    3.91981632e-01 -1.18433082e+00 4.69068110e-01 7.03297675e-01
    -1.68467724e+00 8.39245558e-01 9.16557729e-01 -1.52476716e+00
    1.05460417e+00 1.00917256e+00 -1.31103814e+00 -1.82645798e-01
    9.54548776e-01 -9.08389628e-01 3.17532539e-01 1.32927883e+00
    -1.42434764e+00 5.79732060e-01 1.48915100e+00 -1.34398639e+00
    7.87100792e-01 1.60253847e+00 -1.26417971e+00</data></hand_left>
</opencv_storage>
