<?xml version="1.0"?>
<opencv_storage>
<hand_right type_id="opencv-matrix">
  <rows>21</rows>
  <cols>3</cols>
  <dt>f</dt>
  <data>
    -8.29528199e-06 -7.67284382e-06 3.65898450e-06 5.91209590e-01
    -3.87636662e-01 7.08034039e-01 1.33855414e+00 -6.55863404e-01
    -2.44109184e-02 1.73399687e+00 -5.64535737e-01 -8.25897813e-01
    1.95778751e+00 -5.55654705e-01 -1.45112693e+00 5.91055989e-01
    -5.99114716e-01 -1.15002143e+00 1.03260660e+00 -4.27417308e-01
    -1.90922320e+00 1.48599362e+00 -2.10540920e-01 -2.03103662e+00
    1.81572509e+00 -4.89828587e-02 -2.08397317e+00 2.31833965e-01
    -8.22305828e-02 -1.29706120e+00 7.48560429e-01 1.82072863e-01
    -1.95313334e+00 1.14912200e+00 4.26312149e-01 -1.86822069e+00
    1.42953825e+00 5.55729151e-01 -1.73738575e+00 -4.19515371e-03
    3.92230272e-01 -1.18431783e+00 4.68658686e-01 7.03773916e-01
    -1.68459654e+00 8.39032173e-01 9.17102277e-01 -1.52433372e+00
    1.05457234e+00 1.00972223e+00 -1.31008625e+00 -1.82995394e-01
    9.54770327e-01 -9.08218801e-01 3.17154706e-01 1.32965374e+00
    -1.42418027e+00 5.79424083e-01 1.48956656e+00 -1.34374142e+00
    7.86870480e-01 1.60295844e+00 -1.26378107e+00</data></hand_right>
</opencv_storage>
