<?xml version="1.0"?>
<opencv_storage>
<hand_right type_id="opencv-matrix">
  <rows>21</rows>
  <cols>3</cols>
  <dt>f</dt>
  <data>
    -8.29115834e-06 -7.67399797e-06 3.65356846e-06 5.91195643e-01
    -3.88134807e-01 7.07685113e-01 1.33850431e+00 -6.55754328e-01
    -2.49082446e-02 1.73400927e+00 -5.63893557e-01 -8.26254427e-01
    1.95774579e+00 -5.54511786e-01 -1.45140338e+00 5.90940237e-01
    -5.98295450e-01 -1.15041840e+00 1.03229427e+00 -4.26178515e-01
    -1.90962601e+00 1.48549819e+00 -2.09354460e-01 -2.03151488e+00
    1.81506824e+00 -4.78661954e-02 -2.08454227e+00 2.31723517e-01
    -8.13255385e-02 -1.29706836e+00 7.48170614e-01 1.83304653e-01
    -1.95315278e+00 1.14854610e+00 4.27365124e-01 -1.86853004e+00
    1.42876613e+00 5.56567550e-01 -1.73812163e+00 -4.29532304e-03
    3.93043011e-01 -1.18398476e+00 4.68299925e-01 7.04845488e-01
    -1.68426692e+00 8.38538647e-01 9.18000460e-01 -1.52426898e+00
    1.05396533e+00 1.01042831e+00 -1.31049514e+00 -1.83083788e-01
    9.55362499e-01 -9.07472908e-01 3.16827834e-01 1.33057916e+00
    -1.42334569e+00 5.79045534e-01 1.49041963e+00 -1.34296596e+00
    7.86436617e-01 1.60375917e+00 -1.26317680e+00</data></hand_right>
</opencv_storage>
