<?xml version="1.0"?>
<opencv_storage>
<hand_right type_id="opencv-matrix">
  <rows>21</rows>
  <cols>3</cols>
  <dt>f</dt>
  <data>
    -8.29311375e-06 -7.67365964e-06 3.65276537e-06 5.91175675e-01
    -3.88300598e-01 7.07624674e-01 1.33842230e+00 -6.55937076e-01
    -2.50463635e-02 1.73387825e+00 -5.64004183e-01 -8.26419234e-01
    1.95760465e+00 -5.54572642e-01 -1.45159435e+00 5.90848565e-01
    -5.98209202e-01 -1.15052509e+00 1.03225160e+00 -4.26006258e-01
    -1.90968931e+00 1.48555350e+00 -2.09166050e-01 -2.03152084e+00
    1.81521249e+00 -4.76617217e-02 -2.08449650e+00 2.31687814e-01
    -8.11761320e-02 -1.29709363e+00 7.48231232e-01 1.83521584e-01
    -1.95310450e+00 1.14872062e+00 4.27570164e-01 -1.86834276e+00
    1.42905283e+00 5.56776464e-01 -1.73778129e+00 -4.27287072e-03
    3.93205017e-01 -1.18394232e+00 4.68427539e-01 7.05047905e-01
    -1.68412566e+00 8.38754296e-01 9.18161869e-01 -1.52399945e+00
    1.05425298e+00 1.01056182e+00 -1.31007087e+00 -1.82989076e-01
    9.55508947e-01 -9.07351673e-01 3.17024410e-01 1.33074975e+00
    -1.42313266e+00 5.79290867e-01 1.49055409e+00 -1.34269464e+00
    7.86727905e-01 1.60385275e+00 -1.26281667e+00</data></hand_right>
</opencv_storage>
