<?xml version="1.0"?>
<opencv_storage>
<hand_left type_id="opencv-matrix">
  <rows>21</rows>
  <cols>3</cols>
  <dt>f</dt>
  <data>
    -8.29653891e-06 -7.66896210e-06 3.65459618e-06 5.90729952e-01
    -3.87812316e-01 7.08255887e-01 1.33829451e+00 -6.56235516e-01
    -2.38075256e-02 1.73414731e+00 -5.65070629e-01 -8.25089335e-01
    1.95818090e+00 -5.56213200e-01 -1.45015633e+00 5.91338873e-01
    -5.99282920e-01 -1.14972162e+00 1.03314638e+00 -4.27826524e-01
    -1.90886009e+00 1.48658442e+00 -2.11172909e-01 -2.03075504e+00
    1.81637347e+00 -4.97458577e-02 -2.08380675e+00 2.32345998e-01
    -8.23101252e-02 -1.29690921e+00 7.49293268e-01 1.81742385e-01
    -1.95289683e+00 1.14980471e+00 4.25810993e-01 -1.86816907e+00
    1.43015838e+00 5.55113971e-01 -1.73759294e+00 -3.59563157e-03
    3.92207533e-01 -1.18428218e+00 4.69478726e-01 7.03567207e-01
    -1.68443716e+00 8.39737475e-01 9.16748345e-01 -1.52427793e+00
    1.05513239e+00 1.00929320e+00 -1.31026626e+00 -1.82365164e-01
    9.54768836e-01 -9.08257902e-01 3.18032414e-01 1.32951522e+00
    -1.42403042e+00 5.80277801e-01 1.48932815e+00 -1.34352899e+00
    7.87681818e-01 1.60265195e+00 -1.26355863e+00</data></hand_left>
</opencv_storage>
