<?xml version="1.0"?>
<opencv_storage>
<hand_right type_id="opencv-matrix">
  <rows>21</rows>
  <cols>3</cols>
  <dt>f</dt>
  <data>
    -8.28870179e-06 -7.67724487e-06 3.66373251e-06 5.91840923e-01
    -3.87610435e-01 7.07548141e-01 1.33883572e+00 -6.55293107e-01
    -2.54630595e-02 1.73377287e+00 -5.63584745e-01 -8.27151835e-01
    1.95713234e+00 -5.54403543e-01 -1.45251882e+00 5.90539098e-01
    -5.98580062e-01 -1.15059543e+00 1.03147078e+00 -4.26516294e-01
    -1.91006804e+00 1.48454976e+00 -2.09502250e-01 -2.03203368e+00
    1.81400704e+00 -4.79016304e-02 -2.08507156e+00 2.31018573e-01
    -8.17748532e-02 -1.29726207e+00 7.47121096e-01 1.82880729e-01
    -1.95364988e+00 1.14748406e+00 4.27159309e-01 -1.86895001e+00
    1.42770970e+00 5.56512952e-01 -1.73833144e+00 -5.11474907e-03
    3.92575800e-01 -1.18422318e+00 4.67186093e-01 7.04407394e-01
    -1.68482709e+00 8.37468565e-01 9.17767167e-01 -1.52480865e+00
    1.05295694e+00 1.01031864e+00 -1.31081128e+00 -1.83942869e-01
    9.54995751e-01 -9.07828450e-01 3.15643787e-01 1.33017933e+00
    -1.42409515e+00 5.77850044e-01 1.49014270e+00 -1.34381866e+00
    7.85228372e-01 1.60357022e+00 -1.26404595e+00</data></hand_right>
</opencv_storage>
