<?xml version="1.0"?>
<opencv_storage>
<hand_right type_id="opencv-matrix">
  <rows>21</rows>
  <cols>3</cols>
  <dt>f</dt>
  <data>
    -8.29072360e-06 -7.67549045e-06 3.66816857e-06 5.91773391e-01
    -3.87072176e-01 7.07864344e-01 1.33875239e+00 -6.55344486e-01
    -2.49136686e-02 1.73365951e+00 -5.64211190e-01 -8.26641083e-01
    1.95708537e+00 -5.55534601e-01 -1.45200229e+00 5.90565205e-01
    -5.99469602e-01 -1.15005696e+00 1.03160405e+00 -4.27959979e-01
    -1.90952969e+00 1.48480010e+00 -2.10981101e-01 -2.03156042e+00
    1.81437576e+00 -4.93559241e-02 -2.08464170e+00 2.31086761e-01
    -8.27826709e-02 -1.29712737e+00 7.47326612e-01 1.81391716e-01
    -1.95358491e+00 1.14782739e+00 4.25787210e-01 -1.86892521e+00
    1.42822587e+00 5.55328012e-01 -1.73822379e+00 -5.02360612e-03
    3.91648173e-01 -1.18448043e+00 4.67405915e-01 7.03100681e-01
    -1.68516874e+00 8.37794721e-01 9.16603029e-01 -1.52516603e+00
    1.05341709e+00 1.00938463e+00 -1.31104267e+00 -1.83832675e-01
    9.54261720e-01 -9.08550441e-01 3.15891743e-01 1.32902575e+00
    -1.42495441e+00 5.78152418e-01 1.48904419e+00 -1.34474361e+00
    7.85603642e-01 1.60253906e+00 -1.26494896e+00</data></hand_right>
</opencv_storage>
