<?xml version="1.0"?>
<opencv_storage>
<hand_right type_id="opencv-matrix">
  <rows>21</rows>
  <cols>3</cols>
  <dt>f</dt>
  <data>
    -8.29275177e-06 -7.67091205e-06 3.65392270e-06 5.90929508e-01
    -3.87847632e-01 7.08033621e-01 1.33839357e+00 -6.55933619e-01
    -2.42145658e-02 1.73409724e+00 -5.64529181e-01 -8.25537026e-01
    1.95799279e+00 -5.55483758e-01 -1.45060563e+00 5.91201663e-01
    -5.98915935e-01 -1.14994633e+00 1.03275609e+00 -4.27267969e-01
    -1.90919852e+00 1.48609042e+00 -2.10543931e-01 -2.03126836e+00
    1.81582320e+00 -4.90610301e-02 -2.08445835e+00 2.32079387e-01
    -8.19902048e-02 -1.29694629e+00 7.48733461e-01 1.82236403e-01
    -1.95307696e+00 1.14916754e+00 4.26332921e-01 -1.86861491e+00
    1.42948771e+00 5.55641890e-01 -1.73832369e+00 -3.93344834e-03
    3.92451197e-01 -1.18417668e+00 4.68889832e-01 7.03972638e-01
    -1.68443763e+00 8.39092553e-01 9.17181253e-01 -1.52449512e+00
    1.05448270e+00 1.00972378e+00 -1.31074190e+00 -1.82761371e-01
    9.54905391e-01 -9.07996893e-01 3.17378193e-01 1.32985806e+00
    -1.42385340e+00 5.79597473e-01 1.48970544e+00 -1.34342861e+00
    7.86983132e-01 1.60306013e+00 -1.26355934e+00</data></hand_right>
</opencv_storage>
