<?xml version="1.0"?>
<opencv_storage>
<hand_left type_id="opencv-matrix">
  <rows>21</rows>
  <cols>3</cols>
  <dt>f</dt>
  <data>
    -8.29548298e-06 -7.66857556e-06 3.65911137e-06 5.90868354e-01
    -3.87442142e-01 7.08355665e-01 1.33838296e+00 -6.56084895e-01
    -2.36903280e-02 1.73412967e+00 -5.65201998e-01 -8.25051546e-01
    1.95809579e+00 -5.56581736e-01 -1.45015645e+00 5.91285646e-01
    -5.99691629e-01 -1.14954436e+00 1.03299415e+00 -4.28480387e-01
    -1.90878427e+00 1.48637545e+00 -2.11818010e-01 -2.03077888e+00
    1.81611991e+00 -5.03834784e-02 -2.08391595e+00 2.32212082e-01
    -8.28213245e-02 -1.29690778e+00 7.49075830e-01 1.81039289e-01
    -1.95302951e+00 1.14955866e+00 4.25189495e-01 -1.86837173e+00
    1.42989683e+00 5.54573834e-01 -1.73780835e+00 -3.77191976e-03
    3.91715527e-01 -1.18445146e+00 4.69214201e-01 7.02929258e-01
    -1.68477583e+00 8.39474559e-01 9.16221619e-01 -1.52469957e+00
    1.05489886e+00 1.00888169e+00 -1.31070971e+00 -1.82574615e-01
    9.54376042e-01 -9.08637524e-01 3.17728579e-01 1.32895899e+00
    -1.42460823e+00 5.79961419e-01 1.48883295e+00 -1.34420681e+00
    7.87364781e-01 1.60221887e+00 -1.26430786e+00</data></hand_left>
</opencv_storage>
