<?xml version="1.0"?>
<opencv_storage>
<hand_left type_id="opencv-matrix">
  <rows>21</rows>
  <cols>3</cols>
  <dt>f</dt>
  <data>
    -8.29485543e-06 -7.66769608e-06 3.66230142e-06 5.90829730e-01
    -3.86939704e-01 7.08651066e-01 1.33846939e+00 -6.55903339e-01
    -2.31413692e-02 1.73430300e+00 -5.65451086e-01 -8.24514985e-01
    1.95835042e+00 -5.57193756e-01 -1.44957554e+00 5.91517150e-01
    -6.00270629e-01 -1.14910710e+00 1.03324783e+00 -4.29475427e-01
    -1.90843332e+00 1.48659801e+00 -2.12843716e-01 -2.03061271e+00
    1.81633830e+00 -5.13968468e-02 -2.08391285e+00 2.32385039e-01
    -8.35431367e-02 -1.29681826e+00 7.49238610e-01 1.79973558e-01
    -1.95307064e+00 1.14965439e+00 4.24221218e-01 -1.86863530e+00
    1.42997444e+00 5.53729653e-01 -1.73826265e+00 -3.68362293e-03
    3.91021192e-01 -1.18467116e+00 4.69275117e-01 7.01992750e-01
    -1.68514144e+00 8.39474320e-01 9.15439248e-01 -1.52524853e+00
    1.05487967e+00 1.00827503e+00 -1.31138730e+00 -1.82603657e-01
    9.53808665e-01 -9.09212172e-01 3.17678154e-01 1.32815778e+00
    -1.42536592e+00 5.79874814e-01 1.48812282e+00 -1.34505153e+00
    7.87269354e-01 1.60160971e+00 -1.26523364e+00</data></hand_left>
</opencv_storage>
