<?xml version="1.0"?>
<opencv_storage>
<hand_left type_id="opencv-matrix">
  <rows>21</rows>
  <cols>3</cols>
  <dt>f</dt>
  <data>
    -8.29539022e-06 -7.66817902e-06 3.65797314e-06 5.90731144e-01
    -3.87364894e-01 7.08498478e-01 1.33840191e+00 -6.56061292e-01
    -2.33428478e-02 1.73434424e+00 -5.65276444e-01 -8.24600995e-01
    1.95844328e+00 -5.56714475e-01 -1.44963658e+00 5.91478109e-01
    -5.99826276e-01 -1.14935696e+00 1.03330278e+00 -4.28726524e-01
    -1.90855241e+00 1.48665118e+00 -2.12118149e-01 -2.03051567e+00
    1.81635106e+00 -5.07214069e-02 -2.08362389e+00 2.32435316e-01
    -8.29754919e-02 -1.29685068e+00 7.49356806e-01 1.80776015e-01
    -1.95295203e+00 1.14978576e+00 4.24908847e-01 -1.86836314e+00
    1.43004143e+00 5.54276884e-01 -1.73788953e+00 -3.56685743e-03
    3.91574711e-01 -1.18448472e+00 4.69435871e-01 7.02701211e-01
    -1.68484139e+00 8.39663446e-01 9.16010380e-01 -1.52484643e+00
    1.05503273e+00 1.00869417e+00 -1.31096923e+00 -1.82417199e-01
    9.54268754e-01 -9.08768535e-01 3.17905426e-01 1.32877755e+00
    -1.42477787e+00 5.80127656e-01 1.48867345e+00 -1.34441376e+00
    7.87517309e-01 1.60207891e+00 -1.26458228e+00</data></hand_left>
</opencv_storage>
