<?xml version="1.0"?>
<opencv_storage>
<hand_left type_id="opencv-matrix">
  <rows>21</rows>
  <cols>3</cols>
  <dt>f</dt>
  <data>
    -8.29413148e-06 -7.67028632e-06 3.65367578e-06 5.90833127e-01
    -3.87901723e-01 7.08101213e-01 1.33835149e+00 -6.56064689e-01
    -2.40775496e-02 1.73415041e+00 -5.64698935e-01 -8.25352430e-01
    1.95811176e+00 -5.55677176e-01 -1.45041013e+00 5.91258287e-01
    -5.98989189e-01 -1.14989400e+00 1.03291678e+00 -4.27375078e-01
    -1.90908289e+00 1.48625195e+00 -2.10702538e-01 -2.03103852e+00
    1.81595767e+00 -4.92761433e-02 -2.08414197e+00 2.32201099e-01
    -8.20238888e-02 -1.29693794e+00 7.48961687e-01 1.82161942e-01
    -1.95298982e+00 1.14938605e+00 4.26206172e-01 -1.86840773e+00
    1.42965269e+00 5.55457950e-01 -1.73801601e+00 -3.77272442e-03
    3.92446041e-01 -1.18418801e+00 4.69125807e-01 7.03916788e-01
    -1.68441176e+00 8.39332700e-01 9.17080343e-01 -1.52438867e+00
    1.05468988e+00 1.00958192e+00 -1.31057799e+00 -1.82565957e-01
    9.54930842e-01 -9.08026814e-01 3.17656994e-01 1.32981682e+00
    -1.42384732e+00 5.79876840e-01 1.48963475e+00 -1.34340143e+00
    7.87253499e-01 1.60296512e+00 -1.26352632e+00</data></hand_left>
</opencv_storage>
