<?xml version="1.0"?>
<opencv_storage>
<hand_right type_id="opencv-matrix">
  <rows>21</rows>
  <cols>3</cols>
  <dt>f</dt>
  <data>
    -8.29231794e-06 -7.67410529e-06 3.65505502e-06 5.91279507e-01
    -3.88057470e-01 7.07663715e-01 1.33846164e+00 -6.55807376e-01
    -2.50326693e-02 1.73378539e+00 -5.64028382e-01 -8.26507449e-01
    1.95743036e+00 -5.54736257e-01 -1.45170951e+00 5.90806484e-01
    -5.98431766e-01 -1.15042841e+00 1.03210735e+00 -4.26384866e-01
    -1.90970421e+00 1.48544836e+00 -2.09500372e-01 -2.03170562e+00
    1.81517863e+00 -4.79243696e-02 -2.08480096e+00 2.31575102e-01
    -8.14743042e-02 -1.29708397e+00 7.48021245e-01 1.83101982e-01
    -1.95324790e+00 1.14854670e+00 4.27244484e-01 -1.86866260e+00
    1.42897880e+00 5.56568146e-01 -1.73821449e+00 -4.42988798e-03
    3.92907947e-01 -1.18403816e+00 4.68232065e-01 7.04688966e-01
    -1.68429923e+00 8.38543773e-01 9.17888165e-01 -1.52426767e+00
    1.05406916e+00 1.01038611e+00 -1.31036019e+00 -1.83184996e-01
    9.55251336e-01 -9.07578886e-01 3.16787481e-01 1.33043933e+00
    -1.42344964e+00 5.79055190e-01 1.49028587e+00 -1.34302199e+00
    7.86498845e-01 1.60362840e+00 -1.26310790e+00</data></hand_right>
</opencv_storage>
