<?xml version="1.0"?>
<opencv_storage>
<hand_right type_id="opencv-matrix">
  <rows>21</rows>
  <cols>3</cols>
  <dt>f</dt>
  <data>
    -8.29603323e-06 -7.67104939e-06 3.65758160e-06 5.91016650e-01
    -3.87708932e-01 7.08122373e-01 1.33842421e+00 -6.56055927e-01
    -2.41711885e-02 1.73402572e+00 -5.64828038e-01 -8.25567722e-01
    1.95790827e+00 -5.55979252e-01 -1.45073366e+00 5.91109276e-01
    -5.99252462e-01 -1.14988708e+00 1.03275800e+00 -4.27692175e-01
    -1.90905631e+00 1.48616266e+00 -2.10932821e-01 -2.03087640e+00
    1.81590176e+00 -4.94515598e-02 -2.08383560e+00 2.32004717e-01
    -8.23195577e-02 -1.29699409e+00 7.48812795e-01 1.81834698e-01
    -1.95304549e+00 1.14936090e+00 4.25980031e-01 -1.86821198e+00
    1.42974854e+00 5.55333316e-01 -1.73748004e+00 -3.95796075e-03
    3.92179489e-01 -1.18431115e+00 4.68976021e-01 7.03602672e-01
    -1.68456435e+00 8.39320481e-01 9.16854501e-01 -1.52435994e+00
    1.05482066e+00 1.00944328e+00 -1.31022179e+00 -1.82705447e-01
    9.54748690e-01 -9.08256173e-01 3.17547083e-01 1.32952452e+00
    -1.42416751e+00 5.79822600e-01 1.48938560e+00 -1.34372938e+00
    7.87264943e-01 1.60274386e+00 -1.26378047e+00</data></hand_right>
</opencv_storage>
