<?xml version="1.0"?>
<opencv_storage>
<hand_left type_id="opencv-matrix">
  <rows>21</rows>
  <cols>3</cols>
  <dt>f</dt>
  <data>
    -8.29496094e-06 -7.67156234e-06 3.66955510e-06 5.91343522e-01
    -3.87091637e-01 7.08259225e-01 1.33857596e+00 -6.55852556e-01
    -2.40924805e-02 1.73393583e+00 -5.65111816e-01 -8.25602472e-01
    1.95765972e+00 -5.56731701e-01 -1.45087719e+00 5.90863585e-01
    -6.00045979e-01 -1.14964306e+00 1.03232217e+00 -4.28895414e-01
    -1.90890777e+00 1.48542166e+00 -2.12209076e-01 -2.03045559e+00
    1.81477201e+00 -5.08973897e-02 -2.08315778e+00 2.31644467e-01
    -8.32493603e-02 -1.29705548e+00 7.48278618e-01 1.80578128e-01
    -1.95326746e+00 1.14859986e+00 4.24727768e-01 -1.86818159e+00
    1.42860317e+00 5.53979635e-01 -1.73714888e+00 -4.32652608e-03
    3.91318500e-01 -1.18462241e+00 4.68366981e-01 7.02432752e-01
    -1.68526864e+00 8.38648856e-01 9.15755749e-01 -1.52498174e+00
    1.05394387e+00 1.00833571e+00 -1.31067765e+00 -1.83029085e-01
    9.54126716e-01 -9.08915162e-01 3.16987634e-01 1.32849097e+00
    -1.42527413e+00 5.79170585e-01 1.48839366e+00 -1.34497738e+00
    7.86484361e-01 1.60178161e+00 -1.26523018e+00</data></hand_left>
</opencv_storage>
