<?xml version="1.0"?>
<opencv_storage>
<hand_left type_id="opencv-matrix">
  <rows>21</rows>
  <cols>3</cols>
  <dt>f</dt>
  <data>
    -8.29738929e-06 -7.67225447e-06 3.66281074e-06 5.91161311e-01
    -3.87242496e-01 7.08331227e-01 1.33858073e+00 -6.55908823e-01
    -2.39128917e-02 1.73407483e+00 -5.65008759e-01 -8.25411499e-01
    1.95794904e+00 -5.56482077e-01 -1.45067394e+00 5.91143250e-01
    -5.99828482e-01 -1.14963651e+00 1.03286731e+00 -4.28513825e-01
    -1.90879750e+00 1.48633456e+00 -2.11658448e-01 -2.03044653e+00
    1.81608057e+00 -5.01036048e-02 -2.08318925e+00 2.31958136e-01
    -8.30038562e-02 -1.29701650e+00 7.48847187e-01 1.80959150e-01
    -1.95313048e+00 1.14950037e+00 4.25275624e-01 -1.86808753e+00
    1.42995644e+00 5.54783642e-01 -1.73701310e+00 -4.05537710e-03
    3.91544074e-01 -1.18456256e+00 4.68935072e-01 7.02807903e-01
    -1.68493891e+00 8.39374661e-01 9.16226208e-01 -1.52458012e+00
    1.05492723e+00 1.00896478e+00 -1.31011629e+00 -1.82844669e-01
    9.54278052e-01 -9.08810794e-01 3.17447513e-01 1.32882977e+00
    -1.42492676e+00 5.79763353e-01 1.48878825e+00 -1.34450078e+00
    7.87232220e-01 1.60221291e+00 -1.26446855e+00</data></hand_left>
</opencv_storage>
