<?xml version="1.0"?>
<opencv_storage>
<hand_left type_id="opencv-matrix">
  <rows>21</rows>
  <cols>3</cols>
  <dt>f</dt>
  <data>
    -8.29618148e-06 -7.66930225e-06 3.65275264e-06 5.90673864e-01
    -3.87940496e-01 7.08224237e-01 1.33829403e+00 -6.56240404e-01
    -2.38046944e-02 1.73424280e+00 -5.64962029e-01 -8.25010598e-01
    1.95832944e+00 -5.56013346e-01 -1.45003748e+00 5.91405392e-01
    -5.99088013e-01 -1.14977705e+00 1.03325319e+00 -4.27517235e-01
    -1.90885448e+00 1.48663843e+00 -2.10879028e-01 -2.03067446e+00
    1.81636405e+00 -4.94903624e-02 -2.08367252e+00 2.32426897e-01
    -8.20906684e-02 -1.29690695e+00 7.49383330e-01 1.82054147e-01
    -1.95282352e+00 1.14983296e+00 4.26074356e-01 -1.86806881e+00
    1.43009222e+00 5.55310369e-01 -1.73751378e+00 -3.51824239e-03
    3.92408133e-01 -1.18420923e+00 4.69531178e-01 7.03830004e-01
    -1.68433607e+00 8.39764833e-01 9.16976571e-01 -1.52417922e+00
    1.05510998e+00 1.00946617e+00 -1.31022966e+00 -1.82302848e-01
    9.54925239e-01 -9.08099115e-01 3.18064064e-01 1.32974398e+00
    -1.42383528e+00 5.80288291e-01 1.48954582e+00 -1.34334016e+00
    7.87670791e-01 1.60286283e+00 -1.26343143e+00</data></hand_left>
</opencv_storage>
