<?xml version="1.0"?>
<opencv_storage>
<hand_left type_id="opencv-matrix">
  <rows>21</rows>
  <cols>3</cols>
  <dt>f</dt>
  <data>
    -8.29477631e-06 -7.66904668e-06 3.65537699e-06 5.90739787e-01
    -3.87678266e-01 7.08305478e-01 1.33836913e+00 -6.56067610e-01
    -2.36754268e-02 1.73429418e+00 -5.64956903e-01 -8.24901402e-01
    1.95835721e+00 -5.56130886e-01 -1.44993281e+00 5.91415465e-01
    -5.99350214e-01 -1.14962292e+00 1.03318262e+00 -4.27962542e-01
    -1.90878165e+00 1.48649120e+00 -2.11340696e-01 -2.03069544e+00
    1.81615162e+00 -4.99576628e-02 -2.08377814e+00 2.32380614e-01
    -8.24312791e-02 -1.29688323e+00 7.49237418e-01 1.81559637e-01
    -1.95291579e+00 1.14962506e+00 4.25617099e-01 -1.86830318e+00
    1.42983210e+00 5.54887414e-01 -1.73786616e+00 -3.60491499e-03
    3.92074257e-01 -1.18430853e+00 4.69340920e-01 7.03381777e-01
    -1.68458259e+00 8.39538395e-01 9.16595519e-01 -1.52456546e+00
    1.05487669e+00 1.00916135e+00 -1.31074429e+00 -1.82430640e-01
    9.54650283e-01 -9.08346355e-01 3.17842692e-01 1.32935631e+00
    -1.42423737e+00 5.80049455e-01 1.48920345e+00 -1.34383488e+00
    7.87420630e-01 1.60256565e+00 -1.26400912e+00</data></hand_left>
</opencv_storage>
