<?xml version="1.0"?>
<opencv_storage>
<hand_right type_id="opencv-matrix">
  <rows>21</rows>
  <cols>3</cols>
  <dt>f</dt>
  <data>
    -8.29187593e-06 -7.67288930e-06 3.65278720e-06 5.91090262e-01
    -3.88071626e-01 7.07803488e-01 1.33846903e+00 -6.55835986e-01
    -2.46699303e-02 1.73405099e+00 -5.64096570e-01 -8.26014757e-01
    1.95784914e+00 -5.54797471e-01 -1.45113313e+00 5.91055155e-01
    -5.98465323e-01 -1.15028381e+00 1.03252482e+00 -4.26469803e-01
    -1.90949833e+00 1.48582339e+00 -2.09650576e-01 -2.03143573e+00
    1.81549990e+00 -4.81329560e-02 -2.08448982e+00 2.31869325e-01
    -8.15033317e-02 -1.29703975e+00 7.48437285e-01 1.83026686e-01
    -1.95312059e+00 1.14888060e+00 4.27123725e-01 -1.86852002e+00
    1.42916644e+00 5.56384206e-01 -1.73810399e+00 -4.15509939e-03
    3.92887741e-01 -1.18404984e+00 4.68574524e-01 7.04630554e-01
    -1.68428719e+00 8.38817060e-01 9.17808831e-01 -1.52425957e+00
    1.05421793e+00 1.01027012e+00 -1.31044340e+00 -1.82970881e-01
    9.55244303e-01 -9.07633364e-01 3.17052305e-01 1.33041561e+00
    -1.42346764e+00 5.79283237e-01 1.49026132e+00 -1.34303546e+00
    7.86665916e-01 1.60358536e+00 -1.26317394e+00</data></hand_right>
</opencv_storage>
