<?xml version="1.0"?>
<opencv_storage>
<hand_right type_id="opencv-matrix">
  <rows>21</rows>
  <cols>3</cols>
  <dt>f</dt>
  <data>
    -8.29318833e-06 -7.67435085e-06 3.65366304e-06 5.91249645e-01
    -3.88267517e-01 7.07600772e-01 1.33845472e+00 -6.55895650e-01
    -2.51360536e-02 1.73384178e+00 -5.63951015e-01 -8.26543808e-01
    1.95752883e+00 -5.54535627e-01 -1.45174670e+00 5.90779185e-01
    -5.98241568e-01 -1.15055859e+00 1.03214490e+00 -4.26037192e-01
    -1.90973806e+00 1.48544121e+00 -2.09180713e-01 -2.03153491e+00
    1.81508803e+00 -4.76678014e-02 -2.08446336e+00 2.31596902e-01
    -8.12130645e-02 -1.29711854e+00 7.48096585e-01 1.83479801e-01
    -1.95316672e+00 1.14860106e+00 4.27540421e-01 -1.86839116e+00
    1.42893219e+00 5.56748986e-01 -1.73779917e+00 -4.36042622e-03
    3.93173069e-01 -1.18396091e+00 4.68303025e-01 7.05007970e-01
    -1.68418896e+00 8.38646650e-01 9.18128908e-01 -1.52405667e+00
    1.05415559e+00 1.01053059e+00 -1.31010175e+00 -1.83057517e-01
    9.55493152e-01 -9.07377481e-01 3.16923082e-01 1.33071876e+00
    -1.42321444e+00 5.79202771e-01 1.49052930e+00 -1.34278893e+00
    7.86643147e-01 1.60382962e+00 -1.26290739e+00</data></hand_right>
</opencv_storage>
