<?xml version="1.0"?>
<opencv_storage>
<hand_left type_id="opencv-matrix">
  <rows>21</rows>
  <cols>3</cols>
  <dt>f</dt>
  <data>
    -8.29117744e-06 -7.67213987e-06 3.66325776e-06 5.91386795e-01
    -3.87385488e-01 7.07955003e-01 1.33855295e+00 -6.55654788e-01
    -2.45766193e-02 1.73381400e+00 -5.64486384e-01 -8.26123536e-01
    1.95743084e+00 -5.55697441e-01 -1.45134866e+00 5.90823054e-01
    -5.99302828e-01 -1.14996898e+00 1.03204608e+00 -4.27805722e-01
    -1.90937686e+00 1.48522770e+00 -2.10997909e-01 -2.03148079e+00
    1.81480980e+00 -4.94979322e-02 -2.08469629e+00 2.31515616e-01
    -8.25142339e-02 -1.29703939e+00 7.47930050e-01 1.81628957e-01
    -1.95334959e+00 1.14832580e+00 4.25849915e-01 -1.86876595e+00
    1.42860818e+00 5.55237412e-01 -1.73826861e+00 -4.53824550e-03
    3.91929448e-01 -1.18436360e+00 4.68040586e-01 7.03362346e-01
    -1.68489408e+00 8.38311553e-01 9.16709304e-01 -1.52493453e+00
    1.05379379e+00 1.00936341e+00 -1.31102240e+00 -1.83341205e-01
    9.54489470e-01 -9.08348382e-01 3.16545039e-01 1.32927573e+00
    -1.42452717e+00 5.78750849e-01 1.48919666e+00 -1.34425044e+00
    7.86147118e-01 1.60262191e+00 -1.26448822e+00</data></hand_left>
</opencv_storage>
