<?xml version="1.0"?>
<opencv_storage>
<hand_right type_id="opencv-matrix">
  <rows>21</rows>
  <cols>3</cols>
  <dt>f</dt>
  <data>
    -8.28785778e-06 -7.67491747e-06 3.65842925e-06 5.91494322e-01
    -3.87679964e-01 7.07657158e-01 1.33864772e+00 -6.55368984e-01
    -2.50546634e-02 1.73385334e+00 -5.63704610e-01 -8.26581836e-01
    1.95739341e+00 -5.54488778e-01 -1.45178270e+00 5.90803504e-01
    -5.98533988e-01 -1.15034378e+00 1.03184462e+00 -4.26600337e-01
    -1.90979874e+00 1.48499429e+00 -2.09674329e-01 -2.03207588e+00
    1.81460190e+00 -4.80625629e-02 -2.08544087e+00 2.31386110e-01
    -8.17396194e-02 -1.29707742e+00 7.47557998e-01 1.82785258e-01
    -1.95343947e+00 1.14792299e+00 4.27029967e-01 -1.86914015e+00
    1.42825961e+00 5.56435943e-01 -1.73896813e+00 -4.75393608e-03
    3.92588526e-01 -1.18412220e+00 4.67638224e-01 7.04357803e-01
    -1.68460596e+00 8.37854564e-01 9.17702258e-01 -1.52484417e+00
    1.05337000e+00 1.01032400e+00 -1.31120288e+00 -1.83651268e-01
    9.54934299e-01 -9.07774091e-01 3.16036999e-01 1.33013380e+00
    -1.42386055e+00 5.78234255e-01 1.49007714e+00 -1.34359229e+00
    7.85641253e-01 1.60352576e+00 -1.26385415e+00</data></hand_right>
</opencv_storage>
