<?xml version="1.0"?>
<opencv_storage>
<hand_left type_id="opencv-matrix">
  <rows>21</rows>
  <cols>3</cols>
  <dt>f</dt>
  <data>
    -8.30115096e-06 -7.67039728e-06 3.65627488e-06 5.90780735e-01
    -3.88125896e-01 7.08147824e-01 1.33822405e+00 -6.56574726e-01
    -2.41026431e-02 1.73399770e+00 -5.65262496e-01 -8.25378954e-01
    1.95801771e+00 -5.56360364e-01 -1.45054829e+00 5.91089189e-01
    -5.99207997e-01 -1.14996374e+00 1.03302622e+00 -4.27546501e-01
    -1.90887749e+00 1.48646939e+00 -2.10922182e-01 -2.03015161e+00
    1.81611705e+00 -4.96250987e-02 -2.08263159e+00 2.32216552e-01
    -8.20756853e-02 -1.29701626e+00 7.49313712e-01 1.82114869e-01
    -1.95279086e+00 1.14988101e+00 4.26046282e-01 -1.86745608e+00
    1.43013012e+00 5.55153728e-01 -1.73628318e+00 -3.56471166e-03
    3.92503768e-01 -1.18423033e+00 4.69599634e-01 7.03885138e-01
    -1.68430674e+00 8.39988947e-01 9.16909873e-01 -1.52372122e+00
    1.05535853e+00 1.00925243e+00 -1.30924213e+00 -1.82112485e-01
    9.55110729e-01 -9.08057570e-01 3.18402827e-01 1.32977962e+00
    -1.42379069e+00 5.80698490e-01 1.48949885e+00 -1.34319484e+00
    7.88111985e-01 1.60272336e+00 -1.26314747e+00</data></hand_left>
</opencv_storage>
