<?xml version="1.0"?>
<opencv_storage>
<hand_left type_id="opencv-matrix">
  <rows>21</rows>
  <cols>3</cols>
  <dt>f</dt>
  <data>
    -8.29237524e-06 -7.67189886e-06 3.66446943e-06 5.91257870e-01
    -3.87223691e-01 7.08192647e-01 1.33859897e+00 -6.55695260e-01
    -2.40967572e-02 1.73408771e+00 -5.64746261e-01 -8.25536609e-01
    1.95785594e+00 -5.56139588e-01 -1.45072067e+00 5.91009498e-01
    -5.99690318e-01 -1.14970720e+00 1.03243756e+00 -4.28410888e-01
    -1.90902388e+00 1.48555315e+00 -2.11701572e-01 -2.03083324e+00
    1.81499493e+00 -5.03174663e-02 -2.08377075e+00 2.31758371e-01
    -8.29060674e-02 -1.29701281e+00 7.48301029e-01 1.81031495e-01
    -1.95327365e+00 1.14860284e+00 4.25196230e-01 -1.86854613e+00
    1.42866015e+00 5.54490566e-01 -1.73790932e+00 -4.28074971e-03
    3.91600490e-01 -1.18449783e+00 4.68355596e-01 7.02845395e-01
    -1.68510675e+00 8.38571012e-01 9.16182756e-01 -1.52507150e+00
    1.05387473e+00 1.00879180e+00 -1.31110263e+00 -1.83086440e-01
    9.54289317e-01 -9.08672929e-01 3.16862792e-01 1.32886827e+00
    -1.42495418e+00 5.79037070e-01 1.48879242e+00 -1.34467697e+00
    7.86353648e-01 1.60220361e+00 -1.26497304e+00</data></hand_left>
</opencv_storage>
