<?xml version="1.0"?>
<opencv_storage>
<hand_right type_id="opencv-matrix">
  <rows>21</rows>
  <cols>3</cols>
  <dt>f</dt>
  <data>
    -8.29050259e-06 -7.67134406e-06 3.65916458e-06 5.91142416e-01
    -3.87392282e-01 7.08128989e-01 1.33860373e+00 -6.55591726e-01
    -2.40981281e-02 1.73421514e+00 -5.64428687e-01 -8.25476110e-01
    1.95805562e+00 -5.55603027e-01 -1.45058417e+00 5.91218174e-01
    -5.99242330e-01 -1.14978075e+00 1.03263640e+00 -4.27766591e-01
    -1.90911543e+00 1.48580551e+00 -2.10998267e-01 -2.03125215e+00
    1.81538188e+00 -4.95093763e-02 -2.08451247e+00 2.31937706e-01
    -8.24712738e-02 -1.29695928e+00 7.48454988e-01 1.81643233e-01
    -1.95319736e+00 1.14877248e+00 4.25850451e-01 -1.86875904e+00
    1.42897224e+00 5.55233121e-01 -1.73846054e+00 -4.17987257e-03
    3.91956985e-01 -1.18434656e+00 4.68447208e-01 7.03381777e-01
    -1.68483174e+00 8.38639021e-01 9.16755319e-01 -1.52500081e+00
    1.05405319e+00 1.00943613e+00 -1.31130660e+00 -1.83110446e-01
    9.54494178e-01 -9.08372819e-01 3.16815615e-01 1.32932591e+00
    -1.42449927e+00 5.78991175e-01 1.48928368e+00 -1.34424531e+00
    7.86365628e-01 1.60274136e+00 -1.26455319e+00</data></hand_right>
</opencv_storage>
