<?xml version="1.0"?>
<opencv_storage>
<hand_right type_id="opencv-matrix">
  <rows>21</rows>
  <cols>3</cols>
  <dt>f</dt>
  <data>
    -8.29503097e-06 -7.67210258e-06 3.66314293e-06 5.91232479e-01
    -3.87347370e-01 7.08172798e-01 1.33853817e+00 -6.55858994e-01
    -2.41848379e-02 1.73397088e+00 -5.64854264e-01 -8.25674057e-01
    1.95774007e+00 -5.56207895e-01 -1.45090127e+00 5.90935051e-01
    -5.99689126e-01 -1.14976764e+00 1.03245187e+00 -4.28358048e-01
    -1.90903091e+00 1.48576629e+00 -2.11593032e-01 -2.03078675e+00
    1.81538534e+00 -5.01293242e-02 -2.08363748e+00 2.31746182e-01
    -8.28435272e-02 -1.29702592e+00 7.48399019e-01 1.81110427e-01
    -1.95325649e+00 1.14891982e+00 4.25312459e-01 -1.86845517e+00
    1.42922235e+00 5.54690003e-01 -1.73767996e+00 -4.23263013e-03
    3.91688675e-01 -1.18448102e+00 4.68547404e-01 7.02941895e-01
    -1.68499482e+00 8.38906765e-01 9.16275024e-01 -1.52486062e+00
    1.05437803e+00 1.00892687e+00 -1.31072497e+00 -1.82961658e-01
    9.54381943e-01 -9.08627450e-01 3.17138135e-01 1.32895565e+00
    -1.42484117e+00 5.79419613e-01 1.48886919e+00 -1.34450936e+00
    7.86841273e-01 1.60226011e+00 -1.26465106e+00</data></hand_right>
</opencv_storage>
