<?xml version="1.0"?>
<opencv_storage>
<hand_left type_id="opencv-matrix">
  <rows>21</rows>
  <cols>3</cols>
  <dt>f</dt>
  <data>
    -8.29426153e-06 -7.67116035e-06 3.66092672e-06 5.91083348e-01
    -3.87267649e-01 7.08302498e-01 1.33857059e+00 -6.55779243e-01
    -2.38451064e-02 1.73418212e+00 -5.64830124e-01 -8.25259507e-01
    1.95808446e+00 -5.56210279e-01 -1.45041907e+00 5.91262221e-01
    -5.99627137e-01 -1.14960885e+00 1.03287458e+00 -4.28311676e-01
    -1.90885758e+00 1.48619282e+00 -2.11527705e-01 -2.03078771e+00
    1.81586647e+00 -5.00185490e-02 -2.08384418e+00 2.32047692e-01
    -8.28407183e-02 -1.29695702e+00 7.48798847e-01 1.81136385e-01
    -1.95311689e+00 1.14926767e+00 4.25398231e-01 -1.86839533e+00
    1.42959285e+00 5.54855585e-01 -1.73773408e+00 -4.02355939e-03
    3.91655207e-01 -1.18448102e+00 4.68828857e-01 7.02957273e-01
    -1.68489146e+00 8.39122534e-01 9.16361034e-01 -1.52480125e+00
    1.05459166e+00 1.00908828e+00 -1.31072986e+00 -1.82903633e-01
    9.54307377e-01 -9.08675134e-01 3.17248881e-01 1.32895958e+00
    -1.42476940e+00 5.79482377e-01 1.48891521e+00 -1.34441888e+00
    7.86896825e-01 1.60236681e+00 -1.26455235e+00</data></hand_left>
</opencv_storage>
