<?xml version="1.0"?>
<opencv_storage>
<hand_left type_id="opencv-matrix">
  <rows>21</rows>
  <cols>3</cols>
  <dt>f</dt>
  <data>
    -8.29402234e-06 -7.67299662e-06 3.65288315e-06 5.91031551e-01
    -3.88058573e-01 7.07881153e-01 1.33844471e+00 -6.55943155e-01
    -2.45324373e-02 1.73406279e+00 -5.64277351e-01 -8.25866580e-01
    1.95792174e+00 -5.55053711e-01 -1.45099664e+00 5.91107249e-01
    -5.98583043e-01 -1.15021122e+00 1.03268218e+00 -4.26629364e-01
    -1.90936160e+00 1.48605061e+00 -2.09809154e-01 -2.03120708e+00
    1.81577516e+00 -4.82878685e-02 -2.08418536e+00 2.31964961e-01
    -8.16033259e-02 -1.29702890e+00 7.48655677e-01 1.82889894e-01
    -1.95304108e+00 1.14916158e+00 4.27000135e-01 -1.86831129e+00
    1.42952073e+00 5.56294322e-01 -1.73774338e+00 -4.03533876e-03
    3.92813444e-01 -1.18408549e+00 4.68803227e-01 7.04516828e-01
    -1.68425751e+00 8.39098036e-01 9.17706013e-01 -1.52411962e+00
    1.05455279e+00 1.01019442e+00 -1.31014478e+00 -1.82830110e-01
    9.55206037e-01 -9.07720506e-01 3.17310870e-01 1.33031428e+00
    -1.42350233e+00 5.79568446e-01 1.49015570e+00 -1.34302974e+00
    7.86989629e-01 1.60348940e+00 -1.26309705e+00</data></hand_left>
</opencv_storage>
