<?xml version="1.0"?>
<opencv_storage>
<hand_left type_id="opencv-matrix">
  <rows>21</rows>
  <cols>3</cols>
  <dt>f</dt>
  <data>
    -8.29353758e-06 -7.67125493e-06 3.65116512e-06 5.90799630e-01
    -3.88008624e-01 7.08059371e-01 1.33837974e+00 -6.56003594e-01
    -2.40925401e-02 1.73425007e+00 -5.64488411e-01 -8.25308204e-01
    1.95825171e+00 -5.55340290e-01 -1.45032823e+00 5.91333270e-01
    -5.98769605e-01 -1.14996326e+00 1.03302610e+00 -4.27017868e-01
    -1.90911067e+00 1.48636782e+00 -2.10316271e-01 -2.03103518e+00
    1.81608224e+00 -4.88635600e-02 -2.08409953e+00 2.32264474e-01
    -8.17927942e-02 -1.29693520e+00 7.49013066e-01 1.82502240e-01
    -1.95296001e+00 1.14943409e+00 4.26546782e-01 -1.86842954e+00
    1.42969191e+00 5.55796444e-01 -1.73810709e+00 -3.73471901e-03
    3.92648727e-01 -1.18411934e+00 4.69150245e-01 7.04211831e-01
    -1.68430579e+00 8.39340687e-01 9.17371750e-01 -1.52432096e+00
    1.05467796e+00 1.00985765e+00 -1.31058395e+00 -1.82568923e-01
    9.55076337e-01 -9.07870114e-01 3.17625999e-01 1.33008409e+00
    -1.42364514e+00 5.79847813e-01 1.48990965e+00 -1.34319174e+00
    7.87219524e-01 1.60324025e+00 -1.26332784e+00</data></hand_left>
</opencv_storage>
