<?xml version="1.0"?>
<opencv_storage>
<hand_left type_id="opencv-matrix">
  <rows>21</rows>
  <cols>3</cols>
  <dt>f</dt>
  <data>
    -8.29421242e-06 -7.66914491e-06 3.65740880e-06 5.90833247e-01
    -3.87422621e-01 7.08368719e-01 1.33843148e+00 -6.55941248e-01
    -2.36111581e-02 1.73425364e+00 -5.65000415e-01 -8.24933171e-01
    1.95826352e+00 -5.56327462e-01 -1.44998956e+00 5.91419458e-01
    -5.99572480e-01 -1.14951229e+00 1.03311086e+00 -4.28336531e-01
    -1.90877390e+00 1.48646045e+00 -2.11664438e-01 -2.03087401e+00
    1.81620133e+00 -5.02046049e-02 -2.08410954e+00 2.32308552e-01
    -8.27355906e-02 -1.29687595e+00 7.49111891e-01 1.81151077e-01
    -1.95302403e+00 1.14953494e+00 4.25316691e-01 -1.86853838e+00
    1.42985344e+00 5.54720879e-01 -1.73817718e+00 -3.73266265e-03
    3.91768605e-01 -1.18441677e+00 4.69197005e-01 7.03024626e-01
    -1.68474603e+00 8.39396656e-01 9.16346192e-01 -1.52479827e+00
    1.05479586e+00 1.00903118e+00 -1.31097126e+00 -1.82615444e-01
    9.54385996e-01 -9.08591807e-01 3.17634642e-01 1.32904494e+00
    -1.42455518e+00 5.79841733e-01 1.48894739e+00 -1.34417057e+00
    7.87233889e-01 1.60236597e+00 -1.26431370e+00</data></hand_left>
</opencv_storage>
