<?xml version="1.0"?>
<opencv_storage>
<hand_left type_id="opencv-matrix">
  <rows>21</rows>
  <cols>3</cols>
  <dt>f</dt>
  <data>
    -8.29268538e-06 -7.67259644e-06 3.65823553e-06 5.91180980e-01
    -3.87642324e-01 7.07997799e-01 1.33854127e+00 -6.55758917e-01
    -2.43992656e-02 1.73405027e+00 -5.64401984e-01 -8.25812936e-01
    1.95783937e+00 -5.55455804e-01 -1.45097733e+00 5.91052711e-01
    -5.99047303e-01 -1.15000057e+00 1.03250504e+00 -4.27382112e-01
    -1.90925968e+00 1.48576140e+00 -2.10579723e-01 -2.03119349e+00
    1.81538606e+00 -4.90819216e-02 -2.08424664e+00 2.31824115e-01
    -8.21815953e-02 -1.29702270e+00 7.48400569e-01 1.82077914e-01
    -1.95318282e+00 1.14882731e+00 4.26248968e-01 -1.86852050e+00
    1.42909384e+00 5.55586159e-01 -1.73798418e+00 -4.21854109e-03
    3.92258376e-01 -1.18426883e+00 4.68487203e-01 7.03776717e-01
    -1.68465424e+00 8.38757098e-01 9.17066514e-01 -1.52462113e+00
    1.05419838e+00 1.00965428e+00 -1.31069839e+00 -1.83042690e-01
    9.54767823e-01 -9.08144832e-01 3.16966653e-01 1.32966542e+00
    -1.42417598e+00 5.79192996e-01 1.48956740e+00 -1.34382474e+00
    7.86587596e-01 1.60296166e+00 -1.26400840e+00</data></hand_left>
</opencv_storage>
