<?xml version="1.0"?>
<opencv_storage>
<hand_right type_id="opencv-matrix">
  <rows>21</rows>
  <cols>3</cols>
  <dt>f</dt>
  <data>
    -8.29374858e-06 -7.67015717e-06 3.65024994e-06 5.90728700e-01
    -3.88158441e-01 7.08028615e-01 1.33832192e+00 -6.56110764e-01
    -2.41242349e-02 1.73425186e+00 -5.64533234e-01 -8.25304747e-01
    1.95828402e+00 -5.55326819e-01 -1.45030618e+00 5.91359258e-01
    -5.98618805e-01 -1.15001822e+00 1.03306985e+00 -4.26796883e-01
    -1.90913367e+00 1.48636508e+00 -2.10139930e-01 -2.03105116e+00
    1.81603646e+00 -4.87470031e-02 -2.08415318e+00 2.32333288e-01
    -8.16013068e-02 -1.29693389e+00 7.49129295e-01 1.82760030e-01
    -1.95286512e+00 1.14949131e+00 4.26734656e-01 -1.86825156e+00
    1.42968082e+00 5.55902362e-01 -1.73790681e+00 -3.64146382e-03
    3.92833591e-01 -1.18405020e+00 4.69259173e-01 7.04433918e-01
    -1.68417537e+00 8.39433312e-01 9.17532444e-01 -1.52414382e+00
    1.05474639e+00 1.00995100e+00 -1.31041336e+00 -1.82454482e-01
    9.55224574e-01 -9.07720745e-01 3.17763567e-01 1.33026171e+00
    -1.42341685e+00 5.79956174e-01 1.49005091e+00 -1.34294891e+00
    7.87314475e-01 1.60335445e+00 -1.26312256e+00</data></hand_right>
</opencv_storage>
