<?xml version="1.0"?>
<opencv_storage>
<hand_left type_id="opencv-matrix">
  <rows>21</rows>
  <cols>3</cols>
  <dt>f</dt>
  <data>
    -8.29443979e-06 -7.67428537e-06 3.66669974e-06 5.91488719e-01
    -3.87198687e-01 7.08118677e-01 1.33872211e+00 -6.55656099e-01
    -2.44139433e-02 1.73397112e+00 -5.64629972e-01 -8.26021791e-01
    1.95762444e+00 -5.56039214e-01 -1.45134091e+00 5.90882540e-01
    -5.99643528e-01 -1.14989948e+00 1.03224802e+00 -4.28224623e-01
    -1.90923703e+00 1.48545384e+00 -2.11378783e-01 -2.03095865e+00
    1.81497383e+00 -4.98902202e-02 -2.08379555e+00 2.31551781e-01
    -8.28502476e-02 -1.29712939e+00 7.48101234e-01 1.81229264e-01
    -1.95339012e+00 1.14852667e+00 4.25495535e-01 -1.86841774e+00
    1.42874670e+00 5.54887891e-01 -1.73747146e+00 -4.49868664e-03
    3.91657710e-01 -1.18455124e+00 4.68168616e-01 7.03009546e-01
    -1.68511879e+00 8.38487327e-01 9.16407108e-01 -1.52487195e+00
    1.05392528e+00 1.00905347e+00 -1.31056643e+00 -1.83278516e-01
    9.54366326e-01 -9.08677816e-01 3.16709340e-01 1.32899845e+00
    -1.42495739e+00 5.78932524e-01 1.48894858e+00 -1.34461057e+00
    7.86308467e-01 1.60237813e+00 -1.26473951e+00</data></hand_left>
</opencv_storage>
