<?xml version="1.0"?>
<opencv_storage>
<hand_left type_id="opencv-matrix">
  <rows>21</rows>
  <cols>3</cols>
  <dt>f</dt>
  <data>
    -8.28988777e-06 -7.67269557e-06 3.65909136e-06 5.91269076e-01
    -3.87450874e-01 7.07994401e-01 1.33863616e+00 -6.55518651e-01
    -2.43791342e-02 1.73410630e+00 -5.64217329e-01 -8.25816631e-01
    1.95784533e+00 -5.55280864e-01 -1.45096624e+00 5.91089904e-01
    -5.99057496e-01 -1.14995384e+00 1.03241408e+00 -4.27440703e-01
    -1.90932643e+00 1.48560429e+00 -2.10600138e-01 -2.03147960e+00
    1.81521308e+00 -4.90513742e-02 -2.08473897e+00 2.31755793e-01
    -8.22866708e-02 -1.29700983e+00 7.48192906e-01 1.81963474e-01
    -1.95328546e+00 1.14855313e+00 4.26211834e-01 -1.86884952e+00
    1.42882097e+00 5.55630565e-01 -1.73852253e+00 -4.37840447e-03
    3.92114073e-01 -1.18430233e+00 4.68209654e-01 7.03655422e-01
    -1.68477976e+00 8.38416696e-01 9.17038798e-01 -1.52492452e+00
    1.05385852e+00 1.00971055e+00 -1.31117904e+00 -1.83309332e-01
    9.54602957e-01 -9.08229113e-01 3.16560984e-01 1.32955682e+00
    -1.42433822e+00 5.78749061e-01 1.48951876e+00 -1.34405661e+00
    7.86127985e-01 1.60297334e+00 -1.26431334e+00</data></hand_left>
</opencv_storage>
