<?xml version="1.0"?>
<opencv_storage>
<hand_left type_id="opencv-matrix">
  <rows>21</rows>
  <cols>3</cols>
  <dt>f</dt>
  <data>
    -8.29838700e-06 -7.67370420e-06 3.65616961e-06 5.91093898e-01
    -3.87944877e-01 7.07985580e-01 1.33844185e+00 -6.56122684e-01
    -2.44856179e-02 1.73394608e+00 -5.64633250e-01 -8.25910807e-01
    1.95780492e+00 -5.55625975e-01 -1.45114613e+00 5.90997458e-01
    -5.98976135e-01 -1.15013695e+00 1.03270018e+00 -4.27142739e-01
    -1.90920091e+00 1.48621094e+00 -2.10288107e-01 -2.03075600e+00
    1.81600261e+00 -4.87494171e-02 -2.08343959e+00 2.31905788e-01
    -8.19639638e-02 -1.29707265e+00 7.48763144e-01 1.82406887e-01
    -1.95303822e+00 1.14945185e+00 4.26565170e-01 -1.86796618e+00
    1.42995262e+00 5.55918634e-01 -1.73696268e+00 -4.01645899e-03
    3.92530799e-01 -1.18422520e+00 4.68976676e-01 7.04101861e-01
    -1.68438148e+00 8.39436948e-01 9.17317986e-01 -1.52397585e+00
    1.05501032e+00 1.00985003e+00 -1.30957532e+00 -1.82695419e-01
    9.55057859e-01 -9.08003211e-01 3.17620337e-01 1.32995319e+00
    -1.42383909e+00 5.79967320e-01 1.48979676e+00 -1.34331346e+00
    7.87466109e-01 1.60312593e+00 -1.26322711e+00</data></hand_left>
</opencv_storage>
