<?xml version="1.0"?>
<opencv_storage>
<hand_left type_id="opencv-matrix">
  <rows>21</rows>
  <cols>3</cols>
  <dt>f</dt>
  <data>
    -8.29161854e-06 -7.67217625e-06 3.65644564e-06 5.91157377e-01
    -3.87765706e-01 7.07895041e-01 1.33847356e+00 -6.55758858e-01
    -2.45513767e-02 1.73394084e+00 -5.64292073e-01 -8.25980365e-01
    1.95768654e+00 -5.55215895e-01 -1.45111966e+00 5.91034353e-01
    -5.98801613e-01 -1.15009511e+00 1.03238368e+00 -4.27054346e-01
    -1.90942621e+00 1.48565960e+00 -2.10242957e-01 -2.03159976e+00
    1.81536615e+00 -4.87053096e-02 -2.08489752e+00 2.31799841e-01
    -8.19283649e-02 -1.29700053e+00 7.48299360e-01 1.82413861e-01
    -1.95319688e+00 1.14872789e+00 4.26583409e-01 -1.86873960e+00
    1.42909682e+00 5.55954456e-01 -1.73843336e+00 -4.25704196e-03
    3.92472446e-01 -1.18416941e+00 4.68429387e-01 7.04087257e-01
    -1.68449032e+00 8.38665009e-01 9.17359591e-01 -1.52457142e+00
    1.05415046e+00 1.00995505e+00 -1.31078839e+00 -1.83103666e-01
    9.54890072e-01 -9.07937229e-01 3.16889167e-01 1.32991934e+00
    -1.42386138e+00 5.79105675e-01 1.48980165e+00 -1.34349203e+00
    7.86521256e-01 1.60320473e+00 -1.26365399e+00</data></hand_left>
</opencv_storage>
