<?xml version="1.0"?>
<opencv_storage>
<hand_left type_id="opencv-matrix">
  <rows>21</rows>
  <cols>3</cols>
  <dt>f</dt>
  <data>
    -8.29190776e-06 -7.67577876e-06 3.66421273e-06 5.91626048e-01
    -3.87406468e-01 7.07844794e-01 1.33874488e+00 -6.55484796e-01
    -2.49016136e-02 1.73385668e+00 -5.64114034e-01 -8.26532245e-01
    1.95737433e+00 -5.55198669e-01 -1.45187366e+00 5.90682745e-01
    -5.99180281e-01 -1.15020454e+00 1.03186560e+00 -4.27477241e-01
    -1.90960062e+00 1.48509908e+00 -2.10535377e-01 -2.03146815e+00
    1.81467688e+00 -4.89454865e-02 -2.08439708e+00 2.31287524e-01
    -8.23735297e-02 -1.29716456e+00 7.47610927e-01 1.81926772e-01
    -1.95354450e+00 1.14811206e+00 4.26222265e-01 -1.86883736e+00
    1.42845440e+00 5.55653214e-01 -1.73813713e+00 -4.78287041e-03
    3.92068088e-01 -1.18438375e+00 4.67722714e-01 7.03611255e-01
    -1.68499577e+00 8.38078976e-01 9.17004466e-01 -1.52495003e+00
    1.05362296e+00 1.00966120e+00 -1.31087494e+00 -1.83565050e-01
    9.54640687e-01 -9.08280253e-01 3.16246271e-01 1.32951868e+00
    -1.42458284e+00 5.78522086e-01 1.48948216e+00 -1.34430504e+00
    7.85952270e-01 1.60292029e+00 -1.26446366e+00</data></hand_left>
</opencv_storage>
