<?xml version="1.0"?>
<opencv_storage>
<hand_right type_id="opencv-matrix">
  <rows>21</rows>
  <cols>3</cols>
  <dt>f</dt>
  <data>
    -8.29086912e-06 -7.67351503e-06 3.65752203e-06 5.91298640e-01
    -3.87814343e-01 7.07799494e-01 1.33859658e+00 -6.55644774e-01
    -2.47575343e-02 1.73402727e+00 -5.64036369e-01 -8.26181114e-01
    1.95773399e+00 -5.54864407e-01 -1.45137393e+00 5.90956271e-01
    -5.98636746e-01 -1.15026295e+00 1.03227091e+00 -4.26710725e-01
    -1.90955114e+00 1.48544812e+00 -2.09857255e-01 -2.03150773e+00
    1.81499887e+00 -4.83483970e-02 -2.08459163e+00 2.31666759e-01
    -8.17561001e-02 -1.29708111e+00 7.48104930e-01 1.82742655e-01
    -1.95324993e+00 1.14847445e+00 4.26897556e-01 -1.86860442e+00
    1.42870152e+00 5.56186914e-01 -1.73811412e+00 -4.40447032e-03
    3.92628908e-01 -1.18414474e+00 4.68173951e-01 7.04334259e-01
    -1.68453646e+00 8.38421702e-01 9.17596102e-01 -1.52454066e+00
    1.05386281e+00 1.01012290e+00 -1.31068015e+00 -1.83246970e-01
    9.55037236e-01 -9.07813668e-01 3.16631079e-01 1.33013213e+00
    -1.42382681e+00 5.78836799e-01 1.49003100e+00 -1.34349060e+00
    7.86229074e-01 1.60342669e+00 -1.26370823e+00</data></hand_right>
</opencv_storage>
