<?xml version="1.0"?>
<opencv_storage>
<hand_left type_id="opencv-matrix">
  <rows>21</rows>
  <cols>3</cols>
  <dt>f</dt>
  <data>
    -8.29470719e-06 -7.67168149e-06 3.66537688e-06 5.91226339e-01
    -3.87272298e-01 7.08229482e-01 1.33854389e+00 -6.55868649e-01
    -2.40748227e-02 1.73402357e+00 -5.64964056e-01 -8.25520456e-01
    1.95781600e+00 -5.56426406e-01 -1.45073807e+00 5.90974033e-01
    -5.99795997e-01 -1.14969707e+00 1.03249335e+00 -4.28529799e-01
    -1.90893340e+00 1.48565102e+00 -2.11838305e-01 -2.03056335e+00
    1.81508827e+00 -5.04921079e-02 -2.08333874e+00 2.31785640e-01
    -8.29639882e-02 -1.29702759e+00 7.48451233e-01 1.80950478e-01
    -1.95319903e+00 1.14880121e+00 4.25083280e-01 -1.86823511e+00
    1.42886341e+00 5.54340482e-01 -1.73735666e+00 -4.19305637e-03
    3.91579688e-01 -1.18452215e+00 4.68542486e-01 7.02778637e-01
    -1.68507636e+00 8.38813722e-01 9.16074038e-01 -1.52485991e+00
    1.05412889e+00 1.00864482e+00 -1.31068397e+00 -1.82924762e-01
    9.54313815e-01 -9.08714116e-01 3.17134351e-01 1.32880437e+00
    -1.42495799e+00 5.79331100e-01 1.48869622e+00 -1.34463286e+00
    7.86662102e-01 1.60207438e+00 -1.26486611e+00</data></hand_left>
</opencv_storage>
