<?xml version="1.0"?>
<opencv_storage>
<hand_left type_id="opencv-matrix">
  <rows>21</rows>
  <cols>3</cols>
  <dt>f</dt>
  <data>
    -8.29415785e-06 -7.67272650e-06 3.65234109e-06 5.91057777e-01
    -3.88266385e-01 7.07738698e-01 1.33834910e+00 -6.56069577e-01
    -2.48303413e-02 1.73387504e+00 -5.64264655e-01 -8.26199532e-01
    1.95765305e+00 -5.54936886e-01 -1.45135021e+00 5.90921700e-01
    -5.98412395e-01 -1.15038824e+00 1.03242469e+00 -4.26361263e-01
    -1.90955472e+00 1.48580360e+00 -2.09567577e-01 -2.03140259e+00
    1.81554151e+00 -4.80725169e-02 -2.08437800e+00 2.31822461e-01
    -8.13639015e-02 -1.29705954e+00 7.48466015e-01 1.83194801e-01
    -1.95307648e+00 1.14899457e+00 4.27231789e-01 -1.86833525e+00
    1.42935860e+00 5.56448460e-01 -1.73777723e+00 -4.11182642e-03
    3.93054545e-01 -1.18399811e+00 4.68711287e-01 7.04802215e-01
    -1.68414438e+00 8.39014709e-01 9.17894185e-01 -1.52398396e+00
    1.05446100e+00 1.01029074e+00 -1.31001866e+00 -1.82812721e-01
    9.55407560e-01 -9.07502711e-01 3.17325026e-01 1.33055925e+00
    -1.42323875e+00 5.79593182e-01 1.49033856e+00 -1.34273660e+00
    7.87008107e-01 1.60361159e+00 -1.26278305e+00</data></hand_left>
</opencv_storage>
