<?xml version="1.0"?>
<opencv_storage>
<hand_right type_id="opencv-matrix">
  <rows>21</rows>
  <cols>3</cols>
  <dt>f</dt>
  <data>
    -8.29429064e-06 -7.67066649e-06 3.65685514e-06 5.90966523e-01
    -3.87761116e-01 7.08096743e-01 1.33842456e+00 -6.55980110e-01
    -2.41419673e-02 1.73412824e+00 -5.64687312e-01 -8.25444877e-01
    1.95805192e+00 -5.55760145e-01 -1.45055830e+00 5.91173112e-01
    -5.99103928e-01 -1.14988530e+00 1.03277683e+00 -4.27500039e-01
    -1.90904450e+00 1.48603392e+00 -2.10800678e-01 -2.03089237e+00
    1.81563270e+00 -4.93942797e-02 -2.08391380e+00 2.32067928e-01
    -8.21785778e-02 -1.29696381e+00 7.48797536e-01 1.82009146e-01
    -1.95299459e+00 1.14919519e+00 4.26081985e-01 -1.86825073e+00
    1.42941535e+00 5.55338681e-01 -1.73767960e+00 -3.91227379e-03
    3.92293423e-01 -1.18423915e+00 4.68902349e-01 7.03732729e-01
    -1.68454003e+00 8.39170456e-01 9.16947961e-01 -1.52446115e+00
    1.05459988e+00 1.00949228e+00 -1.31053948e+00 -1.82691321e-01
    9.54818368e-01 -9.08130765e-01 3.17452312e-01 1.32962477e+00
    -1.42406261e+00 5.79673469e-01 1.48947930e+00 -1.34369719e+00
    7.87079692e-01 1.60284936e+00 -1.26389956e+00</data></hand_right>
</opencv_storage>
