<?xml version="1.0"?>
<opencv_storage>
<hand_left type_id="opencv-matrix">
  <rows>21</rows>
  <cols>3</cols>
  <dt>f</dt>
  <data>
    -8.29270266e-06 -7.67150050e-06 3.65232177e-06 5.90944529e-01
    -3.88174057e-01 7.07848191e-01 1.33837056e+00 -6.55992389e-01
    -2.45196819e-02 1.73409200e+00 -5.64290643e-01 -8.25772107e-01
    1.95797038e+00 -5.54985881e-01 -1.45083928e+00 5.91113985e-01
    -5.98474979e-01 -1.15022159e+00 1.03264689e+00 -4.26521719e-01
    -1.90938342e+00 1.48588014e+00 -2.09809124e-01 -2.03127503e+00
    1.81548560e+00 -4.84014452e-02 -2.08435178e+00 2.32014760e-01
    -8.14684778e-02 -1.29699898e+00 7.48648524e-01 1.83015317e-01
    -1.95298827e+00 1.14900422e+00 4.27007020e-01 -1.86835206e+00
    1.42918944e+00 5.56166589e-01 -1.73796678e+00 -3.96148488e-03
    3.92940342e-01 -1.18401349e+00 4.68795955e-01 7.04624355e-01
    -1.68421233e+00 8.38999569e-01 9.17728782e-01 -1.52419317e+00
    1.05435681e+00 1.01013350e+00 -1.31044471e+00 -1.82738885e-01
    9.55298007e-01 -9.07587707e-01 3.17331672e-01 1.33040726e+00
    -1.42335641e+00 5.79528153e-01 1.49020147e+00 -1.34293938e+00
    7.86896586e-01 1.60351062e+00 -1.26315486e+00</data></hand_left>
</opencv_storage>
