<?xml version="1.0"?>
<opencv_storage>
<hand_left type_id="opencv-matrix">
  <rows>21</rows>
  <cols>3</cols>
  <dt>f</dt>
  <data>
    -8.29676719e-06 -7.67015990e-06 3.66595486e-06 5.91112673e-01
    -3.87178272e-01 7.08399355e-01 1.33848143e+00 -6.56054735e-01
    -2.37846375e-02 1.73403883e+00 -5.65383077e-01 -8.25244546e-01
    1.95790648e+00 -5.57041049e-01 -1.45045948e+00 5.91035724e-01
    -6.00157917e-01 -1.14950109e+00 1.03268600e+00 -4.29123193e-01
    -1.90873337e+00 1.48595047e+00 -2.12485433e-01 -2.03035235e+00
    1.81548142e+00 -5.11530340e-02 -2.08310628e+00 2.31925264e-01
    -8.33078846e-02 -1.29699719e+00 7.48730063e-01 1.80390179e-01
    -1.95317531e+00 1.14916265e+00 4.24522817e-01 -1.86819398e+00
    1.42930341e+00 5.53816915e-01 -1.73726559e+00 -4.00594994e-03
    3.91298860e-01 -1.18463361e+00 4.68872815e-01 7.02329576e-01
    -1.68517649e+00 8.39183867e-01 9.15633440e-01 -1.52491879e+00
    1.05451643e+00 1.00824249e+00 -1.31066203e+00 -1.82693481e-01
    9.54131603e-01 -9.08986270e-01 3.17523181e-01 1.32844162e+00
    -1.42524350e+00 5.79753399e-01 1.48832345e+00 -1.34488285e+00
    7.87106693e-01 1.60169017e+00 -1.26505136e+00</data></hand_left>
</opencv_storage>
