<?xml version="1.0"?>
<opencv_storage>
<hand_left type_id="opencv-matrix">
  <rows>21</rows>
  <cols>3</cols>
  <dt>f</dt>
  <data>
    -8.29360670e-06 -7.67114761e-06 3.65224014e-06 5.90867698e-01
    -3.88128161e-01 7.07942426e-01 1.33837080e+00 -6.56027079e-01
    -2.43227184e-02 1.73417151e+00 -5.64409912e-01 -8.25549126e-01
    1.95811951e+00 -5.55171013e-01 -1.45059657e+00 5.91241837e-01
    -5.98555505e-01 -1.15011668e+00 1.03283739e+00 -4.26669776e-01
    -1.90926182e+00 1.48606968e+00 -2.09985167e-01 -2.03115106e+00
    1.81568551e+00 -4.85912859e-02 -2.08426261e+00 2.32163057e-01
    -8.15545544e-02 -1.29697239e+00 7.48877764e-01 1.82889909e-01
    -1.95290208e+00 1.14920545e+00 4.26880509e-01 -1.86821985e+00
    1.42939734e+00 5.56055665e-01 -1.73779309e+00 -3.82224098e-03
    3.92863661e-01 -1.18404245e+00 4.69003260e-01 7.04519272e-01
    -1.68418586e+00 8.39184821e-01 9.17637289e-01 -1.52411675e+00
    1.05453789e+00 1.01005805e+00 -1.31030548e+00 -1.82624221e-01
    9.55241919e-01 -9.07672346e-01 3.17527473e-01 1.33031011e+00
    -1.42337751e+00 5.79701662e-01 1.49010432e+00 -1.34292078e+00
    7.87069321e-01 1.60343087e+00 -1.26310754e+00</data></hand_left>
</opencv_storage>
