<?xml version="1.0"?>
<opencv_storage>
<hand_right type_id="opencv-matrix">
  <rows>21</rows>
  <cols>3</cols>
  <dt>f</dt>
  <data>
    -8.29492001e-06 -7.66843641e-06 3.65670303e-06 5.90778530e-01
    -3.87596875e-01 7.08316326e-01 1.33833349e+00 -6.56112790e-01
    -2.37015188e-02 1.73417091e+00 -5.65112233e-01 -8.24997902e-01
    1.95818090e+00 -5.56379557e-01 -1.45005441e+00 5.91326177e-01
    -5.99512696e-01 -1.14958572e+00 1.03305483e+00 -4.28231537e-01
    -1.90880001e+00 1.48641622e+00 -2.11607635e-01 -2.03079581e+00
    1.81614411e+00 -5.02015352e-02 -2.08392882e+00 2.32292265e-01
    -8.26057792e-02 -1.29688370e+00 7.49139667e-01 1.81296885e-01
    -1.95298481e+00 1.14958358e+00 4.25382823e-01 -1.86841023e+00
    1.42986989e+00 5.54697752e-01 -1.73797774e+00 -3.67713347e-03
    3.91918510e-01 -1.18436170e+00 4.69294250e-01 7.03167796e-01
    -1.68465650e+00 8.39514971e-01 9.16396499e-01 -1.52464342e+00
    1.05487978e+00 1.00899291e+00 -1.31078029e+00 -1.82474464e-01
    9.54529464e-01 -9.08464432e-01 3.17824423e-01 1.32917142e+00
    -1.42438710e+00 5.80046237e-01 1.48901737e+00 -1.34397244e+00
    7.87430525e-01 1.60237586e+00 -1.26410186e+00</data></hand_right>
</opencv_storage>
