<?xml version="1.0"?>
<opencv_storage>
<hand_left type_id="opencv-matrix">
  <rows>21</rows>
  <cols>3</cols>
  <dt>f</dt>
  <data>
    -8.29335659e-06 -7.66929406e-06 3.65338246e-06 5.90776622e-01
    -3.87851238e-01 7.08143294e-01 1.33832681e+00 -6.56056643e-01
    -2.39610225e-02 1.73416817e+00 -5.64758301e-01 -8.25219810e-01
    1.95815158e+00 -5.55763602e-01 -1.45024455e+00 5.91320992e-01
    -5.99037945e-01 -1.14981186e+00 1.03297520e+00 -4.27498668e-01
    -1.90903759e+00 1.48629975e+00 -2.10849106e-01 -2.03111577e+00
    1.81602442e+00 -4.94236648e-02 -2.08434081e+00 2.32266217e-01
    -8.20971355e-02 -1.29690361e+00 7.49025226e-01 1.82032734e-01
    -1.95298088e+00 1.14942646e+00 4.26083714e-01 -1.86850667e+00
    1.42969203e+00 5.55354476e-01 -1.73822820e+00 -3.72647494e-03
    3.92367750e-01 -1.18419838e+00 4.69177723e-01 7.03809977e-01
    -1.68443048e+00 8.39352071e-01 9.16987240e-01 -1.52448285e+00
    1.05469334e+00 1.00951576e+00 -1.31076074e+00 -1.82555288e-01
    9.54849839e-01 -9.08078969e-01 3.17664593e-01 1.32972336e+00
    -1.42389572e+00 5.79868674e-01 1.48954713e+00 -1.34346282e+00
    7.87236214e-01 1.60288942e+00 -1.26361120e+00</data></hand_left>
</opencv_storage>
