<?xml version="1.0"?>
<opencv_storage>
<hand_right type_id="opencv-matrix">
  <rows>21</rows>
  <cols>3</cols>
  <dt>f</dt>
  <data>
    -8.29317923e-06 -7.67481652e-06 3.65468077e-06 5.91337264e-01
    -3.88195425e-01 7.07565427e-01 1.33845830e+00 -6.55869186e-01
    -2.52481401e-02 1.73369765e+00 -5.63951254e-01 -8.26752841e-01
    1.95730269e+00 -5.54568648e-01 -1.45200503e+00 5.90725005e-01
    -5.98242939e-01 -1.15059471e+00 1.03204989e+00 -4.26015615e-01
    -1.90980756e+00 1.48543382e+00 -2.09067315e-01 -2.03166556e+00
    1.81518674e+00 -4.74630892e-02 -2.08462763e+00 2.31492043e-01
    -8.12482238e-02 -1.29713595e+00 7.48004854e-01 1.83499277e-01
    -1.95320177e+00 1.14859569e+00 4.27655250e-01 -1.86837327e+00
    1.42907310e+00 5.56976080e-01 -1.73766994e+00 -4.49510291e-03
    3.93122524e-01 -1.18398654e+00 4.68226939e-01 7.05022216e-01
    -1.68415308e+00 8.38602424e-01 9.18200850e-01 -1.52392209e+00
    1.05416346e+00 1.01065326e+00 -1.30978465e+00 -1.83218598e-01
    9.55430210e-01 -9.07412946e-01 3.16795409e-01 1.33070874e+00
    -1.42319727e+00 5.79082787e-01 1.49053884e+00 -1.34269905e+00
    7.86536753e-01 1.60384822e+00 -1.26270163e+00</data></hand_right>
</opencv_storage>
