<?xml version="1.0"?>
<opencv_storage>
<hand_left type_id="opencv-matrix">
  <rows>21</rows>
  <cols>3</cols>
  <dt>f</dt>
  <data>
    -8.29223427e-06 -7.67053643e-06 3.66392965e-06 5.91223538e-01
    -3.87152612e-01 7.08234489e-01 1.33856285e+00 -6.55711770e-01
    -2.40367204e-02 1.73401380e+00 -5.64847589e-01 -8.25542212e-01
    1.95777178e+00 -5.56293130e-01 -1.45072496e+00 5.91069818e-01
    -5.99741638e-01 -1.14963639e+00 1.03247547e+00 -4.28535730e-01
    -1.90902483e+00 1.48569226e+00 -2.11790919e-01 -2.03111839e+00
    1.81530213e+00 -5.03186285e-02 -2.08432651e+00 2.31806576e-01
    -8.29898715e-02 -1.29697740e+00 7.48383999e-01 1.80902034e-01
    -1.95327258e+00 1.14876962e+00 4.25143510e-01 -1.86868441e+00
    1.42901802e+00 5.54567277e-01 -1.73816395e+00 -4.26112860e-03
    3.91506553e-01 -1.18452084e+00 4.68452752e-01 7.02749610e-01
    -1.68505979e+00 8.38685572e-01 9.16141987e-01 -1.52508163e+00
    1.05410349e+00 1.00885499e+00 -1.31114388e+00 -1.83110505e-01
    9.54179764e-01 -9.08746898e-01 3.16908777e-01 1.32877243e+00
    -1.42495632e+00 5.79100192e-01 1.48871481e+00 -1.34466136e+00
    7.86466181e-01 1.60215378e+00 -1.26488101e+00</data></hand_left>
</opencv_storage>
