<?xml version="1.0"?>
<opencv_storage>
<hand_right type_id="opencv-matrix">
  <rows>21</rows>
  <cols>3</cols>
  <dt>f</dt>
  <data>
    -8.29232249e-06 -7.67153506e-06 3.65699816e-06 5.91081023e-01
    -3.87660414e-01 7.08021462e-01 1.33845854e+00 -6.55812621e-01
    -2.42992491e-02 1.73401260e+00 -5.64502120e-01 -8.25696349e-01
    1.95782566e+00 -5.55555344e-01 -1.45081234e+00 5.91103077e-01
    -5.99053919e-01 -1.14993048e+00 1.03255415e+00 -4.27460879e-01
    -1.90922785e+00 1.48585403e+00 -2.10691988e-01 -2.03132486e+00
    1.81555629e+00 -4.91823554e-02 -2.08453679e+00 2.31907859e-01
    -8.21890980e-02 -1.29696691e+00 7.48487949e-01 1.82010233e-01
    -1.95315731e+00 1.14892364e+00 4.26172674e-01 -1.86867142e+00
    1.42926300e+00 5.55540085e-01 -1.73831522e+00 -4.13283706e-03
    3.92247438e-01 -1.18424559e+00 4.68619138e-01 7.03746200e-01
    -1.68458271e+00 8.38848710e-01 9.17022467e-01 -1.52463675e+00
    1.05428457e+00 1.00962639e+00 -1.31081688e+00 -1.82971925e-01
    9.54733610e-01 -9.08136964e-01 3.17090511e-01 1.32964015e+00
    -1.42409027e+00 5.79308331e-01 1.48952544e+00 -1.34371042e+00
    7.86705375e-01 1.60291529e+00 -1.26385939e+00</data></hand_right>
</opencv_storage>
