<?xml version="1.0"?>
<opencv_storage>
<hand_right type_id="opencv-matrix">
  <rows>21</rows>
  <cols>3</cols>
  <dt>f</dt>
  <data>
    -8.29943292e-06 -7.66749872e-06 3.65451569e-06 5.90539992e-01
    -3.87805283e-01 7.08451867e-01 1.33823299e+00 -6.56472087e-01
    -2.34196037e-02 1.73428512e+00 -5.65491080e-01 -8.24616551e-01
    1.95848536e+00 -5.56798398e-01 -1.44965410e+00 5.91493368e-01
    -5.99556446e-01 -1.14952040e+00 1.03353310e+00 -4.28247452e-01
    -1.90852785e+00 1.48699462e+00 -2.11682200e-01 -2.03022432e+00
    1.81676090e+00 -5.03476560e-02 -2.08312249e+00 2.32615247e-01
    -8.25398862e-02 -1.29687178e+00 7.49794006e-01 1.81366712e-01
    -1.95271170e+00 1.15031254e+00 4.25375819e-01 -1.86776471e+00
    1.43060422e+00 5.54622769e-01 -1.73698997e+00 -3.26552987e-03
    3.92039388e-01 -1.18435121e+00 4.69962776e-01 7.03249454e-01
    -1.68445122e+00 8.40266407e-01 9.16401505e-01 -1.52415466e+00
    1.05564868e+00 1.00893116e+00 -1.31000531e+00 -1.81987315e-01
    9.54690576e-01 -9.08450007e-01 3.18578005e-01 1.32925022e+00
    -1.42419732e+00 5.80834568e-01 1.48904133e+00 -1.34367990e+00
    7.88249552e-01 1.60235310e+00 -1.26371813e+00</data></hand_right>
</opencv_storage>
