<?xml version="1.0"?>
<opencv_storage>
<hand_left type_id="opencv-matrix">
  <rows>21</rows>
  <cols>3</cols>
  <dt>f</dt>
  <data>
    -8.29772580e-06 -7.66928679e-06 3.65283427e-06 5.90630770e-01
    -3.88026804e-01 7.08239853e-01 1.33826053e+00 -6.56362534e-01
    -2.37793922e-02 1.73425126e+00 -5.65083921e-01 -8.24957788e-01
    1.95836031e+00 -5.56106925e-01 -1.44999015e+00 5.91356277e-01
    -5.99160373e-01 -1.14978635e+00 1.03325903e+00 -4.27617610e-01
    -1.90883219e+00 1.48664856e+00 -2.11041421e-01 -2.03050470e+00
    1.81635380e+00 -4.97099757e-02 -2.08338189e+00 2.32445642e-01
    -8.21020827e-02 -1.29691875e+00 7.49443471e-01 1.81996807e-01
    -1.95281005e+00 1.14990199e+00 4.25949931e-01 -1.86798871e+00
    1.43013787e+00 5.55123806e-01 -1.73736441e+00 -3.43557075e-03
    3.92435104e-01 -1.18421364e+00 4.69657958e-01 7.03800976e-01
    -1.68433845e+00 8.39899957e-01 9.16884422e-01 -1.52413309e+00
    1.05522120e+00 1.00931883e+00 -1.31013775e+00 -1.82140440e-01
    9.54988420e-01 -9.08099294e-01 3.18290979e-01 1.32973766e+00
    -1.42382741e+00 5.80533564e-01 1.48949564e+00 -1.34331012e+00
    7.87911952e-01 1.60277581e+00 -1.26338387e+00</data></hand_left>
</opencv_storage>
