<?xml version="1.0"?>
<opencv_storage>
<hand_left type_id="opencv-matrix">
  <rows>21</rows>
  <cols>3</cols>
  <dt>f</dt>
  <data>
    -8.29462169e-06 -7.66793164e-06 3.65864889e-06 5.90804160e-01
    -3.87398779e-01 7.08405316e-01 1.33836508e+00 -6.56060100e-01
    -2.35618055e-02 1.73418355e+00 -5.65232456e-01 -8.24891210e-01
    1.95818400e+00 -5.56634367e-01 -1.44995570e+00 5.91348648e-01
    -5.99757791e-01 -1.14945245e+00 1.03305507e+00 -4.28640425e-01
    -1.90872967e+00 1.48640621e+00 -2.12023437e-01 -2.03081107e+00
    1.81613564e+00 -5.06113470e-02 -2.08402252e+00 2.32286647e-01
    -8.29033628e-02 -1.29687107e+00 7.49122262e-01 1.80871069e-01
    -1.95303822e+00 1.14955795e+00 4.25001621e-01 -1.86852360e+00
    1.42985010e+00 5.54369450e-01 -1.73812139e+00 -3.70734930e-03
    3.91636193e-01 -1.18445933e+00 4.69254375e-01 7.02793479e-01
    -1.68482733e+00 8.39467347e-01 9.16081905e-01 -1.52486467e+00
    1.05483985e+00 1.00874603e+00 -1.31101954e+00 -1.82533100e-01
    9.54304934e-01 -9.08693016e-01 3.17751616e-01 1.32885039e+00
    -1.42469847e+00 5.79966724e-01 1.48872590e+00 -1.34432030e+00
    7.87350178e-01 1.60211599e+00 -1.26447213e+00</data></hand_left>
</opencv_storage>
