<?xml version="1.0"?>
<opencv_storage>
<hand_right type_id="opencv-matrix">
  <rows>21</rows>
  <cols>3</cols>
  <dt>f</dt>
  <data>
    -8.29492910e-06 -7.67241636e-06 3.65679216e-06 5.91085732e-01
    -3.87895614e-01 7.07954705e-01 1.33844554e+00 -6.55989408e-01
    -2.44534165e-02 1.73400927e+00 -5.64530671e-01 -8.25822055e-01
    1.95784330e+00 -5.55482388e-01 -1.45098352e+00 5.91025770e-01
    -5.98899186e-01 -1.15010285e+00 1.03257036e+00 -4.27127749e-01
    -1.90927076e+00 1.48585415e+00 -2.10374504e-01 -2.03102040e+00
    1.81547713e+00 -4.89383042e-02 -2.08394790e+00 2.31895238e-01
    -8.19345564e-02 -1.29703677e+00 7.48589814e-01 1.82414562e-01
    -1.95305073e+00 1.14903069e+00 4.26495165e-01 -1.86819220e+00
    1.42930341e+00 5.55747628e-01 -1.73748803e+00 -4.07052413e-03
    3.92524511e-01 -1.18418705e+00 4.68748093e-01 7.04089105e-01
    -1.68443573e+00 8.39041829e-01 9.17278707e-01 -1.52423334e+00
    1.05447233e+00 1.00976348e+00 -1.31014681e+00 -1.82807818e-01
    9.55011368e-01 -9.07951415e-01 3.17334592e-01 1.32993150e+00
    -1.42382324e+00 5.79566717e-01 1.48976183e+00 -1.34337640e+00
    7.86969721e-01 1.60310078e+00 -1.26348996e+00</data></hand_right>
</opencv_storage>
