<?xml version="1.0"?>
<opencv_storage>
<hand_left type_id="opencv-matrix">
  <rows>21</rows>
  <cols>3</cols>
  <dt>f</dt>
  <data>
    -8.29525015e-06 -7.67145957e-06 3.66773656e-06 5.91277897e-01
    -3.87189507e-01 7.08247960e-01 1.33854103e+00 -6.55897975e-01
    -2.40813494e-02 1.73395503e+00 -5.65090299e-01 -8.25559914e-01
    1.95771503e+00 -5.56645393e-01 -1.45081210e+00 5.90905190e-01
    -5.99942863e-01 -1.14966500e+00 1.03240752e+00 -4.28739190e-01
    -1.90890086e+00 1.48554540e+00 -2.12052912e-01 -2.03046107e+00
    1.81493759e+00 -5.07309139e-02 -2.08317566e+00 2.31714725e-01
    -8.31213519e-02 -1.29703999e+00 7.48385191e-01 1.80742860e-01
    -1.95321774e+00 1.14873374e+00 4.24879193e-01 -1.86815476e+00
    1.42877364e+00 5.54130197e-01 -1.73715925e+00 -4.24732268e-03
    3.91440421e-01 -1.18457508e+00 4.68484461e-01 7.02586591e-01
    -1.68516695e+00 8.38774681e-01 9.15888906e-01 -1.52488732e+00
    1.05409002e+00 1.00846183e+00 -1.31061172e+00 -1.82949379e-01
    9.54217374e-01 -9.08821166e-01 3.17106128e-01 1.32862699e+00
    -1.42511725e+00 5.79302549e-01 1.48851800e+00 -1.34480369e+00
    7.86632419e-01 1.60189712e+00 -1.26503694e+00</data></hand_left>
</opencv_storage>
