<?xml version="1.0"?>
<opencv_storage>
<hand_left type_id="opencv-matrix">
  <rows>21</rows>
  <cols>3</cols>
  <dt>f</dt>
  <data>
    -8.29592045e-06 -7.67152596e-06 3.65994515e-06 5.91076851e-01
    -3.87441278e-01 7.08238661e-01 1.33852470e+00 -6.55912459e-01
    -2.39929259e-02 1.73410177e+00 -5.64840734e-01 -8.25418949e-01
    1.95799613e+00 -5.56138515e-01 -1.45061529e+00 5.91193795e-01
    -5.99499524e-01 -1.14973664e+00 1.03287101e+00 -4.28048432e-01
    -1.90891016e+00 1.48628592e+00 -2.11225957e-01 -2.03070974e+00
    1.81602454e+00 -4.96915281e-02 -2.08362269e+00 2.32022166e-01
    -8.26485157e-02 -1.29698980e+00 7.48847485e-01 1.81423679e-01
    -1.95308793e+00 1.14942753e+00 4.25677180e-01 -1.86821604e+00
    1.42983913e+00 5.55130601e-01 -1.73739088e+00 -4.00143489e-03
    3.91856611e-01 -1.18443167e+00 4.68929768e-01 7.03218460e-01
    -1.68476319e+00 8.39303970e-01 9.16582584e-01 -1.52454638e+00
    1.05483270e+00 1.00927663e+00 -1.31032753e+00 -1.82820544e-01
    9.54488754e-01 -9.08531845e-01 3.17406625e-01 1.32918632e+00
    -1.42456067e+00 5.79691112e-01 1.48911881e+00 -1.34416306e+00
    7.87146926e-01 1.60253692e+00 -1.26421273e+00</data></hand_left>
</opencv_storage>
