<?xml version="1.0"?>
<opencv_storage>
<hand_left type_id="opencv-matrix">
  <rows>21</rows>
  <cols>3</cols>
  <dt>f</dt>
  <data>
    -8.29620512e-06 -7.66917765e-06 3.65310325e-06 5.90724468e-01
    -3.88031125e-01 7.08140254e-01 1.33828354e+00 -6.56281650e-01
    -2.39750296e-02 1.73418045e+00 -5.64934134e-01 -8.25197279e-01
    1.95822334e+00 -5.55932581e-01 -1.45024931e+00 5.91306031e-01
    -5.98977387e-01 -1.14989078e+00 1.03310895e+00 -4.27321374e-01
    -1.90895963e+00 1.48646355e+00 -2.10685134e-01 -2.03075123e+00
    1.81615210e+00 -4.93216813e-02 -2.08373213e+00 2.32328504e-01
    -8.19550604e-02 -1.29693937e+00 7.49258339e-01 1.82264343e-01
    -1.95282972e+00 1.14969611e+00 4.26255375e-01 -1.86800528e+00
    1.42993176e+00 5.55448294e-01 -1.73739874e+00 -3.59450281e-03
    3.92537802e-01 -1.18416846e+00 4.69416976e-01 7.04002321e-01
    -1.68429518e+00 8.39673758e-01 9.17120099e-01 -1.52411044e+00
    1.05503964e+00 1.00957334e+00 -1.31013739e+00 -1.82340741e-01
    9.55032706e-01 -9.07982111e-01 3.17987144e-01 1.32988369e+00
    -1.42371953e+00 5.80209851e-01 1.48967195e+00 -1.34324098e+00
    7.87598968e-01 1.60297501e+00 -1.26336575e+00</data></hand_left>
</opencv_storage>
