<?xml version="1.0"?>
<opencv_storage>
<hand_right type_id="opencv-matrix">
  <rows>21</rows>
  <cols>3</cols>
  <dt>f</dt>
  <data>
    -8.29375585e-06 -7.67166148e-06 3.65563665e-06 5.91036499e-01
    -3.87863994e-01 7.07972169e-01 1.33841157e+00 -6.55961394e-01
    -2.43963003e-02 1.73398709e+00 -5.64527392e-01 -8.25777292e-01
    1.95781803e+00 -5.55492938e-01 -1.45091259e+00 5.91094673e-01
    -5.98877728e-01 -1.15004981e+00 1.03262520e+00 -4.27138746e-01
    -1.90925956e+00 1.48596072e+00 -2.10364759e-01 -2.03120184e+00
    1.81567144e+00 -4.88747954e-02 -2.08428168e+00 2.31951684e-01
    -8.19417387e-02 -1.29699707e+00 7.48634398e-01 1.82380810e-01
    -1.95306075e+00 1.14909959e+00 4.26498026e-01 -1.86836481e+00
    1.42943668e+00 5.55809259e-01 -1.73781967e+00 -4.04656306e-03
    3.92498970e-01 -1.18417931e+00 4.68793184e-01 7.04075575e-01
    -1.68439865e+00 8.39053154e-01 9.17287111e-01 -1.52428067e+00
    1.05448580e+00 1.00981140e+00 -1.31029534e+00 -1.82836980e-01
    9.54955816e-01 -9.07960236e-01 3.17313820e-01 1.32991850e+00
    -1.42379534e+00 5.79540491e-01 1.48976016e+00 -1.34333396e+00
    7.86940038e-01 1.60310674e+00 -1.26341939e+00</data></hand_right>
</opencv_storage>
