<?xml version="1.0"?>
<opencv_storage>
<hand_right type_id="opencv-matrix">
  <rows>21</rows>
  <cols>3</cols>
  <dt>f</dt>
  <data>
    -8.29301007e-06 -7.67132587e-06 3.65382039e-06 5.90947032e-01
    -3.87921661e-01 7.07997143e-01 1.33843589e+00 -6.55913532e-01
    -2.42691487e-02 1.73417282e+00 -5.64413309e-01 -8.25541615e-01
    1.95809960e+00 -5.55302262e-01 -1.45061672e+00 5.91221809e-01
    -5.98766088e-01 -1.15002060e+00 1.03280163e+00 -4.26982224e-01
    -1.90918720e+00 1.48605633e+00 -2.10248441e-01 -2.03111649e+00
    1.81568503e+00 -4.88049090e-02 -2.08421683e+00 2.32091531e-01
    -8.18289593e-02 -1.29696965e+00 7.48779297e-01 1.82521015e-01
    -1.95298028e+00 1.14916110e+00 4.26592141e-01 -1.86833346e+00
    1.42938650e+00 5.55842876e-01 -1.73789537e+00 -3.92409414e-03
    3.92595559e-01 -1.18413115e+00 4.68864322e-01 7.04180002e-01
    -1.68437004e+00 8.39095771e-01 9.17378783e-01 -1.52434671e+00
    1.05450153e+00 1.00989044e+00 -1.31053936e+00 -1.82753295e-01
    9.55024421e-01 -9.07880723e-01 3.17346334e-01 1.33001685e+00
    -1.42372465e+00 5.79554141e-01 1.48986804e+00 -1.34333515e+00
    7.86944628e-01 1.60322666e+00 -1.26353836e+00</data></hand_right>
</opencv_storage>
