<?xml version="1.0"?>
<opencv_storage>
<hand_left type_id="opencv-matrix">
  <rows>21</rows>
  <cols>3</cols>
  <dt>f</dt>
  <data>
    -8.29172495e-06 -7.67340498e-06 3.65476558e-06 5.91158092e-01
    -3.87914360e-01 7.07837462e-01 1.33852458e+00 -6.55742288e-01
    -2.46220827e-02 1.73405635e+00 -5.64101517e-01 -8.25992525e-01
    1.95783806e+00 -5.54894805e-01 -1.45112526e+00 5.91077089e-01
    -5.98559380e-01 -1.15022540e+00 1.03248835e+00 -4.26615596e-01
    -1.90947545e+00 1.48574686e+00 -2.09773988e-01 -2.03147554e+00
    1.81540084e+00 -4.82416749e-02 -2.08461452e+00 2.31835768e-01
    -8.16518813e-02 -1.29703867e+00 7.48365641e-01 1.82856306e-01
    -1.95314848e+00 1.14877498e+00 4.27004367e-01 -1.86856008e+00
    1.42907846e+00 5.56324601e-01 -1.73814392e+00 -4.23024222e-03
    3.92729729e-01 -1.18410587e+00 4.68454957e-01 7.04459429e-01
    -1.68437874e+00 8.38689566e-01 9.17705417e-01 -1.52438056e+00
    1.05413246e+00 1.01023722e+00 -1.31054592e+00 -1.83091387e-01
    9.55104351e-01 -9.07752931e-01 3.16886544e-01 1.33025289e+00
    -1.42362452e+00 5.79097867e-01 1.49013150e+00 -1.34323144e+00
    7.86496460e-01 1.60351646e+00 -1.26339459e+00</data></hand_left>
</opencv_storage>
