<?xml version="1.0"?>
<opencv_storage>
<hand_right type_id="opencv-matrix">
  <rows>21</rows>
  <cols>3</cols>
  <dt>f</dt>
  <data>
    -8.29120927e-06 -7.67482197e-06 3.67343819e-06 5.91826200e-01
    -3.86808038e-01 7.08032668e-01 1.33886504e+00 -6.55324340e-01
    -2.46382803e-02 1.73380840e+00 -5.64486504e-01 -8.26384902e-01
    1.95725560e+00 -5.56093276e-01 -1.45175862e+00 5.90679824e-01
    -5.99798799e-01 -1.14989769e+00 1.03171921e+00 -4.28486288e-01
    -1.90941346e+00 1.48471189e+00 -2.11594552e-01 -2.03129196e+00
    1.81406260e+00 -5.01069427e-02 -2.08430099e+00 2.31154099e-01
    -8.31639320e-02 -1.29717159e+00 7.47432590e-01 1.80898219e-01
    -1.95359707e+00 1.14769506e+00 4.25258875e-01 -1.86868727e+00
    1.42780101e+00 5.54705024e-01 -1.73776615e+00 -4.99441475e-03
    3.91299248e-01 -1.18465269e+00 4.67414945e-01 7.02648878e-01
    -1.68542469e+00 8.37663531e-01 9.16168690e-01 -1.52525246e+00
    1.05304742e+00 1.00887632e+00 -1.31093907e+00 -1.83845431e-01
    9.54028726e-01 -9.08885717e-01 3.15851837e-01 1.32863998e+00
    -1.42538035e+00 5.77980876e-01 1.48865914e+00 -1.34512877e+00
    7.85289288e-01 1.60215652e+00 -1.26539874e+00</data></hand_right>
</opencv_storage>
