<?xml version="1.0"?>
<opencv_storage>
<hand_right type_id="opencv-matrix">
  <rows>21</rows>
  <cols>3</cols>
  <dt>f</dt>
  <data>
    -8.29348483e-06 -7.67197253e-06 3.65765663e-06 5.91092646e-01
    -3.87692511e-01 7.08066225e-01 1.33853626e+00 -6.55857444e-01
    -2.42467523e-02 1.73415399e+00 -5.64539909e-01 -8.25628519e-01
    1.95801604e+00 -5.55616617e-01 -1.45076478e+00 5.91172040e-01
    -5.99048972e-01 -1.14996874e+00 1.03269625e+00 -4.27404284e-01
    -1.90921664e+00 1.48592603e+00 -2.10656315e-01 -2.03112245e+00
    1.81553364e+00 -4.92100120e-02 -2.08418894e+00 2.31977671e-01
    -8.21550414e-02 -1.29702616e+00 7.48641372e-01 1.82103112e-01
    -1.95311666e+00 1.14900434e+00 4.26228791e-01 -1.86837804e+00
    1.42921031e+00 5.55518985e-01 -1.73780179e+00 -4.06039879e-03
    3.92298430e-01 -1.18428051e+00 4.68716055e-01 7.03814149e-01
    -1.68460667e+00 8.38936508e-01 9.17071998e-01 -1.52450526e+00
    1.05430460e+00 1.00961041e+00 -1.31053579e+00 -1.82893574e-01
    9.54820335e-01 -9.08155978e-01 3.17191601e-01 1.32971048e+00
    -1.42411232e+00 5.79378784e-01 1.48958707e+00 -1.34370351e+00
    7.86737740e-01 1.60296440e+00 -1.26387191e+00</data></hand_right>
</opencv_storage>
