<?xml version="1.0"?>
<opencv_storage>
<hand_right type_id="opencv-matrix">
  <rows>21</rows>
  <cols>3</cols>
  <dt>f</dt>
  <data>
    -8.28976499e-06 -7.67335678e-06 3.65868982e-06 5.91352820e-01
    -3.87642235e-01 7.07804382e-01 1.33857608e+00 -6.55548692e-01
    -2.47684717e-02 1.73388481e+00 -5.64049840e-01 -8.26266289e-01
    1.95751810e+00 -5.54968297e-01 -1.45144844e+00 5.90919614e-01
    -5.98754406e-01 -1.15018034e+00 1.03211617e+00 -4.26953346e-01
    -1.90957546e+00 1.48531878e+00 -2.10073888e-01 -2.03178167e+00
    1.81496167e+00 -4.84980643e-02 -2.08509541e+00 2.31576428e-01
    -8.19436312e-02 -1.29704201e+00 7.47929811e-01 1.82467714e-01
    -1.95331573e+00 1.14832044e+00 4.26696956e-01 -1.86887503e+00
    1.42865992e+00 5.56100488e-01 -1.73856330e+00 -4.53251228e-03
    3.92424464e-01 -1.18418705e+00 4.68014240e-01 7.04096258e-01
    -1.68459868e+00 8.38243961e-01 9.17428255e-01 -1.52471757e+00
    1.05373752e+00 1.01005256e+00 -1.31094253e+00 -1.83415130e-01
    9.54828978e-01 -9.07942116e-01 3.16423148e-01 1.32990992e+00
    -1.42396963e+00 5.78620791e-01 1.48983455e+00 -1.34365153e+00
    7.86022484e-01 1.60326409e+00 -1.26386440e+00</data></hand_right>
</opencv_storage>
