<?xml version="1.0"?>
<opencv_storage>
<hand_right type_id="opencv-matrix">
  <rows>21</rows>
  <cols>3</cols>
  <dt>f</dt>
  <data>
    -8.30100726e-06 -7.66976791e-06 3.64972152e-06 5.90572953e-01
    -3.88392478e-01 7.08127141e-01 1.33816516e+00 -6.56636417e-01
    -2.40252763e-02 1.73413563e+00 -5.65113783e-01 -8.25215638e-01
    1.95827961e+00 -5.56006432e-01 -1.45029426e+00 5.91304958e-01
    -5.98828256e-01 -1.15001941e+00 1.03335226e+00 -4.27004039e-01
    -1.90890467e+00 1.48690808e+00 -2.10363060e-01 -2.03038049e+00
    1.81673026e+00 -4.89945710e-02 -2.08305836e+00 2.32480958e-01
    -8.16503167e-02 -1.29696882e+00 7.49672174e-01 1.82674870e-01
    -1.95265985e+00 1.15030289e+00 4.26603258e-01 -1.86750698e+00
    1.43068790e+00 5.55753946e-01 -1.73656273e+00 -3.32339481e-03
    3.92888129e-01 -1.18408465e+00 4.69944715e-01 7.04405308e-01
    -1.68398643e+00 8.40335608e-01 9.17411506e-01 -1.52349877e+00
    1.05577016e+00 1.00976837e+00 -1.30918825e+00 -1.81936592e-01
    9.55377519e-01 -9.07771409e-01 3.18674207e-01 1.33024502e+00
    -1.42329931e+00 5.80990374e-01 1.48995733e+00 -1.34265530e+00
    7.88448215e-01 1.60317659e+00 -1.26256478e+00</data></hand_right>
</opencv_storage>
