<?xml version="1.0"?>
<opencv_storage>
<hand_left type_id="opencv-matrix">
  <rows>21</rows>
  <cols>3</cols>
  <dt>f</dt>
  <data>
    -8.29345117e-06 -7.67305210e-06 3.65718665e-06 5.91235638e-01
    -3.87921602e-01 7.07798779e-01 1.33844900e+00 -6.55902267e-01
    -2.48080194e-02 1.73380685e+00 -5.64320803e-01 -8.26283753e-01
    1.95749700e+00 -5.55199981e-01 -1.45149958e+00 5.90872705e-01
    -5.98704636e-01 -1.15027702e+00 1.03226960e+00 -4.26798820e-01
    -1.90951514e+00 1.48559213e+00 -2.09944785e-01 -2.03141737e+00
    1.81528687e+00 -4.84150350e-02 -2.08444548e+00 2.31667072e-01
    -8.17642510e-02 -1.29707766e+00 7.48255968e-01 1.82712346e-01
    -1.95316446e+00 1.14876688e+00 4.26863134e-01 -1.86835289e+00
    1.42914152e+00 5.56182742e-01 -1.73767436e+00 -4.32790816e-03
    3.92653435e-01 -1.18414128e+00 4.68430638e-01 7.04338491e-01
    -1.68438971e+00 8.38756680e-01 9.17555153e-01 -1.52420235e+00
    1.05425572e+00 1.01006520e+00 -1.31010699e+00 -1.83079675e-01
    9.55076158e-01 -9.07809317e-01 3.16976726e-01 1.33012378e+00
    -1.42368495e+00 5.79225540e-01 1.48996949e+00 -1.34323597e+00
    7.86646128e-01 1.60331225e+00 -1.26331222e+00</data></hand_left>
</opencv_storage>
