<?xml version="1.0"?>
<opencv_storage>
<hand_left type_id="opencv-matrix">
  <rows>21</rows>
  <cols>3</cols>
  <dt>f</dt>
  <data>
    -8.29751207e-06 -7.66764697e-06 3.64876178e-06 5.90405047e-01
    -3.88244331e-01 7.08254814e-01 1.33815360e+00 -6.56490445e-01
    -2.36297846e-02 1.73435211e+00 -5.65109968e-01 -8.24689925e-01
    1.95858777e+00 -5.56029677e-01 -1.44963026e+00 5.91555357e-01
    -5.98899364e-01 -1.14977252e+00 1.03355956e+00 -4.27266151e-01
    -1.90875459e+00 1.48694444e+00 -2.10745364e-01 -2.03051805e+00
    1.81667244e+00 -4.94513810e-02 -2.08352470e+00 2.32718632e-01
    -8.17983672e-02 -1.29685593e+00 7.49816537e-01 1.82376027e-01
    -1.95261514e+00 1.15021825e+00 4.26254928e-01 -1.86783957e+00
    1.43041611e+00 5.55367231e-01 -1.73735368e+00 -3.16059217e-03
    3.92712861e-01 -1.18409193e+00 4.70003098e-01 7.04144239e-01
    -1.68407357e+00 8.40192556e-01 9.17162657e-01 -1.52390182e+00
    1.05548012e+00 1.00954747e+00 -1.31004214e+00 -1.81903869e-01
    9.55182552e-01 -9.07876015e-01 3.18598658e-01 1.33002901e+00
    -1.42342365e+00 5.80804825e-01 1.48975253e+00 -1.34287524e+00
    7.88175404e-01 1.60301614e+00 -1.26298022e+00</data></hand_left>
</opencv_storage>
