<?xml version="1.0"?>
<opencv_storage>
<hand_left type_id="opencv-matrix">
  <rows>21</rows>
  <cols>3</cols>
  <dt>f</dt>
  <data>
    -8.29400233e-06 -7.67195525e-06 3.65790765e-06 5.91104865e-01
    -3.87652040e-01 7.08063841e-01 1.33851767e+00 -6.55848801e-01
    -2.42592394e-02 1.73409474e+00 -5.64549088e-01 -8.25647354e-01
    1.95794415e+00 -5.55626273e-01 -1.45080841e+00 5.91121674e-01
    -5.99114418e-01 -1.14993823e+00 1.03265977e+00 -4.27480459e-01
    -1.90916216e+00 1.48596382e+00 -2.10687488e-01 -2.03106833e+00
    1.81562769e+00 -4.91881073e-02 -2.08411837e+00 2.31933147e-01
    -8.22333321e-02 -1.29700732e+00 7.48608112e-01 1.81999549e-01
    -1.95311522e+00 1.14907789e+00 4.26176667e-01 -1.86839998e+00
    1.42940843e+00 5.55541873e-01 -1.73779809e+00 -4.09575924e-03
    3.92223597e-01 -1.18428540e+00 4.68696862e-01 7.03714490e-01
    -1.68462229e+00 8.39003921e-01 9.17013705e-01 -1.52454889e+00
    1.05449772e+00 1.00962973e+00 -1.31056082e+00 -1.82915241e-01
    9.54750717e-01 -9.08194065e-01 3.17183793e-01 1.32961202e+00
    -1.42417979e+00 5.79430163e-01 1.48951316e+00 -1.34381521e+00
    7.86864400e-01 1.60291791e+00 -1.26396513e+00</data></hand_left>
</opencv_storage>
