<?xml version="1.0"?>
<opencv_storage>
<hand_right type_id="opencv-matrix">
  <rows>21</rows>
  <cols>3</cols>
  <dt>f</dt>
  <data>
    -8.29319379e-06 -7.67383153e-06 3.68083170e-06 5.91967583e-01
    -3.86465907e-01 7.08180368e-01 1.33887672e+00 -6.55445933e-01
    -2.45269835e-02 1.73366070e+00 -5.65022290e-01 -8.26397479e-01
    1.95703781e+00 -5.57047963e-01 -1.45186770e+00 5.90513229e-01
    -6.00440323e-01 -1.14971173e+00 1.03153455e+00 -4.29452062e-01
    -1.90925634e+00 1.48448217e+00 -2.12611228e-01 -2.03097081e+00
    1.81373358e+00 -5.12104928e-02 -2.08382511e+00 2.30986297e-01
    -8.38420689e-02 -1.29721546e+00 7.47315884e-01 1.79949701e-01
    -1.95368683e+00 1.14756823e+00 4.24322784e-01 -1.86849415e+00
    1.42758834e+00 5.53756237e-01 -1.73723888e+00 -5.10850176e-03
    3.90705973e-01 -1.18489230e+00 4.67317343e-01 7.01809704e-01
    -1.68580353e+00 8.37617159e-01 9.15365875e-01 -1.52544451e+00
    1.05297327e+00 1.00809348e+00 -1.31083167e+00 -1.83865115e-01
    9.53628302e-01 -9.09383416e-01 3.15859944e-01 1.32790804e+00
    -1.42607808e+00 5.77980518e-01 1.48792934e+00 -1.34584701e+00
    7.85265803e-01 1.60142672e+00 -1.26612473e+00</data></hand_right>
</opencv_storage>
