<?xml version="1.0"?>
<opencv_storage>
<hand_left type_id="opencv-matrix">
  <rows>21</rows>
  <cols>3</cols>
  <dt>f</dt>
  <data>
    -8.29181772e-06 -7.67154870e-06 3.65565256e-06 5.91069877e-01
    -3.87781292e-01 7.07952499e-01 1.33843970e+00 -6.55820251e-01
    -2.44135112e-02 1.73399508e+00 -5.64392924e-01 -8.25806379e-01
    1.95778918e+00 -5.55336297e-01 -1.45091259e+00 5.91096818e-01
    -5.98864555e-01 -1.15002751e+00 1.03251290e+00 -4.27177519e-01
    -1.90934658e+00 1.48579895e+00 -2.10409075e-01 -2.03150535e+00
    1.81551206e+00 -4.88974452e-02 -2.08478403e+00 2.31902465e-01
    -8.19769874e-02 -1.29697907e+00 7.48452604e-01 1.82305530e-01
    -1.95316267e+00 1.14886880e+00 4.26444471e-01 -1.86872303e+00
    1.42920303e+00 5.55786610e-01 -1.73844326e+00 -4.14067879e-03
    3.92439634e-01 -1.18418014e+00 4.68594193e-01 7.04010725e-01
    -1.68448591e+00 8.38800073e-01 9.17255044e-01 -1.52456880e+00
    1.05422306e+00 1.00982332e+00 -1.31081510e+00 -1.82984293e-01
    9.54873979e-01 -9.07977283e-01 3.17058206e-01 1.32986927e+00
    -1.42387950e+00 5.79266667e-01 1.48973441e+00 -1.34348536e+00
    7.86654830e-01 1.60311341e+00 -1.26363838e+00</data></hand_left>
</opencv_storage>
