<?xml version="1.0"?>
<opencv_storage>
<hand_right type_id="opencv-matrix">
  <rows>21</rows>
  <cols>3</cols>
  <dt>f</dt>
  <data>
    -8.29423789e-06 -7.67268102e-06 3.66233076e-06 5.91254950e-01
    -3.87426853e-01 7.08111167e-01 1.33856905e+00 -6.55804396e-01
    -2.42840350e-02 1.73400259e+00 -5.64689755e-01 -8.25763643e-01
    1.95776367e+00 -5.55965304e-01 -1.45097852e+00 5.90973735e-01
    -5.99470496e-01 -1.14986694e+00 1.03242612e+00 -4.28028762e-01
    -1.90915799e+00 1.48566890e+00 -2.11265206e-01 -2.03096247e+00
    1.81524587e+00 -4.98118401e-02 -2.08388877e+00 2.31751934e-01
    -8.26196149e-02 -1.29704595e+00 7.48352051e-01 1.81449592e-01
    -1.95325768e+00 1.14877987e+00 4.25627112e-01 -1.86846662e+00
    1.42901671e+00 5.54967701e-01 -1.73775268e+00 -4.25629690e-03
    3.91881317e-01 -1.18442523e+00 4.68472868e-01 7.03233957e-01
    -1.68490577e+00 8.38764310e-01 9.16546226e-01 -1.52477789e+00
    1.05418038e+00 1.00915217e+00 -1.31068277e+00 -1.83020800e-01
    9.54521656e-01 -9.08474386e-01 3.17032576e-01 1.32920110e+00
    -1.42463112e+00 5.79265356e-01 1.48910511e+00 -1.34427392e+00
    7.86651134e-01 1.60249674e+00 -1.26443040e+00</data></hand_right>
</opencv_storage>
