<?xml version="1.0"?>
<opencv_storage>
<hand_right type_id="opencv-matrix">
  <rows>21</rows>
  <cols>3</cols>
  <dt>f</dt>
  <data>
    -8.29082637e-06 -7.67391066e-06 3.65520850e-06 5.91282010e-01
    -3.87962759e-01 7.07705259e-01 1.33854556e+00 -6.55675888e-01
    -2.49041468e-02 1.73395407e+00 -5.63927948e-01 -8.26319814e-01
    1.95764351e+00 -5.54640114e-01 -1.45148599e+00 5.90903640e-01
    -5.98437130e-01 -1.15036762e+00 1.03219521e+00 -4.26407218e-01
    -1.90965414e+00 1.48541605e+00 -2.09541380e-01 -2.03168178e+00
    1.81504107e+00 -4.79989946e-02 -2.08483315e+00 2.31628403e-01
    -8.15278888e-02 -1.29707611e+00 7.48046994e-01 1.83052197e-01
    -1.95323002e+00 1.14846516e+00 4.27198559e-01 -1.86867058e+00
    1.42876935e+00 5.56501389e-01 -1.73827720e+00 -4.42790613e-03
    3.92836332e-01 -1.18405843e+00 4.68154758e-01 7.04613090e-01
    -1.68438947e+00 8.38427186e-01 9.17851329e-01 -1.52443492e+00
    1.05391383e+00 1.01036954e+00 -1.31064248e+00 -1.83252215e-01
    9.55181003e-01 -9.07630384e-01 3.16623807e-01 1.33037305e+00
    -1.42356777e+00 5.78853190e-01 1.49025607e+00 -1.34322143e+00
    7.86268234e-01 1.60363150e+00 -1.26342821e+00</data></hand_right>
</opencv_storage>
