<?xml version="1.0"?>
<opencv_storage>
<hand_right type_id="opencv-matrix">
  <rows>21</rows>
  <cols>3</cols>
  <dt>f</dt>
  <data>
    -8.29418696e-06 -7.67132587e-06 3.65705000e-06 5.91017663e-01
    -3.87645185e-01 7.08118618e-01 1.33845496e+00 -6.55903935e-01
    -2.41416395e-02 1.73407984e+00 -5.64660311e-01 -8.25522602e-01
    1.95795774e+00 -5.55772781e-01 -1.45065117e+00 5.91158569e-01
    -5.99215746e-01 -1.14984882e+00 1.03273153e+00 -4.27688777e-01
    -1.90909338e+00 1.48609805e+00 -2.10930616e-01 -2.03106999e+00
    1.81583202e+00 -4.94268239e-02 -2.08416176e+00 2.32012391e-01
    -8.23246092e-02 -1.29696429e+00 7.48702884e-01 1.81797713e-01
    -1.95311618e+00 1.14919949e+00 4.25957352e-01 -1.86853397e+00
    1.42957127e+00 5.55332124e-01 -1.73806095e+00 -3.99694219e-03
    3.92149687e-01 -1.18429935e+00 4.68845189e-01 7.03572869e-01
    -1.68461967e+00 8.39123726e-01 9.16849613e-01 -1.52460575e+00
    1.05458975e+00 1.00946951e+00 -1.31069398e+00 -1.82805225e-01
    9.54692721e-01 -9.08257306e-01 3.17359328e-01 1.32950783e+00
    -1.42421663e+00 5.79615176e-01 1.48939085e+00 -1.34382296e+00
    7.87041366e-01 1.60277414e+00 -1.26392817e+00</data></hand_right>
</opencv_storage>
