<?xml version="1.0"?>
<opencv_storage>
<hand_left type_id="opencv-matrix">
  <rows>21</rows>
  <cols>3</cols>
  <dt>f</dt>
  <data>
    -8.29386045e-06 -7.67582424e-06 3.67799157e-06 5.92039526e-01
    -3.86719942e-01 7.07976878e-01 1.33885336e+00 -6.55428767e-01
    -2.49359459e-02 1.73350835e+00 -5.64660430e-01 -8.26820791e-01
    1.95681858e+00 -5.56383431e-01 -1.45235670e+00 5.90327442e-01
    -6.00095809e-01 -1.14997017e+00 1.03134990e+00 -4.28810835e-01
    -1.90941989e+00 1.48446512e+00 -2.11832494e-01 -2.03103161e+00
    1.81383729e+00 -5.03050983e-02 -2.08372140e+00 2.30813861e-01
    -8.34375918e-02 -1.29724467e+00 7.47120619e-01 1.80565372e-01
    -1.95369768e+00 1.14761400e+00 4.24989998e-01 -1.86847603e+00
    1.42787850e+00 5.54491401e-01 -1.73713982e+00 -5.24076819e-03
    3.91084492e-01 -1.18474543e+00 4.67191279e-01 7.02338457e-01
    -1.68560100e+00 8.37683797e-01 9.15888906e-01 -1.52522409e+00
    1.05328035e+00 1.00865614e+00 -1.31055844e+00 -1.83931023e-01
    9.53916669e-01 -9.09043372e-01 3.15804720e-01 1.32834601e+00
    -1.42569923e+00 5.78070819e-01 1.48838198e+00 -1.34549475e+00
    7.85504043e-01 1.60187733e+00 -1.26567888e+00</data></hand_left>
</opencv_storage>
