<?xml version="1.0"?>
<opencv_storage>
<hand_right type_id="opencv-matrix">
  <rows>21</rows>
  <cols>3</cols>
  <dt>f</dt>
  <data>
    -8.29205692e-06 -7.67257097e-06 3.66092308e-06 5.91292918e-01
    -3.87644351e-01 7.07947731e-01 1.33860505e+00 -6.55736268e-01
    -2.45470107e-02 1.73406100e+00 -5.64372182e-01 -8.25989902e-01
    1.95779085e+00 -5.55428565e-01 -1.45121193e+00 5.90979278e-01
    -5.99003494e-01 -1.15010285e+00 1.03234911e+00 -4.27280664e-01
    -1.90937781e+00 1.48546457e+00 -2.10495353e-01 -2.03119969e+00
    1.81491101e+00 -4.90778983e-02 -2.08416986e+00 2.31716260e-01
    -8.21304694e-02 -1.29709089e+00 7.48233318e-01 1.82198048e-01
    -1.95323777e+00 1.14853585e+00 4.26321566e-01 -1.86840630e+00
    1.42862844e+00 5.55553317e-01 -1.73773456e+00 -4.32677940e-03
    3.92310053e-01 -1.18428063e+00 4.68284220e-01 7.03858495e-01
    -1.68473458e+00 8.38521123e-01 9.17118549e-01 -1.52462494e+00
    1.05388820e+00 1.00962591e+00 -1.31062531e+00 -1.83132634e-01
    9.54835594e-01 -9.08105671e-01 3.16793323e-01 1.32972264e+00
    -1.42421174e+00 5.78968704e-01 1.48961604e+00 -1.34387696e+00
    7.86321998e-01 1.60300446e+00 -1.26412570e+00</data></hand_right>
</opencv_storage>
