<?xml version="1.0"?>
<opencv_storage>
<hand_right type_id="opencv-matrix">
  <rows>21</rows>
  <cols>3</cols>
  <dt>f</dt>
  <data>
    -8.29152032e-06 -7.67073107e-06 3.65922961e-06 5.91083586e-01
    -3.87431383e-01 7.08152652e-01 1.33853984e+00 -6.55699968e-01
    -2.40455419e-02 1.73417640e+00 -5.64573228e-01 -8.25401962e-01
    1.95804286e+00 -5.55768609e-01 -1.45050406e+00 5.91206610e-01
    -5.99301219e-01 -1.14974535e+00 1.03267145e+00 -4.27861035e-01
    -1.90904474e+00 1.48585260e+00 -2.11129427e-01 -2.03112149e+00
    1.81542599e+00 -4.96749580e-02 -2.08434606e+00 2.31979772e-01
    -8.25029761e-02 -1.29694319e+00 7.48560250e-01 1.81575730e-01
    -1.95313144e+00 1.14888811e+00 4.25747365e-01 -1.86862326e+00
    1.42908955e+00 5.55102050e-01 -1.73825788e+00 -4.09851968e-03
    3.91944706e-01 -1.18434274e+00 4.68584061e-01 7.03329563e-01
    -1.68479013e+00 8.38791311e-01 9.16667819e-01 -1.52490044e+00
    1.05420661e+00 1.00932693e+00 -1.31114972e+00 -1.82987139e-01
    9.54497397e-01 -9.08381045e-01 3.17007393e-01 1.32927370e+00
    -1.42446375e+00 5.79189479e-01 1.48920453e+00 -1.34418738e+00
    7.86572218e-01 1.60264206e+00 -1.26447475e+00</data></hand_right>
</opencv_storage>
