<?xml version="1.0"?>
<opencv_storage>
<hand_left type_id="opencv-matrix">
  <rows>21</rows>
  <cols>3</cols>
  <dt>f</dt>
  <data>
    -8.28993052e-06 -7.67592428e-06 3.66199242e-06 5.91632366e-01
    -3.87534678e-01 7.07720816e-01 1.33874369e+00 -6.55402303e-01
    -2.50606537e-02 1.73385251e+00 -5.63856065e-01 -8.26662064e-01
    1.95735264e+00 -5.54779291e-01 -1.45196962e+00 5.90688765e-01
    -5.98845899e-01 -1.15033603e+00 1.03180695e+00 -4.26973969e-01
    -1.90974808e+00 1.48500729e+00 -2.10001051e-01 -2.03172803e+00
    1.81458759e+00 -4.83827889e-02 -2.08476615e+00 2.31257766e-01
    -8.20469186e-02 -1.29716265e+00 7.47514963e-01 1.82420135e-01
    -1.95352447e+00 1.14797974e+00 4.26716805e-01 -1.86890566e+00
    1.42831612e+00 5.56141019e-01 -1.73832476e+00 -4.85219806e-03
    3.92338693e-01 -1.18426859e+00 4.67598528e-01 7.04029739e-01
    -1.68483245e+00 8.37919891e-01 9.17412579e-01 -1.52484560e+00
    1.05344939e+00 1.01004314e+00 -1.31087267e+00 -1.83686793e-01
    9.54808235e-01 -9.08026218e-01 3.16048414e-01 1.32986784e+00
    -1.42424989e+00 5.78297019e-01 1.48983431e+00 -1.34396613e+00
    7.85711944e-01 1.60326922e+00 -1.26415014e+00</data></hand_left>
</opencv_storage>
