<?xml version="1.0"?>
<opencv_storage>
<hand_left type_id="opencv-matrix">
  <rows>21</rows>
  <cols>3</cols>
  <dt>f</dt>
  <data>
    -8.29417513e-06 -7.67106576e-06 3.65912069e-06 5.91074824e-01
    -3.87668312e-01 7.08078444e-01 1.33845341e+00 -6.55964971e-01
    -2.42235363e-02 1.73403907e+00 -5.64741015e-01 -8.25600028e-01
    1.95787430e+00 -5.55870354e-01 -1.45075190e+00 5.91060698e-01
    -5.99226296e-01 -1.14991045e+00 1.03261709e+00 -4.27667260e-01
    -1.90911686e+00 1.48588157e+00 -2.10943639e-01 -2.03092098e+00
    1.81547165e+00 -4.95288372e-02 -2.08387184e+00 2.31918395e-01
    -8.23191851e-02 -1.29700577e+00 7.48610437e-01 1.81843653e-01
    -1.95310211e+00 1.14902425e+00 4.25949454e-01 -1.86831164e+00
    1.42924285e+00 5.55224717e-01 -1.73765337e+00 -4.06478718e-03
    3.92165601e-01 -1.18430555e+00 4.68744159e-01 7.03590453e-01
    -1.68465948e+00 8.39007854e-01 9.16824281e-01 -1.52452350e+00
    1.05438972e+00 1.00935984e+00 -1.31049597e+00 -1.82829887e-01
    9.54727411e-01 -9.08235312e-01 3.17285240e-01 1.32951164e+00
    -1.42423224e+00 5.79503536e-01 1.48937011e+00 -1.34384239e+00
    7.86879122e-01 1.60272789e+00 -1.26400709e+00</data></hand_left>
</opencv_storage>
