<?xml version="1.0"?>
<opencv_storage>
<hand_left type_id="opencv-matrix">
  <rows>21</rows>
  <cols>3</cols>
  <dt>f</dt>
  <data>
    -8.29413966e-06 -7.67412894e-06 3.65291021e-06 5.91140807e-01
    -3.88261080e-01 7.07692206e-01 1.33843994e+00 -6.55948400e-01
    -2.49239355e-02 1.73394215e+00 -5.64060509e-01 -8.26278090e-01
    1.95772064e+00 -5.54671586e-01 -1.45145929e+00 5.90923667e-01
    -5.98284960e-01 -1.15045834e+00 1.03238332e+00 -4.26117301e-01
    -1.90959311e+00 1.48569775e+00 -2.09279835e-01 -2.03136969e+00
    1.81535792e+00 -4.77763712e-02 -2.08430815e+00 2.31775746e-01
    -8.12525600e-02 -1.29708409e+00 7.48369098e-01 1.83415800e-01
    -1.95306587e+00 1.14886594e+00 4.27475303e-01 -1.86825490e+00
    1.42921877e+00 5.56702793e-01 -1.73763263e+00 -4.18695062e-03
    3.93141061e-01 -1.18397057e+00 4.68549073e-01 7.04955578e-01
    -1.68413985e+00 8.38888288e-01 9.18089211e-01 -1.52398372e+00
    1.05441880e+00 1.01051903e+00 -1.30999422e+00 -1.82910874e-01
    9.55470085e-01 -9.07426059e-01 3.17148864e-01 1.33066833e+00
    -1.42319882e+00 5.79420924e-01 1.49048412e+00 -1.34275532e+00
    7.86879539e-01 1.60381186e+00 -1.26286006e+00</data></hand_left>
</opencv_storage>
