<?xml version="1.0"?>
<opencv_storage>
<hand_right type_id="opencv-matrix">
  <rows>21</rows>
  <cols>3</cols>
  <dt>f</dt>
  <data>
    -8.29019336e-06 -7.67226447e-06 3.65370283e-06 5.91128826e-01
    -3.88111293e-01 7.07709193e-01 1.33842623e+00 -6.55808508e-01
    -2.48212665e-02 1.73397326e+00 -5.64048529e-01 -8.26142311e-01
    1.95771098e+00 -5.54699063e-01 -1.45124161e+00 5.90914845e-01
    -5.98406553e-01 -1.15033257e+00 1.03221917e+00 -4.26430881e-01
    -1.90961254e+00 1.48537660e+00 -2.09694088e-01 -2.03166485e+00
    1.81493390e+00 -4.82595563e-02 -2.08486128e+00 2.31734529e-01
    -8.14404190e-02 -1.29702687e+00 7.48133540e-01 1.83059096e-01
    -1.95317626e+00 1.14846003e+00 4.27069247e-01 -1.86874676e+00
    1.42863786e+00 5.56239188e-01 -1.73855352e+00 -4.26257774e-03
    3.92939717e-01 -1.18399227e+00 4.68295962e-01 7.04648018e-01
    -1.68433678e+00 8.38494658e-01 9.17775989e-01 -1.52449727e+00
    1.05389142e+00 1.01020765e+00 -1.31093061e+00 -1.83034390e-01
    9.55271482e-01 -9.07524526e-01 3.16847801e-01 1.33041823e+00
    -1.42343593e+00 5.79050839e-01 1.49023783e+00 -1.34311485e+00
    7.86430001e-01 1.60356939e+00 -1.26340985e+00</data></hand_right>
</opencv_storage>
