<?xml version="1.0"?>
<opencv_storage>
<hand_right type_id="opencv-matrix">
  <rows>21</rows>
  <cols>3</cols>
  <dt>f</dt>
  <data>
    -8.29052169e-06 -7.67645815e-06 3.66471295e-06 5.91804862e-01
    -3.87459427e-01 7.07627475e-01 1.33872247e+00 -6.55398250e-01
    -2.53409445e-02 1.73359132e+00 -5.63894868e-01 -8.27058971e-01
    1.95696139e+00 -5.54908276e-01 -1.45243227e+00 5.90432465e-01
    -5.98951399e-01 -1.15040040e+00 1.03140259e+00 -4.27118868e-01
    -1.90985870e+00 1.48461747e+00 -2.10116267e-01 -2.03187704e+00
    1.81421494e+00 -4.84773815e-02 -2.08494496e+00 2.30973110e-01
    -8.21656734e-02 -1.29718852e+00 7.47134805e-01 1.82265952e-01
    -1.95361257e+00 1.14766264e+00 4.26591694e-01 -1.86897981e+00
    1.42809582e+00 5.56056619e-01 -1.73835242e+00 -5.09953871e-03
    3.92228305e-01 -1.18428981e+00 4.67279494e-01 7.03878880e-01
    -1.68490589e+00 8.37690055e-01 9.17285681e-01 -1.52491653e+00
    1.05334842e+00 1.00996053e+00 -1.31086504e+00 -1.83850393e-01
    9.54719245e-01 -9.08073664e-01 3.15833688e-01 1.32970619e+00
    -1.42437744e+00 5.78121305e-01 1.48967838e+00 -1.34413636e+00
    7.85597146e-01 1.60312605e+00 -1.26432669e+00</data></hand_right>
</opencv_storage>
