<?xml version="1.0"?>
<opencv_storage>
<hand_left type_id="opencv-matrix">
  <rows>21</rows>
  <cols>3</cols>
  <dt>f</dt>
  <data>
    -8.29334385e-06 -7.67154415e-06 3.66424797e-06 5.91205418e-01
    -3.87268305e-01 7.08218098e-01 1.33855653e+00 -6.55788600e-01
    -2.40495056e-02 1.73407745e+00 -5.64854920e-01 -8.25472653e-01
    1.95787716e+00 -5.56267440e-01 -1.45065510e+00 5.91021061e-01
    -5.99721849e-01 -1.14968681e+00 1.03250766e+00 -4.28452164e-01
    -1.90896320e+00 1.48564613e+00 -2.11762935e-01 -2.03070974e+00
    1.81509328e+00 -5.04006445e-02 -2.08359456e+00 2.31811881e-01
    -8.29112157e-02 -1.29700613e+00 7.48419046e-01 1.81008384e-01
    -1.95322132e+00 1.14873874e+00 4.25148219e-01 -1.86841846e+00
    1.42879558e+00 5.54419518e-01 -1.73771501e+00 -4.19826061e-03
    3.91611129e-01 -1.18449628e+00 4.68491137e-01 7.02831864e-01
    -1.68507099e+00 8.38722646e-01 9.16141868e-01 -1.52497649e+00
    1.05402517e+00 1.00873089e+00 -1.31095457e+00 -1.82974964e-01
    9.54312861e-01 -9.08674777e-01 3.17032278e-01 1.32885706e+00
    -1.42492425e+00 5.79215288e-01 1.48876214e+00 -1.34462690e+00
    7.86537170e-01 1.60215759e+00 -1.26490211e+00</data></hand_left>
</opencv_storage>
