<?xml version="1.0"?>
<opencv_storage>
<hand_left type_id="opencv-matrix">
  <rows>21</rows>
  <cols>3</cols>
  <dt>f</dt>
  <data>
    -8.29544570e-06 -7.67306119e-06 3.68510246e-06 5.91951728e-01
    -3.86037350e-01 7.08450019e-01 1.33888793e+00 -6.55456722e-01
    -2.41088122e-02 1.73364663e+00 -5.65455198e-01 -8.26033711e-01
    1.95707774e+00 -5.57855487e-01 -1.45155668e+00 5.90576470e-01
    -6.01124823e-01 -1.14932263e+00 1.03170443e+00 -4.30525661e-01
    -1.90884662e+00 1.48475766e+00 -2.13670582e-01 -2.03053212e+00
    1.81406736e+00 -5.22349179e-02 -2.08332396e+00 2.31066063e-01
    -8.46118852e-02 -1.29715157e+00 7.47519374e-01 1.78841531e-01
    -1.95367014e+00 1.14790511e+00 4.23332065e-01 -1.86841285e+00
    1.42806804e+00 5.52920461e-01 -1.73699188e+00 -5.02437353e-03
    3.90005738e-01 -1.18511629e+00 4.67499971e-01 7.00836897e-01
    -1.68612349e+00 8.37932467e-01 9.14534211e-01 -1.52572179e+00
    1.05344772e+00 1.00746000e+00 -1.31091905e+00 -1.83776408e-01
    9.53097582e-01 -9.09959853e-01 3.16070497e-01 1.32704461e+00
    -1.42681360e+00 5.78265548e-01 1.48714614e+00 -1.34664655e+00
    7.85651207e-01 1.60072541e+00 -1.26688361e+00</data></hand_left>
</opencv_storage>
