<?xml version="1.0"?>
<opencv_storage>
<hand_left type_id="opencv-matrix">
  <rows>21</rows>
  <cols>3</cols>
  <dt>f</dt>
  <data>
    -8.29376586e-06 -7.67103757e-06 3.69642112e-06 5.92226863e-01
    -3.85133684e-01 7.08745956e-01 1.33903384e+00 -6.55234575e-01
    -2.37337500e-02 1.73355842e+00 -5.66026211e-01 -8.25866103e-01
    1.95684075e+00 -5.59107721e-01 -1.45148027e+00 5.90421855e-01
    -6.02292359e-01 -1.14882028e+00 1.03137398e+00 -4.32408690e-01
    -1.90858173e+00 1.48433542e+00 -2.15584487e-01 -2.03046751e+00
    1.81355000e+00 -5.41632175e-02 -2.08339095e+00 2.30772510e-01
    -8.60052854e-02 -1.29713845e+00 7.47088432e-01 1.76868811e-01
    -1.95398676e+00 1.14743352e+00 4.21527863e-01 -1.86885905e+00
    1.42754364e+00 5.51279545e-01 -1.73742771e+00 -5.37641346e-03
    3.88697147e-01 -1.18556225e+00 4.67005789e-01 6.99083209e-01
    -1.68698549e+00 8.37451458e-01 9.13014412e-01 -1.52673066e+00
    1.05297470e+00 1.00618124e+00 -1.31189990e+00 -1.84157819e-01
    9.52078998e-01 -9.10983741e-01 3.15535277e-01 1.32552993e+00
    -1.42833865e+00 5.77708364e-01 1.48576093e+00 -1.34836698e+00
    7.85073340e-01 1.59944808e+00 -1.26874399e+00</data></hand_left>
</opencv_storage>
