<?xml version="1.0"?>
<opencv_storage>
<hand_right type_id="opencv-matrix">
  <rows>21</rows>
  <cols>3</cols>
  <dt>f</dt>
  <data>
    -8.29229248e-06 -7.67305755e-06 3.65386086e-06 5.91152310e-01
    -3.88088763e-01 7.07744181e-01 1.33845258e+00 -6.55852437e-01
    -2.48097330e-02 1.73395538e+00 -5.64105093e-01 -8.26179564e-01
    1.95771074e+00 -5.54813445e-01 -1.45132041e+00 5.90938807e-01
    -5.98454654e-01 -1.15033722e+00 1.03232455e+00 -4.26447511e-01
    -1.90956664e+00 1.48559380e+00 -2.09641576e-01 -2.03153849e+00
    1.81525052e+00 -4.81409132e-02 -2.08464646e+00 2.31753901e-01
    -8.14835578e-02 -1.29704964e+00 7.48261929e-01 1.83049336e-01
    -1.95314586e+00 1.14870453e+00 4.27127361e-01 -1.86855626e+00
    1.42901802e+00 5.56380332e-01 -1.73815429e+00 -4.24329564e-03
    3.92908096e-01 -1.18403232e+00 4.68424261e-01 7.04638600e-01
    -1.68429816e+00 8.38702679e-01 9.17809844e-01 -1.52430916e+00
    1.05418301e+00 1.01028454e+00 -1.31051576e+00 -1.83011457e-01
    9.55261707e-01 -9.07590091e-01 3.16970706e-01 1.33040667e+00
    -1.42345417e+00 5.79214454e-01 1.49024391e+00 -1.34307349e+00
    7.86638081e-01 1.60358524e+00 -1.26325297e+00</data></hand_right>
</opencv_storage>
