<?xml version="1.0"?>
<opencv_storage>
<hand_left type_id="opencv-matrix">
  <rows>21</rows>
  <cols>3</cols>
  <dt>f</dt>
  <data>
    -8.30524368e-06 -7.62398531e-06 3.68292376e-06 5.87669909e-01
    -3.82398725e-01 7.13602424e-01 1.33761418e+00 -6.57665312e-01
    -1.34020448e-02 1.73667789e+00 -5.73820651e-01 -8.14060569e-01
    1.96270704e+00 -5.70347667e-01 -1.43812132e+00 5.94576120e-01
    -6.09987319e-01 -1.14243484e+00 1.03891015e+00 -4.46080714e-01
    -1.90221536e+00 1.49292779e+00 -2.31303871e-01 -2.02556634e+00
    1.82325912e+00 -7.07576871e-02 -2.07958078e+00 2.36649424e-01
    -9.39046443e-02 -1.29533601e+00 7.55499721e-01 1.63281426e-01
    -1.95277739e+00 1.15575349e+00 4.07402992e-01 -1.87065387e+00
    1.43531132e+00 5.37292004e-01 -1.74219060e+00 8.11371952e-04
    3.81856769e-01 -1.18773651e+00 4.75552976e-01 6.88061118e-01
    -1.68962133e+00 8.44925761e-01 9.01995778e-01 -1.53145289e+00
    1.05897701e+00 9.95965481e-01 -1.31948256e+00 -1.78375140e-01
    9.47001278e-01 -9.17209983e-01 3.23649585e-01 1.31679964e+00
    -1.43514311e+00 5.85730851e-01 1.47695220e+00 -1.35542953e+00
    7.92543352e-01 1.59052026e+00 -1.27613759e+00</data></hand_left>
</opencv_storage>
