<?xml version="1.0"?>
<opencv_storage>
<hand_left type_id="opencv-matrix">
  <rows>21</rows>
  <cols>3</cols>
  <dt>f</dt>
  <data>
    -8.29015971e-06 -7.67737765e-06 3.66478730e-06 5.91793299e-01
    -3.87453169e-01 7.07695127e-01 1.33887196e+00 -6.55276775e-01
    -2.52048522e-02 1.73388410e+00 -5.63717246e-01 -8.26869726e-01
    1.95733082e+00 -5.54679573e-01 -1.45224464e+00 5.90667367e-01
    -5.98811865e-01 -1.15041494e+00 1.03167319e+00 -4.26882505e-01
    -1.90985513e+00 1.48475516e+00 -2.09879279e-01 -2.03178215e+00
    1.81420839e+00 -4.82860506e-02 -2.08481479e+00 2.31156856e-01
    -8.20353106e-02 -1.29722714e+00 7.47328520e-01 1.82503656e-01
    -1.95358467e+00 1.14769185e+00 4.26811337e-01 -1.86885023e+00
    1.42794275e+00 5.56214631e-01 -1.73818064e+00 -4.98647243e-03
    3.92339230e-01 -1.18430305e+00 4.67343509e-01 7.04068482e-01
    -1.68492615e+00 8.37658405e-01 9.17489886e-01 -1.52490187e+00
    1.05321717e+00 1.01012707e+00 -1.31085777e+00 -1.83834657e-01
    9.54823494e-01 -9.08044875e-01 3.15808445e-01 1.32987845e+00
    -1.42434812e+00 5.78023434e-01 1.48987329e+00 -1.34410346e+00
    7.85446405e-01 1.60336137e+00 -1.26435053e+00</data></hand_left>
</opencv_storage>
