<?xml version="1.0"?>
<opencv_storage>
<hand_right type_id="opencv-matrix">
  <rows>21</rows>
  <cols>3</cols>
  <dt>f</dt>
  <data>
    -8.29767396e-06 -7.67283927e-06 3.65571759e-06 5.91046274e-01
    -3.88230413e-01 7.07849205e-01 1.33834553e+00 -6.56271219e-01
    -2.46768296e-02 1.73390043e+00 -5.64624548e-01 -8.26023519e-01
    1.95774078e+00 -5.55460393e-01 -1.45123076e+00 5.90894222e-01
    -5.98698437e-01 -1.15031254e+00 1.03255439e+00 -4.26722288e-01
    -1.90932834e+00 1.48589766e+00 -2.09983855e-01 -2.03074026e+00
    1.81549442e+00 -4.86088395e-02 -2.08334041e+00 2.31870025e-01
    -8.16015303e-02 -1.29709685e+00 7.48689890e-01 1.82890251e-01
    -1.95295894e+00 1.14920259e+00 4.26866680e-01 -1.86776006e+00
    1.42944598e+00 5.55985212e-01 -1.73673558e+00 -3.98604944e-03
    3.92885983e-01 -1.18409216e+00 4.68939632e-01 7.04520166e-01
    -1.68422306e+00 8.39304686e-01 9.17571068e-01 -1.52375531e+00
    1.05470598e+00 1.00989425e+00 -1.30941308e+00 -1.82585791e-01
    9.55355287e-01 -9.07684982e-01 3.17673296e-01 1.33030653e+00
    -1.42344856e+00 5.79945683e-01 1.49005580e+00 -1.34290075e+00
    7.87349343e-01 1.60330176e+00 -1.26291716e+00</data></hand_right>
</opencv_storage>
