<?xml version="1.0"?>
<opencv_storage>
<hand_right type_id="opencv-matrix">
  <rows>21</rows>
  <cols>3</cols>
  <dt>f</dt>
  <data>
    -8.29867531e-06 -7.66863377e-06 3.65116739e-06 5.90554714e-01
    -3.88157725e-01 7.08223343e-01 1.33820605e+00 -6.56466126e-01
    -2.37909406e-02 1.73423803e+00 -5.65116227e-01 -8.24949682e-01
    1.95839703e+00 -5.56094408e-01 -1.44997358e+00 5.91422021e-01
    -5.98995864e-01 -1.14982891e+00 1.03338075e+00 -4.27352488e-01
    -1.90881872e+00 1.48681450e+00 -2.10761786e-01 -2.03052235e+00
    1.81657541e+00 -4.94183600e-02 -2.08346033e+00 2.32544705e-01
    -8.19081068e-02 -1.29690659e+00 7.49639750e-01 1.82285920e-01
    -1.95268333e+00 1.15013087e+00 4.26232755e-01 -1.86776888e+00
    1.43043375e+00 5.55415094e-01 -1.73708177e+00 -3.32796946e-03
    3.92614216e-01 -1.18414831e+00 4.69840646e-01 7.04048812e-01
    -1.68414915e+00 8.40122461e-01 9.17118192e-01 -1.52387190e+00
    1.05551839e+00 1.00955343e+00 -1.30981266e+00 -1.82036012e-01
    9.55119848e-01 -9.07961309e-01 3.18472028e-01 1.32993031e+00
    -1.42356014e+00 5.80719173e-01 1.48967648e+00 -1.34300995e+00
    7.88141191e-01 1.60295904e+00 -1.26305389e+00</data></hand_right>
</opencv_storage>
