<?xml version="1.0"?>
<opencv_storage>
<hand_left type_id="opencv-matrix">
  <rows>21</rows>
  <cols>3</cols>
  <dt>f</dt>
  <data>
    -8.29516375e-06 -7.67134679e-06 3.66200993e-06 5.91074049e-01
    -3.87327313e-01 7.08305359e-01 1.33851624e+00 -6.55902565e-01
    -2.38707811e-02 1.73413277e+00 -5.64978778e-01 -8.25272977e-01
    1.95801842e+00 -5.56380391e-01 -1.45043707e+00 5.91145039e-01
    -5.99763632e-01 -1.14961827e+00 1.03276610e+00 -4.28520381e-01
    -1.90886247e+00 1.48605132e+00 -2.11821884e-01 -2.03062439e+00
    1.81564987e+00 -5.04033566e-02 -2.08350897e+00 2.31996924e-01
    -8.29163492e-02 -1.29697812e+00 7.48732567e-01 1.80962592e-01
    -1.95316708e+00 1.14917266e+00 4.25125569e-01 -1.86839533e+00
    1.42938781e+00 5.54469526e-01 -1.73768735e+00 -3.99597362e-03
    3.91627401e-01 -1.18450511e+00 4.68849003e-01 7.02830851e-01
    -1.68498087e+00 8.39119554e-01 9.16143656e-01 -1.52486193e+00
    1.05448520e+00 1.00877523e+00 -1.31079054e+00 -1.82773218e-01
    9.54338908e-01 -9.08707440e-01 3.17395747e-01 1.32887602e+00
    -1.42486143e+00 5.79632103e-01 1.48877513e+00 -1.34449816e+00
    7.87004590e-01 1.60216403e+00 -1.26464474e+00</data></hand_left>
</opencv_storage>
