<?xml version="1.0"?>
<opencv_storage>
<hand_right type_id="opencv-matrix">
  <rows>21</rows>
  <cols>3</cols>
  <dt>f</dt>
  <data>
    -8.29165128e-06 -7.67478923e-06 3.65183678e-06 5.91253877e-01
    -3.88311863e-01 7.07526565e-01 1.33844221e+00 -6.55806541e-01
    -2.52403021e-02 1.73378944e+00 -5.63761830e-01 -8.26676250e-01
    1.95742977e+00 -5.54242253e-01 -1.45185769e+00 5.90803027e-01
    -5.98036766e-01 -1.15062273e+00 1.03209031e+00 -4.25758660e-01
    -1.90987039e+00 1.48543251e+00 -2.08850890e-01 -2.03187037e+00
    1.81517506e+00 -4.72587645e-02 -2.08496308e+00 2.31578097e-01
    -8.10295492e-02 -1.29710042e+00 7.47991443e-01 1.83738142e-01
    -1.95322061e+00 1.14851332e+00 4.27842110e-01 -1.86866570e+00
    1.42894077e+00 5.57118356e-01 -1.73829365e+00 -4.42625955e-03
    3.93313050e-01 -1.18389750e+00 4.68215764e-01 7.05249965e-01
    -1.68408263e+00 8.38511944e-01 9.18390274e-01 -1.52406204e+00
    1.05402374e+00 1.01081657e+00 -1.31022823e+00 -1.83185741e-01
    9.55554605e-01 -9.07243967e-01 3.16759706e-01 1.33092535e+00
    -1.42301548e+00 5.79028726e-01 1.49074769e+00 -1.34255552e+00
    7.86466300e-01 1.60405970e+00 -1.26263058e+00</data></hand_right>
</opencv_storage>
