<?xml version="1.0"?>
<opencv_storage>
<hand_right type_id="opencv-matrix">
  <rows>21</rows>
  <cols>3</cols>
  <dt>f</dt>
  <data>
    -8.29358487e-06 -7.67260462e-06 3.65456253e-06 5.91050506e-01
    -3.87958944e-01 7.07929969e-01 1.33846116e+00 -6.55919850e-01
    -2.44652033e-02 1.73407650e+00 -5.64354897e-01 -8.25807929e-01
    1.95792842e+00 -5.55222869e-01 -1.45093024e+00 5.91101408e-01
    -5.98736882e-01 -1.15013850e+00 1.03263855e+00 -4.26896572e-01
    -1.90932560e+00 1.48592484e+00 -2.10128874e-01 -2.03117037e+00
    1.81557214e+00 -4.86632586e-02 -2.08415461e+00 2.31952608e-01
    -8.17750543e-02 -1.29702747e+00 7.48601854e-01 1.82619646e-01
    -1.95307827e+00 1.14902735e+00 4.26699221e-01 -1.86836231e+00
    1.42927504e+00 5.55946350e-01 -1.73782897e+00 -4.04503196e-03
    3.92658204e-01 -1.18413985e+00 4.68738317e-01 7.04278648e-01
    -1.68439209e+00 8.38990867e-01 9.17461991e-01 -1.52429008e+00
    1.05438137e+00 1.00993633e+00 -1.31036520e+00 -1.82831421e-01
    9.55097079e-01 -9.07846570e-01 3.17264378e-01 1.33011103e+00
    -1.42371523e+00 5.79493284e-01 1.48995209e+00 -1.34327722e+00
    7.86876559e-01 1.60328472e+00 -1.26340950e+00</data></hand_right>
</opencv_storage>
