<?xml version="1.0"?>
<opencv_storage>
<hand_right type_id="opencv-matrix">
  <rows>21</rows>
  <cols>3</cols>
  <dt>f</dt>
  <data>
    -8.30047247e-06 -7.67564961e-06 3.65306414e-06 5.91133952e-01
    -3.88253450e-01 7.07828939e-01 1.33844543e+00 -6.56206369e-01
    -2.48197913e-02 1.73388052e+00 -5.64401686e-01 -8.26280832e-01
    1.95772624e+00 -5.55195749e-01 -1.45156085e+00 5.90940356e-01
    -5.98564208e-01 -1.15042377e+00 1.03269148e+00 -4.26413715e-01
    -1.90939760e+00 1.48632884e+00 -2.09461600e-01 -2.03082037e+00
    1.81623363e+00 -4.78467047e-02 -2.08336473e+00 2.31859893e-01
    -8.14659372e-02 -1.29714084e+00 7.48782992e-01 1.83172077e-01
    -1.95299041e+00 1.14960396e+00 4.27339613e-01 -1.86773193e+00
    1.43025041e+00 5.56704462e-01 -1.73654485e+00 -4.03452292e-03
    3.93004775e-01 -1.18409741e+00 4.69037682e-01 7.04777956e-01
    -1.68408275e+00 8.39594841e-01 9.17954922e-01 -1.52349567e+00
    1.05526996e+00 1.01043177e+00 -1.30888331e+00 -1.82667807e-01
    9.55445409e-01 -9.07657087e-01 3.17731321e-01 1.33053493e+00
    -1.42333591e+00 5.80136895e-01 1.49035728e+00 -1.34270096e+00
    7.87694991e-01 1.60365164e+00 -1.26247013e+00</data></hand_right>
</opencv_storage>
