<?xml version="1.0"?>
<opencv_storage>
<hand_right type_id="opencv-matrix">
  <rows>21</rows>
  <cols>3</cols>
  <dt>f</dt>
  <data>
    -8.29425517e-06 -7.67138226e-06 3.65516871e-06 5.90974033e-01
    -3.87888134e-01 7.08025038e-01 1.33842897e+00 -6.55991793e-01
    -2.42619812e-02 1.73411489e+00 -5.64565480e-01 -8.25584352e-01
    1.95801163e+00 -5.55513740e-01 -1.45069623e+00 5.91167152e-01
    -5.98907888e-01 -1.15001214e+00 1.03278112e+00 -4.27179843e-01
    -1.90918148e+00 1.48609197e+00 -2.10441798e-01 -2.03101683e+00
    1.81575799e+00 -4.89957333e-02 -2.08401656e+00 2.32051849e-01
    -8.19547996e-02 -1.29699612e+00 7.48789787e-01 1.82353407e-01
    -1.95301235e+00 1.14922047e+00 4.26436782e-01 -1.86826181e+00
    1.42948496e+00 5.55702209e-01 -1.73767686e+00 -3.93863395e-03
    3.92500311e-01 -1.18418968e+00 4.68924105e-01 7.04050481e-01
    -1.68441463e+00 8.39169741e-01 9.17245388e-01 -1.52427626e+00
    1.05455434e+00 1.00973952e+00 -1.31029999e+00 -1.82729051e-01
    9.54976380e-01 -9.07984376e-01 3.17441404e-01 1.32991540e+00
    -1.42382252e+00 5.79658449e-01 1.48975205e+00 -1.34336877e+00
    7.87036657e-01 1.60308838e+00 -1.26348901e+00</data></hand_right>
</opencv_storage>
