<?xml version="1.0"?>
<opencv_storage>
<hand_right type_id="opencv-matrix">
  <rows>21</rows>
  <cols>3</cols>
  <dt>f</dt>
  <data>
    -8.29203873e-06 -7.67432357e-06 3.65602955e-06 5.91288745e-01
    -3.87927711e-01 7.07749903e-01 1.33854425e+00 -6.55733705e-01
    -2.48587579e-02 1.73393810e+00 -5.64045310e-01 -8.26287806e-01
    1.95763898e+00 -5.54827690e-01 -1.45147908e+00 5.90874851e-01
    -5.98584473e-01 -1.15033007e+00 1.03222215e+00 -4.26611245e-01
    -1.90958261e+00 1.48548365e+00 -2.09748149e-01 -2.03147507e+00
    1.81511271e+00 -4.82136905e-02 -2.08448243e+00 2.31624559e-01
    -8.16596523e-02 -1.29708731e+00 7.48094201e-01 1.82862028e-01
    -1.95323384e+00 1.14855564e+00 4.27008659e-01 -1.86856723e+00
    1.42887235e+00 5.56309640e-01 -1.73804069e+00 -4.40146029e-03
    3.92735243e-01 -1.18410707e+00 4.68231440e-01 7.04456687e-01
    -1.68444169e+00 8.38538766e-01 9.17690277e-01 -1.52439451e+00
    1.05402148e+00 1.01020193e+00 -1.31047356e+00 -1.83184162e-01
    9.55132604e-01 -9.07731593e-01 3.16754758e-01 1.33024573e+00
    -1.42368972e+00 5.79007745e-01 1.49012160e+00 -1.34331143e+00
    7.86428750e-01 1.60348260e+00 -1.26346433e+00</data></hand_right>
</opencv_storage>
