<?xml version="1.0"?>
<opencv_storage>
<hand_left type_id="opencv-matrix">
  <rows>21</rows>
  <cols>3</cols>
  <dt>f</dt>
  <data>
    -8.29656892e-06 -7.67300389e-06 3.67551866e-06 5.91636717e-01
    -3.86687487e-01 7.08321035e-01 1.33870888e+00 -6.55726314e-01
    -2.42037922e-02 1.73375320e+00 -5.65241814e-01 -8.25941086e-01
    1.95734191e+00 -5.57185769e-01 -1.45135880e+00 5.90684056e-01
    -6.00505948e-01 -1.14956355e+00 1.03204298e+00 -4.29543257e-01
    -1.90890729e+00 1.48523104e+00 -2.12731302e-01 -2.03045344e+00
    1.81465960e+00 -5.13106883e-02 -2.08311033e+00 2.31352121e-01
    -8.38023201e-02 -1.29711986e+00 7.47964919e-01 1.79891557e-01
    -1.95344126e+00 1.14843655e+00 4.24219131e-01 -1.86819363e+00
    1.42863154e+00 5.53659618e-01 -1.73687184e+00 -4.64285165e-03
    3.90799552e-01 -1.18483496e+00 4.68042433e-01 7.01805949e-01
    -1.68558693e+00 8.38479340e-01 9.15294766e-01 -1.52516651e+00
    1.05396056e+00 1.00804305e+00 -1.31052947e+00 -1.83322832e-01
    9.53738868e-01 -9.09350216e-01 3.16694587e-01 1.32792389e+00
    -1.42589509e+00 5.78941226e-01 1.48790920e+00 -1.34561980e+00
    7.86337495e-01 1.60136473e+00 -1.26577902e+00</data></hand_left>
</opencv_storage>
