<?xml version="1.0"?>
<opencv_storage>
<hand_left type_id="opencv-matrix">
  <rows>21</rows>
  <cols>3</cols>
  <dt>f</dt>
  <data>
    -8.29153578e-06 -7.67226265e-06 3.65817641e-06 5.91151118e-01
    -3.87783885e-01 7.07961142e-01 1.33858609e+00 -6.55753434e-01
    -2.44216770e-02 1.73422277e+00 -5.64302206e-01 -8.25755000e-01
    1.95805931e+00 -5.55251837e-01 -1.45090199e+00 5.91141820e-01
    -5.98801792e-01 -1.15009701e+00 1.03256416e+00 -4.27014649e-01
    -1.90933812e+00 1.48560619e+00 -2.10291952e-01 -2.03118157e+00
    1.81499577e+00 -4.89315689e-02 -2.08422446e+00 2.31914267e-01
    -8.19046497e-02 -1.29705834e+00 7.48471200e-01 1.82492480e-01
    -1.95310426e+00 1.14866185e+00 4.26544756e-01 -1.86830199e+00
    1.42865086e+00 5.55699468e-01 -1.73773670e+00 -4.14145738e-03
    3.92514735e-01 -1.18419456e+00 4.68472540e-01 7.04114437e-01
    -1.68458235e+00 8.38638365e-01 9.17329848e-01 -1.52451169e+00
    1.05393982e+00 1.00978041e+00 -1.31063437e+00 -1.82985991e-01
    9.54984605e-01 -9.07947600e-01 3.16951811e-01 1.32994366e+00
    -1.42395043e+00 5.79078674e-01 1.48981583e+00 -1.34359968e+00
    7.86398888e-01 1.60320020e+00 -1.26391494e+00</data></hand_left>
</opencv_storage>
