<?xml version="1.0"?>
<opencv_storage>
<hand_left type_id="opencv-matrix">
  <rows>21</rows>
  <cols>3</cols>
  <dt>f</dt>
  <data>
    -8.29585042e-06 -7.67455003e-06 3.66518498e-06 5.91431916e-01
    -3.87458324e-01 7.08031654e-01 1.33864379e+00 -6.55801237e-01
    -2.45670080e-02 1.73391843e+00 -5.64597130e-01 -8.26132536e-01
    1.95758677e+00 -5.55848002e-01 -1.45147264e+00 5.90832770e-01
    -5.99416137e-01 -1.15004361e+00 1.03224516e+00 -4.27827775e-01
    -1.90929103e+00 1.48548627e+00 -2.10988194e-01 -2.03086138e+00
    1.81499970e+00 -4.95256782e-02 -2.08356810e+00 2.31574371e-01
    -8.25339109e-02 -1.29714453e+00 7.48162389e-01 1.81660309e-01
    -1.95332038e+00 1.14862716e+00 4.25855458e-01 -1.86824298e+00
    1.42886865e+00 5.55177033e-01 -1.73722172e+00 -4.41397727e-03
    3.91977102e-01 -1.18444300e+00 4.68288243e-01 7.03395844e-01
    -1.68493199e+00 8.38651359e-01 9.16707337e-01 -1.52461338e+00
    1.05412614e+00 1.00928247e+00 -1.31025815e+00 -1.83120862e-01
    9.54637825e-01 -9.08423722e-01 3.16923976e-01 1.32932508e+00
    -1.42461562e+00 5.79179585e-01 1.48922849e+00 -1.34423661e+00
    7.86596000e-01 1.60262930e+00 -1.26433492e+00</data></hand_left>
</opencv_storage>
