<?xml version="1.0"?>
<opencv_storage>
<hand_right type_id="opencv-matrix">
  <rows>21</rows>
  <cols>3</cols>
  <dt>f</dt>
  <data>
    -8.28734210e-06 -7.67699657e-06 3.66263430e-06 5.91809273e-01
    -3.87473166e-01 7.07596064e-01 1.33884573e+00 -6.55162811e-01
    -2.53195912e-02 1.73382008e+00 -5.63523889e-01 -8.26988578e-01
    1.95720077e+00 -5.54363847e-01 -1.45230973e+00 5.90584576e-01
    -5.98696470e-01 -1.15045893e+00 1.03148818e+00 -4.26760882e-01
    -1.90999770e+00 1.48460567e+00 -2.09743559e-01 -2.03216887e+00
    1.81415009e+00 -4.80814278e-02 -2.08536863e+00 2.31041998e-01
    -8.19497332e-02 -1.29719675e+00 7.47069478e-01 1.82584181e-01
    -1.95370471e+00 1.14747345e+00 4.26920176e-01 -1.86931849e+00
    1.42779970e+00 5.56374133e-01 -1.73897326e+00 -5.12743741e-03
    3.92391026e-01 -1.18424511e+00 4.67130452e-01 7.04155326e-01
    -1.68492305e+00 8.37411404e-01 9.17584538e-01 -1.52513099e+00
    1.05295777e+00 1.01024628e+00 -1.31136000e+00 -1.84007853e-01
    9.54812348e-01 -9.07947004e-01 3.15530479e-01 1.32997453e+00
    -1.42428243e+00 5.77761769e-01 1.48998129e+00 -1.34407806e+00
    7.85171628e-01 1.60345197e+00 -1.26434529e+00</data></hand_right>
</opencv_storage>
