<?xml version="1.0"?>
<opencv_storage>
<hand_left type_id="opencv-matrix">
  <rows>21</rows>
  <cols>3</cols>
  <dt>f</dt>
  <data>
    -8.29057717e-06 -7.67254551e-06 3.65616233e-06 5.91172576e-01
    -3.87819350e-01 7.07873940e-01 1.33854651e+00 -6.55697823e-01
    -2.45569795e-02 1.73410797e+00 -5.64150214e-01 -8.25910866e-01
    1.95789242e+00 -5.55018544e-01 -1.45103252e+00 5.91056526e-01
    -5.98700762e-01 -1.15014911e+00 1.03243136e+00 -4.26867187e-01
    -1.90942252e+00 1.48557496e+00 -2.10089862e-01 -2.03141832e+00
    1.81510711e+00 -4.86329198e-02 -2.08455849e+00 2.31811628e-01
    -8.18170533e-02 -1.29703164e+00 7.48292983e-01 1.82594612e-01
    -1.95316744e+00 1.14860213e+00 4.26699132e-01 -1.86859179e+00
    1.42874777e+00 5.55943072e-01 -1.73821902e+00 -4.25017998e-03
    3.92576993e-01 -1.18414330e+00 4.68347520e-01 7.04215467e-01
    -1.68452597e+00 8.38550031e-01 9.17452037e-01 -1.52458680e+00
    1.05392563e+00 1.00996041e+00 -1.31085134e+00 -1.83100596e-01
    9.54993308e-01 -9.07858074e-01 3.16798240e-01 1.33004141e+00
    -1.42385077e+00 5.78978240e-01 1.48992503e+00 -1.34352839e+00
    7.86334753e-01 1.60330307e+00 -1.26381135e+00</data></hand_left>
</opencv_storage>
