<?xml version="1.0"?>
<opencv_storage>
<hand_right type_id="opencv-matrix">
  <rows>21</rows>
  <cols>3</cols>
  <dt>f</dt>
  <data>
    -8.29248165e-06 -7.67020629e-06 3.65634378e-06 5.90917766e-01
    -3.87539357e-01 7.08206415e-01 1.33844984e+00 -6.55830324e-01
    -2.38915533e-02 1.73419142e+00 -5.64697623e-01 -8.25218678e-01
    1.95813060e+00 -5.55869937e-01 -1.45027137e+00 5.91330171e-01
    -5.99262953e-01 -1.14968991e+00 1.03289104e+00 -4.27852541e-01
    -1.90898037e+00 1.48618746e+00 -2.11145639e-01 -2.03115225e+00
    1.81589842e+00 -4.96638417e-02 -2.08444667e+00 2.32170179e-01
    -8.24259222e-02 -1.29689574e+00 7.48828769e-01 1.81611672e-01
    -1.95308268e+00 1.14921665e+00 4.25768942e-01 -1.86870742e+00
    1.42952061e+00 5.55152297e-01 -1.73848176e+00 -3.89291346e-03
    3.92030001e-01 -1.18430912e+00 4.68915045e-01 7.03414142e-01
    -1.68465054e+00 8.39092672e-01 9.16718841e-01 -1.52479160e+00
    1.05449069e+00 1.00937080e+00 -1.31108034e+00 -1.82789609e-01
    9.54559445e-01 -9.08339560e-01 3.17334265e-01 1.32936859e+00
    -1.42429936e+00 5.79530597e-01 1.48927283e+00 -1.34393752e+00
    7.86919117e-01 1.60269284e+00 -1.26412356e+00</data></hand_right>
</opencv_storage>
