<?xml version="1.0"?>
<opencv_storage>
<hand_left type_id="opencv-matrix">
  <rows>21</rows>
  <cols>3</cols>
  <dt>f</dt>
  <data>
    -8.29044075e-06 -7.67513393e-06 3.66428094e-06 5.91602504e-01
    -3.87370735e-01 7.07836747e-01 1.33874309e+00 -6.55420184e-01
    -2.48351991e-02 1.73388457e+00 -5.64081609e-01 -8.26428831e-01
    1.95742810e+00 -5.55196345e-01 -1.45170975e+00 5.90775430e-01
    -5.99064469e-01 -1.15016997e+00 1.03191328e+00 -4.27355140e-01
    -1.90957725e+00 1.48501945e+00 -2.10444629e-01 -2.03151059e+00
    1.81450093e+00 -4.89058793e-02 -2.08456039e+00 2.31343523e-01
    -8.23062807e-02 -1.29713500e+00 7.47654796e-01 1.82059720e-01
    -1.95343506e+00 1.14799452e+00 4.26336884e-01 -1.86870277e+00
    1.42821038e+00 5.55727482e-01 -1.73803687e+00 -4.77891415e-03
    3.92094672e-01 -1.18434513e+00 4.67688739e-01 7.03697860e-01
    -1.68490446e+00 8.37948322e-01 9.17096555e-01 -1.52483594e+00
    1.05338800e+00 1.00971401e+00 -1.31076312e+00 -1.83633059e-01
    9.54617739e-01 -9.08228755e-01 3.16125870e-01 1.32956135e+00
    -1.42444980e+00 5.78303814e-01 1.48952627e+00 -1.34414244e+00
    7.85664737e-01 1.60297334e+00 -1.26436973e+00</data></hand_left>
</opencv_storage>
