<?xml version="1.0"?>
<opencv_storage>
<hand_left type_id="opencv-matrix">
  <rows>21</rows>
  <cols>3</cols>
  <dt>f</dt>
  <data>
    -8.29356031e-06 -7.67189067e-06 3.66217910e-06 5.91207147e-01
    -3.87360454e-01 7.08168507e-01 1.33857381e+00 -6.55781269e-01
    -2.41499543e-02 1.73406959e+00 -5.64723432e-01 -8.25603843e-01
    1.95786703e+00 -5.56029081e-01 -1.45080590e+00 5.91053069e-01
    -5.99532068e-01 -1.14978325e+00 1.03255773e+00 -4.28130031e-01
    -1.90905929e+00 1.48580623e+00 -2.11357296e-01 -2.03090763e+00
    1.81538939e+00 -4.98926342e-02 -2.08386803e+00 2.31826961e-01
    -8.27113986e-02 -1.29702210e+00 7.48473704e-01 1.81327343e-01
    -1.95322132e+00 1.14891052e+00 4.25534427e-01 -1.86843944e+00
    1.42913592e+00 5.54897547e-01 -1.73772800e+00 -4.20677662e-03
    3.91786397e-01 -1.18444717e+00 4.68543410e-01 7.03116715e-01
    -1.68493915e+00 8.38839054e-01 9.16460276e-01 -1.52483511e+00
    1.05425680e+00 1.00910163e+00 -1.31077611e+00 -1.83014825e-01
    9.54433978e-01 -9.08548415e-01 3.17037523e-01 1.32910037e+00
    -1.42472017e+00 5.79267025e-01 1.48902655e+00 -1.34439254e+00
    7.86648870e-01 1.60243332e+00 -1.26457632e+00</data></hand_left>
</opencv_storage>
