<?xml version="1.0"?>
<opencv_storage>
<hand_left type_id="opencv-matrix">
  <rows>21</rows>
  <cols>3</cols>
  <dt>f</dt>
  <data>
    -8.29594501e-06 -7.67085839e-06 3.66905601e-06 5.91269732e-01
    -3.87046039e-01 7.08343506e-01 1.33854580e+00 -6.55921698e-01
    -2.39325315e-02 1.73395956e+00 -5.65283060e-01 -8.25442970e-01
    1.95773828e+00 -5.56990087e-01 -1.45070577e+00 5.90934277e-01
    -6.00175917e-01 -1.14953482e+00 1.03245521e+00 -4.29125965e-01
    -1.90879309e+00 1.48561573e+00 -2.12454498e-01 -2.03040528e+00
    1.81503582e+00 -5.11316657e-02 -2.08317161e+00 2.31747776e-01
    -8.33821818e-02 -1.29702306e+00 7.48455763e-01 1.80357710e-01
    -1.95322096e+00 1.14882183e+00 4.24523234e-01 -1.86816263e+00
    1.42890549e+00 5.53821504e-01 -1.73715258e+00 -4.21473384e-03
    3.91203672e-01 -1.18465543e+00 4.68546480e-01 7.02253938e-01
    -1.68527460e+00 8.38863611e-01 9.15602744e-01 -1.52500165e+00
    1.05422568e+00 1.00823903e+00 -1.31068635e+00 -1.82916939e-01
    9.54038918e-01 -9.09024060e-01 3.17179441e-01 1.32833636e+00
    -1.42536259e+00 5.79383433e-01 1.48824954e+00 -1.34506607e+00
    7.86738336e-01 1.60165918e+00 -1.26529908e+00</data></hand_left>
</opencv_storage>
