<?xml version="1.0"?>
<opencv_storage>
<hand_left type_id="opencv-matrix">
  <rows>21</rows>
  <cols>3</cols>
  <dt>f</dt>
  <data>
    -8.28422890e-06 -7.67765050e-06 3.67974462e-06 5.92417717e-01
    -3.86197627e-01 7.07835197e-01 1.33915162e+00 -6.54581666e-01
    -2.51821280e-02 1.73357046e+00 -5.63811541e-01 -8.27186584e-01
    1.95663452e+00 -5.55468917e-01 -1.45268893e+00 5.90255797e-01
    -6.00029349e-01 -1.14995468e+00 1.03075910e+00 -4.28843886e-01
    -1.90980315e+00 1.48365295e+00 -2.11747825e-01 -2.03213000e+00
    1.81299019e+00 -5.00472486e-02 -2.08544850e+00 2.30399877e-01
    -8.36439878e-02 -1.29722345e+00 7.46122241e-01 1.80337161e-01
    -1.95412946e+00 1.14643276e+00 4.24969822e-01 -1.86973357e+00
    1.42667580e+00 5.54674327e-01 -1.73917449e+00 -5.90668991e-03
    3.90749604e-01 -1.18479121e+00 4.66039151e-01 7.02078998e-01
    -1.68600619e+00 8.36342335e-01 9.15867507e-01 -1.52628541e+00
    1.05193961e+00 1.00885785e+00 -1.31230974e+00 -1.84860900e-01
    9.53498304e-01 -9.09180284e-01 3.14345717e-01 1.32811630e+00
    -1.42615736e+00 5.76519728e-01 1.48831677e+00 -1.34620190e+00
    7.83888936e-01 1.60196018e+00 -1.26664066e+00</data></hand_left>
</opencv_storage>
