<?xml version="1.0"?>
<opencv_storage>
<hand_left type_id="opencv-matrix">
  <rows>21</rows>
  <cols>3</cols>
  <dt>f</dt>
  <data>
    -8.29254623e-06 -7.67178972e-06 3.65531082e-06 5.91006637e-01
    -3.87935460e-01 7.07973063e-01 1.33849454e+00 -6.55880928e-01
    -2.43363529e-02 1.73423684e+00 -5.64362764e-01 -8.25603843e-01
    1.95814395e+00 -5.55229545e-01 -1.45071411e+00 5.91189682e-01
    -5.98737240e-01 -1.15008318e+00 1.03272116e+00 -4.26925480e-01
    -1.90926433e+00 1.48585534e+00 -2.10227102e-01 -2.03108072e+00
    1.81533396e+00 -4.88590002e-02 -2.08409071e+00 2.32045442e-01
    -8.17862824e-02 -1.29701757e+00 7.48679459e-01 1.82600409e-01
    -1.95302451e+00 1.14894593e+00 4.26616758e-01 -1.86828172e+00
    1.42901349e+00 5.55767953e-01 -1.73776829e+00 -3.96789238e-03
    3.92643929e-01 -1.18413424e+00 4.68743682e-01 7.04239726e-01
    -1.68443990e+00 8.38926136e-01 9.17403579e-01 -1.52437997e+00
    1.05424607e+00 1.00983775e+00 -1.31054258e+00 -1.82782233e-01
    9.55090880e-01 -9.07848477e-01 3.17259252e-01 1.33006835e+00
    -1.42375195e+00 5.79425275e-01 1.48990643e+00 -1.34336221e+00
    7.86771655e-01 1.60326290e+00 -1.26361549e+00</data></hand_left>
</opencv_storage>
