<?xml version="1.0"?>
<opencv_storage>
<hand_right type_id="opencv-matrix">
  <rows>21</rows>
  <cols>3</cols>
  <dt>f</dt>
  <data>
    -8.28824523e-06 -7.67598704e-06 3.66205472e-06 5.91685414e-01
    -3.87540370e-01 7.07636476e-01 1.33876038e+00 -6.55291915e-01
    -2.51728594e-02 1.73382509e+00 -5.63681602e-01 -8.26767862e-01
    1.95728576e+00 -5.54556608e-01 -1.45204496e+00 5.90691328e-01
    -5.98642945e-01 -1.15040255e+00 1.03170180e+00 -4.26682055e-01
    -1.90984190e+00 1.48478949e+00 -2.09702194e-01 -2.03190160e+00
    1.81429219e+00 -4.81026471e-02 -2.08506823e+00 2.31199458e-01
    -8.18825886e-02 -1.29715705e+00 7.47376442e-01 1.82703555e-01
    -1.95348275e+00 1.14771521e+00 4.26994085e-01 -1.86888087e+00
    1.42796969e+00 5.56393683e-01 -1.73836935e+00 -4.95818630e-03
    3.92452687e-01 -1.18420708e+00 4.67406064e-01 7.04243183e-01
    -1.68473947e+00 8.37652028e-01 9.17630553e-01 -1.52477169e+00
    1.05313134e+00 1.01023340e+00 -1.31084847e+00 -1.83846831e-01
    9.54852164e-01 -9.07895267e-01 3.15787852e-01 1.33002162e+00
    -1.42406106e+00 5.77962995e-01 1.48998845e+00 -1.34377921e+00
    7.85333872e-01 1.60343552e+00 -1.26403475e+00</data></hand_right>
</opencv_storage>
