<?xml version="1.0"?>
<opencv_storage>
<hand_right type_id="opencv-matrix">
  <rows>21</rows>
  <cols>3</cols>
  <dt>f</dt>
  <data>
    -8.29498731e-06 -7.67317397e-06 3.65648157e-06 5.91119885e-01
    -3.87999237e-01 7.07888603e-01 1.33845866e+00 -6.55997515e-01
    -2.45870948e-02 1.73399878e+00 -5.64420342e-01 -8.25954914e-01
    1.95780778e+00 -5.55291891e-01 -1.45113623e+00 5.90979397e-01
    -5.98764539e-01 -1.15021837e+00 1.03253329e+00 -4.26876962e-01
    -1.90934992e+00 1.48581290e+00 -2.10105896e-01 -2.03096676e+00
    1.81539881e+00 -4.86789346e-02 -2.08375049e+00 2.31847256e-01
    -8.17686170e-02 -1.29707420e+00 7.48533785e-01 1.82673961e-01
    -1.95306408e+00 1.14897001e+00 4.26729023e-01 -1.86810827e+00
    1.42919207e+00 5.55927515e-01 -1.73730886e+00 -4.10705432e-03
    3.92685592e-01 -1.18414867e+00 4.68707025e-01 7.04316318e-01
    -1.68437994e+00 8.38987648e-01 9.17461157e-01 -1.52409267e+00
    1.05435431e+00 1.00986910e+00 -1.30993938e+00 -1.82823509e-01
    9.55151618e-01 -9.07829702e-01 3.17307740e-01 1.33013582e+00
    -1.42368197e+00 5.79536080e-01 1.48994541e+00 -1.34319270e+00
    7.86905706e-01 1.60324848e+00 -1.26327372e+00</data></hand_right>
</opencv_storage>
