<?xml version="1.0"?>
<opencv_storage>
<hand_right type_id="opencv-matrix">
  <rows>21</rows>
  <cols>3</cols>
  <dt>f</dt>
  <data>
    -8.29716100e-06 -7.66882022e-06 3.65234928e-06 5.90625644e-01
    -3.88039589e-01 7.08222687e-01 1.33825195e+00 -6.56356096e-01
    -2.38069892e-02 1.73424029e+00 -5.65057993e-01 -8.24990511e-01
    1.95835733e+00 -5.56101382e-01 -1.45001423e+00 5.91392994e-01
    -5.99066973e-01 -1.14980078e+00 1.03328967e+00 -4.27476406e-01
    -1.90883040e+00 1.48666918e+00 -2.10878015e-01 -2.03056669e+00
    1.81636834e+00 -4.95384037e-02 -2.08349943e+00 2.32465282e-01
    -8.20253566e-02 -1.29691350e+00 7.49480367e-01 1.82127327e-01
    -1.95276213e+00 1.14992213e+00 4.26092058e-01 -1.86790264e+00
    1.43014133e+00 5.55263460e-01 -1.73727286e+00 -3.43766436e-03
    3.92489612e-01 -1.18418574e+00 4.69647050e-01 7.03899264e-01
    -1.68427670e+00 8.39896202e-01 9.16993856e-01 -1.52405167e+00
    1.05522776e+00 1.00942934e+00 -1.31005239e+00 -1.82173148e-01
    9.55010951e-01 -9.08043981e-01 3.18241477e-01 1.32980442e+00
    -1.42374504e+00 5.80468059e-01 1.48957634e+00 -1.34323096e+00
    7.87849784e-01 1.60286176e+00 -1.26332378e+00</data></hand_right>
</opencv_storage>
