<?xml version="1.0"?>
<opencv_storage>
<hand_left type_id="opencv-matrix">
  <rows>21</rows>
  <cols>3</cols>
  <dt>f</dt>
  <data>
    -8.29642886e-06 -7.67052916e-06 3.65330652e-06 5.90783119e-01
    -3.88061523e-01 7.08096743e-01 1.33830893e+00 -6.56245828e-01
    -2.40863711e-02 1.73415625e+00 -5.64824283e-01 -8.25319827e-01
    1.95815635e+00 -5.55752099e-01 -1.45039082e+00 5.91213822e-01
    -5.98977268e-01 -1.14995813e+00 1.03299999e+00 -4.27291095e-01
    -1.90903199e+00 1.48636532e+00 -2.10648626e-01 -2.03069711e+00
    1.81604326e+00 -4.92777526e-02 -2.08354330e+00 2.32235819e-01
    -8.19301829e-02 -1.29696751e+00 7.49128938e-01 1.82303593e-01
    -1.95288920e+00 1.14958990e+00 4.26282853e-01 -1.86804020e+00
    1.42982078e+00 5.55455446e-01 -1.73737764e+00 -3.66448611e-03
    3.92574608e-01 -1.18416810e+00 4.69340920e-01 7.04046488e-01
    -1.68431401e+00 8.39591146e-01 9.17135000e-01 -1.52408934e+00
    1.05491590e+00 1.00954461e+00 -1.31006932e+00 -1.82368577e-01
    9.55083132e-01 -9.07957017e-01 3.17963898e-01 1.32993758e+00
    -1.42370450e+00 5.80204487e-01 1.48970330e+00 -1.34318781e+00
    7.87573040e-01 1.60297227e+00 -1.26325965e+00</data></hand_left>
</opencv_storage>
