<?xml version="1.0"?>
<opencv_storage>
<hand_right type_id="opencv-matrix">
  <rows>21</rows>
  <cols>3</cols>
  <dt>f</dt>
  <data>
    -8.29466080e-06 -7.67405436e-06 3.65282767e-06 5.91126740e-01
    -3.88214231e-01 7.07742929e-01 1.33844471e+00 -6.55969977e-01
    -2.48454064e-02 1.73394716e+00 -5.64129651e-01 -8.26223493e-01
    1.95773649e+00 -5.54789841e-01 -1.45140517e+00 5.90955794e-01
    -5.98381877e-01 -1.15041268e+00 1.03247976e+00 -4.26259220e-01
    -1.90954185e+00 1.48586392e+00 -2.09397376e-01 -2.03128886e+00
    1.81558907e+00 -4.78610098e-02 -2.08417130e+00 2.31809571e-01
    -8.13553408e-02 -1.29708731e+00 7.48467028e-01 1.83276400e-01
    -1.95307112e+00 1.14902341e+00 4.27372575e-01 -1.86822581e+00
    1.42941904e+00 5.56638300e-01 -1.73754263e+00 -4.15791199e-03
    3.93051803e-01 -1.18401635e+00 4.68655646e-01 7.04847157e-01
    -1.68416202e+00 8.39011014e-01 9.17999268e-01 -1.52394021e+00
    1.05451608e+00 1.01043868e+00 -1.30986416e+00 -1.82890609e-01
    9.55407739e-01 -9.07523334e-01 3.17232072e-01 1.33058918e+00
    -1.42328715e+00 5.79520345e-01 1.49041069e+00 -1.34279227e+00
    7.86967933e-01 1.60371733e+00 -1.26282525e+00</data></hand_right>
</opencv_storage>
