<?xml version="1.0"?>
<opencv_storage>
<hand_left type_id="opencv-matrix">
  <rows>21</rows>
  <cols>3</cols>
  <dt>f</dt>
  <data>
    -8.29251894e-06 -7.67127131e-06 3.65524352e-06 5.90983927e-01
    -3.87737662e-01 7.08061337e-01 1.33846736e+00 -6.55833602e-01
    -2.41690278e-02 1.73416650e+00 -5.64472198e-01 -8.25480223e-01
    1.95806968e+00 -5.55467069e-01 -1.45056081e+00 5.91224074e-01
    -5.98975718e-01 -1.14990771e+00 1.03276467e+00 -4.27335888e-01
    -1.90914392e+00 1.48603988e+00 -2.10593283e-01 -2.03118277e+00
    1.81570578e+00 -4.91155982e-02 -2.08436108e+00 2.32059970e-01
    -8.20899531e-02 -1.29695117e+00 7.48699903e-01 1.82138115e-01
    -1.95306826e+00 1.14910197e+00 4.26264793e-01 -1.86855555e+00
    1.42937946e+00 5.55590391e-01 -1.73820972e+00 -3.98168713e-03
    3.92344505e-01 -1.18421376e+00 4.68786567e-01 7.03852296e-01
    -1.68452644e+00 8.39008927e-01 9.17111337e-01 -1.52459490e+00
    1.05443549e+00 1.00970030e+00 -1.31083989e+00 -1.82839766e-01
    9.54817057e-01 -9.08077300e-01 3.17238152e-01 1.32974184e+00
    -1.42400360e+00 5.79452991e-01 1.48962569e+00 -1.34364688e+00
    7.86852300e-01 1.60301864e+00 -1.26384568e+00</data></hand_left>
</opencv_storage>
