<?xml version="1.0"?>
<opencv_storage>
<hand_right type_id="opencv-matrix">
  <rows>21</rows>
  <cols>3</cols>
  <dt>f</dt>
  <data>
    -8.29207784e-06 -7.67271376e-06 3.66341533e-06 5.91377974e-01
    -3.87291044e-01 7.08035827e-01 1.33858681e+00 -6.55639172e-01
    -2.44393647e-02 1.73387241e+00 -5.64545095e-01 -8.25991809e-01
    1.95752561e+00 -5.55839539e-01 -1.45122361e+00 5.90866208e-01
    -5.99468708e-01 -1.14987850e+00 1.03216863e+00 -4.28047001e-01
    -1.90925395e+00 1.48542368e+00 -2.11216927e-01 -2.03127813e+00
    1.81505179e+00 -4.96841669e-02 -2.08437824e+00 2.31562212e-01
    -8.26923326e-02 -1.29703057e+00 7.48018742e-01 1.81371301e-01
    -1.95336175e+00 1.14847958e+00 4.25631881e-01 -1.86877346e+00
    1.42881215e+00 5.55069506e-01 -1.73822415e+00 -4.49344888e-03
    3.91774029e-01 -1.18442607e+00 4.68132645e-01 7.03147054e-01
    -1.68496943e+00 8.38433862e-01 9.16531920e-01 -1.52498829e+00
    1.05392897e+00 1.00922632e+00 -1.31101024e+00 -1.83298737e-01
    9.54381526e-01 -9.08500910e-01 3.16636503e-01 1.32910800e+00
    -1.42471957e+00 5.78874230e-01 1.48905504e+00 -1.34442854e+00
    7.86286235e-01 1.60248923e+00 -1.26461780e+00</data></hand_right>
</opencv_storage>
