<?xml version="1.0"?>
<opencv_storage>
<hand_right type_id="opencv-matrix">
  <rows>21</rows>
  <cols>3</cols>
  <dt>f</dt>
  <data>
    -8.29109285e-06 -7.67451365e-06 3.65833966e-06 5.91399014e-01
    -3.87897402e-01 7.07699358e-01 1.33863652e+00 -6.55626714e-01
    -2.49813795e-02 1.73399520e+00 -5.63917756e-01 -8.26421142e-01
    1.95765758e+00 -5.54690242e-01 -1.45166278e+00 5.90845644e-01
    -5.98494172e-01 -1.15040696e+00 1.03208137e+00 -4.26455319e-01
    -1.90968120e+00 1.48517561e+00 -2.09604353e-01 -2.03153658e+00
    1.81462657e+00 -4.81333733e-02 -2.08455276e+00 2.31540084e-01
    -8.15884545e-02 -1.29713202e+00 7.47919917e-01 1.83019266e-01
    -1.95325851e+00 1.14823592e+00 4.27136630e-01 -1.86848819e+00
    1.42840815e+00 5.56364357e-01 -1.73789024e+00 -4.51255590e-03
    3.92788082e-01 -1.18409514e+00 4.67984378e-01 7.04552650e-01
    -1.68450296e+00 8.38254690e-01 9.17791545e-01 -1.52444768e+00
    1.05372357e+00 1.01026750e+00 -1.31051528e+00 -1.83308855e-01
    9.55178916e-01 -9.07675624e-01 3.16510677e-01 1.33029926e+00
    -1.42370892e+00 5.78706264e-01 1.49018943e+00 -1.34338105e+00
    7.86109209e-01 1.60358965e+00 -1.26363957e+00</data></hand_right>
</opencv_storage>
