<?xml version="1.0"?>
<opencv_storage>
<hand_right type_id="opencv-matrix">
  <rows>21</rows>
  <cols>3</cols>
  <dt>f</dt>
  <data>
    -8.29811688e-06 -7.67009260e-06 3.65249389e-06 5.90732932e-01
    -3.88096273e-01 7.08137572e-01 1.33829081e+00 -6.56343102e-01
    -2.40312219e-02 1.73415112e+00 -5.64932823e-01 -8.25284958e-01
    1.95821142e+00 -5.55920780e-01 -1.45037246e+00 5.91307938e-01
    -5.98937392e-01 -1.14994586e+00 1.03317964e+00 -4.27210927e-01
    -1.90896368e+00 1.48662877e+00 -2.10525483e-01 -2.03064871e+00
    1.81639552e+00 -4.91167009e-02 -2.08352447e+00 2.32345521e-01
    -8.18823427e-02 -1.29696643e+00 7.49364376e-01 1.82396233e-01
    -1.95279622e+00 1.14990115e+00 4.26415682e-01 -1.86782146e+00
    1.43024099e+00 5.55645347e-01 -1.73704171e+00 -3.55884060e-03
    3.92619878e-01 -1.18416584e+00 4.69546139e-01 7.04126477e-01
    -1.68420517e+00 8.39872599e-01 9.17245626e-01 -1.52387404e+00
    1.05529892e+00 1.00969911e+00 -1.30970550e+00 -1.82277873e-01
    9.55117941e-01 -9.07951295e-01 3.18151951e-01 1.32999003e+00
    -1.42361915e+00 5.80417633e-01 1.48977268e+00 -1.34306824e+00
    7.87844360e-01 1.60306466e+00 -1.26307416e+00</data></hand_right>
</opencv_storage>
