<?xml version="1.0"?>
<opencv_storage>
<hand_left type_id="opencv-matrix">
  <rows>21</rows>
  <cols>3</cols>
  <dt>f</dt>
  <data>
    -8.29145392e-06 -7.67492929e-06 3.66292238e-06 5.91503203e-01
    -3.87557983e-01 7.07848310e-01 1.33872032e+00 -6.55543983e-01
    -2.48099566e-02 1.73399234e+00 -5.64105272e-01 -8.26332390e-01
    1.95761287e+00 -5.55124640e-01 -1.45162213e+00 5.90838909e-01
    -5.98949909e-01 -1.15022194e+00 1.03206897e+00 -4.27151263e-01
    -1.90954363e+00 1.48513019e+00 -2.10294962e-01 -2.03132200e+00
    1.81452823e+00 -4.88332510e-02 -2.08424902e+00 2.31481701e-01
    -8.21149647e-02 -1.29715061e+00 7.47877121e-01 1.82305619e-01
    -1.95334065e+00 1.14817119e+00 4.26487446e-01 -1.86845231e+00
    1.42827559e+00 5.55755615e-01 -1.73768723e+00 -4.59412485e-03
    3.92303884e-01 -1.18429065e+00 4.67906058e-01 7.03918815e-01
    -1.68481016e+00 8.38167131e-01 9.17232513e-01 -1.52466786e+00
    1.05358195e+00 1.00976205e+00 -1.31057680e+00 -1.83403283e-01
    9.54824746e-01 -9.08090472e-01 3.16417515e-01 1.32975376e+00
    -1.42426789e+00 5.78597963e-01 1.48967957e+00 -1.34394526e+00
    7.85958409e-01 1.60309947e+00 -1.26419103e+00</data></hand_left>
</opencv_storage>
