<?xml version="1.0"?>
<opencv_storage>
<hand_right type_id="opencv-matrix">
  <rows>21</rows>
  <cols>3</cols>
  <dt>f</dt>
  <data>
    -8.29754390e-06 -7.67056099e-06 3.66207155e-06 5.90986252e-01
    -3.87082398e-01 7.08527029e-01 1.33853006e+00 -6.55935407e-01
    -2.34921575e-02 1.73418331e+00 -5.65261185e-01 -8.24947715e-01
    1.95816696e+00 -5.56895971e-01 -1.45013034e+00 5.91342866e-01
    -6.00116789e-01 -1.14934886e+00 1.03314495e+00 -4.29069698e-01
    -1.90854871e+00 1.48665607e+00 -2.12288380e-01 -2.03038073e+00
    1.81647837e+00 -5.07405698e-02 -2.08329558e+00 2.32201546e-01
    -8.33276808e-02 -1.29691565e+00 7.49140203e-01 1.80393443e-01
    -1.95308161e+00 1.14977098e+00 4.24709141e-01 -1.86827993e+00
    1.43025839e+00 5.54266572e-01 -1.73745596e+00 -3.82467732e-03
    3.91245395e-01 -1.18463993e+00 4.69230354e-01 7.02348888e-01
    -1.68501484e+00 8.39603841e-01 9.15796399e-01 -1.52480853e+00
    1.05513549e+00 1.00860977e+00 -1.31052077e+00 -1.82660118e-01
    9.54028726e-01 -9.09066260e-01 3.17716718e-01 1.32845557e+00
    -1.42517328e+00 5.80018461e-01 1.48842382e+00 -1.34475636e+00
    7.87484705e-01 1.60187364e+00 -1.26473308e+00</data></hand_right>
</opencv_storage>
