<?xml version="1.0"?>
<opencv_storage>
<hand_left type_id="opencv-matrix">
  <rows>21</rows>
  <cols>3</cols>
  <dt>f</dt>
  <data>
    -8.29408691e-06 -7.67170695e-06 3.65263304e-06 5.90924144e-01
    -3.88090640e-01 7.07939029e-01 1.33838618e+00 -6.56037807e-01
    -2.43853182e-02 1.73411095e+00 -5.64434767e-01 -8.25669944e-01
    1.95802152e+00 -5.55235207e-01 -1.45075738e+00 5.91173708e-01
    -5.98638177e-01 -1.15013719e+00 1.03278899e+00 -4.26759243e-01
    -1.90928578e+00 1.48611057e+00 -2.10019708e-01 -2.03114533e+00
    1.81579542e+00 -4.85695601e-02 -2.08416724e+00 2.32082993e-01
    -8.16388130e-02 -1.29700184e+00 7.48816729e-01 1.82786733e-01
    -1.95298183e+00 1.14925218e+00 4.26830590e-01 -1.86826313e+00
    1.42952108e+00 5.56057930e-01 -1.73774886e+00 -3.89596447e-03
    3.92793506e-01 -1.18408585e+00 4.68966872e-01 7.04438508e-01
    -1.68425202e+00 8.39210987e-01 9.17581797e-01 -1.52413678e+00
    1.05459499e+00 1.01002872e+00 -1.31023097e+00 -1.82680756e-01
    9.55200315e-01 -9.07743633e-01 3.17490488e-01 1.33025289e+00
    -1.42350245e+00 5.79715133e-01 1.49006307e+00 -1.34302938e+00
    7.87101626e-01 1.60337567e+00 -1.26314712e+00</data></hand_left>
</opencv_storage>
