<?xml version="1.0"?>
<opencv_storage>
<hand_right type_id="opencv-matrix">
  <rows>21</rows>
  <cols>3</cols>
  <dt>f</dt>
  <data>
    -8.29471173e-06 -7.67848633e-06 3.66003360e-06 5.91771483e-01
    -3.87899399e-01 7.07500458e-01 1.33873534e+00 -6.55610681e-01
    -2.56100744e-02 1.73361266e+00 -5.63716173e-01 -8.27338934e-01
    1.95704412e+00 -5.54463744e-01 -1.45278692e+00 5.90480745e-01
    -5.98428786e-01 -1.15074360e+00 1.03169119e+00 -4.26130772e-01
    -1.90999329e+00 1.48513889e+00 -2.08970487e-01 -2.03168106e+00
    1.81491578e+00 -4.72148359e-02 -2.08442307e+00 2.31068298e-01
    -8.15116763e-02 -1.29729104e+00 7.47506618e-01 1.83325037e-01
    -1.95344460e+00 1.14827228e+00 4.27692473e-01 -1.86833632e+00
    1.42892146e+00 5.57192922e-01 -1.73720217e+00 -4.97128442e-03
    3.92864823e-01 -1.18414783e+00 4.67668712e-01 7.04810619e-01
    -1.68444848e+00 8.38245630e-01 9.18174446e-01 -1.52403545e+00
    1.05402088e+00 1.01076603e+00 -1.30949450e+00 -1.83685288e-01
    9.55259085e-01 -9.07655537e-01 3.16227555e-01 1.33051264e+00
    -1.42367768e+00 5.78605294e-01 1.49045861e+00 -1.34322512e+00
    7.86152244e-01 1.60384345e+00 -1.26314187e+00</data></hand_right>
</opencv_storage>
