<?xml version="1.0"?>
<opencv_storage>
<hand_right type_id="opencv-matrix">
  <rows>21</rows>
  <cols>3</cols>
  <dt>f</dt>
  <data>
    -8.29252440e-06 -7.67549409e-06 3.65093911e-06 5.91307640e-01
    -3.88673127e-01 7.07318485e-01 1.33839107e+00 -6.55965388e-01
    -2.56465375e-02 1.73369312e+00 -5.63634276e-01 -8.27046514e-01
    1.95728517e+00 -5.53901374e-01 -1.45226526e+00 5.90577602e-01
    -5.97695291e-01 -1.15093660e+00 1.03185153e+00 -4.25137579e-01
    -1.91008103e+00 1.48513293e+00 -2.08258718e-01 -2.03179979e+00
    1.81475389e+00 -4.67565358e-02 -2.08464837e+00 2.31415018e-01
    -8.05667415e-02 -1.29718196e+00 7.47823000e-01 1.84413314e-01
    -1.95317900e+00 1.14832890e+00 4.28383470e-01 -1.86835420e+00
    1.42863595e+00 5.57475984e-01 -1.73776221e+00 -4.49232385e-03
    3.93777430e-01 -1.18375313e+00 4.68107104e-01 7.05826819e-01
    -1.68390107e+00 8.38454962e-01 9.18819964e-01 -1.52372503e+00
    1.05394363e+00 1.01107132e+00 -1.30979550e+00 -1.83113635e-01
    9.55967009e-01 -9.06856656e-01 3.16804945e-01 1.33141923e+00
    -1.42257762e+00 5.79091191e-01 1.49116111e+00 -1.34210443e+00
    7.86520898e-01 1.60438967e+00 -1.26221061e+00</data></hand_right>
</opencv_storage>
