<?xml version="1.0"?>
<opencv_storage>
<hand_left type_id="opencv-matrix">
  <rows>21</rows>
  <cols>3</cols>
  <dt>f</dt>
  <data>
    -8.29268629e-06 -7.67526217e-06 3.66367567e-06 5.91556668e-01
    -3.87387604e-01 7.07912922e-01 1.33873367e+00 -6.55543327e-01
    -2.47461051e-02 1.73390150e+00 -5.64233899e-01 -8.26359332e-01
    1.95749474e+00 -5.55402875e-01 -1.45167124e+00 5.90816438e-01
    -5.99181950e-01 -1.15013671e+00 1.03208053e+00 -4.27491039e-01
    -1.90949285e+00 1.48531461e+00 -2.10552096e-01 -2.03136086e+00
    1.81491327e+00 -4.89711165e-02 -2.08433199e+00 2.31427193e-01
    -8.23887885e-02 -1.29714751e+00 7.47875690e-01 1.81937397e-01
    -1.95341206e+00 1.14835191e+00 4.26246911e-01 -1.86856759e+00
    1.42868614e+00 5.55693209e-01 -1.73775613e+00 -4.66444716e-03
    3.92046630e-01 -1.18439674e+00 4.67934012e-01 7.03611672e-01
    -1.68490088e+00 8.38283241e-01 9.17023063e-01 -1.52473760e+00
    1.05380988e+00 1.00968313e+00 -1.31053030e+00 -1.83487892e-01
    9.54616010e-01 -9.08320963e-01 3.16401899e-01 1.32950342e+00
    -1.42451811e+00 5.78642845e-01 1.48947012e+00 -1.34417903e+00
    7.86056638e-01 1.60291195e+00 -1.26431370e+00</data></hand_left>
</opencv_storage>
