<?xml version="1.0"?>
<opencv_storage>
<hand_left type_id="opencv-matrix">
  <rows>21</rows>
  <cols>3</cols>
  <dt>f</dt>
  <data>
    -8.29839792e-06 -7.66875019e-06 3.65271580e-06 5.90530097e-01
    -3.88043910e-01 7.08319664e-01 1.33822858e+00 -6.56443477e-01
    -2.35973001e-02 1.73433173e+00 -5.65214038e-01 -8.24711621e-01
    1.95851874e+00 -5.56287050e-01 -1.44971299e+00 5.91466784e-01
    -5.99211156e-01 -1.14970708e+00 1.03346527e+00 -4.27701443e-01
    -1.90869105e+00 1.48682523e+00 -2.11173594e-01 -2.03025818e+00
    1.81647396e+00 -4.99038696e-02 -2.08305454e+00 2.32599214e-01
    -8.21358114e-02 -1.29689658e+00 7.49679267e-01 1.81927979e-01
    -1.95272017e+00 1.15007818e+00 4.25831407e-01 -1.86780405e+00
    1.43021417e+00 5.54942846e-01 -1.73712218e+00 -3.26977298e-03
    3.92416477e-01 -1.18422604e+00 4.69873071e-01 7.03744769e-01
    -1.68431807e+00 8.40073228e-01 9.16791320e-01 -1.52405226e+00
    1.05530894e+00 1.00918126e+00 -1.31002760e+00 -1.81978658e-01
    9.54990208e-01 -9.08134639e-01 3.18505406e-01 1.32969403e+00
    -1.42382741e+00 5.80716193e-01 1.48943198e+00 -1.34328687e+00
    7.88058996e-01 1.60269940e+00 -1.26337290e+00</data></hand_left>
</opencv_storage>
