<?xml version="1.0"?>
<opencv_storage>
<hand_left type_id="opencv-matrix">
  <rows>21</rows>
  <cols>3</cols>
  <dt>f</dt>
  <data>
    -8.29254986e-06 -7.67042820e-06 3.66061590e-06 5.91117561e-01
    -3.87363493e-01 7.08170414e-01 1.33849406e+00 -6.55780196e-01
    -2.40812749e-02 1.73401785e+00 -5.64764500e-01 -8.25536370e-01
    1.95782197e+00 -5.56056380e-01 -1.45067930e+00 5.91126263e-01
    -5.99466622e-01 -1.14971900e+00 1.03255320e+00 -4.28135812e-01
    -1.90909040e+00 1.48583007e+00 -2.11392194e-01 -2.03127980e+00
    1.81552315e+00 -4.98935580e-02 -2.08458972e+00 2.31905133e-01
    -8.26694518e-02 -1.29695070e+00 7.48490512e-01 1.81319311e-01
    -1.95321763e+00 1.14890981e+00 4.25533146e-01 -1.86876023e+00
    1.42925692e+00 5.54964304e-01 -1.73839593e+00 -4.15405259e-03
    3.91801536e-01 -1.18440235e+00 4.68592644e-01 7.03135967e-01
    -1.68484402e+00 8.38825941e-01 9.16491747e-01 -1.52494085e+00
    1.05429149e+00 1.00919306e+00 -1.31110561e+00 -1.83010414e-01
    9.54389870e-01 -9.08504367e-01 3.17051589e-01 1.32910919e+00
    -1.42458665e+00 5.79257607e-01 1.48903084e+00 -1.34426522e+00
    7.86664784e-01 1.60247099e+00 -1.26445234e+00</data></hand_left>
</opencv_storage>
