<?xml version="1.0"?>
<opencv_storage>
<hand_right type_id="opencv-matrix">
  <rows>21</rows>
  <cols>3</cols>
  <dt>f</dt>
  <data>
    -8.29118289e-06 -7.67207621e-06 3.65586743e-06 5.91152728e-01
    -3.87778580e-01 7.07889795e-01 1.33848619e+00 -6.55743182e-01
    -2.45434791e-02 1.73397815e+00 -5.64257503e-01 -8.25964093e-01
    1.95772505e+00 -5.55159748e-01 -1.45109415e+00 5.91042161e-01
    -5.98778963e-01 -1.15010548e+00 1.03240216e+00 -4.27017719e-01
    -1.90943623e+00 1.48569000e+00 -2.10204601e-01 -2.03161144e+00
    1.81540799e+00 -4.86565828e-02 -2.08489680e+00 2.31804535e-01
    -8.19041431e-02 -1.29700136e+00 7.48298407e-01 1.82446480e-01
    -1.95321000e+00 1.14872992e+00 4.26615953e-01 -1.86878252e+00
    1.42909622e+00 5.55986285e-01 -1.73849869e+00 -4.25732136e-03
    3.92494261e-01 -1.18416464e+00 4.68429387e-01 7.04119980e-01
    -1.68448615e+00 8.38650405e-01 9.17390585e-01 -1.52458286e+00
    1.05411363e+00 1.00997567e+00 -1.31082785e+00 -1.83111802e-01
    9.54906404e-01 -9.07922745e-01 3.16875696e-01 1.32995963e+00
    -1.42384517e+00 5.79090059e-01 1.48984385e+00 -1.34346962e+00
    7.86491573e-01 1.60323381e+00 -1.26362789e+00</data></hand_right>
</opencv_storage>
