<?xml version="1.0"?>
<opencv_storage>
<hand_left type_id="opencv-matrix">
  <rows>21</rows>
  <cols>3</cols>
  <dt>f</dt>
  <data>
    -8.29172586e-06 -7.67118308e-06 3.66047243e-06 5.91179967e-01
    -3.87387156e-01 7.08103657e-01 1.33853674e+00 -6.55692816e-01
    -2.42069364e-02 1.73401904e+00 -5.64583540e-01 -8.25665593e-01
    1.95779526e+00 -5.55810869e-01 -1.45081747e+00 5.91109633e-01
    -5.99314392e-01 -1.14980125e+00 1.03248525e+00 -4.27877307e-01
    -1.90916896e+00 1.48572040e+00 -2.11094558e-01 -2.03136182e+00
    1.81538057e+00 -4.95800972e-02 -2.08468223e+00 2.31845215e-01
    -8.25311020e-02 -1.29696858e+00 7.48383999e-01 1.81560874e-01
    -1.95321774e+00 1.14877665e+00 4.25790668e-01 -1.86873293e+00
    1.42910230e+00 5.55222988e-01 -1.73836112e+00 -4.24084067e-03
    3.91910672e-01 -1.18436360e+00 4.68448132e-01 7.03324020e-01
    -1.68480182e+00 8.38683188e-01 9.16695237e-01 -1.52489746e+00
    1.05417037e+00 1.00939775e+00 -1.31106806e+00 -1.83122724e-01
    9.54459488e-01 -9.08401787e-01 3.16872835e-01 1.32925653e+00
    -1.42448056e+00 5.79070032e-01 1.48919320e+00 -1.34417713e+00
    7.86479294e-01 1.60264933e+00 -1.26439607e+00</data></hand_left>
</opencv_storage>
