<?xml version="1.0"?>
<opencv_storage>
<hand_left type_id="opencv-matrix">
  <rows>21</rows>
  <cols>3</cols>
  <dt>f</dt>
  <data>
    -8.29229248e-06 -7.67204347e-06 3.65395022e-06 5.91037273e-01
    -3.88009638e-01 7.07880139e-01 1.33844805e+00 -6.55886531e-01
    -2.45096982e-02 1.73408914e+00 -5.64271927e-01 -8.25827599e-01
    1.95793068e+00 -5.55068135e-01 -1.45092261e+00 5.91117322e-01
    -5.98589838e-01 -1.15018010e+00 1.03260016e+00 -4.26696658e-01
    -1.90939343e+00 1.48583078e+00 -2.09940344e-01 -2.03133821e+00
    1.81544495e+00 -4.84912694e-02 -2.08444548e+00 2.31953666e-01
    -8.16366449e-02 -1.29701674e+00 7.48552322e-01 1.82815388e-01
    -1.95306516e+00 1.14891183e+00 4.26875263e-01 -1.86843491e+00
    1.42912102e+00 5.56099892e-01 -1.73802423e+00 -4.06511873e-03
    3.92768383e-01 -1.18408597e+00 4.68663901e-01 7.04439640e-01
    -1.68433380e+00 8.38871539e-01 9.17612672e-01 -1.52431202e+00
    1.05424297e+00 1.01007318e+00 -1.31050944e+00 -1.82882726e-01
    9.55156147e-01 -9.07732844e-01 3.17151755e-01 1.33024240e+00
    -1.42357314e+00 5.79344869e-01 1.49007797e+00 -1.34316218e+00
    7.86710441e-01 1.60341763e+00 -1.26336098e+00</data></hand_left>
</opencv_storage>
