<?xml version="1.0"?>
<opencv_storage>
<hand_left type_id="opencv-matrix">
  <rows>21</rows>
  <cols>3</cols>
  <dt>f</dt>
  <data>
    -8.30010777e-06 -7.66669382e-06 3.65378673e-06 5.90397716e-01
    -3.87802303e-01 7.08549619e-01 1.33816361e+00 -6.56571388e-01
    -2.31690258e-02 1.73434377e+00 -5.65688610e-01 -8.24295640e-01
    1.95862019e+00 -5.57032287e-01 -1.44928563e+00 5.91580153e-01
    -5.99698246e-01 -1.14938235e+00 1.03372002e+00 -4.28503275e-01
    -1.90835869e+00 1.48721540e+00 -2.11999416e-01 -2.03001976e+00
    1.81699598e+00 -5.07005155e-02 -2.08288145e+00 2.32771739e-01
    -8.26641470e-02 -1.29681945e+00 7.50014126e-01 1.81124121e-01
    -1.95265937e+00 1.15053189e+00 4.25096154e-01 -1.86778009e+00
    1.43081737e+00 5.54330766e-01 -1.73707128e+00 -3.08325514e-03
    3.91942859e-01 -1.18437290e+00 4.70218509e-01 7.03064501e-01
    -1.68446279e+00 8.40490222e-01 9.16191101e-01 -1.52420139e+00
    1.05582166e+00 1.00871766e+00 -1.31010401e+00 -1.81797013e-01
    9.54623282e-01 -9.08536613e-01 3.18845451e-01 1.32910919e+00
    -1.42426145e+00 5.81103623e-01 1.48888183e+00 -1.34372902e+00
    7.88510799e-01 1.60218251e+00 -1.26375806e+00</data></hand_left>
</opencv_storage>
