<?xml version="1.0"?>
<opencv_storage>
<hand_right type_id="opencv-matrix">
  <rows>21</rows>
  <cols>3</cols>
  <dt>f</dt>
  <data>
    -8.28876000e-06 -7.67417441e-06 3.66077552e-06 5.91506541e-01
    -3.87466192e-01 7.07790613e-01 1.33866513e+00 -6.55398369e-01
    -2.48568207e-02 1.73385227e+00 -5.63968241e-01 -8.26429188e-01
    1.95740175e+00 -5.54957032e-01 -1.45165288e+00 5.90812743e-01
    -5.98901093e-01 -1.15017235e+00 1.03190494e+00 -4.27174032e-01
    -1.90964556e+00 1.48508763e+00 -2.10259765e-01 -2.03189468e+00
    1.81471503e+00 -4.86481488e-02 -2.08521581e+00 2.31397673e-01
    -8.21426585e-02 -1.29707098e+00 7.47641861e-01 1.82213470e-01
    -1.95345819e+00 1.14804387e+00 4.26502109e-01 -1.86908245e+00
    1.42839944e+00 5.55957675e-01 -1.73878706e+00 -4.73741442e-03
    3.92227769e-01 -1.18425858e+00 4.67720538e-01 7.03862548e-01
    -1.68478715e+00 8.37966502e-01 9.17257071e-01 -1.52496171e+00
    1.05348659e+00 1.00993502e+00 -1.31119382e+00 -1.83625892e-01
    9.54672873e-01 -9.08085823e-01 3.16122860e-01 1.32971001e+00
    -1.42425132e+00 5.78332305e-01 1.48967612e+00 -1.34397817e+00
    7.85739541e-01 1.60313153e+00 -1.26421058e+00</data></hand_right>
</opencv_storage>
