<?xml version="1.0"?>
<opencv_storage>
<hand_right type_id="opencv-matrix">
  <rows>21</rows>
  <cols>3</cols>
  <dt>f</dt>
  <data>
    -8.29808778e-06 -7.66900030e-06 3.64737025e-06 5.90492487e-01
    -3.88534486e-01 7.08047628e-01 1.33813214e+00 -6.56554878e-01
    -2.40587592e-02 1.73421907e+00 -5.64878047e-01 -8.25147092e-01
    1.95838559e+00 -5.55599153e-01 -1.45014119e+00 5.91389656e-01
    -5.98509192e-01 -1.15008020e+00 1.03336442e+00 -4.26572263e-01
    -1.90898621e+00 1.48677611e+00 -2.09986776e-01 -2.03059006e+00
    1.81649184e+00 -4.86810505e-02 -2.08343410e+00 2.32558548e-01
    -8.13317373e-02 -1.29693007e+00 7.49643981e-01 1.83091760e-01
    -1.95260477e+00 1.15009820e+00 4.26933020e-01 -1.86763406e+00
    1.43030763e+00 5.55974126e-01 -1.73697734e+00 -3.27932462e-03
    3.93154055e-01 -1.18395603e+00 4.69867408e-01 7.04757512e-01
    -1.68385649e+00 8.40124607e-01 9.17699099e-01 -1.52354097e+00
    1.05544269e+00 1.00998116e+00 -1.30955088e+00 -1.81952164e-01
    9.55541790e-01 -9.07513678e-01 3.18534374e-01 1.33054447e+00
    -1.42298222e+00 5.80769897e-01 1.49022961e+00 -1.34238553e+00
    7.88160324e-01 1.60343981e+00 -1.26244354e+00</data></hand_right>
</opencv_storage>
