<?xml version="1.0"?>
<opencv_storage>
<hand_left type_id="opencv-matrix">
  <rows>21</rows>
  <cols>3</cols>
  <dt>f</dt>
  <data>
    -8.28628708e-06 -7.67723304e-06 3.67671919e-06 5.92262864e-01
    -3.86483073e-01 7.07810760e-01 1.33903277e+00 -6.54824615e-01
    -2.51866728e-02 1.73355293e+00 -5.63917875e-01 -8.27127397e-01
    1.95669544e+00 -5.55468559e-01 -1.45260859e+00 5.90296447e-01
    -5.99835932e-01 -1.15003729e+00 1.03094912e+00 -4.28518921e-01
    -1.90976870e+00 1.48392558e+00 -2.11449295e-01 -2.03195000e+00
    1.81331587e+00 -4.97775376e-02 -2.08513761e+00 2.30548501e-01
    -8.33512843e-02 -1.29721999e+00 7.46432304e-01 1.80725694e-01
    -1.95397341e+00 1.14680040e+00 4.25282836e-01 -1.86940420e+00
    1.42706835e+00 5.54916978e-01 -1.73870909e+00 -5.69067523e-03
    3.91054034e-01 -1.18469536e+00 4.66405272e-01 7.02444196e-01
    -1.68574429e+00 8.36740375e-01 9.16133106e-01 -1.52586448e+00
    1.05232048e+00 1.00902665e+00 -1.31176221e+00 -1.84583932e-01
    9.53763843e-01 -9.08962846e-01 3.14777702e-01 1.32843649e+00
    -1.42576110e+00 5.76973677e-01 1.48857045e+00 -1.34570134e+00
    7.84349680e-01 1.60215080e+00 -1.26604855e+00</data></hand_left>
</opencv_storage>
