<?xml version="1.0"?>
<opencv_storage>
<hand_right type_id="opencv-matrix">
  <rows>21</rows>
  <cols>3</cols>
  <dt>f</dt>
  <data>
    -8.29025157e-06 -7.67512574e-06 3.65994606e-06 5.91532648e-01
    -3.87656331e-01 7.07726479e-01 1.33870661e+00 -6.55486941e-01
    -2.50001699e-02 1.73391187e+00 -5.63892901e-01 -8.26559067e-01
    1.95747876e+00 -5.54775357e-01 -1.45182145e+00 5.90784669e-01
    -5.98708391e-01 -1.15035093e+00 1.03195834e+00 -4.26782668e-01
    -1.90973282e+00 1.48514771e+00 -2.09842831e-01 -2.03174877e+00
    1.81473804e+00 -4.82514799e-02 -2.08485675e+00 2.31387958e-01
    -8.18816125e-02 -1.29714906e+00 7.47716546e-01 1.82641134e-01
    -1.95342040e+00 1.14814460e+00 4.26897794e-01 -1.86877751e+00
    1.42845464e+00 5.56283832e-01 -1.73822403e+00 -4.71898541e-03
    3.92493725e-01 -1.18421233e+00 4.67781991e-01 7.04226315e-01
    -1.68468761e+00 8.38080347e-01 9.17574763e-01 -1.52468038e+00
    1.05358636e+00 1.01016581e+00 -1.31073332e+00 -1.83565095e-01
    9.54924822e-01 -9.07917023e-01 3.16215932e-01 1.33003616e+00
    -1.42403924e+00 5.78441978e-01 1.48998070e+00 -1.34372187e+00
    7.85843670e-01 1.60339761e+00 -1.26391935e+00</data></hand_right>
</opencv_storage>
