<?xml version="1.0"?>
<opencv_storage>
<hand_left type_id="opencv-matrix">
  <rows>21</rows>
  <cols>3</cols>
  <dt>f</dt>
  <data>
    -8.29360033e-06 -7.66771336e-06 3.65803771e-06 5.90760112e-01
    -3.87370050e-01 7.08436370e-01 1.33837950e+00 -6.55996978e-01
    -2.34580636e-02 1.73427057e+00 -5.65175891e-01 -8.24746490e-01
    1.95830226e+00 -5.56568503e-01 -1.44977081e+00 5.91440916e-01
    -5.99734187e-01 -1.14939964e+00 1.03315187e+00 -4.28633571e-01
    -1.90868330e+00 1.48645794e+00 -2.12034225e-01 -2.03080893e+00
    1.81615400e+00 -5.06354570e-02 -2.08406973e+00 2.32367277e-01
    -8.29017758e-02 -1.29684627e+00 7.49185026e-01 1.80862755e-01
    -1.95301652e+00 1.14955461e+00 4.24984396e-01 -1.86857665e+00
    1.42978132e+00 5.54336846e-01 -1.73827553e+00 -3.65709886e-03
    3.91624421e-01 -1.18445230e+00 4.69279170e-01 7.02783227e-01
    -1.68482935e+00 8.39431167e-01 9.16074514e-01 -1.52492702e+00
    1.05474389e+00 1.00873435e+00 -1.31118381e+00 -1.82530433e-01
    9.54278886e-01 -9.08699036e-01 3.17724138e-01 1.32884479e+00
    -1.42469954e+00 5.79905391e-01 1.48872626e+00 -1.34433210e+00
    7.87253439e-01 1.60212386e+00 -1.26452398e+00</data></hand_left>
</opencv_storage>
