<?xml version="1.0"?>
<opencv_storage>
<hand_right type_id="opencv-matrix">
  <rows>21</rows>
  <cols>3</cols>
  <dt>f</dt>
  <data>
    -8.29664168e-06 -7.67070378e-06 3.65122628e-06 5.90777099e-01
    -3.88287991e-01 7.07966328e-01 1.33827102e+00 -6.56293988e-01
    -2.43127197e-02 1.73409867e+00 -5.64654589e-01 -8.25533390e-01
    1.95809889e+00 -5.55430472e-01 -1.45061731e+00 5.91202855e-01
    -5.98604441e-01 -1.15014195e+00 1.03298378e+00 -4.26673114e-01
    -1.90915036e+00 1.48637223e+00 -2.09975690e-01 -2.03081703e+00
    1.81607687e+00 -4.85793650e-02 -2.08368301e+00 2.32228890e-01
    -8.15186799e-02 -1.29698479e+00 7.49131203e-01 1.82922781e-01
    -1.95281065e+00 1.14962494e+00 4.26892281e-01 -1.86789322e+00
    1.42991304e+00 5.56052446e-01 -1.73720646e+00 -3.66949663e-03
    3.92944962e-01 -1.18403399e+00 4.69326019e-01 7.04569459e-01
    -1.68408096e+00 8.39631200e-01 9.17632818e-01 -1.52382028e+00
    1.05504465e+00 1.01002026e+00 -1.30978608e+00 -1.82372764e-01
    9.55353081e-01 -9.07646716e-01 3.17944914e-01 1.33036423e+00
    -1.42329216e+00 5.80198348e-01 1.49012351e+00 -1.34277344e+00
    7.87618518e-01 1.60339940e+00 -1.26285183e+00</data></hand_right>
</opencv_storage>
