<?xml version="1.0"?>
<opencv_storage>
<hand_right type_id="opencv-matrix">
  <rows>21</rows>
  <cols>3</cols>
  <dt>f</dt>
  <data>
    -8.29485180e-06 -7.67191341e-06 3.66541553e-06 5.91296136e-01
    -3.87249649e-01 7.08188653e-01 1.33856142e+00 -6.55835390e-01
    -2.41945386e-02 1.73393989e+00 -5.64912558e-01 -8.25713038e-01
    1.95767283e+00 -5.56348324e-01 -1.45096958e+00 5.90889573e-01
    -5.99807322e-01 -1.14974177e+00 1.03236628e+00 -4.28533673e-01
    -1.90901995e+00 1.48562193e+00 -2.11778611e-01 -2.03073382e+00
    1.81517029e+00 -5.03472388e-02 -2.08355021e+00 2.31677756e-01
    -8.29838589e-02 -1.29704213e+00 7.48307884e-01 1.80930689e-01
    -1.95328903e+00 1.14878309e+00 4.25132602e-01 -1.86841083e+00
    1.42901468e+00 5.54488659e-01 -1.73756027e+00 -4.30311263e-03
    3.91558021e-01 -1.18453193e+00 4.68438596e-01 7.02769518e-01
    -1.68510365e+00 8.38788867e-01 9.16113317e-01 -1.52493203e+00
    1.05422771e+00 1.00875854e+00 -1.31074393e+00 -1.83023989e-01
    9.54288006e-01 -9.08727288e-01 3.17034781e-01 1.32879698e+00
    -1.42501020e+00 5.79293787e-01 1.48871624e+00 -1.34469986e+00
    7.86690712e-01 1.60211158e+00 -1.26487613e+00</data></hand_right>
</opencv_storage>
