<?xml version="1.0"?>
<opencv_storage>
<hand_right type_id="opencv-matrix">
  <rows>21</rows>
  <cols>3</cols>
  <dt>f</dt>
  <data>
    -8.29321016e-06 -7.67373785e-06 3.65267283e-06 5.91126084e-01
    -3.88203263e-01 7.07718253e-01 1.33844233e+00 -6.55901253e-01
    -2.48617232e-02 1.73395896e+00 -5.64053655e-01 -8.26220632e-01
    1.95773602e+00 -5.54691553e-01 -1.45137465e+00 5.90956092e-01
    -5.98333538e-01 -1.15040469e+00 1.03239322e+00 -4.26232815e-01
    -1.90958333e+00 1.48570216e+00 -2.09409297e-01 -2.03146148e+00
    1.81538188e+00 -4.78982031e-02 -2.08447623e+00 2.31795147e-01
    -8.13238993e-02 -1.29706264e+00 7.48350382e-01 1.83285385e-01
    -1.95310462e+00 1.14882469e+00 4.27350491e-01 -1.86842513e+00
    1.42916405e+00 5.56588173e-01 -1.73793840e+00 -4.18637693e-03
    3.93066764e-01 -1.18398857e+00 4.68532324e-01 7.04854131e-01
    -1.68418396e+00 8.38826776e-01 9.17994976e-01 -1.52410591e+00
    1.05431211e+00 1.01043367e+00 -1.31021702e+00 -1.82937503e-01
    9.55398202e-01 -9.07481372e-01 3.17103684e-01 1.33059204e+00
    -1.42327344e+00 5.79362273e-01 1.49041247e+00 -1.34283388e+00
    7.86794960e-01 1.60373688e+00 -1.26294518e+00</data></hand_right>
</opencv_storage>
