<?xml version="1.0"?>
<opencv_storage>
<hand_right type_id="opencv-matrix">
  <rows>21</rows>
  <cols>3</cols>
  <dt>f</dt>
  <data>
    -8.29644341e-06 -7.67257734e-06 3.65015626e-06 5.90867996e-01
    -3.88441324e-01 7.07820892e-01 1.33830309e+00 -6.56250894e-01
    -2.45944560e-02 1.73404670e+00 -5.64406753e-01 -8.25834930e-01
    1.95798290e+00 -5.55025160e-01 -1.45093966e+00 5.91084957e-01
    -5.98354876e-01 -1.15034831e+00 1.03280234e+00 -4.26247776e-01
    -1.90935588e+00 1.48618829e+00 -2.09516257e-01 -2.03093672e+00
    1.81588173e+00 -4.81013358e-02 -2.08370662e+00 2.32089832e-01
    -8.12304914e-02 -1.29703772e+00 7.48918653e-01 1.83363676e-01
    -1.95287049e+00 1.14942288e+00 4.27315742e-01 -1.86792326e+00
    1.42971444e+00 5.56442857e-01 -1.73720145e+00 -3.79790738e-03
    3.93212676e-01 -1.18395555e+00 4.69159007e-01 7.04960227e-01
    -1.68397570e+00 8.39460850e-01 9.17980433e-01 -1.52366579e+00
    1.05484843e+00 1.01029468e+00 -1.30957866e+00 -1.82470411e-01
    9.55570221e-01 -9.07424629e-01 3.17814529e-01 1.33070648e+00
    -1.42302942e+00 5.80078900e-01 1.49044287e+00 -1.34245539e+00
    7.87484467e-01 1.60368383e+00 -1.26247299e+00</data></hand_right>
</opencv_storage>
