<?xml version="1.0"?>
<opencv_storage>
<hand_left type_id="opencv-matrix">
  <rows>21</rows>
  <cols>3</cols>
  <dt>f</dt>
  <data>
    -8.29509008e-06 -7.67157508e-06 3.65996266e-06 5.91102958e-01
    -3.87480348e-01 7.08185911e-01 1.33852124e+00 -6.55894399e-01
    -2.40792334e-02 1.73407841e+00 -5.64780831e-01 -8.25506687e-01
    1.95794034e+00 -5.56036353e-01 -1.45069659e+00 5.91156185e-01
    -5.99412203e-01 -1.14979577e+00 1.03277659e+00 -4.27923262e-01
    -1.90899742e+00 1.48614502e+00 -2.11113155e-01 -2.03082609e+00
    1.81584871e+00 -4.95987535e-02 -2.08377337e+00 2.31970936e-01
    -8.25580060e-02 -1.29700053e+00 7.48736739e-01 1.81550846e-01
    -1.95311725e+00 1.14926577e+00 4.25779641e-01 -1.86828911e+00
    1.42963123e+00 5.55199742e-01 -1.73752868e+00 -4.05678898e-03
    3.91934216e-01 -1.18440259e+00 4.68824387e-01 7.03328013e-01
    -1.68474913e+00 8.39158475e-01 9.16670144e-01 -1.52456939e+00
    1.05464518e+00 1.00933063e+00 -1.31041384e+00 -1.82877243e-01
    9.54542398e-01 -9.08455670e-01 3.17297071e-01 1.32928240e+00
    -1.42448318e+00 5.79555988e-01 1.48920178e+00 -1.34409022e+00
    7.86984503e-01 1.60261214e+00 -1.26417577e+00</data></hand_left>
</opencv_storage>
