<?xml version="1.0"?>
<opencv_storage>
<hand_left type_id="opencv-matrix">
  <rows>21</rows>
  <cols>3</cols>
  <dt>f</dt>
  <data>
    -8.29303735e-06 -7.67412075e-06 3.66336644e-06 5.91397405e-01
    -3.87300372e-01 7.08079398e-01 1.33870494e+00 -6.55578136e-01
    -2.43853331e-02 1.73405337e+00 -5.64416051e-01 -8.25917065e-01
    1.95775580e+00 -5.55655122e-01 -1.45118093e+00 5.90976119e-01
    -5.99418163e-01 -1.14991498e+00 1.03235340e+00 -4.27905738e-01
    -1.90924430e+00 1.48559403e+00 -2.11039215e-01 -2.03109813e+00
    1.81517982e+00 -4.94980514e-02 -2.08405495e+00 2.31649309e-01
    -8.26286301e-02 -1.29707754e+00 7.48163462e-01 1.81518421e-01
    -1.95335257e+00 1.14861560e+00 4.25797969e-01 -1.86860168e+00
    1.42891312e+00 5.55231869e-01 -1.73788512e+00 -4.43210825e-03
    3.91841084e-01 -1.18445075e+00 4.68216687e-01 7.03264832e-01
    -1.68498802e+00 8.38527620e-01 9.16672647e-01 -1.52490473e+00
    1.05401826e+00 1.00935996e+00 -1.31080866e+00 -1.83268934e-01
    9.54467058e-01 -9.08503830e-01 3.16691786e-01 1.32922196e+00
    -1.42472780e+00 5.78932583e-01 1.48918891e+00 -1.34441495e+00
    7.86343873e-01 1.60264134e+00 -1.26457143e+00</data></hand_left>
</opencv_storage>
