<?xml version="1.0"?>
<opencv_storage>
<hand_left type_id="opencv-matrix">
  <rows>21</rows>
  <cols>3</cols>
  <dt>f</dt>
  <data>
    -8.29354212e-06 -7.67218080e-06 3.66595577e-06 5.91333330e-01
    -3.87293816e-01 7.08119035e-01 1.33857012e+00 -6.55790448e-01
    -2.42936313e-02 1.73394012e+00 -5.64804673e-01 -8.25781345e-01
    1.95764637e+00 -5.56198478e-01 -1.45101762e+00 5.90869308e-01
    -5.99652112e-01 -1.14981961e+00 1.03227389e+00 -4.28294331e-01
    -1.90910423e+00 1.48539710e+00 -2.11566120e-01 -2.03079414e+00
    1.81481624e+00 -5.01959622e-02 -2.08362865e+00 2.31628925e-01
    -8.28345418e-02 -1.29705858e+00 7.48198330e-01 1.81174532e-01
    -1.95326495e+00 1.14853644e+00 4.25326794e-01 -1.86833119e+00
    1.42860913e+00 5.54595351e-01 -1.73747873e+00 -4.36889753e-03
    3.91679972e-01 -1.18448520e+00 4.68289971e-01 7.02958941e-01
    -1.68505979e+00 8.38559389e-01 9.16265488e-01 -1.52486825e+00
    1.05389321e+00 1.00883269e+00 -1.31070805e+00 -1.83107957e-01
    9.54371393e-01 -9.08603907e-01 3.16862524e-01 1.32894731e+00
    -1.42485833e+00 5.79052269e-01 1.48884475e+00 -1.34455037e+00
    7.86381006e-01 1.60223031e+00 -1.26480091e+00</data></hand_left>
</opencv_storage>
