<?xml version="1.0"?>
<opencv_storage>
<hand_right type_id="opencv-matrix">
  <rows>21</rows>
  <cols>3</cols>
  <dt>f</dt>
  <data>
    -8.29803776e-06 -7.66728408e-06 3.64814855e-06 5.90350151e-01
    -3.88283074e-01 7.08279192e-01 1.33811593e+00 -6.56563699e-01
    -2.35746950e-02 1.73435700e+00 -5.65193415e-01 -8.24613392e-01
    1.95862687e+00 -5.56125998e-01 -1.44954610e+00 5.91569304e-01
    -5.98931015e-01 -1.14974725e+00 1.03364170e+00 -4.27306235e-01
    -1.90867901e+00 1.48706102e+00 -2.10796058e-01 -2.03037953e+00
    1.81679702e+00 -4.95153069e-02 -2.08331251e+00 2.32770786e-01
    -8.18090066e-02 -1.29684341e+00 7.49923885e-01 1.82339728e-01
    -1.95257521e+00 1.15035307e+00 4.26199406e-01 -1.86775863e+00
    1.43054414e+00 5.55289745e-01 -1.73723364e+00 -3.08393314e-03
    3.92716229e-01 -1.18408763e+00 4.70122218e-01 7.04119325e-01
    -1.68405032e+00 8.40330780e-01 9.17114198e-01 -1.52385044e+00
    1.05560994e+00 1.00948286e+00 -1.30997348e+00 -1.81804448e-01
    9.55195904e-01 -9.07880962e-01 3.18739951e-01 1.33001351e+00
    -1.42341924e+00 5.80961943e-01 1.48972702e+00 -1.34286427e+00
    7.88336575e-01 1.60297239e+00 -1.26295936e+00</data></hand_right>
</opencv_storage>
