<?xml version="1.0"?>
<opencv_storage>
<hand_left type_id="opencv-matrix">
  <rows>21</rows>
  <cols>3</cols>
  <dt>f</dt>
  <data>
    -8.29057899e-06 -7.67459278e-06 3.65183860e-06 5.91204286e-01
    -3.88233185e-01 7.07614064e-01 1.33850777e+00 -6.55728340e-01
    -2.50177681e-02 1.73400044e+00 -5.63732982e-01 -8.26361418e-01
    1.95772219e+00 -5.54234982e-01 -1.45150125e+00 5.90936959e-01
    -5.98105192e-01 -1.15052307e+00 1.03230047e+00 -4.25862908e-01
    -1.90972674e+00 1.48554540e+00 -2.08988577e-01 -2.03161216e+00
    1.81516254e+00 -4.74541783e-02 -2.08461547e+00 2.31702149e-01
    -8.11254904e-02 -1.29708827e+00 7.48146534e-01 1.83615461e-01
    -1.95316648e+00 1.14856315e+00 4.27698284e-01 -1.86855650e+00
    1.42881489e+00 5.56916118e-01 -1.73815703e+00 -4.33502719e-03
    3.93218905e-01 -1.18393219e+00 4.68277156e-01 7.05120325e-01
    -1.68417335e+00 8.38518500e-01 9.18270409e-01 -1.52415979e+00
    1.05392337e+00 1.01067710e+00 -1.31038761e+00 -1.83148086e-01
    9.55487549e-01 -9.07333612e-01 3.16752493e-01 1.33082795e+00
    -1.42315578e+00 5.78979790e-01 1.49066770e+00 -1.34273887e+00
    7.86359429e-01 1.60398734e+00 -1.26291287e+00</data></hand_left>
</opencv_storage>
