<?xml version="1.0"?>
<opencv_storage>
<hand_left type_id="opencv-matrix">
  <rows>21</rows>
  <cols>3</cols>
  <dt>f</dt>
  <data>
    -8.29355758e-06 -7.67516212e-06 3.65304049e-06 5.91237426e-01
    -3.88196528e-01 7.07664847e-01 1.33851922e+00 -6.55839682e-01
    -2.50061303e-02 1.73393869e+00 -5.63914776e-01 -8.26421022e-01
    1.95766973e+00 -5.54523587e-01 -1.45162761e+00 5.90920150e-01
    -5.98238885e-01 -1.15051484e+00 1.03236914e+00 -4.26010013e-01
    -1.90966868e+00 1.48572373e+00 -2.09085792e-01 -2.03143406e+00
    1.81543303e+00 -4.75073755e-02 -2.08432817e+00 2.31700882e-01
    -8.12422484e-02 -1.29712248e+00 7.48292327e-01 1.83506146e-01
    -1.95311999e+00 1.14883137e+00 4.27646935e-01 -1.86825454e+00
    1.42922640e+00 5.56938708e-01 -1.73753941e+00 -4.31172177e-03
    3.93131852e-01 -1.18399632e+00 4.68444228e-01 7.05026627e-01
    -1.68414736e+00 8.38788748e-01 9.18210983e-01 -1.52390540e+00
    1.05429268e+00 1.01065207e+00 -1.30979431e+00 -1.83085516e-01
    9.55451548e-01 -9.07447994e-01 3.16963702e-01 1.33073342e+00
    -1.42321265e+00 5.79235315e-01 1.49057674e+00 -1.34270966e+00
    7.86667347e-01 1.60389769e+00 -1.26273513e+00</data></hand_left>
</opencv_storage>
