<?xml version="1.0"?>
<opencv_storage>
<hand_left type_id="opencv-matrix">
  <rows>21</rows>
  <cols>3</cols>
  <dt>f</dt>
  <data>
    -8.29487908e-06 -7.67172878e-06 3.66926497e-06 5.91353536e-01
    -3.86985719e-01 7.08305001e-01 1.33860314e+00 -6.55800462e-01
    -2.40197182e-02 1.73394394e+00 -5.65133810e-01 -8.25575411e-01
    1.95767450e+00 -5.56841016e-01 -1.45084405e+00 5.90924621e-01
    -6.00114644e-01 -1.14957798e+00 1.03237224e+00 -4.29033101e-01
    -1.90889454e+00 1.48553610e+00 -2.12309062e-01 -2.03059220e+00
    1.81498313e+00 -5.09313941e-02 -2.08341813e+00 2.31670439e-01
    -8.33581015e-02 -1.29704118e+00 7.48303652e-01 1.80424586e-01
    -1.95330632e+00 1.14867163e+00 4.24644619e-01 -1.86833036e+00
    1.42878580e+00 5.53996325e-01 -1.73738229e+00 -4.33889031e-03
    3.91202509e-01 -1.18466413e+00 4.68379200e-01 7.02310920e-01
    -1.68529856e+00 8.38671565e-01 9.15701687e-01 -1.52506018e+00
    1.05401826e+00 1.00836074e+00 -1.31076169e+00 -1.83089718e-01
    9.54016685e-01 -9.09020305e-01 3.16948324e-01 1.32838953e+00
    -1.42537689e+00 5.79141617e-01 1.48832846e+00 -1.34506607e+00
    7.86480427e-01 1.60175025e+00 -1.26527297e+00</data></hand_left>
</opencv_storage>
