<?xml version="1.0"?>
<opencv_storage>
<hand_right type_id="opencv-matrix">
  <rows>21</rows>
  <cols>3</cols>
  <dt>f</dt>
  <data>
    -8.29633973e-06 -7.67312758e-06 3.65501501e-06 5.91143668e-01
    -3.88211966e-01 7.07759678e-01 1.33836913e+00 -6.56153798e-01
    -2.48887539e-02 1.73380458e+00 -5.64429522e-01 -8.26311946e-01
    1.95755935e+00 -5.55205524e-01 -1.45153546e+00 5.90801835e-01
    -5.98605573e-01 -1.15039659e+00 1.03233576e+00 -4.26587701e-01
    -1.90951133e+00 1.48573971e+00 -2.09778994e-01 -2.03117156e+00
    1.81545401e+00 -4.83014286e-02 -2.08397126e+00 2.31718346e-01
    -8.15367773e-02 -1.29710507e+00 7.48422027e-01 1.82981551e-01
    -1.95308650e+00 1.14901972e+00 4.27029103e-01 -1.86810994e+00
    1.42941177e+00 5.56245983e-01 -1.73728430e+00 -4.16604057e-03
    3.92922431e-01 -1.18406892e+00 4.68685746e-01 7.04601049e-01
    -1.68424284e+00 8.39096487e-01 9.17703390e-01 -1.52394080e+00
    1.05462706e+00 1.01011539e+00 -1.30975640e+00 -1.82784602e-01
    9.55349386e-01 -9.07629728e-01 3.17395687e-01 1.33037674e+00
    -1.42344117e+00 5.79711437e-01 1.49015856e+00 -1.34295416e+00
    7.87175417e-01 1.60343289e+00 -1.26297832e+00</data></hand_right>
</opencv_storage>
