<?xml version="1.0"?>
<opencv_storage>
<hand_left type_id="opencv-matrix">
  <rows>21</rows>
  <cols>3</cols>
  <dt>f</dt>
  <data>
    -8.29264536e-06 -7.67237907e-06 3.66632412e-06 5.91359615e-01
    -3.87118280e-01 7.08184361e-01 1.33863127e+00 -6.55655384e-01
    -2.41758674e-02 1.73400593e+00 -5.64766765e-01 -8.25681210e-01
    1.95771909e+00 -5.56239128e-01 -1.45091128e+00 5.90922356e-01
    -5.99799395e-01 -1.14970577e+00 1.03229785e+00 -4.28558886e-01
    -1.90904546e+00 1.48542595e+00 -2.11813241e-01 -2.03085637e+00
    1.81487441e+00 -5.04027903e-02 -2.08378243e+00 2.31636271e-01
    -8.30423683e-02 -1.29703391e+00 7.48150468e-01 1.80869117e-01
    -1.95333004e+00 1.14849091e+00 4.25080299e-01 -1.86856031e+00
    1.42859793e+00 5.54421902e-01 -1.73784924e+00 -4.40603495e-03
    3.91470015e-01 -1.18454635e+00 4.68204170e-01 7.02690125e-01
    -1.68519855e+00 8.38469446e-01 9.16071892e-01 -1.52513885e+00
    1.05383778e+00 1.00872803e+00 -1.31108749e+00 -1.83197364e-01
    9.54189003e-01 -9.08770502e-01 3.16727161e-01 1.32872105e+00
    -1.42511678e+00 5.78920782e-01 1.48867071e+00 -1.34486294e+00
    7.86265492e-01 1.60210335e+00 -1.26515055e+00</data></hand_left>
</opencv_storage>
