<?xml version="1.0"?>
<opencv_storage>
<hand_left type_id="opencv-matrix">
  <rows>21</rows>
  <cols>3</cols>
  <dt>f</dt>
  <data>
    -8.28960492e-06 -7.67309939e-06 3.65793812e-06 5.91242075e-01
    -3.87618661e-01 7.07924664e-01 1.33862746e+00 -6.55530095e-01
    -2.44765580e-02 1.73415434e+00 -5.64070702e-01 -8.25848520e-01
    1.95792365e+00 -5.55018067e-01 -1.45098662e+00 5.91104627e-01
    -5.98818719e-01 -1.15005875e+00 1.03244352e+00 -4.27047372e-01
    -1.90935326e+00 1.48555589e+00 -2.10224718e-01 -2.03137040e+00
    1.81505656e+00 -4.87357676e-02 -2.08452535e+00 2.31789783e-01
    -8.20086375e-02 -1.29701948e+00 7.48220921e-01 1.82364985e-01
    -1.95320427e+00 1.14850318e+00 4.26539421e-01 -1.86866140e+00
    1.42864239e+00 5.55847764e-01 -1.73829627e+00 -4.33025509e-03
    3.92373174e-01 -1.18420732e+00 4.68209505e-01 7.03988731e-01
    -1.68465447e+00 8.38396847e-01 9.17307138e-01 -1.52475464e+00
    1.05378509e+00 1.00988960e+00 -1.31102848e+00 -1.83247000e-01
    9.54812050e-01 -9.08013284e-01 3.16585243e-01 1.32983410e+00
    -1.42408264e+00 5.78747511e-01 1.48976886e+00 -1.34380305e+00
    7.86102653e-01 1.60320175e+00 -1.26412165e+00</data></hand_left>
</opencv_storage>
