<?xml version="1.0"?>
<opencv_storage>
<hand_right type_id="opencv-matrix">
  <rows>21</rows>
  <cols>3</cols>
  <dt>f</dt>
  <data>
    -8.28940665e-06 -7.67673555e-06 3.66102404e-06 5.91678560e-01
    -3.87696862e-01 7.07596660e-01 1.33878148e+00 -6.55336142e-01
    -2.52797455e-02 1.73388612e+00 -5.63590050e-01 -8.26857924e-01
    1.95737529e+00 -5.54347634e-01 -1.45217192e+00 5.90675592e-01
    -5.98508179e-01 -1.15051055e+00 1.03169990e+00 -4.26435381e-01
    -1.90991557e+00 1.48480809e+00 -2.09453017e-01 -2.03191638e+00
    1.81430602e+00 -4.78565991e-02 -2.08502436e+00 2.31218904e-01
    -8.16839710e-02 -1.29718959e+00 7.47383714e-01 1.82959393e-01
    -1.95350981e+00 1.14776611e+00 4.27213192e-01 -1.86890733e+00
    1.42805684e+00 5.56581140e-01 -1.73840535e+00 -4.90342081e-03
    3.92661214e-01 -1.18415451e+00 4.67432678e-01 7.04476357e-01
    -1.68470311e+00 8.37744892e-01 9.17833447e-01 -1.52478135e+00
    1.05332458e+00 1.01043189e+00 -1.31090677e+00 -1.83743849e-01
    9.55048203e-01 -9.07751143e-01 3.15900832e-01 1.33023179e+00
    -1.42394722e+00 5.78131020e-01 1.49019623e+00 -1.34370828e+00
    7.85576701e-01 1.60365832e+00 -1.26397359e+00</data></hand_right>
</opencv_storage>
