<?xml version="1.0"?>
<opencv_storage>
<hand_left type_id="opencv-matrix">
  <rows>21</rows>
  <cols>3</cols>
  <dt>f</dt>
  <data>
    -8.28958673e-06 -7.67738584e-06 3.66645509e-06 5.91851294e-01
    -3.87397379e-01 7.07683682e-01 1.33887362e+00 -6.55267358e-01
    -2.52566338e-02 1.73382401e+00 -5.63756168e-01 -8.26952040e-01
    1.95721304e+00 -5.54764390e-01 -1.45234251e+00 5.90581954e-01
    -5.98907292e-01 -1.15041685e+00 1.03154874e+00 -4.27027702e-01
    -1.90987945e+00 1.48458624e+00 -2.10042506e-01 -2.03174973e+00
    1.81397676e+00 -4.84808087e-02 -2.08470654e+00 2.31059387e-01
    -8.21398944e-02 -1.29724693e+00 7.47199297e-01 1.82361767e-01
    -1.95363784e+00 1.14752603e+00 4.26654041e-01 -1.86884320e+00
    1.42768884e+00 5.56011736e-01 -1.73811078e+00 -5.07393107e-03
    3.92246038e-01 -1.18433917e+00 4.67227638e-01 7.03942180e-01
    -1.68501687e+00 8.37512374e-01 9.17343616e-01 -1.52494574e+00
    1.05298376e+00 1.00993228e+00 -1.31085885e+00 -1.83899358e-01
    9.54761147e-01 -9.08108473e-01 3.15707654e-01 1.32977033e+00
    -1.42446876e+00 5.77902257e-01 1.48975277e+00 -1.34421206e+00
    7.85269499e-01 1.60320807e+00 -1.26446700e+00</data></hand_left>
</opencv_storage>
