<?xml version="1.0"?>
<opencv_storage>
<hand_right type_id="opencv-matrix">
  <rows>21</rows>
  <cols>3</cols>
  <dt>f</dt>
  <data>
    -8.29064447e-06 -7.67386064e-06 3.65292112e-06 5.91224134e-01
    -3.88111532e-01 7.07639873e-01 1.33847773e+00 -6.55718148e-01
    -2.49987841e-02 1.73388255e+00 -5.63852191e-01 -8.26421320e-01
    1.95755827e+00 -5.54450750e-01 -1.45156765e+00 5.90915263e-01
    -5.98235726e-01 -1.15044415e+00 1.03218126e+00 -4.26129878e-01
    -1.90975714e+00 1.48547184e+00 -2.09256798e-01 -2.03191185e+00
    1.81520021e+00 -4.76715565e-02 -2.08517170e+00 2.31661975e-01
    -8.12937394e-02 -1.29705644e+00 7.48054862e-01 1.83346272e-01
    -1.95322978e+00 1.14850986e+00 4.27480757e-01 -1.86881089e+00
    1.42891455e+00 5.56804180e-01 -1.73857045e+00 -4.38892469e-03
    3.93050313e-01 -1.18397343e+00 4.68226790e-01 7.04903245e-01
    -1.68421865e+00 8.38468134e-01 9.18105245e-01 -1.52431059e+00
    1.05396819e+00 1.01060510e+00 -1.31058812e+00 -1.83215037e-01
    9.55327392e-01 -9.07450855e-01 3.16703975e-01 1.33062577e+00
    -1.42327273e+00 5.78937650e-01 1.49048102e+00 -1.34286237e+00
    7.86361396e-01 1.60384119e+00 -1.26299572e+00</data></hand_right>
</opencv_storage>
