<?xml version="1.0"?>
<opencv_storage>
<hand_right type_id="opencv-matrix">
  <rows>21</rows>
  <cols>3</cols>
  <dt>f</dt>
  <data>
    -8.29352393e-06 -7.67389065e-06 3.65295409e-06 5.91137648e-01
    -3.88246417e-01 7.07702160e-01 1.33845079e+00 -6.55934691e-01
    -2.48896629e-02 1.73396814e+00 -5.64061224e-01 -8.26246738e-01
    1.95773649e+00 -5.54668844e-01 -1.45140398e+00 5.90944946e-01
    -5.98293006e-01 -1.15045512e+00 1.03240705e+00 -4.26148951e-01
    -1.90961564e+00 1.48568678e+00 -2.09332764e-01 -2.03138256e+00
    1.81532979e+00 -4.78517115e-02 -2.08431959e+00 2.31785998e-01
    -8.12667906e-02 -1.29709244e+00 7.48388410e-01 1.83404446e-01
    -1.95306516e+00 1.14882994e+00 4.27450657e-01 -1.86823463e+00
    1.42910802e+00 5.56646824e-01 -1.73760271e+00 -4.19007614e-03
    3.93126369e-01 -1.18398643e+00 4.68566597e-01 7.04952300e-01
    -1.68414056e+00 8.38840246e-01 9.18068469e-01 -1.52393603e+00
    1.05425513e+00 1.01044488e+00 -1.30992401e+00 -1.82931632e-01
    9.55459177e-01 -9.07448232e-01 3.17135692e-01 1.33067763e+00
    -1.42318702e+00 5.79365373e-01 1.49047375e+00 -1.34268653e+00
    7.86752522e-01 1.60376513e+00 -1.26277590e+00</data></hand_right>
</opencv_storage>
