<?xml version="1.0"?>
<opencv_storage>
<hand_right type_id="opencv-matrix">
  <rows>21</rows>
  <cols>3</cols>
  <dt>f</dt>
  <data>
    -8.29817236e-06 -7.67083930e-06 3.65287474e-06 5.90776861e-01
    -3.88105005e-01 7.08105803e-01 1.33830488e+00 -6.56316996e-01
    -2.41067111e-02 1.73413157e+00 -5.64868808e-01 -8.25366676e-01
    1.95815420e+00 -5.55807471e-01 -1.45047128e+00 5.91222942e-01
    -5.98965228e-01 -1.14998364e+00 1.03308296e+00 -4.27228510e-01
    -1.90900302e+00 1.48654413e+00 -2.10535884e-01 -2.03060365e+00
    1.81630468e+00 -4.91202474e-02 -2.08337736e+00 2.32262522e-01
    -8.18966404e-02 -1.29698384e+00 7.49242902e-01 1.82373777e-01
    -1.95285463e+00 1.14981282e+00 4.26390618e-01 -1.86789060e+00
    1.43015826e+00 5.55613518e-01 -1.73708677e+00 -3.62319127e-03
    3.92617345e-01 -1.18416941e+00 4.69463140e-01 7.04110503e-01
    -1.68425465e+00 8.39802325e-01 9.17217374e-01 -1.52393007e+00
    1.05522251e+00 1.00965762e+00 -1.30975890e+00 -1.82308242e-01
    9.55129564e-01 -9.07949388e-01 3.18104565e-01 1.32998812e+00
    -1.42366576e+00 5.80394506e-01 1.48976469e+00 -1.34311748e+00
    7.87820220e-01 1.60304046e+00 -1.26311111e+00</data></hand_right>
</opencv_storage>
