<?xml version="1.0"?>
<opencv_storage>
<hand_right type_id="opencv-matrix">
  <rows>21</rows>
  <cols>3</cols>
  <dt>f</dt>
  <data>
    -8.29394867e-06 -7.67101847e-06 3.65209098e-06 5.90862930e-01
    -3.88186842e-01 7.07912445e-01 1.33833432e+00 -6.56082988e-01
    -2.43819952e-02 1.73412108e+00 -5.64438343e-01 -8.25605869e-01
    1.95805836e+00 -5.55174112e-01 -1.45065963e+00 5.91179192e-01
    -5.98544002e-01 -1.15015030e+00 1.03278065e+00 -4.26639467e-01
    -1.90927887e+00 1.48603129e+00 -2.09962010e-01 -2.03113246e+00
    1.81565142e+00 -4.85775471e-02 -2.08420086e+00 2.32126266e-01
    -8.15186724e-02 -1.29697585e+00 7.48837709e-01 1.82922617e-01
    -1.95291376e+00 1.14919686e+00 4.26893562e-01 -1.86823034e+00
    1.42940140e+00 5.56049466e-01 -1.73780048e+00 -3.82927433e-03
    3.92908007e-01 -1.18402267e+00 4.68995422e-01 7.04552472e-01
    -1.68417728e+00 8.39203775e-01 9.17644501e-01 -1.52411532e+00
    1.05457306e+00 1.01005125e+00 -1.31031430e+00 -1.82592496e-01
    9.55284238e-01 -9.07629550e-01 3.17558587e-01 1.33034229e+00
    -1.42334974e+00 5.79755068e-01 1.49012268e+00 -1.34290695e+00
    7.87137568e-01 1.60343587e+00 -1.26309991e+00</data></hand_right>
</opencv_storage>
