<?xml version="1.0"?>
<opencv_storage>
<hand_left type_id="opencv-matrix">
  <rows>21</rows>
  <cols>3</cols>
  <dt>f</dt>
  <data>
    -8.29589590e-06 -7.67115125e-06 3.65798837e-06 5.91014385e-01
    -3.87744308e-01 7.08102942e-01 1.33842969e+00 -6.56037986e-01
    -2.41999477e-02 1.73405337e+00 -5.64765751e-01 -8.25563133e-01
    1.95794749e+00 -5.55876970e-01 -1.45073330e+00 5.91118038e-01
    -5.99181354e-01 -1.14991093e+00 1.03275275e+00 -4.27567482e-01
    -1.90904868e+00 1.48608780e+00 -2.10821688e-01 -2.03081512e+00
    1.81574094e+00 -4.93789911e-02 -2.08374453e+00 2.32015997e-01
    -8.22421387e-02 -1.29699433e+00 7.48808265e-01 1.81954309e-01
    -1.95300591e+00 1.14929938e+00 4.26067054e-01 -1.86811423e+00
    1.42961109e+00 5.55368304e-01 -1.73735476e+00 -3.94481048e-03
    3.92248631e-01 -1.18427873e+00 4.68941569e-01 7.03686357e-01
    -1.68454564e+00 8.39275360e-01 9.16917920e-01 -1.52434015e+00
    1.05476904e+00 1.00948167e+00 -1.31022930e+00 -1.82690173e-01
    9.54803824e-01 -9.08188760e-01 3.17524016e-01 1.32958031e+00
    -1.42410922e+00 5.79782128e-01 1.48943424e+00 -1.34370303e+00
    7.87222981e-01 1.60280085e+00 -1.26381135e+00</data></hand_left>
</opencv_storage>
