<?xml version="1.0"?>
<opencv_storage>
<hand_left type_id="opencv-matrix">
  <rows>21</rows>
  <cols>3</cols>
  <dt>f</dt>
  <data>
    -8.29540477e-06 -7.67158053e-06 3.65019923e-06 5.90809643e-01
    -3.88354361e-01 7.07890749e-01 1.33829939e+00 -6.56197906e-01
    -2.44411081e-02 1.73411345e+00 -5.64430237e-01 -8.25646877e-01
    1.95808220e+00 -5.55090606e-01 -1.45072436e+00 5.91174364e-01
    -5.98442674e-01 -1.15022981e+00 1.03288746e+00 -4.26430017e-01
    -1.90926516e+00 1.48623359e+00 -2.09728628e-01 -2.03095174e+00
    1.81590033e+00 -4.83273268e-02 -2.08382368e+00 2.32178479e-01
    -8.13510716e-02 -1.29699540e+00 7.48989701e-01 1.83155999e-01
    -1.95286107e+00 1.14944363e+00 4.27104115e-01 -1.86802900e+00
    1.42968452e+00 5.56230724e-01 -1.73744035e+00 -3.73180583e-03
    3.93090427e-01 -1.18397796e+00 4.69191551e-01 7.04776168e-01
    -1.68404937e+00 8.39455009e-01 9.17812884e-01 -1.52384830e+00
    1.05483043e+00 1.01016402e+00 -1.30991089e+00 -1.82444736e-01
    9.55458462e-01 -9.07510817e-01 3.17808986e-01 1.33054543e+00
    -1.42316222e+00 5.80056667e-01 1.49029756e+00 -1.34264600e+00
    7.87452936e-01 1.60356236e+00 -1.26273310e+00</data></hand_left>
</opencv_storage>
