<?xml version="1.0"?>
<opencv_storage>
<hand_right type_id="opencv-matrix">
  <rows>21</rows>
  <cols>3</cols>
  <dt>f</dt>
  <data>
    -8.29226974e-06 -7.67007714e-06 3.65746928e-06 5.90947092e-01
    -3.87537241e-01 7.08200097e-01 1.33846784e+00 -6.55819714e-01
    -2.39199847e-02 1.73421478e+00 -5.64675927e-01 -8.25224400e-01
    1.95814133e+00 -5.55835009e-01 -1.45029140e+00 5.91283441e-01
    -5.99298477e-01 -1.14970398e+00 1.03285027e+00 -4.27875519e-01
    -1.90895784e+00 1.48607969e+00 -2.11187989e-01 -2.03098321e+00
    1.81568432e+00 -4.97583747e-02 -2.08414865e+00 2.32129425e-01
    -8.24526474e-02 -1.29691362e+00 7.48788238e-01 1.81587785e-01
    -1.95306540e+00 1.14913058e+00 4.25707072e-01 -1.86856818e+00
    1.42931724e+00 5.55017233e-01 -1.73823023e+00 -3.91464680e-03
    3.92013937e-01 -1.18431759e+00 4.68856126e-01 7.03372121e-01
    -1.68470728e+00 8.39035153e-01 9.16648626e-01 -1.52479327e+00
    1.05439162e+00 1.00925636e+00 -1.31105816e+00 -1.82780996e-01
    9.54565942e-01 -9.08346415e-01 3.17309141e-01 1.32932889e+00
    -1.42435658e+00 5.79498589e-01 1.48922074e+00 -1.34402680e+00
    7.86861062e-01 1.60261774e+00 -1.26426578e+00</data></hand_right>
</opencv_storage>
