<?xml version="1.0"?>
<opencv_storage>
<hand_right type_id="opencv-matrix">
  <rows>21</rows>
  <cols>3</cols>
  <dt>f</dt>
  <data>
    -8.28878819e-06 -7.67660003e-06 3.66007635e-06 5.91699123e-01
    -3.87757838e-01 7.07521856e-01 1.33874726e+00 -6.55342221e-01
    -2.54107267e-02 1.73379147e+00 -5.63531995e-01 -8.27015102e-01
    1.95722711e+00 -5.54216981e-01 -1.45232689e+00 5.90582430e-01
    -5.98434687e-01 -1.15058196e+00 1.03156376e+00 -4.26328391e-01
    -1.91002512e+00 1.48473310e+00 -2.09325671e-01 -2.03211427e+00
    1.81431150e+00 -4.76830006e-02 -2.08526731e+00 2.31125847e-01
    -8.16008076e-02 -1.29719341e+00 7.47240424e-01 1.83060229e-01
    -1.95357883e+00 1.14769578e+00 4.27329361e-01 -1.86909807e+00
    1.42807460e+00 5.56729436e-01 -1.73869014e+00 -4.98685986e-03
    3.92735988e-01 -1.18411851e+00 4.67347026e-01 7.04581261e-01
    -1.68467116e+00 8.37675333e-01 9.17928815e-01 -1.52480793e+00
    1.05327678e+00 1.01053047e+00 -1.31099701e+00 -1.83810905e-01
    9.55092847e-01 -9.07670200e-01 3.15817595e-01 1.33033359e+00
    -1.42385948e+00 5.78077435e-01 1.49029040e+00 -1.34361482e+00
    7.85533726e-01 1.60373127e+00 -1.26384318e+00</data></hand_right>
</opencv_storage>
