<?xml version="1.0"?>
<opencv_storage>
<hand_right type_id="opencv-matrix">
  <rows>21</rows>
  <cols>3</cols>
  <dt>f</dt>
  <data>
    -8.28986958e-06 -7.67386155e-06 3.65805636e-06 5.91343403e-01
    -3.87770653e-01 7.07773328e-01 1.33861804e+00 -6.55572176e-01
    -2.47871578e-02 1.73401666e+00 -5.63973129e-01 -8.26220512e-01
    1.95768952e+00 -5.54816127e-01 -1.45138812e+00 5.90949297e-01
    -5.98600388e-01 -1.15027571e+00 1.03218901e+00 -4.26688731e-01
    -1.90961540e+00 1.48529148e+00 -2.09855258e-01 -2.03161550e+00
    1.81480098e+00 -4.83656228e-02 -2.08477473e+00 2.31617674e-01
    -8.17477182e-02 -1.29708457e+00 7.47990847e-01 1.82771996e-01
    -1.95326257e+00 1.14826381e+00 4.26920146e-01 -1.86865854e+00
    1.42842829e+00 5.56196809e-01 -1.73822737e+00 -4.48257104e-03
    3.92618805e-01 -1.18414342e+00 4.68043804e-01 7.04353333e-01
    -1.68453765e+00 8.38213742e-01 9.17621553e-01 -1.52455068e+00
    1.05357051e+00 1.01011872e+00 -1.31071496e+00 -1.83353111e-01
    9.55010056e-01 -9.07812119e-01 3.16467702e-01 1.33014691e+00
    -1.42379963e+00 5.78609467e-01 1.49004173e+00 -1.34343863e+00
    7.85941958e-01 1.60343671e+00 -1.26369095e+00</data></hand_right>
</opencv_storage>
