<?xml version="1.0"?>
<opencv_storage>
<hand_left type_id="opencv-matrix">
  <rows>21</rows>
  <cols>3</cols>
  <dt>f</dt>
  <data>
    -8.29349574e-06 -7.66843095e-06 3.65691949e-06 5.90782285e-01
    -3.87467027e-01 7.08358765e-01 1.33838129e+00 -6.55974984e-01
    -2.35946923e-02 1.73424339e+00 -5.65033495e-01 -8.24886262e-01
    1.95825946e+00 -5.56340456e-01 -1.44990969e+00 5.91420829e-01
    -5.99544168e-01 -1.14950073e+00 1.03309321e+00 -4.28329229e-01
    -1.90878034e+00 1.48640251e+00 -2.11704344e-01 -2.03093600e+00
    1.81611705e+00 -5.02828956e-02 -2.08423042e+00 2.32333630e-01
    -8.26976895e-02 -1.29685545e+00 7.49111295e-01 1.81163147e-01
    -1.95301676e+00 1.14948773e+00 4.25282955e-01 -1.86861014e+00
    1.42974854e+00 5.54639220e-01 -1.73835659e+00 -3.69622186e-03
    3.91804516e-01 -1.18438733e+00 4.69210207e-01 7.03043044e-01
    -1.68473136e+00 8.39368701e-01 9.16325629e-01 -1.52484941e+00
    1.05471539e+00 1.00897682e+00 -1.31113529e+00 -1.82572782e-01
    9.54407334e-01 -9.08545256e-01 3.17654550e-01 1.32906222e+00
    -1.42450666e+00 5.79841018e-01 1.48894286e+00 -1.34413528e+00
    7.87207127e-01 1.60234475e+00 -1.26432407e+00</data></hand_left>
</opencv_storage>
