<?xml version="1.0"?>
<opencv_storage>
<hand_left type_id="opencv-matrix">
  <rows>21</rows>
  <cols>3</cols>
  <dt>f</dt>
  <data>
    -8.29601868e-06 -7.67198253e-06 3.65456071e-06 5.90991378e-01
    -3.88056725e-01 7.07943201e-01 1.33838153e+00 -6.56118274e-01
    -2.44573057e-02 1.73400843e+00 -5.64571917e-01 -8.25790465e-01
    1.95789623e+00 -5.55461645e-01 -1.45094419e+00 5.91055095e-01
    -5.98787010e-01 -1.15014458e+00 1.03269434e+00 -4.26933110e-01
    -1.90924096e+00 1.48606014e+00 -2.10174888e-01 -2.03095412e+00
    1.81574750e+00 -4.87256348e-02 -2.08383441e+00 2.31985629e-01
    -8.17698240e-02 -1.29702890e+00 7.48774290e-01 1.82624713e-01
    -1.95297492e+00 1.14929652e+00 4.26682502e-01 -1.86806202e+00
    1.42962956e+00 5.55923700e-01 -1.73731279e+00 -3.94408032e-03
    3.92693967e-01 -1.18412983e+00 4.68956113e-01 7.04287112e-01
    -1.68429947e+00 8.39305639e-01 9.17436838e-01 -1.52405190e+00
    1.05478752e+00 1.00990486e+00 -1.30994296e+00 -1.82651460e-01
    9.55155134e-01 -9.07827795e-01 3.17573339e-01 1.33010697e+00
    -1.42362690e+00 5.79848826e-01 1.48991871e+00 -1.34315825e+00
    7.87290215e-01 1.60323262e+00 -1.26322603e+00</data></hand_left>
</opencv_storage>
