<?xml version="1.0"?>
<opencv_storage>
<hand_right type_id="opencv-matrix">
  <rows>21</rows>
  <cols>3</cols>
  <dt>f</dt>
  <data>
    -8.29249529e-06 -7.67171059e-06 3.65208234e-06 5.90937316e-01
    -3.88149202e-01 7.07865298e-01 1.33839631e+00 -6.55945659e-01
    -2.44753808e-02 1.73413813e+00 -5.64242482e-01 -8.25717211e-01
    1.95804119e+00 -5.54944038e-01 -1.45077229e+00 5.91177106e-01
    -5.98444045e-01 -1.15020108e+00 1.03270888e+00 -4.26483393e-01
    -1.90936494e+00 1.48592281e+00 -2.09764183e-01 -2.03128099e+00
    1.81552052e+00 -4.83507216e-02 -2.08439469e+00 2.32060090e-01
    -8.14544037e-02 -1.29699099e+00 7.48690844e-01 1.83045775e-01
    -1.95296788e+00 1.14901853e+00 4.27048564e-01 -1.86834550e+00
    1.42919421e+00 5.56220233e-01 -1.73798430e+00 -3.94074619e-03
    3.92942667e-01 -1.18401182e+00 4.68805432e-01 7.04644799e-01
    -1.68419981e+00 8.38992357e-01 9.17767763e-01 -1.52419174e+00
    1.05435038e+00 1.01018834e+00 -1.31045675e+00 -1.82751909e-01
    9.55289900e-01 -9.07589257e-01 3.17308992e-01 1.33041990e+00
    -1.42334557e+00 5.79491138e-01 1.49022722e+00 -1.34292936e+00
    7.86858797e-01 1.60355711e+00 -1.26315451e+00</data></hand_right>
</opencv_storage>
