<?xml version="1.0"?>
<opencv_storage>
<hand_left type_id="opencv-matrix">
  <rows>21</rows>
  <cols>3</cols>
  <dt>f</dt>
  <data>
    -8.29417877e-06 -7.67193251e-06 3.65884307e-06 5.91100097e-01
    -3.87702495e-01 7.08073139e-01 1.33853173e+00 -6.55900121e-01
    -2.42595375e-02 1.73415768e+00 -5.64597189e-01 -8.25625002e-01
    1.95802414e+00 -5.55680037e-01 -1.45080161e+00 5.91123223e-01
    -5.99114358e-01 -1.14996660e+00 1.03267086e+00 -4.27471727e-01
    -1.90916562e+00 1.48587728e+00 -2.10738003e-01 -2.03093433e+00
    1.81540799e+00 -4.93336022e-02 -2.08387303e+00 2.31959060e-01
    -8.21989030e-02 -1.29703760e+00 7.48642683e-01 1.82042256e-01
    -1.95309770e+00 1.14900780e+00 4.26137984e-01 -1.86824095e+00
    1.42916870e+00 5.55380940e-01 -1.73753786e+00 -4.04418260e-03
    3.92275721e-01 -1.18428779e+00 4.68720675e-01 7.03750134e-01
    -1.68465090e+00 8.38982403e-01 9.16986942e-01 -1.52450204e+00
    1.05437899e+00 1.00950933e+00 -1.31046712e+00 -1.82829693e-01
    9.54829276e-01 -9.08169150e-01 3.17264676e-01 1.32964432e+00
    -1.42417479e+00 5.79470396e-01 1.48951507e+00 -1.34379625e+00
    7.86854506e-01 1.60289562e+00 -1.26398492e+00</data></hand_left>
</opencv_storage>
