<?xml version="1.0"?>
<opencv_storage>
<hand_right type_id="opencv-matrix">
  <rows>21</rows>
  <cols>3</cols>
  <dt>f</dt>
  <data>
    -8.30046520e-06 -7.67296024e-06 3.66895233e-06 5.91379821e-01
    -3.87298971e-01 7.08212674e-01 1.33853090e+00 -6.56129718e-01
    -2.43197232e-02 1.73376012e+00 -5.65277219e-01 -8.25935721e-01
    1.95749247e+00 -5.56913614e-01 -1.45132804e+00 5.90759456e-01
    -5.99968433e-01 -1.14981723e+00 1.03236675e+00 -4.28638160e-01
    -1.90893579e+00 1.48571491e+00 -2.11841762e-01 -2.03023767e+00
    1.81526065e+00 -5.04426658e-02 -2.08269405e+00 2.31608808e-01
    -8.30677152e-02 -1.29713023e+00 7.48475790e-01 1.80903658e-01
    -1.95316947e+00 1.14907193e+00 4.25102711e-01 -1.86765659e+00
    1.42937601e+00 5.54435611e-01 -1.73613632e+00 -4.27451730e-03
    3.91535401e-01 -1.18460035e+00 4.68649447e-01 7.02730298e-01
    -1.68503428e+00 8.39165926e-01 9.16043997e-01 -1.52437818e+00
    1.05469906e+00 1.00863695e+00 -1.30956078e+00 -1.82851329e-01
    9.54355538e-01 -9.08809960e-01 3.17418784e-01 1.32872725e+00
    -1.42501402e+00 5.79721689e-01 1.48860741e+00 -1.34457409e+00
    7.87178218e-01 1.60197020e+00 -1.26457655e+00</data></hand_right>
</opencv_storage>
