<?xml version="1.0"?>
<opencv_storage>
<hand_right type_id="opencv-matrix">
  <rows>21</rows>
  <cols>3</cols>
  <dt>f</dt>
  <data>
    -8.29895271e-06 -7.67114125e-06 3.66665745e-06 5.91188848e-01
    -3.87251586e-01 7.08330691e-01 1.33847725e+00 -6.56120777e-01
    -2.39803493e-02 1.73390186e+00 -5.65371275e-01 -8.25499296e-01
    1.95772815e+00 -5.56996107e-01 -1.45078564e+00 5.90935469e-01
    -6.00074053e-01 -1.14961851e+00 1.03258801e+00 -4.28913534e-01
    -1.90879047e+00 1.48593616e+00 -2.12201297e-01 -2.03030753e+00
    1.81552267e+00 -5.08158207e-02 -2.08296561e+00 2.31829450e-01
    -8.31939727e-02 -1.29703498e+00 7.48687029e-01 1.80613950e-01
    -1.95314813e+00 1.14923787e+00 4.24786747e-01 -1.86797202e+00
    1.42952895e+00 5.54133773e-01 -1.73680985e+00 -4.07279655e-03
    3.91412735e-01 -1.18460834e+00 4.68863308e-01 7.02512026e-01
    -1.68507111e+00 8.39291930e-01 9.15826082e-01 -1.52465916e+00
    1.05477834e+00 1.00846374e+00 -1.31016099e+00 -1.82709351e-01
    9.54231560e-01 -9.08899426e-01 3.17574829e-01 1.32856727e+00
    -1.42509937e+00 5.79866946e-01 1.48845100e+00 -1.34470928e+00
    7.87307262e-01 1.60182846e+00 -1.26476777e+00</data></hand_right>
</opencv_storage>
