<?xml version="1.0"?>
<opencv_storage>
<hand_right type_id="opencv-matrix">
  <rows>21</rows>
  <cols>3</cols>
  <dt>f</dt>
  <data>
    -8.29593137e-06 -7.67434540e-06 3.64815105e-06 5.91019392e-01
    -3.88775498e-01 7.07530618e-01 1.33833885e+00 -6.56207442e-01
    -2.51732022e-02 1.73394799e+00 -5.63958764e-01 -8.26439738e-01
    1.95779371e+00 -5.54292381e-01 -1.45160055e+00 5.90898275e-01
    -5.97773552e-01 -1.15075493e+00 1.03248072e+00 -4.25262541e-01
    -1.90973437e+00 1.48583007e+00 -2.08452165e-01 -2.03127909e+00
    1.81548846e+00 -4.70071137e-02 -2.08402085e+00 2.31862068e-01
    -8.05836767e-02 -1.29712903e+00 7.48573780e-01 1.84350803e-01
    -1.95290124e+00 1.14909434e+00 4.28269982e-01 -1.86785913e+00
    1.42940068e+00 5.57334185e-01 -1.73709202e+00 -4.01229784e-03
    3.93799752e-01 -1.18376374e+00 4.68811154e-01 7.05790758e-01
    -1.68374407e+00 8.39189768e-01 9.18759584e-01 -1.52340913e+00
    1.05468917e+00 1.01100159e+00 -1.30933070e+00 -1.82639688e-01
    9.56025004e-01 -9.06922698e-01 3.17519128e-01 1.33139908e+00
    -1.42248785e+00 5.79811335e-01 1.49112487e+00 -1.34194243e+00
    7.87269294e-01 1.60435355e+00 -1.26200092e+00</data></hand_right>
</opencv_storage>
