<?xml version="1.0"?>
<opencv_storage>
<hand_left type_id="opencv-matrix">
  <rows>21</rows>
  <cols>3</cols>
  <dt>f</dt>
  <data>
    -8.29418332e-06 -7.66907397e-06 3.65343044e-06 5.90684831e-01
    -3.87812316e-01 7.08254337e-01 1.33832860e+00 -6.56104803e-01
    -2.37089097e-02 1.73430967e+00 -5.64897776e-01 -8.24884057e-01
    1.95839143e+00 -5.55975258e-01 -1.44987249e+00 5.91431975e-01
    -5.99177539e-01 -1.14968681e+00 1.03320038e+00 -4.27709281e-01
    -1.90883625e+00 1.48649490e+00 -2.11109281e-01 -2.03077435e+00
    1.81615448e+00 -4.97444570e-02 -2.08388281e+00 2.32417524e-01
    -8.22297409e-02 -1.29687500e+00 7.49250889e-01 1.81820095e-01
    -1.95289946e+00 1.14961040e+00 4.25835103e-01 -1.86836612e+00
    1.42978692e+00 5.55066109e-01 -1.73804712e+00 -3.56239453e-03
    3.92260343e-01 -1.18423903e+00 4.69369590e-01 7.03621149e-01
    -1.68448651e+00 8.39532375e-01 9.16792870e-01 -1.52452874e+00
    1.05482948e+00 1.00931740e+00 -1.31081426e+00 -1.82392254e-01
    9.54787731e-01 -9.08189952e-01 3.17858696e-01 1.32957423e+00
    -1.42403245e+00 5.80053449e-01 1.48940063e+00 -1.34362805e+00
    7.87410498e-01 1.60274935e+00 -1.26383185e+00</data></hand_left>
</opencv_storage>
