<?xml version="1.0"?>
<opencv_storage>
<hand_left type_id="opencv-matrix">
  <rows>21</rows>
  <cols>3</cols>
  <dt>f</dt>
  <data>
    -8.28977227e-06 -7.67508755e-06 3.65986170e-06 5.91506124e-01
    -3.87631834e-01 7.07746327e-01 1.33871365e+00 -6.55441523e-01
    -2.49358714e-02 1.73396671e+00 -5.63858628e-01 -8.26459408e-01
    1.95755398e+00 -5.54722071e-01 -1.45171332e+00 5.90830386e-01
    -5.98709822e-01 -1.15030944e+00 1.03198767e+00 -4.26803917e-01
    -1.90970349e+00 1.48515201e+00 -2.09875673e-01 -2.03176641e+00
    1.81471694e+00 -4.82911766e-02 -2.08492756e+00 2.31432930e-01
    -8.18945915e-02 -1.29712594e+00 7.47725725e-01 1.82604790e-01
    -1.95342684e+00 1.14812505e+00 4.26856279e-01 -1.86887622e+00
    1.42842627e+00 5.56246459e-01 -1.73841536e+00 -4.68662381e-03
    3.92475426e-01 -1.18420792e+00 4.67777789e-01 7.04193771e-01
    -1.68471408e+00 8.38054776e-01 9.17550921e-01 -1.52479541e+00
    1.05357802e+00 1.01016855e+00 -1.31094241e+00 -1.83555856e-01
    9.54901218e-01 -9.07919109e-01 3.16201091e-01 1.33000660e+00
    -1.42406154e+00 5.78422487e-01 1.48996162e+00 -1.34378612e+00
    7.85840869e-01 1.60340941e+00 -1.26401353e+00</data></hand_left>
</opencv_storage>
