<?xml version="1.0"?>
<opencv_storage>
<hand_left type_id="opencv-matrix">
  <rows>21</rows>
  <cols>3</cols>
  <dt>f</dt>
  <data>
    -8.29150395e-06 -7.67229903e-06 3.65414098e-06 5.91052473e-01
    -3.87875199e-01 7.07931995e-01 1.33849442e+00 -6.55787349e-01
    -2.44082510e-02 1.73414254e+00 -5.64238667e-01 -8.25729907e-01
    1.95798874e+00 -5.55083632e-01 -1.45082498e+00 5.91158509e-01
    -5.98705709e-01 -1.15009570e+00 1.03265142e+00 -4.26880181e-01
    -1.90933073e+00 1.48590684e+00 -2.10094631e-01 -2.03132486e+00
    1.81555057e+00 -4.85993326e-02 -2.08444881e+00 2.31961280e-01
    -8.17987844e-02 -1.29700077e+00 7.48549640e-01 1.82598561e-01
    -1.95310354e+00 1.14893675e+00 4.26717490e-01 -1.86854815e+00
    1.42917871e+00 5.56006134e-01 -1.73816812e+00 -4.09365445e-03
    3.92605215e-01 -1.18413734e+00 4.68635887e-01 7.04248190e-01
    -1.68442500e+00 8.38839293e-01 9.17476356e-01 -1.52444720e+00
    1.05421507e+00 1.00999451e+00 -1.31067419e+00 -1.82957530e-01
    9.55015481e-01 -9.07862008e-01 3.17064583e-01 1.33008587e+00
    -1.42374396e+00 5.79265952e-01 1.48995554e+00 -1.34334958e+00
    7.86631584e-01 1.60331857e+00 -1.26353300e+00</data></hand_left>
</opencv_storage>
