<?xml version="1.0"?>
<opencv_storage>
<hand_right type_id="opencv-matrix">
  <rows>21</rows>
  <cols>3</cols>
  <dt>f</dt>
  <data>
    -8.28848442e-06 -7.67767324e-06 3.65979167e-06 5.91740847e-01
    -3.87822300e-01 7.07459152e-01 1.33879411e+00 -6.55263007e-01
    -2.55246609e-02 1.73383188e+00 -5.63327432e-01 -8.27112675e-01
    1.95726430e+00 -5.53931117e-01 -1.45243382e+00 5.90610445e-01
    -5.98224103e-01 -1.15067840e+00 1.03155494e+00 -4.25976217e-01
    -1.91009414e+00 1.48465657e+00 -2.08944947e-01 -2.03213263e+00
    1.81416082e+00 -4.73108292e-02 -2.08526611e+00 2.31118321e-01
    -8.13904926e-02 -1.29721320e+00 7.47195840e-01 1.83404356e-01
    -1.95354712e+00 1.14758480e+00 4.27663594e-01 -1.86899912e+00
    1.42790222e+00 5.57030082e-01 -1.73856354e+00 -5.02040610e-03
    3.92914653e-01 -1.18406081e+00 4.67251360e-01 7.04856634e-01
    -1.68458998e+00 8.37561965e-01 9.18200493e-01 -1.52470040e+00
    1.05315936e+00 1.01077354e+00 -1.31087875e+00 -1.83872148e-01
    9.55223739e-01 -9.07522023e-01 3.15700412e-01 1.33055186e+00
    -1.42368579e+00 5.77933967e-01 1.49051499e+00 -1.34344459e+00
    7.85386026e-01 1.60397375e+00 -1.26370752e+00</data></hand_right>
</opencv_storage>
