<?xml version="1.0"?>
<opencv_storage>
<hand_left type_id="opencv-matrix">
  <rows>21</rows>
  <cols>3</cols>
  <dt>f</dt>
  <data>
    -8.29320561e-06 -7.66995981e-06 3.65819460e-06 5.90992033e-01
    -3.87537718e-01 7.08166599e-01 1.33841610e+00 -6.55915141e-01
    -2.40384340e-02 1.73404121e+00 -5.64819932e-01 -8.25435519e-01
    1.95790112e+00 -5.56026936e-01 -1.45054197e+00 5.91174722e-01
    -5.99354565e-01 -1.14974523e+00 1.03268659e+00 -4.27972287e-01
    -1.90906954e+00 1.48600316e+00 -2.11266965e-01 -2.03122759e+00
    1.81572831e+00 -4.97930646e-02 -2.08450723e+00 2.32024848e-01
    -8.24983567e-02 -1.29693425e+00 7.48683095e-01 1.81517005e-01
    -1.95314205e+00 1.14911723e+00 4.25671965e-01 -1.86867929e+00
    1.42945814e+00 5.55051982e-01 -1.73833704e+00 -3.99802998e-03
    3.91979694e-01 -1.18434012e+00 4.68824625e-01 7.03334630e-01
    -1.68470347e+00 8.39044213e-01 9.16621923e-01 -1.52477539e+00
    1.05447352e+00 1.00926352e+00 -1.31096542e+00 -1.82828620e-01
    9.54540730e-01 -9.08374548e-01 3.17311466e-01 1.32929540e+00
    -1.42435801e+00 5.79525471e-01 1.48917413e+00 -1.34398878e+00
    7.86922932e-01 1.60257375e+00 -1.26414216e+00</data></hand_left>
</opencv_storage>
