<?xml version="1.0"?>
<opencv_storage>
<hand_right type_id="opencv-matrix">
  <rows>21</rows>
  <cols>3</cols>
  <dt>f</dt>
  <data>
    -8.29350211e-06 -7.67032816e-06 3.65198662e-06 5.90817928e-01
    -3.88132870e-01 7.07976818e-01 1.33833361e+00 -6.56091571e-01
    -2.42531598e-02 1.73417652e+00 -5.64515471e-01 -8.25462341e-01
    1.95815015e+00 -5.55322528e-01 -1.45050025e+00 5.91253400e-01
    -5.98624945e-01 -1.15007091e+00 1.03291059e+00 -4.26777184e-01
    -1.90917981e+00 1.48615551e+00 -2.10109651e-01 -2.03102565e+00
    1.81575537e+00 -4.87419069e-02 -2.08406496e+00 2.32204393e-01
    -8.16163719e-02 -1.29696167e+00 7.48962045e-01 1.82775512e-01
    -1.95288444e+00 1.14929724e+00 4.26745355e-01 -1.86817312e+00
    1.42943311e+00 5.55881739e-01 -1.73773086e+00 -3.76330689e-03
    3.92816097e-01 -1.18405509e+00 4.69083756e-01 7.04424143e-01
    -1.68421531e+00 8.39272261e-01 9.17518914e-01 -1.52413452e+00
    1.05457950e+00 1.00991654e+00 -1.31033874e+00 -1.82551757e-01
    9.55213785e-01 -9.07714546e-01 3.17609668e-01 1.33023798e+00
    -1.42345524e+00 5.79790115e-01 1.49002707e+00 -1.34300876e+00
    7.87138462e-01 1.60332680e+00 -1.26321650e+00</data></hand_right>
</opencv_storage>
