<?xml version="1.0"?>
<opencv_storage>
<hand_left type_id="opencv-matrix">
  <rows>21</rows>
  <cols>3</cols>
  <dt>f</dt>
  <data>
    -8.29495912e-06 -7.67272104e-06 3.65886308e-06 5.91176808e-01
    -3.87810916e-01 7.07949936e-01 1.33847868e+00 -6.55952752e-01
    -2.45340914e-02 1.73395586e+00 -5.64531088e-01 -8.25948238e-01
    1.95774043e+00 -5.55552840e-01 -1.45116210e+00 5.90938687e-01
    -5.99009871e-01 -1.15010691e+00 1.03244889e+00 -4.27261949e-01
    -1.90927589e+00 1.48572040e+00 -2.10484982e-01 -2.03096962e+00
    1.81530488e+00 -4.90463972e-02 -2.08381867e+00 2.31784090e-01
    -8.20613280e-02 -1.29706299e+00 7.48447061e-01 1.82254627e-01
    -1.95311904e+00 1.14891148e+00 4.26355332e-01 -1.86818624e+00
    1.42916298e+00 5.55606186e-01 -1.73738325e+00 -4.17473912e-03
    3.92410159e-01 -1.18423355e+00 4.68596637e-01 7.03933716e-01
    -1.68456292e+00 8.38929176e-01 9.17140126e-01 -1.52433336e+00
    1.05438375e+00 1.00963831e+00 -1.31019747e+00 -1.82887316e-01
    9.54935431e-01 -9.08037305e-01 3.17208469e-01 1.32979119e+00
    -1.42401683e+00 5.79458833e-01 1.48963797e+00 -1.34361351e+00
    7.86870420e-01 1.60298419e+00 -1.26374352e+00</data></hand_left>
</opencv_storage>
