<?xml version="1.0"?>
<opencv_storage>
<hand_right type_id="opencv-matrix">
  <rows>21</rows>
  <cols>3</cols>
  <dt>f</dt>
  <data>
    -8.28926022e-06 -7.67524762e-06 3.66094764e-06 5.91589868e-01
    -3.87548059e-01 7.07733274e-01 1.33875024e+00 -6.55388474e-01
    -2.49985456e-02 1.73391366e+00 -5.63842297e-01 -8.26586246e-01
    1.95744443e+00 -5.54757655e-01 -1.45185280e+00 5.90777040e-01
    -5.98768175e-01 -1.15032339e+00 1.03188825e+00 -4.26889926e-01
    -1.90976095e+00 1.48505509e+00 -2.09934503e-01 -2.03185964e+00
    1.81464195e+00 -4.83225882e-02 -2.08503509e+00 2.31333524e-01
    -8.19821507e-02 -1.29714930e+00 7.47595549e-01 1.82508290e-01
    -1.95349050e+00 1.14800358e+00 4.26799566e-01 -1.86893594e+00
    1.42831576e+00 5.56222677e-01 -1.73845541e+00 -4.80550528e-03
    3.92385036e-01 -1.18425083e+00 4.67643023e-01 7.04105139e-01
    -1.68477976e+00 8.37917864e-01 9.17493641e-01 -1.52484190e+00
    1.05342150e+00 1.01012254e+00 -1.31095505e+00 -1.83685288e-01
    9.54825163e-01 -9.07995224e-01 3.16037357e-01 1.32993376e+00
    -1.42417300e+00 5.78252673e-01 1.48990190e+00 -1.34388685e+00
    7.85645068e-01 1.60334158e+00 -1.26410580e+00</data></hand_right>
</opencv_storage>
