<?xml version="1.0"?>
<opencv_storage>
<hand_right type_id="opencv-matrix">
  <rows>21</rows>
  <cols>3</cols>
  <dt>f</dt>
  <data>
    -8.29313376e-06 -7.67217898e-06 3.65933874e-06 5.91227233e-01
    -3.87600750e-01 7.07975328e-01 1.33850789e+00 -6.55798972e-01
    -2.44763494e-02 1.73390937e+00 -5.64507008e-01 -8.25959325e-01
    1.95764351e+00 -5.55615544e-01 -1.45115554e+00 5.90973079e-01
    -5.99101603e-01 -1.15000486e+00 1.03237057e+00 -4.27469850e-01
    -1.90929902e+00 1.48567867e+00 -2.10643560e-01 -2.03132534e+00
    1.81537342e+00 -4.91078496e-02 -2.08447051e+00 2.31738523e-01
    -8.22463334e-02 -1.29702103e+00 7.48317301e-01 1.82003185e-01
    -1.95319808e+00 1.14880407e+00 4.26212996e-01 -1.86852896e+00
    1.42919874e+00 5.55617034e-01 -1.73795271e+00 -4.29540500e-03
    3.92194957e-01 -1.18428242e+00 4.68447387e-01 7.03714371e-01
    -1.68463087e+00 8.38755786e-01 9.17027950e-01 -1.52455962e+00
    1.05428219e+00 1.00965643e+00 -1.31053412e+00 -1.83099523e-01
    9.54705834e-01 -9.08178568e-01 3.16952825e-01 1.32958758e+00
    -1.42417252e+00 5.79193115e-01 1.48948956e+00 -1.34379399e+00
    7.86629915e-01 1.60289383e+00 -1.26390767e+00</data></hand_right>
</opencv_storage>
