<?xml version="1.0"?>
<opencv_storage>
<hand_right type_id="opencv-matrix">
  <rows>21</rows>
  <cols>3</cols>
  <dt>f</dt>
  <data>
    -8.29394503e-06 -7.67127585e-06 3.65260303e-06 5.90872109e-01
    -3.88029933e-01 7.08007932e-01 1.33839893e+00 -6.56012177e-01
    -2.42241621e-02 1.73420155e+00 -5.64477682e-01 -8.25475216e-01
    1.95816600e+00 -5.55325389e-01 -1.45053244e+00 5.91275811e-01
    -5.98699629e-01 -1.15004253e+00 1.03291225e+00 -4.26890314e-01
    -1.90919375e+00 1.48620152e+00 -2.10181385e-01 -2.03108740e+00
    1.81586492e+00 -4.87548709e-02 -2.08416939e+00 2.32186183e-01
    -8.17193985e-02 -1.29697061e+00 7.48928428e-01 1.82653859e-01
    -1.95293987e+00 1.14930844e+00 4.26690489e-01 -1.86827302e+00
    1.42954731e+00 5.55919409e-01 -1.73782945e+00 -3.81111354e-03
    3.92713338e-01 -1.18410552e+00 4.69045371e-01 7.04321206e-01
    -1.68427527e+00 8.39253068e-01 9.17482853e-01 -1.52420580e+00
    1.05462277e+00 1.00995040e+00 -1.31036079e+00 -1.82628393e-01
    9.55130756e-01 -9.07814920e-01 3.17546427e-01 1.33015215e+00
    -1.42357278e+00 5.79743445e-01 1.48997343e+00 -1.34311545e+00
    7.87122488e-01 1.60331249e+00 -1.26327407e+00</data></hand_right>
</opencv_storage>
