<?xml version="1.0"?>
<opencv_storage>
<hand_left type_id="opencv-matrix">
  <rows>21</rows>
  <cols>3</cols>
  <dt>f</dt>
  <data>
    -8.29357214e-06 -7.67128768e-06 3.65323785e-06 5.90883195e-01
    -3.88006091e-01 7.08018720e-01 1.33842325e+00 -6.55984640e-01
    -2.42078006e-02 1.73424625e+00 -5.64455390e-01 -8.25431705e-01
    1.95822811e+00 -5.55327773e-01 -1.45049429e+00 5.91287553e-01
    -5.98710656e-01 -1.15003014e+00 1.03293407e+00 -4.26888436e-01
    -1.90914524e+00 1.48615336e+00 -2.10190505e-01 -2.03096437e+00
    1.81572318e+00 -4.88030612e-02 -2.08397985e+00 2.32190907e-01
    -8.17400515e-02 -1.29697561e+00 7.48935699e-01 1.82640567e-01
    -1.95291293e+00 1.14926100e+00 4.26656365e-01 -1.86815631e+00
    1.42938936e+00 5.55830836e-01 -1.73765171e+00 -3.80983576e-03
    3.92691642e-01 -1.18411148e+00 4.69003469e-01 7.04286993e-01
    -1.68431771e+00 8.39205742e-01 9.17440295e-01 -1.52422571e+00
    1.05454278e+00 1.00988579e+00 -1.31038439e+00 -1.82631403e-01
    9.55120683e-01 -9.07825053e-01 3.17499161e-01 1.33011556e+00
    -1.42363048e+00 5.79680204e-01 1.48994207e+00 -1.34321260e+00
    7.87038922e-01 1.60328174e+00 -1.26343107e+00</data></hand_left>
</opencv_storage>
