<?xml version="1.0"?>
<opencv_storage>
<hand_left type_id="opencv-matrix">
  <rows>21</rows>
  <cols>3</cols>
  <dt>f</dt>
  <data>
    -8.29356941e-06 -7.67355050e-06 3.66134668e-06 5.91362298e-01
    -3.87608767e-01 7.07917094e-01 1.33857358e+00 -6.55764461e-01
    -2.46707946e-02 1.73388958e+00 -5.64408362e-01 -8.26182961e-01
    1.95756328e+00 -5.55499077e-01 -1.45144010e+00 5.90821028e-01
    -5.99132359e-01 -1.15011442e+00 1.03218627e+00 -4.27450687e-01
    -1.90938628e+00 1.48543382e+00 -2.10617870e-01 -2.03118491e+00
    1.81501150e+00 -4.91269231e-02 -2.08410096e+00 2.31567994e-01
    -8.22542459e-02 -1.29709530e+00 7.48095214e-01 1.82021201e-01
    -1.95328009e+00 1.14856684e+00 4.26202089e-01 -1.86844647e+00
    1.42884600e+00 5.55525005e-01 -1.73769879e+00 -4.43474948e-03
    3.92207295e-01 -1.18430638e+00 4.68224913e-01 7.03711271e-01
    -1.68475556e+00 8.38573158e-01 9.16999459e-01 -1.52460837e+00
    1.05406594e+00 1.00956869e+00 -1.31050014e+00 -1.83171377e-01
    9.54760253e-01 -9.08178926e-01 3.16806465e-01 1.32959509e+00
    -1.42430091e+00 5.79062223e-01 1.48949218e+00 -1.34395742e+00
    7.86480427e-01 1.60287595e+00 -1.26411939e+00</data></hand_left>
</opencv_storage>
