<?xml version="1.0"?>
<opencv_storage>
<hand_right type_id="opencv-matrix">
  <rows>21</rows>
  <cols>3</cols>
  <dt>f</dt>
  <data>
    -8.29341479e-06 -7.67129859e-06 3.65345818e-06 5.90950906e-01
    -3.88080686e-01 7.07906485e-01 1.33837962e+00 -6.56004012e-01
    -2.44374871e-02 1.73408079e+00 -5.64399779e-01 -8.25716615e-01
    1.95796609e+00 -5.55192947e-01 -1.45080137e+00 5.91136694e-01
    -5.98609626e-01 -1.15014935e+00 1.03268719e+00 -4.26730573e-01
    -1.90931392e+00 1.48593593e+00 -2.10015565e-01 -2.03119516e+00
    1.81556010e+00 -4.86001968e-02 -2.08427215e+00 2.32034296e-01
    -8.16211030e-02 -1.29699337e+00 7.48709202e-01 1.82812169e-01
    -1.95297301e+00 1.14907622e+00 4.26829487e-01 -1.86827731e+00
    1.42929411e+00 5.56023240e-01 -1.73780704e+00 -3.94583866e-03
    3.92800868e-01 -1.18406510e+00 4.68851209e-01 7.04444885e-01
    -1.68425405e+00 8.39063406e-01 9.17575836e-01 -1.52417529e+00
    1.05443585e+00 1.01000857e+00 -1.31032777e+00 -1.82726219e-01
    9.55193162e-01 -9.07710671e-01 3.17388564e-01 1.33024347e+00
    -1.42347753e+00 5.79579830e-01 1.49004626e+00 -1.34303677e+00
    7.86953747e-01 1.60336971e+00 -1.26321602e+00</data></hand_right>
</opencv_storage>
