<?xml version="1.0"?>
<opencv_storage>
<hand_left type_id="opencv-matrix">
  <rows>21</rows>
  <cols>3</cols>
  <dt>f</dt>
  <data>
    -8.29298915e-06 -7.67208257e-06 3.65566370e-06 5.91070592e-01
    -3.87877643e-01 7.07939327e-01 1.33846688e+00 -6.55880570e-01
    -2.44302899e-02 1.73407042e+00 -5.64389944e-01 -8.25779378e-01
    1.95789838e+00 -5.55279970e-01 -1.45089853e+00 5.91087461e-01
    -5.98802686e-01 -1.15009618e+00 1.03257549e+00 -4.27024424e-01
    -1.90932941e+00 1.48582160e+00 -2.10272312e-01 -2.03125167e+00
    1.81545174e+00 -4.88169789e-02 -2.08434510e+00 2.31919661e-01
    -8.18713307e-02 -1.29701531e+00 7.48539209e-01 1.82493433e-01
    -1.95308542e+00 1.14892519e+00 4.26585466e-01 -1.86842084e+00
    1.42917538e+00 5.55854559e-01 -1.73792887e+00 -4.09398600e-03
    3.92557561e-01 -1.18416274e+00 4.68665957e-01 7.04158306e-01
    -1.68443608e+00 8.38890851e-01 9.17365849e-01 -1.52437663e+00
    1.05428791e+00 1.00986743e+00 -1.31048429e+00 -1.82898447e-01
    9.55002129e-01 -9.07907546e-01 3.17170501e-01 1.32999909e+00
    -1.42377949e+00 5.79371810e-01 1.48984361e+00 -1.34336388e+00
    7.86746621e-01 1.60319662e+00 -1.26353025e+00</data></hand_left>
</opencv_storage>
