<?xml version="1.0"?>
<opencv_storage>
<hand_right type_id="opencv-matrix">
  <rows>21</rows>
  <cols>3</cols>
  <dt>f</dt>
  <data>
    -8.29340479e-06 -7.67315305e-06 3.64967286e-06 5.91027737e-01
    -3.88631254e-01 7.07553267e-01 1.33832359e+00 -6.56096578e-01
    -2.51075476e-02 1.73392534e+00 -5.63951135e-01 -8.26370180e-01
    1.95771956e+00 -5.54330707e-01 -1.45149803e+00 5.90889812e-01
    -5.97896516e-01 -1.15065157e+00 1.03237224e+00 -4.25518572e-01
    -1.90971923e+00 1.48563147e+00 -2.08751261e-01 -2.03141236e+00
    1.81522298e+00 -4.73366380e-02 -2.08428526e+00 2.31823012e-01
    -8.07629153e-02 -1.29708803e+00 7.48419285e-01 1.84056580e-01
    -1.95297515e+00 1.14883864e+00 4.27963436e-01 -1.86813021e+00
    1.42903614e+00 5.57003081e-01 -1.73757541e+00 -4.08054143e-03
    3.93612623e-01 -1.18379748e+00 4.68647748e-01 7.05531240e-01
    -1.68388295e+00 8.38921428e-01 9.18498993e-01 -1.52370358e+00
    1.05431354e+00 1.01074183e+00 -1.30983698e+00 -1.82746530e-01
    9.55847740e-01 -9.07029212e-01 3.17310303e-01 1.33117437e+00
    -1.42267549e+00 5.79549730e-01 1.49089944e+00 -1.34218585e+00
    7.86942720e-01 1.60412574e+00 -1.26233184e+00</data></hand_right>
</opencv_storage>
