<?xml version="1.0"?>
<opencv_storage>
<hand_left type_id="opencv-matrix">
  <rows>21</rows>
  <cols>3</cols>
  <dt>f</dt>
  <data>
    -8.29315286e-06 -7.67146412e-06 3.65618007e-06 5.91077805e-01
    -3.87801439e-01 7.07955778e-01 1.33842409e+00 -6.55894518e-01
    -2.44412720e-02 1.73395288e+00 -5.64482331e-01 -8.25852692e-01
    1.95775425e+00 -5.55453837e-01 -1.45099270e+00 5.91065407e-01
    -5.98896503e-01 -1.15004110e+00 1.03250861e+00 -4.27196205e-01
    -1.90932667e+00 1.48583603e+00 -2.10414082e-01 -2.03143883e+00
    1.81557631e+00 -4.88955677e-02 -2.08468151e+00 2.31890991e-01
    -8.19900334e-02 -1.29699039e+00 7.48494744e-01 1.82299614e-01
    -1.95313430e+00 1.14896846e+00 4.26447093e-01 -1.86859310e+00
    1.42936683e+00 5.55808663e-01 -1.73819578e+00 -4.12708148e-03
    3.92439723e-01 -1.18418777e+00 4.68648642e-01 7.04001307e-01
    -1.68446779e+00 8.38921309e-01 9.17251766e-01 -1.52448511e+00
    1.05442631e+00 1.00984168e+00 -1.31062686e+00 -1.82935968e-01
    9.54889238e-01 -9.07987118e-01 3.17154527e-01 1.32985044e+00
    -1.42388070e+00 5.79391599e-01 1.48971570e+00 -1.34348619e+00
    7.86828518e-01 1.60310256e+00 -1.26361513e+00</data></hand_left>
</opencv_storage>
