<?xml version="1.0"?>
<opencv_storage>
<hand_right type_id="opencv-matrix">
  <rows>21</rows>
  <cols>3</cols>
  <dt>f</dt>
  <data>
    -8.29649889e-06 -7.67068377e-06 3.64798484e-06 5.90654135e-01
    -3.88471425e-01 7.07953930e-01 1.33824325e+00 -6.56337738e-01
    -2.42631882e-02 1.73421109e+00 -5.64561486e-01 -8.25405240e-01
    1.95829046e+00 -5.55211425e-01 -1.45042825e+00 5.91323972e-01
    -5.98380685e-01 -1.15018952e+00 1.03317106e+00 -4.26349998e-01
    -1.90915942e+00 1.48655200e+00 -2.09687471e-01 -2.03081703e+00
    1.81625926e+00 -4.83159721e-02 -2.08369207e+00 2.32390419e-01
    -8.12488794e-02 -1.29696834e+00 7.49335229e-01 1.83272853e-01
    -1.95272458e+00 1.14978147e+00 4.27179515e-01 -1.86783338e+00
    1.43001235e+00 5.56274951e-01 -1.73723054e+00 -3.50502506e-03
    3.93199235e-01 -1.18394852e+00 4.69527960e-01 7.04894781e-01
    -1.68390524e+00 8.39774847e-01 9.17894483e-01 -1.52364862e+00
    1.05511546e+00 1.01020956e+00 -1.30969512e+00 -1.82226121e-01
    9.55552995e-01 -9.07460093e-01 3.18135381e-01 1.33065975e+00
    -1.42298853e+00 5.80366135e-01 1.49038553e+00 -1.34241664e+00
    7.87752390e-01 1.60362625e+00 -1.26248586e+00</data></hand_right>
</opencv_storage>
