<?xml version="1.0"?>
<opencv_storage>
<hand_left type_id="opencv-matrix">
  <rows>21</rows>
  <cols>3</cols>
  <dt>f</dt>
  <data>
    -8.29336841e-06 -7.67457095e-06 3.66573545e-06 5.91532052e-01
    -3.87264520e-01 7.08023489e-01 1.33872271e+00 -6.55609965e-01
    -2.45677531e-02 1.73391676e+00 -5.64478755e-01 -8.26184630e-01
    1.95752800e+00 -5.55800796e-01 -1.45150161e+00 5.90831161e-01
    -5.99464476e-01 -1.15000463e+00 1.03214145e+00 -4.27940458e-01
    -1.90936184e+00 1.48535395e+00 -2.11057156e-01 -2.03114843e+00
    1.81490207e+00 -4.95326817e-02 -2.08403850e+00 2.31468573e-01
    -8.26767981e-02 -1.29714227e+00 7.47962713e-01 1.81500733e-01
    -1.95342410e+00 1.14840436e+00 4.25786376e-01 -1.86851192e+00
    1.42866039e+00 5.55198669e-01 -1.73762214e+00 -4.60103154e-03
    3.91800553e-01 -1.18449521e+00 4.68034387e-01 7.03241169e-01
    -1.68504810e+00 8.38351607e-01 9.16640759e-01 -1.52483249e+00
    1.05379426e+00 1.00928175e+00 -1.31056738e+00 -1.83400199e-01
    9.54452872e-01 -9.08539772e-01 3.16530883e-01 1.32919693e+00
    -1.42479396e+00 5.78753412e-01 1.48915112e+00 -1.34444547e+00
    7.86125422e-01 1.60257614e+00 -1.26457465e+00</data></hand_left>
</opencv_storage>
