<?xml version="1.0"?>
<opencv_storage>
<hand_right type_id="opencv-matrix">
  <rows>21</rows>
  <cols>3</cols>
  <dt>f</dt>
  <data>
    -8.29138844e-06 -7.67536676e-06 3.65178653e-06 5.91294408e-01
    -3.88467908e-01 7.07433581e-01 1.33849096e+00 -6.55795217e-01
    -2.53879428e-02 1.73387730e+00 -5.63597023e-01 -8.26768219e-01
    1.95752764e+00 -5.53948522e-01 -1.45194638e+00 5.90783834e-01
    -5.97780704e-01 -1.15078580e+00 1.03203845e+00 -4.25330162e-01
    -1.90999794e+00 1.48522639e+00 -2.08460093e-01 -2.03184271e+00
    1.81480145e+00 -4.69619930e-02 -2.08486533e+00 2.31549442e-01
    -8.07357281e-02 -1.29715490e+00 7.47941256e-01 1.84205413e-01
    -1.95315766e+00 1.14831758e+00 4.28224176e-01 -1.86841989e+00
    1.42856264e+00 5.57366490e-01 -1.73793340e+00 -4.45066020e-03
    3.93586248e-01 -1.18382061e+00 4.68111932e-01 7.05625534e-01
    -1.68399513e+00 8.38369608e-01 9.18707728e-01 -1.52389193e+00
    1.05380774e+00 1.01102245e+00 -1.31002784e+00 -1.83196053e-01
    9.55786467e-01 -9.07026827e-01 3.16678703e-01 1.33124137e+00
    -1.42275906e+00 5.78887939e-01 1.49103260e+00 -1.34230268e+00
    7.86280513e-01 1.60432792e+00 -1.26247454e+00</data></hand_right>
</opencv_storage>
