<?xml version="1.0"?>
<opencv_storage>
<hand_left type_id="opencv-matrix">
  <rows>21</rows>
  <cols>3</cols>
  <dt>f</dt>
  <data>
    -8.29412329e-06 -7.67339225e-06 3.65871620e-06 5.91250539e-01
    -3.87766749e-01 7.07902849e-01 1.33851695e+00 -6.55857861e-01
    -2.46251076e-02 1.73392463e+00 -5.64415693e-01 -8.26073945e-01
    1.95766497e+00 -5.55410981e-01 -1.45129156e+00 5.90889454e-01
    -5.98973453e-01 -1.15014362e+00 1.03232694e+00 -4.27209198e-01
    -1.90936577e+00 1.48562002e+00 -2.10388064e-01 -2.03116035e+00
    1.81524754e+00 -4.88924086e-02 -2.08407712e+00 2.31687218e-01
    -8.20535719e-02 -1.29707205e+00 7.48273253e-01 1.82282165e-01
    -1.95319915e+00 1.14877272e+00 4.26434278e-01 -1.86839008e+00
    1.42909873e+00 5.55749178e-01 -1.73768628e+00 -4.29963320e-03
    3.92399549e-01 -1.18423331e+00 4.68425035e-01 7.03955948e-01
    -1.68459415e+00 8.38778496e-01 9.17207778e-01 -1.52445090e+00
    1.05428040e+00 1.00975549e+00 -1.31036878e+00 -1.83037072e-01
    9.54907298e-01 -9.08029020e-01 3.17005277e-01 1.32981110e+00
    -1.42404628e+00 5.79277158e-01 1.48968732e+00 -1.34366667e+00
    7.86715031e-01 1.60305440e+00 -1.26379037e+00</data></hand_left>
</opencv_storage>
