<?xml version="1.0"?>
<opencv_storage>
<hand_right type_id="opencv-matrix">
  <rows>21</rows>
  <cols>3</cols>
  <dt>f</dt>
  <data>
    -8.29271266e-06 -7.67173515e-06 3.65508708e-06 5.91027856e-01
    -3.87925088e-01 7.07938790e-01 1.33845580e+00 -6.55887008e-01
    -2.44084001e-02 1.73412168e+00 -5.64359546e-01 -8.25703502e-01
    1.95800042e+00 -5.55245399e-01 -1.45080590e+00 5.91132879e-01
    -5.98728240e-01 -1.15009034e+00 1.03264832e+00 -4.26901460e-01
    -1.90926099e+00 1.48584533e+00 -2.10164130e-01 -2.03114510e+00
    1.81540358e+00 -4.87443209e-02 -2.08420634e+00 2.31980011e-01
    -8.17923024e-02 -1.29699993e+00 7.48616934e-01 1.82599545e-01
    -1.95300961e+00 1.14896154e+00 4.26656693e-01 -1.86829340e+00
    1.42912996e+00 5.55870414e-01 -1.73779702e+00 -4.03007865e-03
    3.92626971e-01 -1.18412232e+00 4.68692958e-01 7.04229534e-01
    -1.68439913e+00 8.38931680e-01 9.17420149e-01 -1.52435255e+00
    1.05433285e+00 1.00990629e+00 -1.31051528e+00 -1.82837650e-01
    9.55053985e-01 -9.07839715e-01 3.17199737e-01 1.33004689e+00
    -1.42372680e+00 5.79396665e-01 1.48989654e+00 -1.34336066e+00
    7.86780357e-01 1.60325372e+00 -1.26360571e+00</data></hand_right>
</opencv_storage>
