<?xml version="1.0"?>
<opencv_storage>
<hand_left type_id="opencv-matrix">
  <rows>21</rows>
  <cols>3</cols>
  <dt>f</dt>
  <data>
    -8.29580949e-06 -7.67254278e-06 3.66134509e-06 5.91180146e-01
    -3.87293249e-01 7.08261907e-01 1.33863175e+00 -6.55772090e-01
    -2.39957422e-02 1.73414922e+00 -5.64738274e-01 -8.25471163e-01
    1.95802343e+00 -5.56107759e-01 -1.45070636e+00 5.91223001e-01
    -5.99551380e-01 -1.14971912e+00 1.03288257e+00 -4.28097367e-01
    -1.90889776e+00 1.48628914e+00 -2.11205453e-01 -2.03066421e+00
    1.81600964e+00 -4.96270061e-02 -2.08354187e+00 2.31976420e-01
    -8.27550739e-02 -1.29701447e+00 7.48791695e-01 1.81345880e-01
    -1.95311368e+00 1.14936912e+00 4.25675035e-01 -1.86816394e+00
    1.42978978e+00 5.55187643e-01 -1.73723125e+00 -4.09928709e-03
    3.91737342e-01 -1.18448710e+00 4.68804061e-01 7.03122258e-01
    -1.68484092e+00 8.39195132e-01 9.16564107e-01 -1.52456915e+00
    1.05474865e+00 1.00930750e+00 -1.31024170e+00 -1.82968602e-01
    9.54388499e-01 -9.08640206e-01 3.17223042e-01 1.32909155e+00
    -1.42471957e+00 5.79499006e-01 1.48907435e+00 -1.34432447e+00
    7.86957324e-01 1.60252810e+00 -1.26436305e+00</data></hand_left>
</opencv_storage>
