<?xml version="1.0"?>
<opencv_storage>
<hand_right type_id="opencv-matrix">
  <rows>21</rows>
  <cols>3</cols>
  <dt>f</dt>
  <data>
    -8.29822966e-06 -7.66964240e-06 3.65275901e-06 5.90687454e-01
    -3.88114959e-01 7.08159149e-01 1.33825219e+00 -6.56402707e-01
    -2.39699930e-02 1.73416471e+00 -5.65032184e-01 -8.25184464e-01
    1.95824099e+00 -5.56023061e-01 -1.45025444e+00 5.91278672e-01
    -5.99024355e-01 -1.14990616e+00 1.03317022e+00 -4.27360028e-01
    -1.90891635e+00 1.48658752e+00 -2.10735500e-01 -2.03054428e+00
    1.81630504e+00 -4.93826270e-02 -2.08336949e+00 2.32360899e-01
    -8.19469541e-02 -1.29695499e+00 7.49379039e-01 1.82259992e-01
    -1.95279455e+00 1.14988852e+00 4.26225007e-01 -1.86783850e+00
    1.43016183e+00 5.55395901e-01 -1.73708165e+00 -3.50777805e-03
    3.92578155e-01 -1.18417144e+00 4.69590843e-01 7.04016089e-01
    -1.68425453e+00 8.39900732e-01 9.17093813e-01 -1.52395630e+00
    1.05527997e+00 1.00951195e+00 -1.30984521e+00 -1.82186946e-01
    9.55104232e-01 -9.07978833e-01 3.18245709e-01 1.32990587e+00
    -1.42368293e+00 5.80509424e-01 1.48966515e+00 -1.34315073e+00
    7.87919879e-01 1.60293508e+00 -1.26319718e+00</data></hand_right>
</opencv_storage>
