<?xml version="1.0"?>
<opencv_storage>
<hand_left type_id="opencv-matrix">
  <rows>21</rows>
  <cols>3</cols>
  <dt>f</dt>
  <data>
    -8.29284181e-06 -7.67565416e-06 3.66302220e-06 5.91527700e-01
    -3.87537956e-01 7.07869887e-01 1.33871675e+00 -6.55584574e-01
    -2.48275101e-02 1.73393011e+00 -5.64156234e-01 -8.26405883e-01
    1.95752621e+00 -5.55211663e-01 -1.45172155e+00 5.90809226e-01
    -5.99042535e-01 -1.15022576e+00 1.03207242e+00 -4.27264392e-01
    -1.90955567e+00 1.48526597e+00 -2.10359037e-01 -2.03132224e+00
    1.81479073e+00 -4.88286018e-02 -2.08419991e+00 2.31454462e-01
    -8.21928382e-02 -1.29716527e+00 7.47871399e-01 1.82182878e-01
    -1.95341516e+00 1.14829421e+00 4.26413506e-01 -1.86855733e+00
    1.42853820e+00 5.55761516e-01 -1.73777425e+00 -4.60683182e-03
    3.92246336e-01 -1.18433928e+00 4.67958957e-01 7.03839302e-01
    -1.68484592e+00 8.38268518e-01 9.17174578e-01 -1.52468359e+00
    1.05373323e+00 1.00974882e+00 -1.31053364e+00 -1.83394194e-01
    9.54795361e-01 -9.08170819e-01 3.16488385e-01 1.32970965e+00
    -1.42435455e+00 5.78720570e-01 1.48963821e+00 -1.34400511e+00
    7.86114514e-01 1.60305238e+00 -1.26414990e+00</data></hand_left>
</opencv_storage>
