<?xml version="1.0"?>
<opencv_storage>
<hand_right type_id="opencv-matrix">
  <rows>21</rows>
  <cols>3</cols>
  <dt>f</dt>
  <data>
    -8.29831788e-06 -7.67285746e-06 3.65491633e-06 5.90993941e-01
    -3.87992144e-01 7.08028734e-01 1.33841741e+00 -6.56161010e-01
    -2.43556350e-02 1.73403049e+00 -5.64675570e-01 -8.25734079e-01
    1.95796001e+00 -5.55671573e-01 -1.45092189e+00 5.91132700e-01
    -5.98904073e-01 -1.15009356e+00 1.03287709e+00 -4.27072138e-01
    -1.90913999e+00 1.48635042e+00 -2.10257769e-01 -2.03074312e+00
    1.81612194e+00 -4.87583280e-02 -2.08350444e+00 2.32061043e-01
    -8.18863586e-02 -1.29704440e+00 7.48964608e-01 1.82494566e-01
    -1.95294416e+00 1.14957392e+00 4.26614076e-01 -1.86787939e+00
    1.43000829e+00 5.55928349e-01 -1.73694456e+00 -3.87397036e-03
    3.92598420e-01 -1.18419826e+00 4.69139457e-01 7.04182208e-01
    -1.68429542e+00 8.39544892e-01 9.17378843e-01 -1.52389562e+00
    1.05507016e+00 1.00988424e+00 -1.30955148e+00 -1.82587013e-01
    9.55101848e-01 -9.07962322e-01 3.17754447e-01 1.33002007e+00
    -1.42372656e+00 5.80057561e-01 1.48985338e+00 -1.34318221e+00
    7.87530184e-01 1.60318053e+00 -1.26312983e+00</data></hand_right>
</opencv_storage>
