<?xml version="1.0"?>
<opencv_storage>
<hand_right type_id="opencv-matrix">
  <rows>21</rows>
  <cols>3</cols>
  <dt>f</dt>
  <data>
    -8.29227247e-06 -7.67382517e-06 3.65984147e-06 5.91347098e-01
    -3.87647152e-01 7.07903504e-01 1.33863890e+00 -6.55669212e-01
    -2.46436298e-02 1.73402786e+00 -5.64237416e-01 -8.26126575e-01
    1.95772839e+00 -5.55236518e-01 -1.45135283e+00 5.90943813e-01
    -5.98940194e-01 -1.15015745e+00 1.03227472e+00 -4.27175224e-01
    -1.90946841e+00 1.48546970e+00 -2.10332602e-01 -2.03138208e+00
    1.81503356e+00 -4.88267243e-02 -2.08442187e+00 2.31648371e-01
    -8.20755810e-02 -1.29709935e+00 7.48126030e-01 1.82288706e-01
    -1.95329440e+00 1.14852357e+00 4.26476181e-01 -1.86857331e+00
    1.42877364e+00 5.55808902e-01 -1.73797452e+00 -4.41074371e-03
    3.92350972e-01 -1.18426931e+00 4.68197346e-01 7.03944325e-01
    -1.68471229e+00 8.38488579e-01 9.17255998e-01 -1.52466297e+00
    1.05396569e+00 1.00983679e+00 -1.31068337e+00 -1.83226466e-01
    9.54852462e-01 -9.08075571e-01 3.16693336e-01 1.32980192e+00
    -1.42417514e+00 5.78915656e-01 1.48972178e+00 -1.34384656e+00
    7.86323667e-01 1.60313487e+00 -1.26404917e+00</data></hand_right>
</opencv_storage>
