<?xml version="1.0"?>
<opencv_storage>
<hand_right type_id="opencv-matrix">
  <rows>21</rows>
  <cols>3</cols>
  <dt>f</dt>
  <data>
    -8.29668625e-06 -7.66942321e-06 3.65180495e-06 5.90668201e-01
    -3.88080955e-01 7.08161473e-01 1.33826804e+00 -6.56310260e-01
    -2.39240825e-02 1.73420990e+00 -5.64928949e-01 -8.25123906e-01
    1.95828903e+00 -5.55888355e-01 -1.45015526e+00 5.91349959e-01
    -5.98962426e-01 -1.14988017e+00 1.03320444e+00 -4.27303195e-01
    -1.90893447e+00 1.48659563e+00 -2.10676432e-01 -2.03069901e+00
    1.81632566e+00 -4.93039191e-02 -2.08365679e+00 2.32400388e-01
    -8.19172636e-02 -1.29692829e+00 7.49372005e-01 1.82297081e-01
    -1.95280099e+00 1.14983606e+00 4.26278025e-01 -1.86798525e+00
    1.43009746e+00 5.55471361e-01 -1.73738599e+00 -3.51124629e-03
    3.92582595e-01 -1.18415642e+00 4.69556510e-01 7.04048872e-01
    -1.68423867e+00 8.39805663e-01 9.17144835e-01 -1.52403283e+00
    1.05515718e+00 1.00958371e+00 -1.31005144e+00 -1.82251588e-01
    9.55075741e-01 -9.07961845e-01 3.18139672e-01 1.32993579e+00
    -1.42364240e+00 5.80374897e-01 1.48970532e+00 -1.34312129e+00
    7.87759662e-01 1.60298955e+00 -1.26319301e+00</data></hand_right>
</opencv_storage>
