<?xml version="1.0"?>
<opencv_storage>
<hand_right type_id="opencv-matrix">
  <rows>21</rows>
  <cols>3</cols>
  <dt>f</dt>
  <data>
    -8.29662895e-06 -7.67342317e-06 3.67888742e-06 5.91813624e-01
    -3.86500269e-01 7.08295226e-01 1.33877468e+00 -6.55637741e-01
    -2.43318677e-02 1.73361993e+00 -5.65254092e-01 -8.26185107e-01
    1.95709586e+00 -5.57294846e-01 -1.45168757e+00 5.90550065e-01
    -6.00654483e-01 -1.14957488e+00 1.03182268e+00 -4.29727197e-01
    -1.90896404e+00 1.48505688e+00 -2.12823302e-01 -2.03054047e+00
    1.81452286e+00 -5.13244569e-02 -2.08319449e+00 2.31141716e-01
    -8.40105116e-02 -1.29715729e+00 7.47704387e-01 1.79673478e-01
    -1.95356083e+00 1.14826775e+00 4.24115121e-01 -1.86826932e+00
    1.42859352e+00 5.53674877e-01 -1.73682654e+00 -4.88070399e-03
    3.90590340e-01 -1.18491518e+00 4.67779666e-01 7.01593161e-01
    -1.68572915e+00 8.38296175e-01 9.15177464e-01 -1.52527320e+00
    1.05388856e+00 1.00802350e+00 -1.31048310e+00 -1.83567286e-01
    9.53562915e-01 -9.09501493e-01 3.16404939e-01 1.32771814e+00
    -1.42614698e+00 5.78687251e-01 1.48775840e+00 -1.34590089e+00
    7.86133826e-01 1.60125709e+00 -1.26601171e+00</data></hand_right>
</opencv_storage>
