<?xml version="1.0"?>
<opencv_storage>
<hand_left type_id="opencv-matrix">
  <rows>21</rows>
  <cols>3</cols>
  <dt>f</dt>
  <data>
    -8.29153578e-06 -7.67222082e-06 3.66277027e-06 5.91353893e-01
    -3.87351125e-01 7.08009899e-01 1.33858001e+00 -6.55639350e-01
    -2.44676024e-02 1.73388243e+00 -5.64494133e-01 -8.26011419e-01
    1.95754099e+00 -5.55729270e-01 -1.45123076e+00 5.90926647e-01
    -5.99314392e-01 -1.14992344e+00 1.03220391e+00 -4.27823812e-01
    -1.90931940e+00 1.48541391e+00 -2.10994124e-01 -2.03143215e+00
    1.81503010e+00 -4.94684577e-02 -2.08465624e+00 2.31609792e-01
    -8.25393498e-02 -1.29703319e+00 7.48077750e-01 1.81608722e-01
    -1.95331979e+00 1.14848506e+00 4.25862342e-01 -1.86871481e+00
    1.42879331e+00 5.55288494e-01 -1.73819268e+00 -4.47056815e-03
    3.91901016e-01 -1.18438542e+00 4.68156844e-01 7.03346908e-01
    -1.68487644e+00 8.38423193e-01 9.16724205e-01 -1.52488792e+00
    1.05390823e+00 1.00940406e+00 -1.31093097e+00 -1.83314919e-01
    9.54463184e-01 -9.08395827e-01 3.16610873e-01 1.32926655e+00
    -1.42454410e+00 5.78814089e-01 1.48920393e+00 -1.34423876e+00
    7.86210597e-01 1.60264564e+00 -1.26444376e+00</data></hand_left>
</opencv_storage>
