<?xml version="1.0"?>
<opencv_storage>
<hand_left type_id="opencv-matrix">
  <rows>21</rows>
  <cols>3</cols>
  <dt>f</dt>
  <data>
    -8.29149576e-06 -7.67185975e-06 3.65584992e-06 5.91114640e-01
    -3.87747109e-01 7.07931399e-01 1.33847356e+00 -6.55757427e-01
    -2.44551003e-02 1.73399198e+00 -5.64317822e-01 -8.25863957e-01
    1.95777190e+00 -5.55254817e-01 -1.45098042e+00 5.91094196e-01
    -5.98824263e-01 -1.15004647e+00 1.03247392e+00 -4.27106082e-01
    -1.90938020e+00 1.48576236e+00 -2.10303336e-01 -2.03159142e+00
    1.81549382e+00 -4.87572551e-02 -2.08492637e+00 2.31865123e-01
    -8.19593444e-02 -1.29698253e+00 7.48389781e-01 1.82361618e-01
    -1.95317626e+00 1.14881980e+00 4.26538497e-01 -1.86875343e+00
    1.42920208e+00 5.55927455e-01 -1.73847830e+00 -4.20235470e-03
    3.92441005e-01 -1.18417835e+00 4.68508899e-01 7.04046249e-01
    -1.68448532e+00 8.38731527e-01 9.17329729e-01 -1.52458715e+00
    1.05421162e+00 1.00994015e+00 -1.31083083e+00 -1.83071584e-01
    9.54859912e-01 -9.07967329e-01 3.16941619e-01 1.32989049e+00
    -1.42387271e+00 5.79153895e-01 1.48977888e+00 -1.34349918e+00
    7.86566377e-01 1.60318446e+00 -1.26365626e+00</data></hand_left>
</opencv_storage>
