<?xml version="1.0"?>
<opencv_storage>
<hand_left type_id="opencv-matrix">
  <rows>21</rows>
  <cols>3</cols>
  <dt>f</dt>
  <data>
    -8.29330565e-06 -7.67349593e-06 3.65206188e-06 5.91077149e-01
    -3.88233274e-01 7.07739830e-01 1.33843136e+00 -6.55935466e-01
    -2.47870237e-02 1.73401380e+00 -5.64082146e-01 -8.26104403e-01
    1.95782757e+00 -5.54706097e-01 -1.45124125e+00 5.91003358e-01
    -5.98319173e-01 -1.15038884e+00 1.03250706e+00 -4.26194549e-01
    -1.90952218e+00 1.48582387e+00 -2.09371567e-01 -2.03133225e+00
    1.81548929e+00 -4.78729010e-02 -2.08428574e+00 2.31859848e-01
    -8.13018307e-02 -1.29705667e+00 7.48464584e-01 1.83321178e-01
    -1.95305574e+00 1.14894032e+00 4.27378356e-01 -1.86833382e+00
    1.42925107e+00 5.56601048e-01 -1.73781025e+00 -4.12095338e-03
    3.93090516e-01 -1.18398166e+00 4.68626797e-01 7.04880834e-01
    -1.68416262e+00 8.38923514e-01 9.18015122e-01 -1.52406406e+00
    1.05438316e+00 1.01044261e+00 -1.31017661e+00 -1.82881504e-01
    9.55420136e-01 -9.07470226e-01 3.17173064e-01 1.33062279e+00
    -1.42324734e+00 5.79429567e-01 1.49044180e+00 -1.34280884e+00
    7.86854446e-01 1.60376024e+00 -1.26293957e+00</data></hand_left>
</opencv_storage>
