<?xml version="1.0"?>
<opencv_storage>
<hand_right type_id="opencv-matrix">
  <rows>21</rows>
  <cols>3</cols>
  <dt>f</dt>
  <data>
    -8.29143846e-06 -7.67493020e-06 3.66150925e-06 5.91481805e-01
    -3.87632549e-01 7.07786918e-01 1.33866322e+00 -6.55571580e-01
    -2.48727798e-02 1.73390412e+00 -5.64070940e-01 -8.26394916e-01
    1.95751178e+00 -5.55047393e-01 -1.45164382e+00 5.90827823e-01
    -5.98805010e-01 -1.15027177e+00 1.03204942e+00 -4.26943183e-01
    -1.90959716e+00 1.48516893e+00 -2.10064530e-01 -2.03144455e+00
    1.81465650e+00 -4.85639572e-02 -2.08444691e+00 2.31467977e-01
    -8.19693506e-02 -1.29713166e+00 7.47866273e-01 1.82519495e-01
    -1.95330381e+00 1.14819574e+00 4.26717460e-01 -1.86847520e+00
    1.42838848e+00 5.56027293e-01 -1.73776567e+00 -4.61554900e-03
    3.92423660e-01 -1.18423367e+00 4.67926681e-01 7.04113483e-01
    -1.68465817e+00 8.38173151e-01 9.17421222e-01 -1.52450311e+00
    1.05357873e+00 1.00994277e+00 -1.31039953e+00 -1.83439538e-01
    9.54885781e-01 -9.07977939e-01 3.16403031e-01 1.32992089e+00
    -1.42403519e+00 5.78571677e-01 1.48982954e+00 -1.34365690e+00
    7.85923004e-01 1.60323060e+00 -1.26384866e+00</data></hand_right>
</opencv_storage>
