<?xml version="1.0"?>
<opencv_storage>
<hand_left type_id="opencv-matrix">
  <rows>21</rows>
  <cols>3</cols>
  <dt>f</dt>
  <data>
    -8.28716384e-06 -7.67561687e-06 3.67575740e-06 5.92082143e-01
    -3.86468202e-01 7.07957923e-01 1.33896613e+00 -6.54957175e-01
    -2.48592347e-02 1.73365879e+00 -5.64188540e-01 -8.26733768e-01
    1.95691538e+00 -5.55822492e-01 -1.45216048e+00 5.90455592e-01
    -6.00004792e-01 -1.14985919e+00 1.03123987e+00 -4.28831637e-01
    -1.90955591e+00 1.48424220e+00 -2.11837560e-01 -2.03175306e+00
    1.81365490e+00 -5.02130687e-02 -2.08497548e+00 2.30784684e-01
    -8.35046694e-02 -1.29716241e+00 7.46785045e-01 1.80434436e-01
    -1.95387542e+00 1.14713633e+00 4.24950987e-01 -1.86934602e+00
    1.42738092e+00 5.54566503e-01 -1.73871267e+00 -5.43400273e-03
    3.90931994e-01 -1.18473125e+00 4.66760665e-01 7.02216506e-01
    -1.68574607e+00 8.37065995e-01 9.15883660e-01 -1.52588844e+00
    1.05260968e+00 1.00878298e+00 -1.31184018e+00 -1.84331730e-01
    9.53680515e-01 -9.09089327e-01 3.15137446e-01 1.32825589e+00
    -1.42584682e+00 5.77325463e-01 1.48837447e+00 -1.34577751e+00
    7.84694612e-01 1.60194969e+00 -1.26613009e+00</data></hand_left>
</opencv_storage>
