<?xml version="1.0"?>
<opencv_storage>
<hand_right type_id="opencv-matrix">
  <rows>21</rows>
  <cols>3</cols>
  <dt>f</dt>
  <data>
    -8.29166584e-06 -7.67407619e-06 3.65899314e-06 5.91372967e-01
    -3.87708902e-01 7.07819462e-01 1.33861411e+00 -6.55651450e-01
    -2.47830302e-02 1.73394549e+00 -5.64129472e-01 -8.26273799e-01
    1.95760822e+00 -5.55054307e-01 -1.45149934e+00 5.90868771e-01
    -5.98817408e-01 -1.15023553e+00 1.03217149e+00 -4.26971793e-01
    -1.90954733e+00 1.48540080e+00 -2.10094541e-01 -2.03149700e+00
    1.81500673e+00 -4.85499501e-02 -2.08454895e+00 2.31564209e-01
    -8.19526538e-02 -1.29710245e+00 7.48012781e-01 1.82478860e-01
    -1.95331037e+00 1.14845955e+00 4.26683992e-01 -1.86862743e+00
    1.42876315e+00 5.56035161e-01 -1.73804617e+00 -4.49628010e-03
    3.92454326e-01 -1.18421566e+00 4.68105853e-01 7.04105496e-01
    -1.68464172e+00 8.38413358e-01 9.17408824e-01 -1.52460432e+00
    1.05390429e+00 1.00998449e+00 -1.31064272e+00 -1.83309764e-01
    9.54913795e-01 -9.07963455e-01 3.16583604e-01 1.32993782e+00
    -1.42403722e+00 5.78823984e-01 1.48985386e+00 -1.34369969e+00
    7.86236525e-01 1.60325241e+00 -1.26387966e+00</data></hand_right>
</opencv_storage>
