<?xml version="1.0"?>
<opencv_storage>
<hand_right type_id="opencv-matrix">
  <rows>21</rows>
  <cols>3</cols>
  <dt>f</dt>
  <data>
    -8.29393775e-06 -7.67207348e-06 3.65369897e-06 5.90950549e-01
    -3.88042599e-01 7.07960367e-01 1.33843780e+00 -6.55971169e-01
    -2.43467391e-02 1.73418474e+00 -5.64389706e-01 -8.25614035e-01
    1.95811164e+00 -5.55211186e-01 -1.45069861e+00 5.91207206e-01
    -5.98657131e-01 -1.15011656e+00 1.03279018e+00 -4.26799834e-01
    -1.90927029e+00 1.48601389e+00 -2.10094750e-01 -2.03107405e+00
    1.81560135e+00 -4.86958623e-02 -2.08408570e+00 2.32097641e-01
    -8.16689283e-02 -1.29700470e+00 7.48790503e-01 1.82752252e-01
    -1.95296812e+00 1.14911985e+00 4.26765203e-01 -1.86822176e+00
    1.42929542e+00 5.55947125e-01 -1.73770618e+00 -3.89321148e-03
    3.92762482e-01 -1.18409741e+00 4.68907237e-01 7.04393327e-01
    -1.68429565e+00 8.39101553e-01 9.17535841e-01 -1.52418303e+00
    1.05444312e+00 1.00996089e+00 -1.31028914e+00 -1.82686120e-01
    9.55182254e-01 -9.07772720e-01 3.17446232e-01 1.33020723e+00
    -1.42355371e+00 5.79625785e-01 1.49001813e+00 -1.34309494e+00
    7.86986589e-01 1.60335195e+00 -1.26327002e+00</data></hand_right>
</opencv_storage>
