<?xml version="1.0"?>
<opencv_storage>
<hand_right type_id="opencv-matrix">
  <rows>21</rows>
  <cols>3</cols>
  <dt>f</dt>
  <data>
    -8.29060173e-06 -7.67276379e-06 3.65440565e-06 5.91169536e-01
    -3.87933880e-01 7.07772732e-01 1.33845687e+00 -6.55737579e-01
    -2.47480124e-02 1.73391545e+00 -5.64089298e-01 -8.26163709e-01
    1.95762324e+00 -5.54848552e-01 -1.45128679e+00 5.90963125e-01
    -5.98555624e-01 -1.15024424e+00 1.03225827e+00 -4.26675975e-01
    -1.90959275e+00 1.48554182e+00 -2.09859282e-01 -2.03180122e+00
    1.81526208e+00 -4.83061075e-02 -2.08510613e+00 2.31730446e-01
    -8.16472247e-02 -1.29701519e+00 7.48141825e-01 1.82791337e-01
    -1.95324886e+00 1.14857626e+00 4.26927030e-01 -1.86891770e+00
    1.42894971e+00 5.56262136e-01 -1.73875046e+00 -4.31713462e-03
    3.92730743e-01 -1.18407309e+00 4.68316257e-01 7.04431355e-01
    -1.68438995e+00 8.38529110e-01 9.17654753e-01 -1.52455068e+00
    1.05398977e+00 1.01019466e+00 -1.31089294e+00 -1.83148295e-01
    9.55082953e-01 -9.07710075e-01 3.16793501e-01 1.33023095e+00
    -1.42360806e+00 5.79018295e-01 1.49009347e+00 -1.34323013e+00
    7.86423981e-01 1.60346365e+00 -1.26339209e+00</data></hand_right>
</opencv_storage>
