<?xml version="1.0"?>
<opencv_storage>
<hand_right type_id="opencv-matrix">
  <rows>21</rows>
  <cols>3</cols>
  <dt>f</dt>
  <data>
    -8.30020326e-06 -7.67392703e-06 3.64919742e-06 5.90940237e-01
    -3.88658077e-01 7.07708001e-01 1.33827257e+00 -6.56431675e-01
    -2.49173641e-02 1.73386312e+00 -5.64410210e-01 -8.26244175e-01
    1.95776415e+00 -5.54958701e-01 -1.45145035e+00 5.90927303e-01
    -5.98186731e-01 -1.15056908e+00 1.03270912e+00 -4.25864846e-01
    -1.90947688e+00 1.48629022e+00 -2.09026158e-01 -2.03090715e+00
    1.81614113e+00 -4.75182533e-02 -2.08350492e+00 2.31972143e-01
    -8.09763670e-02 -1.29711056e+00 7.48923481e-01 1.83781341e-01
    -1.95284307e+00 1.14967239e+00 4.27776754e-01 -1.86761880e+00
    1.43021607e+00 5.56969523e-01 -1.73656428e+00 -3.84490937e-03
    3.93480182e-01 -1.18389988e+00 4.69240487e-01 7.05329478e-01
    -1.68378472e+00 8.39751244e-01 9.18338418e-01 -1.52324533e+00
    1.05536568e+00 1.01066875e+00 -1.30882013e+00 -1.82410136e-01
    9.55816805e-01 -9.07240331e-01 3.18011284e-01 1.33100820e+00
    -1.42276025e+00 5.80395401e-01 1.49073529e+00 -1.34211993e+00
    7.87932992e-01 1.60395849e+00 -1.26196134e+00</data></hand_right>
</opencv_storage>
