<?xml version="1.0"?>
<opencv_storage>
<hand_right type_id="opencv-matrix">
  <rows>21</rows>
  <cols>3</cols>
  <dt>f</dt>
  <data>
    -8.29702913e-06 -7.67147230e-06 3.66668473e-06 5.91237307e-01
    -3.87286752e-01 7.08251119e-01 1.33852923e+00 -6.55995429e-01
    -2.40813792e-02 1.73396254e+00 -5.65151572e-01 -8.25569153e-01
    1.95776725e+00 -5.56689620e-01 -1.45083511e+00 5.90951443e-01
    -5.99855185e-01 -1.14970577e+00 1.03250813e+00 -4.28587884e-01
    -1.90890050e+00 1.48570728e+00 -2.11887479e-01 -2.03045249e+00
    1.81517053e+00 -5.05464971e-02 -2.08318734e+00 2.31790766e-01
    -8.29981565e-02 -1.29704881e+00 7.48547614e-01 1.80929527e-01
    -1.95314574e+00 1.14894938e+00 4.25070673e-01 -1.86799407e+00
    1.42909622e+00 5.54351270e-01 -1.73691249e+00 -4.15631011e-03
    3.91565919e-01 -1.18454456e+00 4.68656033e-01 7.02756763e-01
    -1.68503535e+00 8.39002252e-01 9.16060209e-01 -1.52468002e+00
    1.05441225e+00 1.00864887e+00 -1.31028616e+00 -1.82843015e-01
    9.54325438e-01 -9.08749402e-01 3.17307413e-01 1.32876348e+00
    -1.42495179e+00 5.79527140e-01 1.48865056e+00 -1.34459364e+00
    7.86913812e-01 1.60204363e+00 -1.26476502e+00</data></hand_right>
</opencv_storage>
