<?xml version="1.0"?>
<opencv_storage>
<hand_right type_id="opencv-matrix">
  <rows>21</rows>
  <cols>3</cols>
  <dt>f</dt>
  <data>
    -8.29121018e-06 -7.67383062e-06 3.65493588e-06 5.91264248e-01
    -3.87995243e-01 7.07718909e-01 1.33854067e+00 -6.55725837e-01
    -2.48921365e-02 1.73396909e+00 -5.63972175e-01 -8.26309323e-01
    1.95767069e+00 -5.54688752e-01 -1.45148444e+00 5.90911150e-01
    -5.98449349e-01 -1.15037608e+00 1.03224683e+00 -4.26415086e-01
    -1.90963995e+00 1.48548830e+00 -2.09553808e-01 -2.03160405e+00
    1.81511819e+00 -4.80204225e-02 -2.08468676e+00 2.31654227e-01
    -8.15203190e-02 -1.29708838e+00 7.48117089e-01 1.83061391e-01
    -1.95321631e+00 1.14854574e+00 4.27194566e-01 -1.86858213e+00
    1.42883575e+00 5.56476176e-01 -1.73811519e+00 -4.38780338e-03
    3.92855495e-01 -1.18406463e+00 4.68234479e-01 7.04629540e-01
    -1.68437481e+00 8.38508189e-01 9.17848825e-01 -1.52435410e+00
    1.05396760e+00 1.01033628e+00 -1.31050408e+00 -1.83195621e-01
    9.55213010e-01 -9.07633483e-01 3.16720217e-01 1.33039594e+00
    -1.42355239e+00 5.78950107e-01 1.49026477e+00 -1.34317017e+00
    7.86348939e-01 1.60361671e+00 -1.26334834e+00</data></hand_right>
</opencv_storage>
