<?xml version="1.0"?>
<opencv_storage>
<hand_left type_id="opencv-matrix">
  <rows>21</rows>
  <cols>3</cols>
  <dt>f</dt>
  <data>
    -8.29352120e-06 -7.66973972e-06 3.65753112e-06 5.90950310e-01
    -3.87572765e-01 7.08184779e-01 1.33840179e+00 -6.55956686e-01
    -2.39918083e-02 1.73406911e+00 -5.64848542e-01 -8.25365841e-01
    1.95795715e+00 -5.56041837e-01 -1.45046484e+00 5.91197491e-01
    -5.99360228e-01 -1.14973652e+00 1.03276896e+00 -4.27972794e-01
    -1.90903163e+00 1.48611045e+00 -2.11272418e-01 -2.03112721e+00
    1.81584668e+00 -4.98022139e-02 -2.08434081e+00 2.32071683e-01
    -8.24878365e-02 -1.29693222e+00 7.48777509e-01 1.81525290e-01
    -1.95311356e+00 1.14923286e+00 4.25670445e-01 -1.86861074e+00
    1.42956710e+00 5.55037498e-01 -1.73822498e+00 -3.93932685e-03
    3.91998857e-01 -1.18433809e+00 4.68925327e-01 7.03348935e-01
    -1.68468225e+00 8.39153469e-01 9.16620433e-01 -1.52471685e+00
    1.05456233e+00 1.00924373e+00 -1.31087625e+00 -1.82761788e-01
    9.54565465e-01 -9.08370137e-01 3.17415178e-01 1.32931709e+00
    -1.42433655e+00 5.79640150e-01 1.48918843e+00 -1.34394729e+00
    7.87031174e-01 1.60256886e+00 -1.26407886e+00</data></hand_left>
</opencv_storage>
