<?xml version="1.0"?>
<opencv_storage>
<hand_left type_id="opencv-matrix">
  <rows>21</rows>
  <cols>3</cols>
  <dt>f</dt>
  <data>
    -8.28667089e-06 -7.67545862e-06 3.67592565e-06 5.92082083e-01
    -3.86408001e-01 7.07973480e-01 1.33896565e+00 -6.54915094e-01
    -2.48192102e-02 1.73365772e+00 -5.64187229e-01 -8.26691091e-01
    1.95691085e+00 -5.55842876e-01 -1.45210373e+00 5.90455830e-01
    -6.00065172e-01 -1.14980972e+00 1.03121912e+00 -4.28945243e-01
    -1.90953231e+00 1.48422170e+00 -2.11954087e-01 -2.03179455e+00
    1.81364608e+00 -5.03180921e-02 -2.08506680e+00 2.30775416e-01
    -8.35873634e-02 -1.29714215e+00 7.46745288e-01 1.80301860e-01
    -1.95389807e+00 1.14710093e+00 4.24833685e-01 -1.86945927e+00
    1.42736030e+00 5.54474652e-01 -1.73890388e+00 -5.45325875e-03
    3.90847892e-01 -1.18474615e+00 4.66716945e-01 7.02099681e-01
    -1.68579638e+00 8.37020993e-01 9.15788174e-01 -1.52601266e+00
    1.05257642e+00 1.00872171e+00 -1.31203842e+00 -1.84364006e-01
    9.53601658e-01 -9.09142733e-01 3.15078378e-01 1.32815683e+00
    -1.42593825e+00 5.77271104e-01 1.48828769e+00 -1.34589982e+00
    7.84646809e-01 1.60187662e+00 -1.26627827e+00</data></hand_left>
</opencv_storage>
