<?xml version="1.0"?>
<opencv_storage>
<hand_right type_id="opencv-matrix">
  <rows>21</rows>
  <cols>3</cols>
  <dt>f</dt>
  <data>
    -8.29191140e-06 -7.67316942e-06 3.65741766e-06 5.91238499e-01
    -3.87907475e-01 7.07797348e-01 1.33853090e+00 -6.55772924e-01
    -2.47319639e-02 1.73399675e+00 -5.64170957e-01 -8.26127052e-01
    1.95772803e+00 -5.55011332e-01 -1.45129251e+00 5.90965629e-01
    -5.98595083e-01 -1.15027714e+00 1.03230619e+00 -4.26666498e-01
    -1.90953910e+00 1.48544085e+00 -2.09879488e-01 -2.03142500e+00
    1.81495810e+00 -4.84396815e-02 -2.08450413e+00 2.31720373e-01
    -8.16773474e-02 -1.29707813e+00 7.48218179e-01 1.82844952e-01
    -1.95314741e+00 1.14851487e+00 4.26931202e-01 -1.86838722e+00
    1.42868197e+00 5.56154132e-01 -1.73782325e+00 -4.31869552e-03
    3.92715156e-01 -1.18411648e+00 4.68309909e-01 7.04430461e-01
    -1.68442202e+00 8.38511467e-01 9.17635679e-01 -1.52431858e+00
    1.05387795e+00 1.01008344e+00 -1.31037164e+00 -1.83127016e-01
    9.55115557e-01 -9.07754242e-01 3.16809893e-01 1.33020961e+00
    -1.42365110e+00 5.78964114e-01 1.49005830e+00 -1.34324455e+00
    7.86312759e-01 1.60342288e+00 -1.26345932e+00</data></hand_right>
</opencv_storage>
