<?xml version="1.0"?>
<opencv_storage>
<hand_right type_id="opencv-matrix">
  <rows>21</rows>
  <cols>3</cols>
  <dt>f</dt>
  <data>
    -8.29198143e-06 -7.67360052e-06 3.65530036e-06 5.91220021e-01
    -3.87910068e-01 7.07784891e-01 1.33849549e+00 -6.55756116e-01
    -2.47709155e-02 1.73391330e+00 -5.64116359e-01 -8.26208711e-01
    1.95763135e+00 -5.54926693e-01 -1.45137382e+00 5.90938807e-01
    -5.98606050e-01 -1.15026176e+00 1.03228068e+00 -4.26697105e-01
    -1.90955520e+00 1.48559189e+00 -2.09845573e-01 -2.03161716e+00
    1.81531107e+00 -4.82813418e-02 -2.08478665e+00 2.31701508e-01
    -8.16916600e-02 -1.29704452e+00 7.48175442e-01 1.82777300e-01
    -1.95322442e+00 1.14865637e+00 4.26938713e-01 -1.86870289e+00
    1.42906165e+00 5.56291461e-01 -1.73831642e+00 -4.33483720e-03
    3.92699003e-01 -1.18410373e+00 4.68336284e-01 7.04403937e-01
    -1.68439841e+00 8.38614106e-01 9.17648792e-01 -1.52442527e+00
    1.05412149e+00 1.01019859e+00 -1.31057787e+00 -1.83142662e-01
    9.55081940e-01 -9.07756865e-01 3.16840112e-01 1.33019972e+00
    -1.42365861e+00 5.79085648e-01 1.49007499e+00 -1.34326005e+00
    7.86518633e-01 1.60345078e+00 -1.26337802e+00</data></hand_right>
</opencv_storage>
