<?xml version="1.0"?>
<opencv_storage>
<hand_right type_id="opencv-matrix">
  <rows>21</rows>
  <cols>3</cols>
  <dt>f</dt>
  <data>
    -8.29655164e-06 -7.67216079e-06 3.66114500e-06 5.91130495e-01
    -3.87648106e-01 7.08111286e-01 1.33845496e+00 -6.56066060e-01
    -2.42647976e-02 1.73396683e+00 -5.64895153e-01 -8.25685322e-01
    1.95778513e+00 -5.56118906e-01 -1.45089686e+00 5.90948701e-01
    -5.99434137e-01 -1.14991152e+00 1.03254580e+00 -4.27933455e-01
    -1.90908182e+00 1.48584414e+00 -2.11224079e-01 -2.03065443e+00
    1.81541443e+00 -4.98362780e-02 -2.08336306e+00 2.31845751e-01
    -8.24830085e-02 -1.29704940e+00 7.48588443e-01 1.81604564e-01
    -1.95314336e+00 1.14906585e+00 4.25688565e-01 -1.86815023e+00
    1.42927969e+00 5.54929972e-01 -1.73724997e+00 -4.07028571e-03
    3.92054856e-01 -1.18437707e+00 4.68787849e-01 7.03394115e-01
    -1.68476009e+00 8.39112580e-01 9.16595519e-01 -1.52446663e+00
    1.05448794e+00 1.00909472e+00 -1.31022823e+00 -1.82736099e-01
    9.54703391e-01 -9.08357978e-01 3.17454696e-01 1.32935059e+00
    -1.42441380e+00 5.79716921e-01 1.48918390e+00 -1.34398282e+00
    7.87098527e-01 1.60250461e+00 -1.26406622e+00</data></hand_right>
</opencv_storage>
