<?xml version="1.0"?>
<opencv_storage>
<hand_right type_id="opencv-matrix">
  <rows>21</rows>
  <cols>3</cols>
  <dt>f</dt>
  <data>
    -8.29518012e-06 -7.67045458e-06 3.65096412e-06 5.90777397e-01
    -3.88257802e-01 7.07963169e-01 1.33829379e+00 -6.56219840e-01
    -2.42867619e-02 1.73415041e+00 -5.64590216e-01 -8.25492978e-01
    1.95814896e+00 -5.55359125e-01 -1.45054317e+00 5.91231346e-01
    -5.98579407e-01 -1.15012646e+00 1.03295124e+00 -4.26682204e-01
    -1.90919209e+00 1.48626947e+00 -2.10016668e-01 -2.03096223e+00
    1.81592965e+00 -4.86441553e-02 -2.08393168e+00 2.32233450e-01
    -8.15156922e-02 -1.29697537e+00 7.49057412e-01 1.82903081e-01
    -1.95285618e+00 1.14946866e+00 4.26853448e-01 -1.86807644e+00
    1.42968178e+00 5.55989027e-01 -1.73755610e+00 -3.69041413e-03
    3.92934233e-01 -1.18402910e+00 4.69230473e-01 7.04554439e-01
    -1.68413043e+00 8.39472950e-01 9.17618036e-01 -1.52398360e+00
    1.05483067e+00 1.00999904e+00 -1.31010151e+00 -1.82427034e-01
    9.55330312e-01 -9.07642186e-01 3.17816824e-01 1.33035815e+00
    -1.42332935e+00 5.80036461e-01 1.49012566e+00 -1.34284616e+00
    7.87423074e-01 1.60340834e+00 -1.26299226e+00</data></hand_right>
</opencv_storage>
