<?xml version="1.0"?>
<opencv_storage>
<hand_right type_id="opencv-matrix">
  <rows>21</rows>
  <cols>3</cols>
  <dt>f</dt>
  <data>
    -8.29650071e-06 -7.67334859e-06 3.65298774e-06 5.91009617e-01
    -3.88181210e-01 7.07873404e-01 1.33840013e+00 -6.56102359e-01
    -2.45896578e-02 1.73401296e+00 -5.64400136e-01 -8.25916946e-01
    1.95789611e+00 -5.55175662e-01 -1.45108223e+00 5.91035247e-01
    -5.98603129e-01 -1.15025938e+00 1.03268790e+00 -4.26610559e-01
    -1.90931320e+00 1.48609400e+00 -2.09814012e-01 -2.03093839e+00
    1.81580353e+00 -4.83330488e-02 -2.08371925e+00 2.31966943e-01
    -8.15520510e-02 -1.29704905e+00 7.48744726e-01 1.82949930e-01
    -1.95297122e+00 1.14930356e+00 4.27004099e-01 -1.86803102e+00
    1.42967343e+00 5.56239367e-01 -1.73725379e+00 -3.95537540e-03
    3.92899752e-01 -1.18406630e+00 4.68948364e-01 7.04575479e-01
    -1.68418694e+00 8.39316308e-01 9.17703509e-01 -1.52390039e+00
    1.05481637e+00 1.01013970e+00 -1.30974150e+00 -1.82647824e-01
    9.55320835e-01 -9.07671630e-01 3.17589581e-01 1.33035898e+00
    -1.42342305e+00 5.79889655e-01 1.49016476e+00 -1.34291410e+00
    7.87347138e-01 1.60346699e+00 -1.26292932e+00</data></hand_right>
</opencv_storage>
