<?xml version="1.0"?>
<opencv_storage>
<hand_left type_id="opencv-matrix">
  <rows>21</rows>
  <cols>3</cols>
  <dt>f</dt>
  <data>
    -8.29932651e-06 -7.66970334e-06 3.65817891e-06 5.90804935e-01
    -3.87897432e-01 7.08220959e-01 1.33826888e+00 -6.56428099e-01
    -2.39428282e-02 1.73405063e+00 -5.65275431e-01 -8.25215697e-01
    1.95806348e+00 -5.56490541e-01 -1.45036256e+00 5.91161609e-01
    -5.99365890e-01 -1.14981520e+00 1.03303266e+00 -4.27839488e-01
    -1.90879750e+00 1.48638868e+00 -2.11222202e-01 -2.03021407e+00
    1.81597590e+00 -4.99312580e-02 -2.08284283e+00 2.32227966e-01
    -8.23220313e-02 -1.29698133e+00 7.49259353e-01 1.81776762e-01
    -1.95282340e+00 1.14973664e+00 4.25751626e-01 -1.86760783e+00
    1.42992163e+00 5.54898381e-01 -1.73655558e+00 -3.61713022e-03
    3.92243087e-01 -1.18429887e+00 4.69466776e-01 7.03565359e-01
    -1.68446910e+00 8.39798331e-01 9.16662812e-01 -1.52400219e+00
    1.05514312e+00 1.00907850e+00 -1.30964112e+00 -1.82247266e-01
    9.54872072e-01 -9.08240497e-01 3.18172991e-01 1.32949042e+00
    -1.42406416e+00 5.80419421e-01 1.48925638e+00 -1.34354579e+00
    7.87808776e-01 1.60253692e+00 -1.26359642e+00</data></hand_left>
</opencv_storage>
