<?xml version="1.0"?>
<opencv_storage>
<hand_right type_id="opencv-matrix">
  <rows>21</rows>
  <cols>3</cols>
  <dt>f</dt>
  <data>
    -8.29265264e-06 -7.67677739e-06 3.66262270e-06 5.91646254e-01
    -3.87738019e-01 7.07689285e-01 1.33875012e+00 -6.55564308e-01
    -2.52058655e-02 1.73386002e+00 -5.63905120e-01 -8.26821089e-01
    1.95736384e+00 -5.54753065e-01 -1.45218349e+00 5.90652585e-01
    -5.98733127e-01 -1.15049326e+00 1.03180408e+00 -4.26730633e-01
    -1.90983629e+00 1.48497319e+00 -2.09792197e-01 -2.03158116e+00
    1.81447172e+00 -4.82516289e-02 -2.08444691e+00 2.31275573e-01
    -8.18296224e-02 -1.29723620e+00 7.47597218e-01 1.82734907e-01
    -1.95348144e+00 1.14802432e+00 4.26935911e-01 -1.86858952e+00
    1.42828882e+00 5.56240678e-01 -1.73778951e+00 -4.76615876e-03
    3.92587125e-01 -1.18424141e+00 4.67721224e-01 7.04313517e-01
    -1.68473601e+00 8.38056147e-01 9.17602718e-01 -1.52457237e+00
    1.05358458e+00 1.01012444e+00 -1.31042755e+00 -1.83504358e-01
    9.55070376e-01 -9.07886982e-01 3.16313565e-01 1.33011293e+00
    -1.42405200e+00 5.78562081e-01 1.49002290e+00 -1.34371042e+00
    7.85986722e-01 1.60342443e+00 -1.26385987e+00</data></hand_right>
</opencv_storage>
