<?xml version="1.0"?>
<opencv_storage>
<hand_right type_id="opencv-matrix">
  <rows>21</rows>
  <cols>3</cols>
  <dt>f</dt>
  <data>
    -8.29167402e-06 -7.63261596e-06 3.68386372e-06 5.88590682e-01
    -3.82529408e-01 7.12652624e-01 1.33808899e+00 -6.56426787e-01
    -1.51497424e-02 1.73644376e+00 -5.71569383e-01 -8.15951049e-01
    1.96188188e+00 -5.67196727e-01 -1.44014180e+00 5.93950033e-01
    -6.08448267e-01 -1.14344800e+00 1.03731370e+00 -4.43578809e-01
    -1.90354252e+00 1.49084091e+00 -2.28439867e-01 -2.02724028e+00
    1.82080269e+00 -6.76681399e-02 -2.08156347e+00 2.35467419e-01
    -9.25648063e-02 -1.29556131e+00 7.53272235e-01 1.65548056e-01
    -1.95336950e+00 1.15327704e+00 4.09857929e-01 -1.87178504e+00
    1.43272281e+00 5.39802551e-01 -1.74388242e+00 -6.69803470e-04
    3.82880956e-01 -1.18731689e+00 4.73129302e-01 6.89854145e-01
    -1.68956971e+00 8.42428207e-01 9.03954029e-01 -1.53195083e+00
    1.05659318e+00 9.97953653e-01 -1.32052898e+00 -1.80090666e-01
    9.47593451e-01 -9.16111112e-01 3.20901096e-01 1.31824863e+00
    -1.43435526e+00 5.82892418e-01 1.47858286e+00 -1.35496187e+00
    7.89704978e-01 1.59231794e+00 -1.27608490e+00</data></hand_right>
</opencv_storage>
