<?xml version="1.0"?>
<opencv_storage>
<hand_right type_id="opencv-matrix">
  <rows>21</rows>
  <cols>3</cols>
  <dt>f</dt>
  <data>
    -8.29353030e-06 -7.67253914e-06 3.65325968e-06 5.91010988e-01
    -3.88108313e-01 7.07870483e-01 1.33843911e+00 -6.55957997e-01
    -2.45216042e-02 1.73411417e+00 -5.64286709e-01 -8.25817764e-01
    1.95797873e+00 -5.55019140e-01 -1.45092487e+00 5.91096401e-01
    -5.98562300e-01 -1.15022647e+00 1.03264153e+00 -4.26627427e-01
    -1.90939784e+00 1.48591375e+00 -2.09882766e-01 -2.03120255e+00
    1.81554294e+00 -4.84422147e-02 -2.08418489e+00 2.31974021e-01
    -8.15601721e-02 -1.29703224e+00 7.48614848e-01 1.82916611e-01
    -1.95304751e+00 1.14901376e+00 4.26949441e-01 -1.86835337e+00
    1.42925453e+00 5.56154013e-01 -1.73785770e+00 -4.00839373e-03
    3.92863631e-01 -1.18406665e+00 4.68775153e-01 7.04545140e-01
    -1.68427885e+00 8.39001894e-01 9.17682409e-01 -1.52418792e+00
    1.05437052e+00 1.01010334e+00 -1.31030452e+00 -1.82780236e-01
    9.55258429e-01 -9.07678843e-01 3.17321956e-01 1.33034933e+00
    -1.42347574e+00 5.79536438e-01 1.49016058e+00 -1.34301507e+00
    7.86911249e-01 1.60347772e+00 -1.26315796e+00</data></hand_right>
</opencv_storage>
