<?xml version="1.0"?>
<opencv_storage>
<hand_left type_id="opencv-matrix">
  <rows>21</rows>
  <cols>3</cols>
  <dt>f</dt>
  <data>
    -8.29356122e-06 -7.66894664e-06 3.65537517e-06 5.90772986e-01
    -3.87678593e-01 7.08269000e-01 1.33840799e+00 -6.55997097e-01
    -2.37223208e-02 1.73433745e+00 -5.64846277e-01 -8.24935973e-01
    1.95838928e+00 -5.55981517e-01 -1.44996715e+00 5.91431856e-01
    -5.99239707e-01 -1.14966643e+00 1.03316522e+00 -4.27782714e-01
    -1.90882313e+00 1.48640847e+00 -2.11146027e-01 -2.03075576e+00
    1.81601048e+00 -4.97709811e-02 -2.08387327e+00 2.32358977e-01
    -8.23427737e-02 -1.29689431e+00 7.49190211e-01 1.81729019e-01
    -1.95289767e+00 1.14951777e+00 4.25791919e-01 -1.86825144e+00
    1.42966032e+00 5.55044532e-01 -1.73780584e+00 -3.65922228e-03
    3.92136991e-01 -1.18428349e+00 4.69237417e-01 7.03504086e-01
    -1.68456233e+00 8.39411616e-01 9.16730940e-01 -1.52454495e+00
    1.05473328e+00 1.00928640e+00 -1.31075001e+00 -1.82523295e-01
    9.54682708e-01 -9.08283055e-01 3.17683756e-01 1.32944942e+00
    -1.42417228e+00 5.79857051e-01 1.48930919e+00 -1.34379208e+00
    7.87205815e-01 1.60268211e+00 -1.26402509e+00</data></hand_left>
</opencv_storage>
