<?xml version="1.0"?>
<opencv_storage>
<hand_left type_id="opencv-matrix">
  <rows>21</rows>
  <cols>3</cols>
  <dt>f</dt>
  <data>
    -8.29323653e-06 -7.67224719e-06 3.65251844e-06 5.91011524e-01
    -3.88185620e-01 7.07805634e-01 1.33839691e+00 -6.55981064e-01
    -2.46439427e-02 1.73403621e+00 -5.64231992e-01 -8.25939596e-01
    1.95788062e+00 -5.54916859e-01 -1.45105195e+00 5.91052353e-01
    -5.98435104e-01 -1.15029073e+00 1.03257442e+00 -4.26415890e-01
    -1.90944099e+00 1.48585653e+00 -2.09648341e-01 -2.03130102e+00
    1.81550121e+00 -4.81914282e-02 -2.08432579e+00 2.31935039e-01
    -8.14253464e-02 -1.29702890e+00 7.48578072e-01 1.83117107e-01
    -1.95301473e+00 1.14900887e+00 4.27148491e-01 -1.86829913e+00
    1.42926955e+00 5.56348205e-01 -1.73779655e+00 -4.03942913e-03
    3.92979801e-01 -1.18401074e+00 4.68733430e-01 7.04706907e-01
    -1.68419540e+00 8.38998199e-01 9.17830467e-01 -1.52410567e+00
    1.05442297e+00 1.01025498e+00 -1.31024492e+00 -1.82803378e-01
    9.55334067e-01 -9.07556832e-01 3.17279100e-01 1.33046961e+00
    -1.42332745e+00 5.79511821e-01 1.49027586e+00 -1.34289467e+00
    7.86913633e-01 1.60358715e+00 -1.26304841e+00</data></hand_left>
</opencv_storage>
