<?xml version="1.0"?>
<opencv_storage>
<hand_left type_id="opencv-matrix">
  <rows>21</rows>
  <cols>3</cols>
  <dt>f</dt>
  <data>
    -8.29519468e-06 -7.66781341e-06 3.65634514e-06 5.90699196e-01
    -3.87549222e-01 7.08401799e-01 1.33832645e+00 -6.56130552e-01
    -2.35155374e-02 1.73425066e+00 -5.65204322e-01 -8.24781537e-01
    1.95831835e+00 -5.56514025e-01 -1.44980884e+00 5.91434002e-01
    -5.99603176e-01 -1.14948213e+00 1.03321409e+00 -4.28402960e-01
    -1.90870452e+00 1.48658323e+00 -2.11805940e-01 -2.03075051e+00
    1.81632638e+00 -5.04086316e-02 -2.08394670e+00 2.32417852e-01
    -8.27062875e-02 -1.29685545e+00 7.49311626e-01 1.81128263e-01
    -1.95294964e+00 1.14974236e+00 4.25215095e-01 -1.86842549e+00
    1.43002868e+00 5.54546237e-01 -1.73804677e+00 -3.56233865e-03
    3.91827166e-01 -1.18439281e+00 4.69448864e-01 7.03030050e-01
    -1.68468094e+00 8.39647233e-01 9.16272104e-01 -1.52470207e+00
    1.05500305e+00 1.00889528e+00 -1.31088555e+00 -1.82387933e-01
    9.54456568e-01 -9.08553898e-01 3.17951620e-01 1.32906067e+00
    -1.42446339e+00 5.80166340e-01 1.48891187e+00 -1.34405231e+00
    7.87549317e-01 1.60228229e+00 -1.26418555e+00</data></hand_left>
</opencv_storage>
