<?xml version="1.0"?>
<opencv_storage>
<hand_left type_id="opencv-matrix">
  <rows>21</rows>
  <cols>3</cols>
  <dt>f</dt>
  <data>
    -8.29081728e-06 -7.67309757e-06 3.65617461e-06 5.91202021e-01
    -3.87850404e-01 7.07827628e-01 1.33854592e+00 -6.55674815e-01
    -2.46391892e-02 1.73405755e+00 -5.64074874e-01 -8.26013684e-01
    1.95781350e+00 -5.54898560e-01 -1.45113826e+00 5.91052115e-01
    -5.98585606e-01 -1.15020764e+00 1.03237891e+00 -4.26690578e-01
    -1.90950000e+00 1.48552299e+00 -2.09890693e-01 -2.03152680e+00
    1.81507790e+00 -4.84149754e-02 -2.08472729e+00 2.31785536e-01
    -8.17037374e-02 -1.29703689e+00 7.48242140e-01 1.82782412e-01
    -1.95315886e+00 1.14853680e+00 4.26898718e-01 -1.86858821e+00
    1.42873144e+00 5.56169271e-01 -1.73822165e+00 -4.29156423e-03
    3.92670333e-01 -1.18411207e+00 4.68305081e-01 7.04376698e-01
    -1.68443942e+00 8.38487804e-01 9.17619109e-01 -1.52448082e+00
    1.05388069e+00 1.01013005e+00 -1.31070256e+00 -1.83157191e-01
    9.55050588e-01 -9.07778561e-01 3.16744775e-01 1.33016682e+00
    -1.42369664e+00 5.78905106e-01 1.49004364e+00 -1.34333670e+00
    7.86268592e-01 1.60343659e+00 -1.26358640e+00</data></hand_left>
</opencv_storage>
