<?xml version="1.0"?>
<opencv_storage>
<hand_right type_id="opencv-matrix">
  <rows>21</rows>
  <cols>3</cols>
  <dt>f</dt>
  <data>
    -8.29383407e-06 -7.67152778e-06 3.68014867e-06 5.91733038e-01
    -3.86064589e-01 7.08526313e-01 1.33881700e+00 -6.55428767e-01
    -2.38229781e-02 1.73378229e+00 -5.65417111e-01 -8.25650215e-01
    1.95731759e+00 -5.57693481e-01 -1.45106745e+00 5.90756953e-01
    -6.01107657e-01 -1.14916921e+00 1.03200006e+00 -4.30573344e-01
    -1.90870130e+00 1.48521280e+00 -2.13707238e-01 -2.03065014e+00
    1.81471550e+00 -5.21732569e-02 -2.08362818e+00 2.31292769e-01
    -8.46125036e-02 -1.29703856e+00 7.47776270e-01 1.78743094e-01
    -1.95363855e+00 1.14828467e+00 4.23280180e-01 -1.86880279e+00
    1.42862582e+00 5.52982092e-01 -1.73778069e+00 -4.82660159e-03
    3.89990956e-01 -1.18507218e+00 4.67769086e-01 7.00786114e-01
    -1.68605673e+00 8.38206053e-01 9.14519548e-01 -1.52595615e+00
    1.05379748e+00 1.00756276e+00 -1.31151605e+00 -1.83656618e-01
    9.53033447e-01 -9.09957170e-01 3.16235423e-01 1.32703733e+00
    -1.42677498e+00 5.78492045e-01 1.48717117e+00 -1.34666896e+00
    7.85937846e-01 1.60076785e+00 -1.26690614e+00</data></hand_right>
</opencv_storage>
