<?xml version="1.0"?>
<opencv_storage>
<hand_right type_id="opencv-matrix">
  <rows>21</rows>
  <cols>3</cols>
  <dt>f</dt>
  <data>
    -8.29652618e-06 -7.67047459e-06 3.65192659e-06 5.90731382e-01
    -3.88118505e-01 7.08102703e-01 1.33832192e+00 -6.56233430e-01
    -2.40371376e-02 1.73423696e+00 -5.64758837e-01 -8.25239062e-01
    1.95829499e+00 -5.55641532e-01 -1.45029175e+00 5.91331959e-01
    -5.98827362e-01 -1.14996922e+00 1.03314018e+00 -4.27069783e-01
    -1.90902197e+00 1.48649681e+00 -2.10417181e-01 -2.03073454e+00
    1.81618941e+00 -4.90379333e-02 -2.08366728e+00 2.32349813e-01
    -8.17799792e-02 -1.29695439e+00 7.49268532e-01 1.82529524e-01
    -1.95281816e+00 1.14970076e+00 4.26512182e-01 -1.86798024e+00
    1.42995763e+00 5.55700123e-01 -1.73735952e+00 -3.57804820e-03
    3.92701894e-01 -1.18412209e+00 4.69437897e-01 7.04237759e-01
    -1.68420291e+00 8.39678586e-01 9.17339563e-01 -1.52398896e+00
    1.05503893e+00 1.00976443e+00 -1.30999029e+00 -1.82326883e-01
    9.55166638e-01 -9.07866240e-01 3.18023145e-01 1.33009148e+00
    -1.42353666e+00 5.80244660e-01 1.48986745e+00 -1.34301043e+00
    7.87633955e-01 1.60316658e+00 -1.26308918e+00</data></hand_right>
</opencv_storage>
