<?xml version="1.0"?>
<opencv_storage>
<hand_left type_id="opencv-matrix">
  <rows>21</rows>
  <cols>3</cols>
  <dt>f</dt>
  <data>
    -8.29356031e-06 -7.67401707e-06 3.65176038e-06 5.91140032e-01
    -3.88288200e-01 7.07653403e-01 1.33840013e+00 -6.55950665e-01
    -2.49980986e-02 1.73384953e+00 -5.64028800e-01 -8.26399386e-01
    1.95757926e+00 -5.54611921e-01 -1.45156753e+00 5.90889573e-01
    -5.98239541e-01 -1.15049064e+00 1.03231978e+00 -4.26075161e-01
    -1.90968204e+00 1.48571527e+00 -2.09213346e-01 -2.03158760e+00
    1.81549001e+00 -4.76512015e-02 -2.08460283e+00 2.31734678e-01
    -8.12080204e-02 -1.29707801e+00 7.48299003e-01 1.83455780e-01
    -1.95312989e+00 1.14885640e+00 4.27541614e-01 -1.86845708e+00
    1.42929697e+00 5.56813717e-01 -1.73795080e+00 -4.23433259e-03
    3.93176883e-01 -1.18395460e+00 4.68534887e-01 7.05020189e-01
    -1.68409526e+00 8.38853896e-01 9.18147802e-01 -1.52397513e+00
    1.05435646e+00 1.01057529e+00 -1.31002665e+00 -1.82966366e-01
    9.55479741e-01 -9.07391489e-01 3.17114472e-01 1.33073866e+00
    -1.42312253e+00 5.79395652e-01 1.49054348e+00 -1.34262192e+00
    7.86836684e-01 1.60384119e+00 -1.26264811e+00</data></hand_left>
</opencv_storage>
