<?xml version="1.0"?>
<opencv_storage>
<hand_right type_id="opencv-matrix">
  <rows>21</rows>
  <cols>3</cols>
  <dt>f</dt>
  <data>
    -8.29121836e-06 -7.67485380e-06 3.66099357e-06 5.91506481e-01
    -3.87556434e-01 7.07815468e-01 1.33870530e+00 -6.55520558e-01
    -2.48477459e-02 1.73392820e+00 -5.64053476e-01 -8.26415598e-01
    1.95753014e+00 -5.55058718e-01 -1.45167899e+00 5.90851545e-01
    -5.98866463e-01 -1.15024269e+00 1.03205931e+00 -4.27040100e-01
    -1.90961945e+00 1.48525834e+00 -2.10112154e-01 -2.03164124e+00
    1.81486058e+00 -4.85292971e-02 -2.08477259e+00 2.31460884e-01
    -8.20571259e-02 -1.29713190e+00 7.47840405e-01 1.82387799e-01
    -1.95338988e+00 1.14826345e+00 4.26660985e-01 -1.86871135e+00
    1.42859316e+00 5.56078792e-01 -1.73811924e+00 -4.65007871e-03
    3.92334670e-01 -1.18427432e+00 4.67890382e-01 7.04006493e-01
    -1.68473935e+00 8.38193059e-01 9.17384803e-01 -1.52470589e+00
    1.05371773e+00 1.01001632e+00 -1.31069386e+00 -1.83506727e-01
    9.54805613e-01 -9.08063412e-01 3.16321582e-01 1.32984078e+00
    -1.42418885e+00 5.78540146e-01 1.48979700e+00 -1.34386909e+00
    7.85953999e-01 1.60323989e+00 -1.26405513e+00</data></hand_right>
</opencv_storage>
