<?xml version="1.0"?>
<opencv_storage>
<hand_right type_id="opencv-matrix">
  <rows>21</rows>
  <cols>3</cols>
  <dt>f</dt>
  <data>
    -8.28952761e-06 -7.67689562e-06 3.67528196e-06 5.92104912e-01
    -3.86748195e-01 7.07845807e-01 1.33896518e+00 -6.55119419e-01
    -2.50764191e-02 1.73364210e+00 -5.64168692e-01 -8.26947451e-01
    1.95690584e+00 -5.55715919e-01 -1.45239890e+00 5.90411901e-01
    -5.99692404e-01 -1.15009975e+00 1.03122747e+00 -4.28279459e-01
    -1.90971851e+00 1.48419762e+00 -2.11292922e-01 -2.03166890e+00
    1.81354082e+00 -4.97305095e-02 -2.08469486e+00 2.30770186e-01
    -8.30971971e-02 -1.29724801e+00 7.46827006e-01 1.81059018e-01
    -1.95382237e+00 1.14713311e+00 4.25492108e-01 -1.86900127e+00
    1.42729914e+00 5.54993629e-01 -1.73812056e+00 -5.40561602e-03
    3.91334713e-01 -1.18464375e+00 4.66824472e-01 7.02765226e-01
    -1.68554580e+00 8.37127626e-01 9.16342437e-01 -1.52545536e+00
    1.05259442e+00 1.00908780e+00 -1.31116486e+00 -1.84242710e-01
    9.54039574e-01 -9.08811569e-01 3.15266371e-01 1.32873106e+00
    -1.42545557e+00 5.77427626e-01 1.48879409e+00 -1.34527159e+00
    7.84765124e-01 1.60231686e+00 -1.26556706e+00</data></hand_right>
</opencv_storage>
