<?xml version="1.0"?>
<opencv_storage>
<hand_right type_id="opencv-matrix">
  <rows>21</rows>
  <cols>3</cols>
  <dt>f</dt>
  <data>
    -8.29338933e-06 -7.67548772e-06 3.65400820e-06 5.91345847e-01
    -3.88265133e-01 7.07524896e-01 1.33846653e+00 -6.55863762e-01
    -2.53202617e-02 1.73370194e+00 -5.63865781e-01 -8.26818228e-01
    1.95730829e+00 -5.54428101e-01 -1.45207226e+00 5.90720773e-01
    -5.98128378e-01 -1.15065885e+00 1.03203821e+00 -4.25824225e-01
    -1.90985262e+00 1.48541808e+00 -2.08866298e-01 -2.03168368e+00
    1.81516385e+00 -4.72591221e-02 -2.08462572e+00 2.31486410e-01
    -8.11167806e-02 -1.29714727e+00 7.47989178e-01 1.83696076e-01
    -1.95318818e+00 1.14857602e+00 4.27841783e-01 -1.86833620e+00
    1.42905569e+00 5.57149649e-01 -1.73762262e+00 -4.49905172e-03
    3.93243551e-01 -1.18394768e+00 4.68213290e-01 7.05192924e-01
    -1.68408489e+00 8.38591278e-01 9.18357849e-01 -1.52383637e+00
    1.05416203e+00 1.01079214e+00 -1.30968475e+00 -1.83218092e-01
    9.55525696e-01 -9.07316923e-01 3.16793323e-01 1.33085299e+00
    -1.42306828e+00 5.79081774e-01 1.49067760e+00 -1.34255540e+00
    7.86542296e-01 1.60398722e+00 -1.26254892e+00</data></hand_right>
</opencv_storage>
