<?xml version="1.0"?>
<opencv_storage>
<hand_left type_id="opencv-matrix">
  <rows>21</rows>
  <cols>3</cols>
  <dt>f</dt>
  <data>
    -8.29547207e-06 -7.67135134e-06 3.66737186e-06 5.91265261e-01
    -3.87146771e-01 7.08280444e-01 1.33854759e+00 -6.55890465e-01
    -2.40250975e-02 1.73397028e+00 -5.65122962e-01 -8.25514972e-01
    1.95774925e+00 -5.56714058e-01 -1.45076966e+00 5.90934753e-01
    -5.99996448e-01 -1.14961851e+00 1.03245044e+00 -4.28837448e-01
    -1.90886259e+00 1.48562384e+00 -2.12142050e-01 -2.03048134e+00
    1.81506515e+00 -5.07946312e-02 -2.08324599e+00 2.31743649e-01
    -8.31875801e-02 -1.29702640e+00 7.48431563e-01 1.80642322e-01
    -1.95320892e+00 1.14881229e+00 4.24805641e-01 -1.86818421e+00
    1.42891574e+00 5.54100633e-01 -1.73721540e+00 -4.22565266e-03
    3.91377032e-01 -1.18459058e+00 4.68523890e-01 7.02501774e-01
    -1.68517673e+00 8.38843048e-01 9.15836990e-01 -1.52492404e+00
    1.05421722e+00 1.00845695e+00 -1.31065238e+00 -1.82937399e-01
    9.54163253e-01 -9.08877254e-01 3.17143619e-01 1.32855129e+00
    -1.42517328e+00 5.79356074e-01 1.48846102e+00 -1.34486759e+00
    7.86718011e-01 1.60186267e+00 -1.26509333e+00</data></hand_left>
</opencv_storage>
