<?xml version="1.0"?>
<opencv_storage>
<hand_right type_id="opencv-matrix">
  <rows>21</rows>
  <cols>3</cols>
  <dt>f</dt>
  <data>
    -8.29279088e-06 -7.67508209e-06 3.66085987e-06 5.91516852e-01
    -3.87789667e-01 7.07690418e-01 1.33859468e+00 -6.55700445e-01
    -2.51228362e-02 1.73374486e+00 -5.64090192e-01 -8.26681137e-01
    1.95730519e+00 -5.54998755e-01 -1.45198226e+00 5.90629458e-01
    -5.98763168e-01 -1.15039945e+00 1.03184569e+00 -4.26827729e-01
    -1.90968478e+00 1.48506069e+00 -2.09932208e-01 -2.03148317e+00
    1.81461406e+00 -4.84122634e-02 -2.08439803e+00 2.31326938e-01
    -8.18578601e-02 -1.29715753e+00 7.47722626e-01 1.82640210e-01
    -1.95334518e+00 1.14820004e+00 4.26813990e-01 -1.86848974e+00
    1.42850661e+00 5.56112766e-01 -1.73773754e+00 -4.67217341e-03
    3.92558604e-01 -1.18418443e+00 4.67875063e-01 7.04231143e-01
    -1.68462086e+00 8.38256836e-01 9.17491555e-01 -1.52446699e+00
    1.05380762e+00 1.01001430e+00 -1.31035256e+00 -1.83376431e-01
    9.55020070e-01 -9.07858074e-01 3.16491604e-01 1.33002186e+00
    -1.42395675e+00 5.78757823e-01 1.48990893e+00 -1.34362018e+00
    7.86200345e-01 1.60328174e+00 -1.26378965e+00</data></hand_right>
</opencv_storage>
