<?xml version="1.0"?>
<opencv_storage>
<hand_left type_id="opencv-matrix">
  <rows>21</rows>
  <cols>3</cols>
  <dt>f</dt>
  <data>
    -8.29947658e-06 -7.66552057e-06 3.65011556e-06 5.90201676e-01
    -3.88010144e-01 7.08551347e-01 1.33807635e+00 -6.56664610e-01
    -2.30510533e-02 1.73445129e+00 -5.65674186e-01 -8.24059844e-01
    1.95883346e+00 -5.56898296e-01 -1.44895673e+00 5.91739178e-01
    -5.99459112e-01 -1.14938211e+00 1.03394842e+00 -4.28190827e-01
    -1.90831423e+00 1.48739970e+00 -2.11762637e-01 -2.03003836e+00
    1.81715751e+00 -5.05244732e-02 -2.08299875e+00 2.32998967e-01
    -8.23799297e-02 -1.29676723e+00 7.50291884e-01 1.81463271e-01
    -1.95251489e+00 1.15071940e+00 4.25339073e-01 -1.86771476e+00
    1.43091202e+00 5.54479539e-01 -1.73717487e+00 -2.84807384e-03
    3.92206639e-01 -1.18425882e+00 4.70481217e-01 7.03376591e-01
    -1.68425393e+00 8.40672076e-01 9.16419029e-01 -1.52405238e+00
    1.05592299e+00 1.00886977e+00 -1.31013370e+00 -1.81585997e-01
    9.54815209e-01 -9.08322453e-01 3.19089860e-01 1.32938337e+00
    -1.42390954e+00 5.81305861e-01 1.48911166e+00 -1.34335768e+00
    7.88675964e-01 1.60238457e+00 -1.26343656e+00</data></hand_left>
</opencv_storage>
