<?xml version="1.0"?>
<opencv_storage>
<hand_right type_id="opencv-matrix">
  <rows>21</rows>
  <cols>3</cols>
  <dt>f</dt>
  <data>
    -8.29455075e-06 -7.67289839e-06 3.65055598e-06 5.90952337e-01
    -3.88362288e-01 7.07777321e-01 1.33838201e+00 -6.56058729e-01
    -2.46762335e-02 1.73408151e+00 -5.64179182e-01 -8.25943291e-01
    1.95797586e+00 -5.54758430e-01 -1.45104194e+00 5.91112494e-01
    -5.98239779e-01 -1.15038085e+00 1.03269625e+00 -4.26099658e-01
    -1.90948343e+00 1.48600554e+00 -2.09335685e-01 -2.03125477e+00
    1.81567860e+00 -4.78869379e-02 -2.08422995e+00 2.32029483e-01
    -8.11733529e-02 -1.29704273e+00 7.48736084e-01 1.83477908e-01
    -1.95293534e+00 1.14916658e+00 4.27472115e-01 -1.86813903e+00
    1.42944980e+00 5.56640685e-01 -1.73758471e+00 -3.92821431e-03
    3.93226534e-01 -1.18394434e+00 4.68911737e-01 7.05036461e-01
    -1.68401384e+00 8.39169562e-01 9.18114305e-01 -1.52383530e+00
    1.05458057e+00 1.01047826e+00 -1.30989397e+00 -1.82678133e-01
    9.55541313e-01 -9.07392442e-01 3.17487568e-01 1.33075929e+00
    -1.42302883e+00 5.79713106e-01 1.49053264e+00 -1.34251130e+00
    7.87115991e-01 1.60381961e+00 -1.26260376e+00</data></hand_right>
</opencv_storage>
