<?xml version="1.0"?>
<opencv_storage>
<hand_right type_id="opencv-matrix">
  <rows>21</rows>
  <cols>3</cols>
  <dt>f</dt>
  <data>
    -8.28776683e-06 -7.67725851e-06 3.66387962e-06 5.91861367e-01
    -3.87507826e-01 7.07540214e-01 1.33883834e+00 -6.55196190e-01
    -2.54201293e-02 1.73374891e+00 -5.63525796e-01 -8.27093363e-01
    1.95710230e+00 -5.54375529e-01 -1.45243144e+00 5.90542316e-01
    -5.98596692e-01 -1.15053833e+00 1.03145671e+00 -4.26554888e-01
    -1.91001415e+00 1.48452842e+00 -2.09513724e-01 -2.03201699e+00
    1.81400359e+00 -4.78801727e-02 -2.08510709e+00 2.30981752e-01
    -8.18501711e-02 -1.29722643e+00 7.47074962e-01 1.82818368e-01
    -1.95360136e+00 1.14743233e+00 4.27149683e-01 -1.86892700e+00
    1.42769039e+00 5.56565106e-01 -1.73830462e+00 -5.18988073e-03
    3.92475218e-01 -1.18422234e+00 4.67106491e-01 7.04326451e-01
    -1.68480968e+00 8.37377369e-01 9.17738080e-01 -1.52478850e+00
    1.05286288e+00 1.01033187e+00 -1.31076717e+00 -1.84065804e-01
    9.54875886e-01 -9.07871187e-01 3.15488517e-01 1.33009195e+00
    -1.42410672e+00 5.77669978e-01 1.49007702e+00 -1.34382367e+00
    7.85033584e-01 1.60352015e+00 -1.26406145e+00</data></hand_right>
</opencv_storage>
