<?xml version="1.0"?>
<opencv_storage>
<hand_right type_id="opencv-matrix">
  <rows>21</rows>
  <cols>3</cols>
  <dt>f</dt>
  <data>
    -8.29147302e-06 -7.67275105e-06 3.66329095e-06 5.91413736e-01
    -3.87335300e-01 7.07992077e-01 1.33863509e+00 -6.55605435e-01
    -2.45087594e-02 1.73392129e+00 -5.64447165e-01 -8.26057315e-01
    1.95756435e+00 -5.55683732e-01 -1.45129442e+00 5.90888739e-01
    -5.99317491e-01 -1.14996338e+00 1.03217292e+00 -4.27792251e-01
    -1.90933597e+00 1.48537123e+00 -2.10942447e-01 -2.03134584e+00
    1.81494713e+00 -4.94208932e-02 -2.08445644e+00 2.31549248e-01
    -8.25454742e-02 -1.29706502e+00 7.47999191e-01 1.81630462e-01
    -1.95335424e+00 1.14840686e+00 4.25892621e-01 -1.86869144e+00
    1.42867768e+00 5.55305839e-01 -1.73809838e+00 -4.53537703e-03
    3.91897500e-01 -1.18440115e+00 4.68060076e-01 7.03355432e-01
    -1.68493283e+00 8.38345826e-01 9.16745961e-01 -1.52491224e+00
    1.05381680e+00 1.00941229e+00 -1.31090796e+00 -1.83374733e-01
    9.54472303e-01 -9.08407211e-01 3.16509724e-01 1.32928276e+00
    -1.42461443e+00 5.78718901e-01 1.48924005e+00 -1.34432638e+00
    7.86108494e-01 1.60267878e+00 -1.26454723e+00</data></hand_right>
</opencv_storage>
