<?xml version="1.0"?>
<opencv_storage>
<hand_left type_id="opencv-matrix">
  <rows>21</rows>
  <cols>3</cols>
  <dt>f</dt>
  <data>
    -8.29455803e-06 -7.66863832e-06 3.65754067e-06 5.90796888e-01
    -3.87485802e-01 7.08367765e-01 1.33839345e+00 -6.56027436e-01
    -2.35976875e-02 1.73425317e+00 -5.65080285e-01 -8.24876368e-01
    1.95828438e+00 -5.56393147e-01 -1.44993198e+00 5.91389358e-01
    -5.99585176e-01 -1.14951932e+00 1.03314018e+00 -4.28326488e-01
    -1.90871012e+00 1.48646593e+00 -2.11683452e-01 -2.03065944e+00
    1.81614387e+00 -5.02765179e-02 -2.08375835e+00 2.32323021e-01
    -8.27177688e-02 -1.29687774e+00 7.49188304e-01 1.81177378e-01
    -1.95295882e+00 1.14960372e+00 4.25295353e-01 -1.86832595e+00
    1.42984533e+00 5.54628253e-01 -1.73782635e+00 -3.67986038e-03
    3.91801775e-01 -1.18440211e+00 4.69279885e-01 7.03038812e-01
    -1.68472195e+00 8.39495897e-01 9.16310787e-01 -1.52468336e+00
    1.05485201e+00 1.00893772e+00 -1.31079054e+00 -1.82520077e-01
    9.54432607e-01 -9.08560693e-01 3.17755014e-01 1.32905316e+00
    -1.42451549e+00 5.79964280e-01 1.48892725e+00 -1.34412706e+00
    7.87337422e-01 1.60230708e+00 -1.26428258e+00</data></hand_left>
</opencv_storage>
