<?xml version="1.0"?>
<opencv_storage>
<hand_right type_id="opencv-matrix">
  <rows>21</rows>
  <cols>3</cols>
  <dt>f</dt>
  <data>
    -8.29193777e-06 -7.67392157e-06 3.65501228e-06 5.91230214e-01
    -3.88068378e-01 7.07713366e-01 1.33850980e+00 -6.55789256e-01
    -2.48901844e-02 1.73396206e+00 -5.64005733e-01 -8.26281369e-01
    1.95768297e+00 -5.54709196e-01 -1.45144391e+00 5.90933442e-01
    -5.98385930e-01 -1.15040183e+00 1.03229856e+00 -4.26311761e-01
    -1.90962255e+00 1.48549724e+00 -2.09483624e-01 -2.03147149e+00
    1.81507194e+00 -4.80034947e-02 -2.08448434e+00 2.31702119e-01
    -8.14288259e-02 -1.29709136e+00 7.48210430e-01 1.83200121e-01
    -1.95313096e+00 1.14857697e+00 4.27281618e-01 -1.86836052e+00
    1.42878723e+00 5.56494236e-01 -1.73779082e+00 -4.32219729e-03
    3.92948776e-01 -1.18403673e+00 4.68331486e-01 7.04749346e-01
    -1.68428004e+00 8.38564634e-01 9.17917192e-01 -1.52414322e+00
    1.05394864e+00 1.01032901e+00 -1.31019378e+00 -1.83111653e-01
    9.55296814e-01 -9.07567024e-01 3.16845119e-01 1.33049035e+00
    -1.42340076e+00 5.79035640e-01 1.49032164e+00 -1.34295750e+00
    7.86394238e-01 1.60364866e+00 -1.26311839e+00</data></hand_right>
</opencv_storage>
