<?xml version="1.0"?>
<opencv_storage>
<hand_left type_id="opencv-matrix">
  <rows>21</rows>
  <cols>3</cols>
  <dt>f</dt>
  <data>
    -8.32354817e-06 -7.60835064e-06 3.68010660e-06 5.86047411e-01
    -3.82433236e-01 7.14977324e-01 1.33674574e+00 -6.59624398e-01
    -1.06063932e-02 1.73714399e+00 -5.77230513e-01 -8.10786784e-01
    1.96419239e+00 -5.74862719e-01 -1.43457210e+00 5.95581710e-01
    -6.12046123e-01 -1.14087129e+00 1.04136848e+00 -4.49512959e-01
    -1.90010929e+00 1.49587822e+00 -2.35471755e-01 -2.02296138e+00
    1.82657087e+00 -7.54164755e-02 -2.07669950e+00 2.38603652e-01
    -9.56190974e-02 -1.29490602e+00 7.58992672e-01 1.60229534e-01
    -1.95164943e+00 1.15949035e+00 4.03930545e-01 -1.86881638e+00
    1.43910205e+00 5.33628821e-01 -1.73970544e+00 3.25431675e-03
    3.80591810e-01 -1.18818057e+00 4.79303390e-01 6.85639501e-01
    -1.68953335e+00 8.48791361e-01 8.99278820e-01 -1.53079629e+00
    1.06276178e+00 9.93228555e-01 -1.31830335e+00 -1.75571024e-01
    9.46300864e-01 -9.18543041e-01 3.27884972e-01 1.31481695e+00
    -1.43597758e+00 5.90034127e-01 1.47469616e+00 -1.35594928e+00
    7.96930611e-01 1.58809757e+00 -1.27644503e+00</data></hand_left>
</opencv_storage>
