<?xml version="1.0"?>
<opencv_storage>
<hand_left type_id="opencv-matrix">
  <rows>21</rows>
  <cols>3</cols>
  <dt>f</dt>
  <data>
    -8.29438977e-06 -7.67177698e-06 3.66654490e-06 5.91279566e-01
    -3.87217999e-01 7.08221078e-01 1.33856237e+00 -6.55842781e-01
    -2.41116732e-02 1.73399377e+00 -5.64972043e-01 -8.25583816e-01
    1.95774639e+00 -5.56461871e-01 -1.45081949e+00 5.90916932e-01
    -5.99861860e-01 -1.14969957e+00 1.03240371e+00 -4.28624779e-01
    -1.90895784e+00 1.48554587e+00 -2.11929917e-01 -2.03057003e+00
    1.81495798e+00 -5.05867600e-02 -2.08331561e+00 2.31711030e-01
    -8.30423385e-02 -1.29704297e+00 7.48344064e-01 1.80849642e-01
    -1.95325112e+00 1.14869142e+00 4.24991727e-01 -1.86827970e+00
    1.42873490e+00 5.54248452e-01 -1.73737419e+00 -4.26807255e-03
    3.91506940e-01 -1.18455148e+00 4.68442619e-01 7.02686906e-01
    -1.68515062e+00 8.38711262e-01 9.15990233e-01 -1.52492845e+00
    1.05400920e+00 1.00855899e+00 -1.31073225e+00 -1.82991356e-01
    9.54260826e-01 -9.08766508e-01 3.17037582e-01 1.32872689e+00
    -1.42505980e+00 5.79233885e-01 1.48862290e+00 -1.34474444e+00
    7.86550522e-01 1.60199881e+00 -1.26498020e+00</data></hand_left>
</opencv_storage>
