<?xml version="1.0"?>
<opencv_storage>
<hand_right type_id="opencv-matrix">
  <rows>21</rows>
  <cols>3</cols>
  <dt>f</dt>
  <data>
    -8.29721648e-06 -7.67629899e-06 3.65887081e-06 5.91482460e-01
    -3.87950420e-01 7.07707703e-01 1.33858490e+00 -6.55915380e-01
    -2.51557529e-02 1.73370636e+00 -5.64210951e-01 -8.26769650e-01
    1.95731747e+00 -5.55086970e-01 -1.45215356e+00 5.90662062e-01
    -5.98697007e-01 -1.15050280e+00 1.03211629e+00 -4.26593214e-01
    -1.90964019e+00 1.48561144e+00 -2.09565789e-01 -2.03118658e+00
    1.81539512e+00 -4.79168594e-02 -2.08382678e+00 2.31413096e-01
    -8.17160457e-02 -1.29721439e+00 7.48088121e-01 1.82927459e-01
    -1.95324552e+00 1.14885163e+00 4.27195966e-01 -1.86802292e+00
    1.42944717e+00 5.56617081e-01 -1.73680735e+00 -4.54737246e-03
    3.92726958e-01 -1.18418789e+00 4.68292832e-01 7.04504848e-01
    -1.68440044e+00 8.38856280e-01 9.17786539e-01 -1.52388644e+00
    1.05455482e+00 1.01032948e+00 -1.30927622e+00 -1.83207884e-01
    9.55196381e-01 -9.07808781e-01 3.16929936e-01 1.33026314e+00
    -1.42373395e+00 5.79306841e-01 1.49014986e+00 -1.34321868e+00
    7.86840737e-01 1.60349262e+00 -1.26309299e+00</data></hand_right>
</opencv_storage>
