<?xml version="1.0"?>
<opencv_storage>
<hand_left type_id="opencv-matrix">
  <rows>21</rows>
  <cols>3</cols>
  <dt>f</dt>
  <data>
    -8.29424698e-06 -7.67125857e-06 3.65213418e-06 5.90841293e-01
    -3.88116688e-01 7.07989335e-01 1.33837283e+00 -6.56062067e-01
    -2.42489725e-02 1.73420262e+00 -5.64471602e-01 -8.25471044e-01
    1.95818317e+00 -5.55279911e-01 -1.45051754e+00 5.91279030e-01
    -5.98623157e-01 -1.15007973e+00 1.03293788e+00 -4.26764131e-01
    -1.90919268e+00 1.48619032e+00 -2.10081369e-01 -2.03100777e+00
    1.81580448e+00 -4.86972928e-02 -2.08403087e+00 2.32216105e-01
    -8.16142708e-02 -1.29697442e+00 7.48979926e-01 1.82796061e-01
    -1.95289147e+00 1.14932013e+00 4.26782668e-01 -1.86814880e+00
    1.42948413e+00 5.55943549e-01 -1.73766577e+00 -3.76073271e-03
    3.92819285e-01 -1.18407023e+00 4.69099998e-01 7.04443753e-01
    -1.68421268e+00 8.39289546e-01 9.17555451e-01 -1.52409625e+00
    1.05461323e+00 1.00996506e+00 -1.31023502e+00 -1.82556272e-01
    9.55223560e-01 -9.07731414e-01 3.17628205e-01 1.33025479e+00
    -1.42345333e+00 5.79811752e-01 1.49004960e+00 -1.34298182e+00
    7.87169635e-01 1.60336411e+00 -1.26315129e+00</data></hand_left>
</opencv_storage>
