<?xml version="1.0"?>
<opencv_storage>
<hand_right type_id="opencv-matrix">
  <rows>21</rows>
  <cols>3</cols>
  <dt>f</dt>
  <data>
    -8.29025157e-06 -7.67535948e-06 3.66002496e-06 5.91537654e-01
    -3.87708127e-01 7.07687736e-01 1.33868098e+00 -6.55489504e-01
    -2.50770003e-02 1.73387456e+00 -5.63844144e-01 -8.26620579e-01
    1.95742083e+00 -5.54661632e-01 -1.45190024e+00 5.90706468e-01
    -5.98699689e-01 -1.15038061e+00 1.03185272e+00 -4.26763564e-01
    -1.90975356e+00 1.48504531e+00 -2.09838271e-01 -2.03172493e+00
    1.81461382e+00 -4.82588112e-02 -2.08477068e+00 2.31337488e-01
    -8.18468556e-02 -1.29714370e+00 7.47606754e-01 1.82653651e-01
    -1.95346045e+00 1.14805603e+00 4.26877409e-01 -1.86887896e+00
    1.42837548e+00 5.56234598e-01 -1.73837709e+00 -4.73543629e-03
    3.92538965e-01 -1.18418348e+00 4.67721105e-01 7.04244971e-01
    -1.68470836e+00 8.38037372e-01 9.17560160e-01 -1.52476716e+00
    1.05357397e+00 1.01014256e+00 -1.31088865e+00 -1.83534876e-01
    9.54970598e-01 -9.07859445e-01 3.16227973e-01 1.33005309e+00
    -1.42402971e+00 5.78483582e-01 1.48998749e+00 -1.34374893e+00
    7.85918534e-01 1.60340250e+00 -1.26395714e+00</data></hand_right>
</opencv_storage>
