<?xml version="1.0"?>
<opencv_storage>
<hand_left type_id="opencv-matrix">
  <rows>21</rows>
  <cols>3</cols>
  <dt>f</dt>
  <data>
    -8.29381952e-06 -7.67460278e-06 3.66413587e-06 5.91446161e-01
    -3.87364924e-01 7.08038509e-01 1.33870709e+00 -6.55628204e-01
    -2.45165080e-02 1.73400164e+00 -5.64417243e-01 -8.26078951e-01
    1.95766640e+00 -5.55636644e-01 -1.45138478e+00 5.90906978e-01
    -5.99377930e-01 -1.15000439e+00 1.03226566e+00 -4.27811980e-01
    -1.90932798e+00 1.48549509e+00 -2.10943282e-01 -2.03109169e+00
    1.81504929e+00 -4.94239926e-02 -2.08396864e+00 2.31585965e-01
    -8.25547129e-02 -1.29712093e+00 7.48094022e-01 1.81633592e-01
    -1.95337903e+00 1.14854240e+00 4.25886482e-01 -1.86852574e+00
    1.42881048e+00 5.55277228e-01 -1.73771644e+00 -4.46980447e-03
    3.91924948e-01 -1.18444610e+00 4.68171835e-01 7.03368962e-01
    -1.68498158e+00 8.38494718e-01 9.16743279e-01 -1.52482533e+00
    1.05397522e+00 1.00938511e+00 -1.31065130e+00 -1.83263227e-01
    9.54557538e-01 -9.08451736e-01 3.16701531e-01 1.32931149e+00
    -1.42467999e+00 5.78944564e-01 1.48925769e+00 -1.34434748e+00
    7.86352694e-01 1.60269332e+00 -1.26448750e+00</data></hand_left>
</opencv_storage>
