<?xml version="1.0"?>
<opencv_storage>
<hand_left type_id="opencv-matrix">
  <rows>21</rows>
  <cols>3</cols>
  <dt>f</dt>
  <data>
    -8.29283181e-06 -7.67261645e-06 3.65359483e-06 5.90996981e-01
    -3.87875289e-01 7.07999468e-01 1.33848155e+00 -6.55847907e-01
    -2.42935419e-02 1.73417473e+00 -5.64331532e-01 -8.25610876e-01
    1.95806336e+00 -5.55217683e-01 -1.45069754e+00 5.91210365e-01
    -5.98805249e-01 -1.15003729e+00 1.03278232e+00 -4.27035570e-01
    -1.90925312e+00 1.48609972e+00 -2.10262269e-01 -2.03118229e+00
    1.81579626e+00 -4.87607718e-02 -2.08422661e+00 2.32048005e-01
    -8.18762407e-02 -1.29699373e+00 7.48696446e-01 1.82456926e-01
    -1.95309484e+00 1.14912844e+00 4.26572978e-01 -1.86852372e+00
    1.42940331e+00 5.55873394e-01 -1.73811913e+00 -3.98715585e-03
    3.92553300e-01 -1.18417120e+00 4.68813658e-01 7.04148889e-01
    -1.68443775e+00 8.39026093e-01 9.17370200e-01 -1.52442634e+00
    1.05438924e+00 1.00988948e+00 -1.31059992e+00 -1.82834104e-01
    9.54998851e-01 -9.07938302e-01 3.17267269e-01 1.33001876e+00
    -1.42381358e+00 5.79490840e-01 1.48988223e+00 -1.34337568e+00
    7.86859810e-01 1.60323215e+00 -1.26350272e+00</data></hand_left>
</opencv_storage>
