<?xml version="1.0"?>
<opencv_storage>
<hand_right type_id="opencv-matrix">
  <rows>21</rows>
  <cols>3</cols>
  <dt>f</dt>
  <data>
    -8.29110832e-06 -7.67524489e-06 3.66021254e-06 5.91524780e-01
    -3.87642682e-01 7.07754076e-01 1.33870149e+00 -6.55524850e-01
    -2.49645263e-02 1.73389864e+00 -5.63961864e-01 -8.26538384e-01
    1.95747852e+00 -5.54889560e-01 -1.45181108e+00 5.90814233e-01
    -5.98738551e-01 -1.15033317e+00 1.03201342e+00 -4.26821828e-01
    -1.90970111e+00 1.48523045e+00 -2.09870964e-01 -2.03170443e+00
    1.81484938e+00 -4.82709706e-02 -2.08480906e+00 2.31420904e-01
    -8.19100738e-02 -1.29715121e+00 7.47792304e-01 1.82610735e-01
    -1.95339787e+00 1.14823818e+00 4.26881701e-01 -1.86869931e+00
    1.42858458e+00 5.56291819e-01 -1.73808634e+00 -4.68595698e-03
    3.92470539e-01 -1.18423247e+00 4.67856467e-01 7.04203010e-01
    -1.68467093e+00 8.38167787e-01 9.17563081e-01 -1.52461028e+00
    1.05369413e+00 1.01016855e+00 -1.31058311e+00 -1.83534339e-01
    9.54911053e-01 -9.07951891e-01 3.16289485e-01 1.33001137e+00
    -1.42404556e+00 5.78516543e-01 1.48995829e+00 -1.34370267e+00
    7.85929561e-01 1.60338354e+00 -1.26386476e+00</data></hand_right>
</opencv_storage>
