<?xml version="1.0"?>
<opencv_storage>
<hand_right type_id="opencv-matrix">
  <rows>21</rows>
  <cols>3</cols>
  <dt>f</dt>
  <data>
    -8.29365854e-06 -7.67341135e-06 3.66058612e-06 5.91326118e-01
    -3.87630522e-01 7.07912982e-01 1.33854127e+00 -6.55799747e-01
    -2.46357769e-02 1.73386729e+00 -5.64455509e-01 -8.26137006e-01
    1.95755565e+00 -5.55541754e-01 -1.45137131e+00 5.90839624e-01
    -5.99098921e-01 -1.15010393e+00 1.03221416e+00 -4.27411437e-01
    -1.90938473e+00 1.48549843e+00 -2.10570246e-01 -2.03124642e+00
    1.81512749e+00 -4.90566492e-02 -2.08421564e+00 2.31594503e-01
    -8.22228640e-02 -1.29707861e+00 7.48133302e-01 1.82059228e-01
    -1.95327091e+00 1.14863455e+00 4.26256210e-01 -1.86849582e+00
    1.42897701e+00 5.55620670e-01 -1.73780072e+00 -4.41325456e-03
    3.92230242e-01 -1.18429232e+00 4.68272805e-01 7.03751683e-01
    -1.68471467e+00 8.38632464e-01 9.17053938e-01 -1.52460361e+00
    1.05415034e+00 1.00965345e+00 -1.31051648e+00 -1.83166057e-01
    9.54763532e-01 -9.08153951e-01 3.16823304e-01 1.32962942e+00
    -1.42424726e+00 5.79089999e-01 1.48953259e+00 -1.34389985e+00
    7.86528349e-01 1.60292196e+00 -1.26404762e+00</data></hand_right>
</opencv_storage>
