<?xml version="1.0"?>
<opencv_storage>
<hand_right type_id="opencv-matrix">
  <rows>21</rows>
  <cols>3</cols>
  <dt>f</dt>
  <data>
    -8.29350938e-06 -7.66988160e-06 3.65566507e-06 5.90860248e-01
    -3.87650669e-01 7.08207011e-01 1.33839238e+00 -6.55960083e-01
    -2.38956064e-02 1.73417330e+00 -5.64792037e-01 -8.25202763e-01
    1.95813453e+00 -5.55928826e-01 -1.45025945e+00 5.91300368e-01
    -5.99269509e-01 -1.14971757e+00 1.03293920e+00 -4.27844048e-01
    -1.90896356e+00 1.48628068e+00 -2.11162955e-01 -2.03101110e+00
    1.81600165e+00 -4.97083366e-02 -2.08417654e+00 2.32202515e-01
    -8.23773965e-02 -1.29690492e+00 7.48930573e-01 1.81651801e-01
    -1.95305145e+00 1.14935803e+00 4.25762057e-01 -1.86858928e+00
    1.42965055e+00 5.55092216e-01 -1.73827434e+00 -3.80934402e-03
    3.92104030e-01 -1.18429518e+00 4.69066560e-01 7.03467786e-01
    -1.68460429e+00 8.39263201e-01 9.16711688e-01 -1.52466941e+00
    1.05462849e+00 1.00930488e+00 -1.31090164e+00 -1.82648286e-01
    9.54647720e-01 -9.08297062e-01 3.17549258e-01 1.32943046e+00
    -1.42422402e+00 5.79766572e-01 1.48929620e+00 -1.34382200e+00
    7.87147284e-01 1.60266829e+00 -1.26396513e+00</data></hand_right>
</opencv_storage>
