<?xml version="1.0"?>
<opencv_storage>
<hand_right type_id="opencv-matrix">
  <rows>21</rows>
  <cols>3</cols>
  <dt>f</dt>
  <data>
    -8.29343662e-06 -7.67118672e-06 3.65422443e-06 5.90956032e-01
    -3.87870610e-01 7.08020449e-01 1.33840764e+00 -6.55959010e-01
    -2.42628008e-02 1.73408294e+00 -5.64532638e-01 -8.25599670e-01
    1.95797253e+00 -5.55483818e-01 -1.45069718e+00 5.91183424e-01
    -5.98890960e-01 -1.14998877e+00 1.03276122e+00 -4.27190602e-01
    -1.90920401e+00 1.48611236e+00 -2.10440546e-01 -2.03120303e+00
    1.81584764e+00 -4.89483476e-02 -2.08432674e+00 2.32058629e-01
    -8.19551200e-02 -1.29696929e+00 7.48753250e-01 1.82321072e-01
    -1.95305347e+00 1.14921463e+00 4.26429927e-01 -1.86847138e+00
    1.42954898e+00 5.55743217e-01 -1.73805261e+00 -3.94811854e-03
    3.92487705e-01 -1.18417752e+00 4.68901247e-01 7.04037726e-01
    -1.68440747e+00 8.39140236e-01 9.17249978e-01 -1.52437878e+00
    1.05455840e+00 1.00978756e+00 -1.31051588e+00 -1.82763919e-01
    9.54943359e-01 -9.07978296e-01 3.17396402e-01 1.32990587e+00
    -1.42381966e+00 5.79627335e-01 1.48975658e+00 -1.34337831e+00
    7.87025630e-01 1.60310769e+00 -1.26348400e+00</data></hand_right>
</opencv_storage>
