<?xml version="1.0"?>
<opencv_storage>
<hand_right type_id="opencv-matrix">
  <rows>21</rows>
  <cols>3</cols>
  <dt>f</dt>
  <data>
    -8.29274359e-06 -7.67279744e-06 3.65453820e-06 5.91107368e-01
    -3.88014078e-01 7.07841992e-01 1.33847451e+00 -6.55859947e-01
    -2.46339291e-02 1.73404980e+00 -5.64202785e-01 -8.25982928e-01
    1.95785594e+00 -5.54987907e-01 -1.45112526e+00 5.91032028e-01
    -5.98593593e-01 -1.15023327e+00 1.03248549e+00 -4.26666230e-01
    -1.90943372e+00 1.48573947e+00 -2.09882796e-01 -2.03133082e+00
    1.81535482e+00 -4.84123528e-02 -2.08437085e+00 2.31860608e-01
    -8.16291273e-02 -1.29703701e+00 7.48419285e-01 1.82832003e-01
    -1.95311093e+00 1.14882731e+00 4.26901340e-01 -1.86846244e+00
    1.42907858e+00 5.56135297e-01 -1.73801363e+00 -4.13976982e-03
    3.92782211e-01 -1.18408394e+00 4.68553931e-01 7.04450786e-01
    -1.68436205e+00 8.38810563e-01 9.17628109e-01 -1.52433693e+00
    1.05425429e+00 1.01010418e+00 -1.31050932e+00 -1.82918966e-01
    9.55179334e-01 -9.07717526e-01 3.17099094e-01 1.33024931e+00
    -1.42360556e+00 5.79328179e-01 1.49009395e+00 -1.34322023e+00
    7.86735117e-01 1.60344195e+00 -1.26340699e+00</data></hand_right>
</opencv_storage>
