<?xml version="1.0"?>
<opencv_storage>
<hand_left type_id="opencv-matrix">
  <rows>21</rows>
  <cols>3</cols>
  <dt>f</dt>
  <data>
    -8.26808537e-06 -7.69285089e-06 3.67330267e-06 5.93984962e-01
    -3.87627214e-01 7.05756187e-01 1.33977842e+00 -6.53245509e-01
    -2.92424113e-02 1.73289227e+00 -5.60025573e-01 -8.31652105e-01
    1.95488095e+00 -5.49866974e-01 -1.45743680e+00 5.88893175e-01
    -5.96257210e-01 -1.15261567e+00 1.02767062e+00 -4.22735274e-01
    -1.91294515e+00 1.47985601e+00 -2.05119491e-01 -2.03581429e+00
    1.80872512e+00 -4.31699455e-02 -2.08966231e+00 2.28290021e-01
    -7.97834694e-02 -1.29785609e+00 7.42329478e-01 1.86335534e-01
    -1.95508516e+00 1.14216280e+00 4.30902421e-01 -1.87118387e+00
    1.42219388e+00 5.60300231e-01 -1.74143636e+00 -8.26734677e-03
    3.94078463e-01 -1.18368244e+00 4.62205589e-01 7.07135797e-01
    -1.68504548e+00 8.32372904e-01 9.20765996e-01 -1.52577925e+00
    1.04809391e+00 1.01325774e+00 -1.31245315e+00 -1.87262833e-01
    9.55897570e-01 -9.06196296e-01 3.10485244e-01 1.33235145e+00
    -1.42316818e+00 5.72491288e-01 1.49256623e+00 -1.34335339e+00
    7.79825151e-01 1.60622489e+00 -1.26415300e+00</data></hand_left>
</opencv_storage>
