<?xml version="1.0"?>
<opencv_storage>
<hand_left type_id="opencv-matrix">
  <rows>21</rows>
  <cols>3</cols>
  <dt>f</dt>
  <data>
    -8.29494365e-06 -7.66928952e-06 3.65788901e-06 5.90838552e-01
    -3.87403965e-01 7.08384156e-01 1.33842492e+00 -6.55968070e-01
    -2.36029029e-02 1.73422670e+00 -5.65054774e-01 -8.24941158e-01
    1.95824277e+00 -5.56430697e-01 -1.45000732e+00 5.91424644e-01
    -5.99604428e-01 -1.14949894e+00 1.03312707e+00 -4.28376704e-01
    -1.90874779e+00 1.48649502e+00 -2.11693466e-01 -2.03083968e+00
    1.81625605e+00 -5.02270162e-02 -2.08407283e+00 2.32314169e-01
    -8.27688351e-02 -1.29687643e+00 7.49141812e-01 1.81110650e-01
    -1.95300806e+00 1.14958358e+00 4.25288916e-01 -1.86847806e+00
    1.42993283e+00 5.54712355e-01 -1.73807347e+00 -3.72386724e-03
    3.91739249e-01 -1.18443108e+00 4.69223440e-01 7.02986956e-01
    -1.68474138e+00 8.39445472e-01 9.16320801e-01 -1.52476346e+00
    1.05487394e+00 1.00902414e+00 -1.31088328e+00 -1.82601675e-01
    9.54365492e-01 -9.08622026e-01 3.17668140e-01 1.32900596e+00
    -1.42458081e+00 5.79880238e-01 1.48891234e+00 -1.34419084e+00
    7.87290096e-01 1.60234332e+00 -1.26432240e+00</data></hand_left>
</opencv_storage>
