<?xml version="1.0"?>
<opencv_storage>
<hand_left type_id="opencv-matrix">
  <rows>21</rows>
  <cols>3</cols>
  <dt>f</dt>
  <data>
    -8.29440432e-06 -7.67155052e-06 3.65377173e-06 5.90992689e-01
    -3.88095915e-01 7.07889080e-01 1.33837855e+00 -6.56061411e-01
    -2.45183855e-02 1.73401737e+00 -5.64453483e-01 -8.25840890e-01
    1.95788348e+00 -5.55274904e-01 -1.45096195e+00 5.91073632e-01
    -5.98631740e-01 -1.15019405e+00 1.03264797e+00 -4.26722586e-01
    -1.90933609e+00 1.48596144e+00 -2.09966034e-01 -2.03118324e+00
    1.81562996e+00 -4.85205352e-02 -2.08419442e+00 2.31973112e-01
    -8.16312060e-02 -1.29702485e+00 7.48690486e-01 1.82819560e-01
    -1.95299375e+00 1.14914727e+00 4.26868081e-01 -1.86820269e+00
    1.42942786e+00 5.56091905e-01 -1.73761725e+00 -3.98972258e-03
    3.92800719e-01 -1.18408322e+00 4.68841314e-01 7.04449475e-01
    -1.68426681e+00 8.39138627e-01 9.17597234e-01 -1.52412462e+00
    1.05457985e+00 1.01005208e+00 -1.31016994e+00 -1.82741359e-01
    9.55207765e-01 -9.07723010e-01 3.17394078e-01 1.33024740e+00
    -1.42351997e+00 5.79632521e-01 1.49006176e+00 -1.34308398e+00
    7.87046611e-01 1.60338187e+00 -1.26323128e+00</data></hand_left>
</opencv_storage>
