<?xml version="1.0"?>
<opencv_storage>
<hand_left type_id="opencv-matrix">
  <rows>21</rows>
  <cols>3</cols>
  <dt>f</dt>
  <data>
    -8.29182409e-06 -7.66911853e-06 3.65813617e-06 5.90915501e-01
    -3.87411326e-01 7.08273411e-01 1.33843827e+00 -6.55836880e-01
    -2.37812549e-02 1.73418367e+00 -5.64849615e-01 -8.25116158e-01
    1.95810485e+00 -5.56112766e-01 -1.45016766e+00 5.91305852e-01
    -5.99496841e-01 -1.14958227e+00 1.03285706e+00 -4.28245038e-01
    -1.90892410e+00 1.48611236e+00 -2.11586267e-01 -2.03111172e+00
    1.81578076e+00 -5.01445234e-02 -2.08442044e+00 2.32152686e-01
    -8.26834962e-02 -1.29688835e+00 7.48812556e-01 1.81224063e-01
    -1.95312202e+00 1.14916396e+00 4.25371587e-01 -1.86875427e+00
    1.42939472e+00 5.54732978e-01 -1.73852098e+00 -3.90363857e-03
    3.91798228e-01 -1.18438697e+00 4.68903691e-01 7.03078449e-01
    -1.68480670e+00 8.39048445e-01 9.16381598e-01 -1.52495813e+00
    1.05437934e+00 1.00903106e+00 -1.31127191e+00 -1.82792097e-01
    9.54387844e-01 -9.08518910e-01 3.17325383e-01 1.32908678e+00
    -1.42454946e+00 5.79503357e-01 1.48898208e+00 -1.34420633e+00
    7.86847055e-01 1.60238659e+00 -1.26442003e+00</data></hand_left>
</opencv_storage>
