<?xml version="1.0"?>
<opencv_storage>
<hand_right type_id="opencv-matrix">
  <rows>21</rows>
  <cols>3</cols>
  <dt>f</dt>
  <data>
    -8.29356850e-06 -7.67230813e-06 3.65154301e-06 5.90958416e-01
    -3.88234794e-01 7.07832038e-01 1.33838582e+00 -6.56019092e-01
    -2.45833248e-02 1.73408115e+00 -5.64250827e-01 -8.25860858e-01
    1.95796251e+00 -5.54926872e-01 -1.45095098e+00 5.91113091e-01
    -5.98413408e-01 -1.15028071e+00 1.03268480e+00 -4.26391780e-01
    -1.90941072e+00 1.48597670e+00 -2.09642291e-01 -2.03122497e+00
    1.81562448e+00 -4.82025743e-02 -2.08419943e+00 2.32017577e-01
    -8.13820884e-02 -1.29702485e+00 7.48686016e-01 1.83151841e-01
    -1.95299375e+00 1.14909875e+00 4.27155942e-01 -1.86828053e+00
    1.42932713e+00 5.56324899e-01 -1.73780608e+00 -3.95037606e-03
    3.93029571e-01 -1.18400216e+00 4.68848318e-01 7.04752982e-01
    -1.68416309e+00 8.39086235e-01 9.17850256e-01 -1.52406096e+00
    1.05445564e+00 1.01023960e+00 -1.31021202e+00 -1.82713389e-01
    9.55383956e-01 -9.07541513e-01 3.17399502e-01 1.33052373e+00
    -1.42328978e+00 5.79623759e-01 1.49031782e+00 -1.34282255e+00
    7.87002683e-01 1.60361135e+00 -1.26296711e+00</data></hand_right>
</opencv_storage>
