<?xml version="1.0"?>
<opencv_storage>
<hand_right type_id="opencv-matrix">
  <rows>21</rows>
  <cols>3</cols>
  <dt>f</dt>
  <data>
    -8.29855799e-06 -7.67114761e-06 3.65707206e-06 5.90906680e-01
    -3.87676179e-01 7.08256304e-01 1.33839750e+00 -6.56171679e-01
    -2.39274055e-02 1.73408425e+00 -5.65043151e-01 -8.25303912e-01
    1.95807230e+00 -5.56306660e-01 -1.45046580e+00 5.91237903e-01
    -5.99420011e-01 -1.14975131e+00 1.03304899e+00 -4.27939594e-01
    -1.90883672e+00 1.48655319e+00 -2.11181819e-01 -2.03055024e+00
    1.81636500e+00 -4.96878326e-02 -2.08340263e+00 2.32190281e-01
    -8.24706405e-02 -1.29696393e+00 7.49161601e-01 1.81606263e-01
    -1.95293653e+00 1.14978433e+00 4.25769240e-01 -1.86798155e+00
    1.43024850e+00 5.55162191e-01 -1.73710704e+00 -3.75177711e-03
    3.92062068e-01 -1.18436122e+00 4.69330251e-01 7.03419328e-01
    -1.68452823e+00 8.39720368e-01 9.16683793e-01 -1.52420759e+00
    1.05525196e+00 1.00930238e+00 -1.30989909e+00 -1.82489932e-01
    9.54680145e-01 -9.08397257e-01 3.17923784e-01 1.32936835e+00
    -1.42424870e+00 5.80228686e-01 1.48923194e+00 -1.34374630e+00
    7.87704825e-01 1.60259557e+00 -1.26369786e+00</data></hand_right>
</opencv_storage>
