<?xml version="1.0"?>
<opencv_storage>
<hand_left type_id="opencv-matrix">
  <rows>21</rows>
  <cols>3</cols>
  <dt>f</dt>
  <data>
    -8.29436885e-06 -7.66934500e-06 3.65595997e-06 5.90817988e-01
    -3.87722462e-01 7.08223104e-01 1.33837700e+00 -6.56051517e-01
    -2.38574296e-02 1.73422313e+00 -5.64871132e-01 -8.25109839e-01
    1.95822728e+00 -5.56001067e-01 -1.45017147e+00 5.91314316e-01
    -5.99257886e-01 -1.14972675e+00 1.03302073e+00 -4.27791536e-01
    -1.90888619e+00 1.48630071e+00 -2.11151242e-01 -2.03076816e+00
    1.81592703e+00 -4.97735441e-02 -2.08381987e+00 2.32259825e-01
    -8.23312104e-02 -1.29691434e+00 7.49068975e-01 1.81729943e-01
    -1.95294607e+00 1.14944863e+00 4.25779045e-01 -1.86827707e+00
    1.42963481e+00 5.55022836e-01 -1.73779106e+00 -3.71769816e-03
    3.92164111e-01 -1.18427992e+00 4.69179332e-01 7.03516483e-01
    -1.68456614e+00 8.39390099e-01 9.16714787e-01 -1.52451909e+00
    1.05473697e+00 1.00925207e+00 -1.31067002e+00 -1.82519138e-01
    9.54720974e-01 -9.08257484e-01 3.17703635e-01 1.32946241e+00
    -1.42416072e+00 5.79907715e-01 1.48930097e+00 -1.34376955e+00
    7.87276149e-01 1.60265434e+00 -1.26395893e+00</data></hand_left>
</opencv_storage>
