<?xml version="1.0"?>
<opencv_storage>
<hand_right type_id="opencv-matrix">
  <rows>21</rows>
  <cols>3</cols>
  <dt>f</dt>
  <data>
    -8.29334840e-06 -7.67470920e-06 3.66263703e-06 5.91520488e-01
    -3.87596458e-01 7.07809150e-01 1.33862114e+00 -6.55689716e-01
    -2.49283165e-02 1.73377132e+00 -5.64263284e-01 -8.26514125e-01
    1.95734453e+00 -5.55329740e-01 -1.45182729e+00 5.90668499e-01
    -5.99054933e-01 -1.15024650e+00 1.03193593e+00 -4.27277803e-01
    -1.90954041e+00 1.48519492e+00 -2.10373372e-01 -2.03132200e+00
    1.81478214e+00 -4.88318205e-02 -2.08420038e+00 2.31356800e-01
    -8.21896419e-02 -1.29714382e+00 7.47803628e-01 1.82174534e-01
    -1.95336783e+00 1.14832401e+00 4.26403761e-01 -1.86848783e+00
    1.42866445e+00 5.55767536e-01 -1.73766100e+00 -4.65357676e-03
    3.92255157e-01 -1.18429959e+00 4.67944086e-01 7.03826487e-01
    -1.68477488e+00 8.38345408e-01 9.17146444e-01 -1.52459657e+00
    1.05390501e+00 1.00973511e+00 -1.31040311e+00 -1.83373883e-01
    9.54791546e-01 -9.08120155e-01 3.16535026e-01 1.32968104e+00
    -1.42428470e+00 5.78815579e-01 1.48959923e+00 -1.34395361e+00
    7.86262751e-01 1.60298991e+00 -1.26409268e+00</data></hand_right>
</opencv_storage>
