<?xml version="1.0"?>
<opencv_storage>
<hand_left type_id="opencv-matrix">
  <rows>21</rows>
  <cols>3</cols>
  <dt>f</dt>
  <data>
    -8.29373312e-06 -7.67270194e-06 3.66049017e-06 5.91211617e-01
    -3.87478888e-01 7.08109438e-01 1.33860052e+00 -6.55761003e-01
    -2.42447406e-02 1.73410904e+00 -5.64563632e-01 -8.25690091e-01
    1.95791864e+00 -5.55766404e-01 -1.45088553e+00 5.91095269e-01
    -5.99299788e-01 -1.14989352e+00 1.03259182e+00 -4.27754492e-01
    -1.90915656e+00 1.48584521e+00 -2.10952133e-01 -2.03102207e+00
    1.81545389e+00 -4.94632423e-02 -2.08401632e+00 2.31852531e-01
    -8.24585333e-02 -1.29704070e+00 7.48490572e-01 1.81709900e-01
    -1.95319939e+00 1.14891922e+00 4.25915539e-01 -1.86841953e+00
    1.42917550e+00 5.55283785e-01 -1.73773766e+00 -4.19868529e-03
    3.92012596e-01 -1.18438339e+00 4.68545794e-01 7.03450203e-01
    -1.68480670e+00 8.38835895e-01 9.16788280e-01 -1.52469826e+00
    1.05427945e+00 1.00941575e+00 -1.31064534e+00 -1.83029070e-01
    9.54602957e-01 -9.08380687e-01 3.17020357e-01 1.32938838e+00
    -1.42447305e+00 5.79244614e-01 1.48931313e+00 -1.34412217e+00
    7.86638737e-01 1.60272670e+00 -1.26429188e+00</data></hand_left>
</opencv_storage>
