<?xml version="1.0"?>
<opencv_storage>
<hand_right type_id="opencv-matrix">
  <rows>21</rows>
  <cols>3</cols>
  <dt>f</dt>
  <data>
    -8.29198234e-06 -7.67596703e-06 3.67087273e-06 5.91823339e-01
    -3.87025386e-01 7.07921028e-01 1.33881962e+00 -6.55400336e-01
    -2.48561054e-02 1.73373163e+00 -5.64354539e-01 -8.26597333e-01
    1.95716310e+00 -5.55797577e-01 -1.45199239e+00 5.90560675e-01
    -5.99613726e-01 -1.15005660e+00 1.03164172e+00 -4.28147674e-01
    -1.90950656e+00 1.48474336e+00 -2.11218208e-01 -2.03127575e+00
    1.81416821e+00 -4.96896207e-02 -2.08412290e+00 2.31082335e-01
    -8.29073936e-02 -1.29719424e+00 7.47367263e-01 1.81244761e-01
    -1.95361149e+00 1.14776683e+00 4.25588161e-01 -1.86868584e+00
    1.42797196e+00 5.55021048e-01 -1.73772943e+00 -5.01036644e-03
    3.91559184e-01 -1.18456256e+00 4.67431009e-01 7.02971399e-01
    -1.68529534e+00 8.37767422e-01 9.16437745e-01 -1.52509451e+00
    1.05321801e+00 1.00910628e+00 -1.31075954e+00 -1.83787167e-01
    9.54251170e-01 -9.08673227e-01 3.15946877e-01 1.32893181e+00
    -1.42513657e+00 5.78158140e-01 1.48892808e+00 -1.34486198e+00
    7.85516262e-01 1.60238278e+00 -1.26505756e+00</data></hand_right>
</opencv_storage>
