<?xml version="1.0"?>
<opencv_storage>
<hand_left type_id="opencv-matrix">
  <rows>21</rows>
  <cols>3</cols>
  <dt>f</dt>
  <data>
    -8.29674264e-06 -7.66850644e-06 3.65250867e-06 5.90547681e-01
    -3.87878835e-01 7.08354414e-01 1.33826423e+00 -6.56301022e-01
    -2.35088468e-02 1.73435616e+00 -5.65152705e-01 -8.24643731e-01
    1.95853662e+00 -5.56283593e-01 -1.44962621e+00 5.91520965e-01
    -5.99283874e-01 -1.14960515e+00 1.03347850e+00 -4.27853048e-01
    -1.90864682e+00 1.48686576e+00 -2.11277664e-01 -2.03041434e+00
    1.81657469e+00 -4.99346554e-02 -2.08336830e+00 2.32596293e-01
    -8.22860599e-02 -1.29685819e+00 7.49625206e-01 1.81722596e-01
    -1.95276082e+00 1.15005231e+00 4.25714374e-01 -1.86803389e+00
    1.43026435e+00 5.54932952e-01 -1.73751295e+00 -3.33484262e-03
    3.92242789e-01 -1.18425798e+00 4.69766825e-01 7.03554273e-01
    -1.68439984e+00 8.39977026e-01 9.16695297e-01 -1.52427411e+00
    1.05527556e+00 1.00919652e+00 -1.31036985e+00 -1.82123318e-01
    9.54809010e-01 -9.08250391e-01 3.18300784e-01 1.32952321e+00
    -1.42400169e+00 5.80520034e-01 1.48932385e+00 -1.34351826e+00
    7.87890315e-01 1.60264254e+00 -1.26363754e+00</data></hand_left>
</opencv_storage>
