<?xml version="1.0"?>
<opencv_storage>
<hand_left type_id="opencv-matrix">
  <rows>21</rows>
  <cols>3</cols>
  <dt>f</dt>
  <data>
    -8.29623332e-06 -7.67074016e-06 3.66961649e-06 5.91261685e-01
    -3.87054145e-01 7.08356321e-01 1.33853781e+00 -6.55954480e-01
    -2.39114761e-02 1.73396301e+00 -5.65325618e-01 -8.25408757e-01
    1.95774639e+00 -5.57038546e-01 -1.45067239e+00 5.90929866e-01
    -6.00207806e-01 -1.14953208e+00 1.03247738e+00 -4.29157555e-01
    -1.90876615e+00 1.48562479e+00 -2.12498665e-01 -2.03029680e+00
    1.81501341e+00 -5.11997342e-02 -2.08298850e+00 2.31756717e-01
    -8.34020227e-02 -1.29702914e+00 7.48489201e-01 1.80332169e-01
    -1.95320928e+00 1.14884448e+00 4.24478948e-01 -1.86808038e+00
    1.42888212e+00 5.53747416e-01 -1.73699760e+00 -4.19245288e-03
    3.91193956e-01 -1.18466794e+00 4.68585581e-01 7.02231050e-01
    -1.68528450e+00 8.38892519e-01 9.15557623e-01 -1.52496195e+00
    1.05421150e+00 1.00816381e+00 -1.31060553e+00 -1.82880491e-01
    9.54044282e-01 -9.09037888e-01 3.17228317e-01 1.32832158e+00
    -1.42537940e+00 5.79426765e-01 1.48821914e+00 -1.34506977e+00
    7.86760330e-01 1.60161006e+00 -1.26529598e+00</data></hand_left>
</opencv_storage>
