<?xml version="1.0"?>
<opencv_storage>
<hand_left type_id="opencv-matrix">
  <rows>21</rows>
  <cols>3</cols>
  <dt>f</dt>
  <data>
    -8.29301916e-06 -7.67221809e-06 3.65501137e-06 5.91022313e-01
    -3.87814969e-01 7.08015203e-01 1.33847904e+00 -6.55861259e-01
    -2.42815018e-02 1.73414457e+00 -5.64417243e-01 -8.25607002e-01
    1.95802343e+00 -5.55364609e-01 -1.45071125e+00 5.91170132e-01
    -5.98905146e-01 -1.15000236e+00 1.03272772e+00 -4.27182674e-01
    -1.90921164e+00 1.48602343e+00 -2.10417658e-01 -2.03112388e+00
    1.81568551e+00 -4.89365757e-02 -2.08416653e+00 2.32008383e-01
    -8.19876194e-02 -1.29699183e+00 7.48655438e-01 1.82302818e-01
    -1.95309639e+00 1.14908195e+00 4.26419348e-01 -1.86848938e+00
    1.42934573e+00 5.55718243e-01 -1.73804188e+00 -4.01652977e-03
    3.92452121e-01 -1.18419981e+00 4.68765199e-01 7.04002261e-01
    -1.68449974e+00 8.39000583e-01 9.17234063e-01 -1.52448499e+00
    1.05439353e+00 1.00977278e+00 -1.31064236e+00 -1.82845682e-01
    9.54922915e-01 -9.08008993e-01 3.17241162e-01 1.32988167e+00
    -1.42392755e+00 5.79467714e-01 1.48975098e+00 -1.34352899e+00
    7.86852300e-01 1.60311496e+00 -1.26368737e+00</data></hand_left>
</opencv_storage>
