<?xml version="1.0"?>
<opencv_storage>
<hand_right type_id="opencv-matrix">
  <rows>21</rows>
  <cols>3</cols>
  <dt>f</dt>
  <data>
    -8.29411329e-06 -7.67390702e-06 3.65125970e-06 5.91103673e-01
    -3.88396800e-01 7.07635999e-01 1.33838975e+00 -6.56014383e-01
    -2.50048488e-02 1.73390532e+00 -5.64033568e-01 -8.26341629e-01
    1.95768225e+00 -5.54561615e-01 -1.45150018e+00 5.90881467e-01
    -5.98168612e-01 -1.15053105e+00 1.03235745e+00 -4.25939798e-01
    -1.90965092e+00 1.48569977e+00 -2.09117323e-01 -2.03141642e+00
    1.81538701e+00 -4.76185381e-02 -2.08432817e+00 2.31768802e-01
    -8.10964182e-02 -1.29708660e+00 7.48373985e-01 1.83611229e-01
    -1.95305192e+00 1.14889598e+00 4.27632272e-01 -1.86825800e+00
    1.42924929e+00 5.56820035e-01 -1.73766494e+00 -4.16446850e-03
    3.93295705e-01 -1.18391311e+00 4.68599558e-01 7.05142975e-01
    -1.68404198e+00 8.38939846e-01 9.18221354e-01 -1.52387524e+00
    1.05443668e+00 1.01059473e+00 -1.30991030e+00 -1.82855487e-01
    9.55595195e-01 -9.07295763e-01 3.17230821e-01 1.33084130e+00
    -1.42301726e+00 5.79517305e-01 1.49062335e+00 -1.34253860e+00
    7.86963701e-01 1.60390079e+00 -1.26261425e+00</data></hand_right>
</opencv_storage>
