<?xml version="1.0"?>
<opencv_storage>
<hand_right type_id="opencv-matrix">
  <rows>21</rows>
  <cols>3</cols>
  <dt>f</dt>
  <data>
    -8.27421172e-06 -7.68735117e-06 3.66340419e-06 5.92967212e-01
    -3.87830824e-01 7.06417441e-01 1.33946371e+00 -6.53805137e-01
    -2.76443958e-02 1.73355174e+00 -5.60836911e-01 -8.29585433e-01
    1.95623553e+00 -5.50744712e-01 -1.45507669e+00 5.89881778e-01
    -5.96596360e-01 -1.15186298e+00 1.02955508e+00 -4.23371017e-01
    -1.91177535e+00 1.48206162e+00 -2.05954283e-01 -2.03439808e+00
    1.81116652e+00 -4.40837145e-02 -2.08807302e+00 2.29680359e-01
    -8.00018460e-02 -1.29752743e+00 7.44464874e-01 1.85759276e-01
    -1.95436239e+00 1.14442253e+00 4.30203438e-01 -1.87047040e+00
    1.42454302e+00 5.59597313e-01 -1.74078584e+00 -6.80429488e-03
    3.93956661e-01 -1.18368709e+00 4.64316905e-01 7.06730604e-01
    -1.68461919e+00 8.34433794e-01 9.20258939e-01 -1.52529836e+00
    1.05007029e+00 1.01278615e+00 -1.31207871e+00 -1.85889006e-01
    9.55831945e-01 -9.06449854e-01 3.12520504e-01 1.33206701e+00
    -1.42297626e+00 5.74578464e-01 1.49221647e+00 -1.34301364e+00
    7.81954706e-01 1.60583377e+00 -1.26365352e+00</data></hand_right>
</opencv_storage>
