<?xml version="1.0"?>
<opencv_storage>
<hand_right type_id="opencv-matrix">
  <rows>21</rows>
  <cols>3</cols>
  <dt>f</dt>
  <data>
    -8.29408782e-06 -7.67293932e-06 3.65930237e-06 5.91229379e-01
    -3.87668431e-01 7.07968354e-01 1.33854020e+00 -6.55804634e-01
    -2.45012343e-02 1.73397851e+00 -5.64429045e-01 -8.25943172e-01
    1.95774543e+00 -5.55481672e-01 -1.45116079e+00 5.90981364e-01
    -5.99042714e-01 -1.15005255e+00 1.03243661e+00 -4.27322209e-01
    -1.90926170e+00 1.48572350e+00 -2.10487664e-01 -2.03109550e+00
    1.81535041e+00 -4.89774644e-02 -2.08406901e+00 2.31762633e-01
    -8.21576864e-02 -1.29704201e+00 7.48376012e-01 1.82149112e-01
    -1.95314765e+00 1.14885938e+00 4.26332116e-01 -1.86832869e+00
    1.42919707e+00 5.55686235e-01 -1.73761702e+00 -4.25224751e-03
    3.92290026e-01 -1.18426287e+00 4.68480766e-01 7.03824341e-01
    -1.68460953e+00 8.38824749e-01 9.17116880e-01 -1.52446866e+00
    1.05436838e+00 1.00971961e+00 -1.31038594e+00 -1.83031052e-01
    9.54806268e-01 -9.08118129e-01 3.17022502e-01 1.32968235e+00
    -1.42412615e+00 5.79281151e-01 1.48958123e+00 -1.34376681e+00
    7.86732256e-01 1.60298336e+00 -1.26390302e+00</data></hand_right>
</opencv_storage>
