<?xml version="1.0"?>
<opencv_storage>
<hand_left type_id="opencv-matrix">
  <rows>21</rows>
  <cols>3</cols>
  <dt>f</dt>
  <data>
    -8.29080182e-06 -7.67577330e-06 3.66201630e-06 5.91581702e-01
    -3.87465775e-01 7.07814991e-01 1.33875024e+00 -6.55421853e-01
    -2.48972625e-02 1.73391414e+00 -5.63960612e-01 -8.26495051e-01
    1.95746231e+00 -5.54963708e-01 -1.45179415e+00 5.90778708e-01
    -5.98981380e-01 -1.15023196e+00 1.03195143e+00 -4.27199006e-01
    -1.90963972e+00 1.48517895e+00 -2.10238665e-01 -2.03162813e+00
    1.81478763e+00 -4.86193299e-02 -2.08467913e+00 2.31361791e-01
    -8.21886063e-02 -1.29714239e+00 7.47668743e-01 1.82194829e-01
    -1.95350432e+00 1.14814281e+00 4.26502466e-01 -1.86889958e+00
    1.42850041e+00 5.55953741e-01 -1.73833358e+00 -4.75038961e-03
    3.92215043e-01 -1.18431997e+00 4.67742890e-01 7.03843355e-01
    -1.68487835e+00 8.38065505e-01 9.17247653e-01 -1.52489865e+00
    1.05360782e+00 1.00991428e+00 -1.31092250e+00 -1.83596104e-01
    9.54721153e-01 -9.08153951e-01 3.16192716e-01 1.32971466e+00
    -1.42438412e+00 5.78447223e-01 1.48968983e+00 -1.34409750e+00
    7.85874188e-01 1.60314131e+00 -1.26427031e+00</data></hand_left>
</opencv_storage>
