<?xml version="1.0"?>
<opencv_storage>
<hand_left type_id="opencv-matrix">
  <rows>21</rows>
  <cols>3</cols>
  <dt>f</dt>
  <data>
    -8.29578676e-06 -7.67101756e-06 3.65783944e-06 5.90967238e-01
    -3.87792706e-01 7.08106160e-01 1.33839679e+00 -6.56090617e-01
    -2.41465718e-02 1.73407006e+00 -5.64830184e-01 -8.25469911e-01
    1.95798230e+00 -5.55934668e-01 -1.45060146e+00 5.91129363e-01
    -5.99168658e-01 -1.14990246e+00 1.03277206e+00 -4.27581400e-01
    -1.90904057e+00 1.48604083e+00 -2.10903019e-01 -2.03074265e+00
    1.81562614e+00 -4.95331287e-02 -2.08363771e+00 2.32055441e-01
    -8.22102278e-02 -1.29698992e+00 7.48840570e-01 1.81971401e-01
    -1.95298111e+00 1.14924133e+00 4.26017165e-01 -1.86809015e+00
    1.42944157e+00 5.55238605e-01 -1.73736203e+00 -3.88976559e-03
    3.92286867e-01 -1.18426311e+00 4.68993306e-01 7.03713536e-01
    -1.68452632e+00 8.39255273e-01 9.16891098e-01 -1.52430546e+00
    1.05462146e+00 1.00937533e+00 -1.31021237e+00 -1.82621658e-01
    9.54842091e-01 -9.08158481e-01 3.17591339e-01 1.32961285e+00
    -1.42404985e+00 5.79805017e-01 1.48943233e+00 -1.34360671e+00
    7.87183106e-01 1.60276818e+00 -1.26373971e+00</data></hand_left>
</opencv_storage>
