<?xml version="1.0"?>
<opencv_storage>
<hand_left type_id="opencv-matrix">
  <rows>21</rows>
  <cols>3</cols>
  <dt>f</dt>
  <data>
    -8.28964312e-06 -7.67653000e-06 3.66306404e-06 5.91718853e-01
    -3.87435555e-01 7.07709551e-01 1.33878994e+00 -6.55312657e-01
    -2.51199007e-02 1.73381877e+00 -5.63797534e-01 -8.26771736e-01
    1.95726860e+00 -5.54754555e-01 -1.45210290e+00 5.90637088e-01
    -5.98909974e-01 -1.15033484e+00 1.03168380e+00 -4.27071303e-01
    -1.90980017e+00 1.48489439e+00 -2.10063279e-01 -2.03185463e+00
    1.81449890e+00 -4.84038591e-02 -2.08494735e+00 2.31159732e-01
    -8.21436271e-02 -1.29717422e+00 7.47343183e-01 1.82294428e-01
    -1.95361781e+00 1.14783597e+00 4.26641107e-01 -1.86908996e+00
    1.42822969e+00 5.56126416e-01 -1.73856807e+00 -4.97094914e-03
    3.92238140e-01 -1.18430579e+00 4.67426360e-01 7.03914642e-01
    -1.68493140e+00 8.37768078e-01 9.17348504e-01 -1.52501667e+00
    1.05335307e+00 1.01003981e+00 -1.31107831e+00 -1.83817491e-01
    9.54720140e-01 -9.08099353e-01 3.15863729e-01 1.32976949e+00
    -1.42439830e+00 5.78129470e-01 1.48976624e+00 -1.34415531e+00
    7.85571456e-01 1.60323346e+00 -1.26434851e+00</data></hand_left>
</opencv_storage>
