<?xml version="1.0"?>
<opencv_storage>
<hand_right type_id="opencv-matrix">
  <rows>21</rows>
  <cols>3</cols>
  <dt>f</dt>
  <data>
    -8.29175133e-06 -7.67833990e-06 3.66034465e-06 5.91852367e-01
    -3.88090193e-01 7.07267165e-01 1.33864129e+00 -6.55581236e-01
    -2.60188282e-02 1.73341203e+00 -5.63496351e-01 -8.27725530e-01
    1.95669878e+00 -5.54053605e-01 -1.45315039e+00 5.90198159e-01
    -5.98177671e-01 -1.15094841e+00 1.03116894e+00 -4.25784707e-01
    -1.91027129e+00 1.48444569e+00 -2.08713025e-01 -2.03200865e+00
    1.81405616e+00 -4.70637083e-02 -2.08480525e+00 2.30797842e-01
    -8.12185481e-02 -1.29729903e+00 7.46975422e-01 1.83670893e-01
    -1.95354879e+00 1.14759707e+00 4.27890360e-01 -1.86862552e+00
    1.42805862e+00 5.57209134e-01 -1.73775101e+00 -5.18540293e-03
    3.93132895e-01 -1.18400729e+00 4.67226326e-01 7.05110431e-01
    -1.68442345e+00 8.37713063e-01 9.18336391e-01 -1.52419090e+00
    1.05338299e+00 1.01079106e+00 -1.30995345e+00 -1.83810726e-01
    9.55456018e-01 -9.07339752e-01 3.15903097e-01 1.33076227e+00
    -1.42341614e+00 5.78239918e-01 1.49063373e+00 -1.34304333e+00
    7.85730124e-01 1.60396123e+00 -1.26311350e+00</data></hand_right>
</opencv_storage>
