<?xml version="1.0"?>
<opencv_storage>
<hand_right type_id="opencv-matrix">
  <rows>21</rows>
  <cols>3</cols>
  <dt>f</dt>
  <data>
    -8.28884276e-06 -7.67705660e-06 3.66127483e-06 5.91774464e-01
    -3.87708664e-01 7.07498670e-01 1.33877110e+00 -6.55312061e-01
    -2.54919380e-02 1.73373795e+00 -5.63515306e-01 -8.27135623e-01
    1.95713139e+00 -5.54232597e-01 -1.45248055e+00 5.90513170e-01
    -5.98473549e-01 -1.15060639e+00 1.03146243e+00 -4.26365495e-01
    -1.91005635e+00 1.48462820e+00 -2.09336281e-01 -2.03210950e+00
    1.81419253e+00 -4.76821959e-02 -2.08521557e+00 2.31031463e-01
    -8.16537440e-02 -1.29721558e+00 7.47124910e-01 1.83015138e-01
    -1.95361626e+00 1.14759684e+00 4.27308381e-01 -1.86907566e+00
    1.42798388e+00 5.56722522e-01 -1.73858905e+00 -5.08254021e-03
    3.92684221e-01 -1.18414152e+00 4.67229545e-01 7.04530299e-01
    -1.68472183e+00 8.37584436e-01 9.17896986e-01 -1.52481961e+00
    1.05320358e+00 1.01050830e+00 -1.31093454e+00 -1.83895513e-01
    9.55055773e-01 -9.07704830e-01 3.15707207e-01 1.33028150e+00
    -1.42393744e+00 5.77975094e-01 1.49024963e+00 -1.34369838e+00
    7.85436809e-01 1.60369563e+00 -1.26391876e+00</data></hand_right>
</opencv_storage>
