<?xml version="1.0"?>
<opencv_storage>
<hand_right type_id="opencv-matrix">
  <rows>21</rows>
  <cols>3</cols>
  <dt>f</dt>
  <data>
    -8.29375313e-06 -7.67210986e-06 3.65612505e-06 5.91085196e-01
    -3.87807786e-01 7.07962155e-01 1.33843172e+00 -6.55914068e-01
    -2.44338661e-02 1.73395634e+00 -5.64497232e-01 -8.25842321e-01
    1.95776272e+00 -5.55482149e-01 -1.45098877e+00 5.91041744e-01
    -5.98936558e-01 -1.15004456e+00 1.03253424e+00 -4.27232206e-01
    -1.90928924e+00 1.48589456e+00 -2.10441560e-01 -2.03127766e+00
    1.81563699e+00 -4.89203036e-02 -2.08438087e+00 2.31879771e-01
    -8.20167735e-02 -1.29699910e+00 7.48513103e-01 1.82268634e-01
    -1.95313168e+00 1.14901984e+00 4.26415980e-01 -1.86851990e+00
    1.42941689e+00 5.55769801e-01 -1.73802888e+00 -4.12160531e-03
    3.92426372e-01 -1.18420053e+00 4.68687177e-01 7.03979909e-01
    -1.68446970e+00 8.38974118e-01 9.17219877e-01 -1.52441514e+00
    1.05445099e+00 1.00978506e+00 -1.31046462e+00 -1.82907462e-01
    9.54895675e-01 -9.08008933e-01 3.17215949e-01 1.32984269e+00
    -1.42390144e+00 5.79468012e-01 1.48970449e+00 -1.34347200e+00
    7.86893129e-01 1.60306633e+00 -1.26355195e+00</data></hand_right>
</opencv_storage>
