<?xml version="1.0"?>
<opencv_storage>
<hand_left type_id="opencv-matrix">
  <rows>21</rows>
  <cols>3</cols>
  <dt>f</dt>
  <data>
    -8.29306373e-06 -7.67164966e-06 3.65680262e-06 5.91030359e-01
    -3.87769818e-01 7.08036959e-01 1.33846688e+00 -6.55896068e-01
    -2.42424607e-02 1.73413181e+00 -5.64549029e-01 -8.25561404e-01
    1.95800543e+00 -5.55557013e-01 -1.45066249e+00 5.91129661e-01
    -5.99019945e-01 -1.14996028e+00 1.03264546e+00 -4.27385211e-01
    -1.90919566e+00 1.48585832e+00 -2.10685194e-01 -2.03109336e+00
    1.81542969e+00 -4.92769182e-02 -2.08414555e+00 2.31982380e-01
    -8.21016431e-02 -1.29699183e+00 7.48597264e-01 1.82116613e-01
    -1.95311260e+00 1.14894795e+00 4.26185787e-01 -1.86849999e+00
    1.42912471e+00 5.55428922e-01 -1.73806405e+00 -4.02145088e-03
    3.92355114e-01 -1.18423033e+00 4.68715727e-01 7.03836918e-01
    -1.68459129e+00 8.38926315e-01 9.17048454e-01 -1.52459943e+00
    1.05428171e+00 1.00956511e+00 -1.31077850e+00 -1.82821319e-01
    9.54860330e-01 -9.08076823e-01 3.17237467e-01 1.32973564e+00
    -1.42405009e+00 5.79439759e-01 1.48959041e+00 -1.34368670e+00
    7.86807537e-01 1.60295558e+00 -1.26390517e+00</data></hand_left>
</opencv_storage>
