<?xml version="1.0"?>
<opencv_storage>
<hand_right type_id="opencv-matrix">
  <rows>21</rows>
  <cols>3</cols>
  <dt>f</dt>
  <data>
    -8.29317378e-06 -7.67116853e-06 3.65420055e-06 5.90959668e-01
    -3.87926221e-01 7.07992196e-01 1.33842087e+00 -6.55957222e-01
    -2.42951065e-02 1.73412883e+00 -5.64483941e-01 -8.25600863e-01
    1.95802343e+00 -5.55386186e-01 -1.45068359e+00 5.91184735e-01
    -5.98802388e-01 -1.15003681e+00 1.03274202e+00 -4.27051008e-01
    -1.90924656e+00 1.48601651e+00 -2.10328549e-01 -2.03120971e+00
    1.81567383e+00 -4.88868058e-02 -2.08433628e+00 2.32058808e-01
    -8.18536803e-02 -1.29698443e+00 7.48730123e-01 1.82469919e-01
    -1.95303738e+00 1.14911914e+00 4.26536500e-01 -1.86842895e+00
    1.42936671e+00 5.55791676e-01 -1.73802018e+00 -3.94690409e-03
    3.92581642e-01 -1.18414974e+00 4.68853831e-01 7.04155207e-01
    -1.68439674e+00 8.39069963e-01 9.17344093e-01 -1.52437985e+00
    1.05445790e+00 1.00984550e+00 -1.31056821e+00 -1.82760522e-01
    9.55021322e-01 -9.07901943e-01 3.17351341e-01 1.33000851e+00
    -1.42374694e+00 5.79556406e-01 1.48984599e+00 -1.34333456e+00
    7.86936402e-01 1.60319734e+00 -1.26351297e+00</data></hand_right>
</opencv_storage>
