<?xml version="1.0"?>
<opencv_storage>
<hand_left type_id="opencv-matrix">
  <rows>21</rows>
  <cols>3</cols>
  <dt>f</dt>
  <data>
    -8.29375040e-06 -7.67065467e-06 3.65278720e-06 5.90870440e-01
    -3.88008177e-01 7.08003461e-01 1.33833849e+00 -6.56065822e-01
    -2.42587477e-02 1.73408294e+00 -5.64583540e-01 -8.25550795e-01
    1.95800006e+00 -5.55469513e-01 -1.45061588e+00 5.91184795e-01
    -5.98816156e-01 -1.15001726e+00 1.03279471e+00 -4.27095890e-01
    -1.90921855e+00 1.48613918e+00 -2.10401237e-01 -2.03120041e+00
    1.81586599e+00 -4.89546657e-02 -2.08432078e+00 2.32118487e-01
    -8.18313137e-02 -1.29696059e+00 7.48837948e-01 1.82447061e-01
    -1.95301652e+00 1.14928222e+00 4.26486731e-01 -1.86845279e+00
    1.42957664e+00 5.55732489e-01 -1.73808181e+00 -3.85040790e-03
    3.92620176e-01 -1.18412721e+00 4.69025642e-01 7.04167724e-01
    -1.68433070e+00 8.39243472e-01 9.17311430e-01 -1.52430856e+00
    1.05461431e+00 1.00978684e+00 -1.31050420e+00 -1.82630196e-01
    9.55058694e-01 -9.07872915e-01 3.17564249e-01 1.33003044e+00
    -1.42366254e+00 5.79792440e-01 1.48983657e+00 -1.34320283e+00
    7.87173331e-01 1.60315263e+00 -1.26331449e+00</data></hand_left>
</opencv_storage>
