<?xml version="1.0"?>
<opencv_storage>
<hand_left type_id="opencv-matrix">
  <rows>21</rows>
  <cols>3</cols>
  <dt>f</dt>
  <data>
    -8.29116652e-06 -7.67471283e-06 3.66419044e-06 5.91519535e-01
    -3.87259960e-01 7.07981229e-01 1.33875036e+00 -6.55431986e-01
    -2.45804340e-02 1.73399282e+00 -5.64211607e-01 -8.26150537e-01
    1.95760179e+00 -5.55395722e-01 -1.45142937e+00 5.90873539e-01
    -5.99324226e-01 -1.15000021e+00 1.03210759e+00 -4.27763790e-01
    -1.90940535e+00 1.48529470e+00 -2.10863590e-01 -2.03136587e+00
    1.81484926e+00 -4.92952466e-02 -2.08440781e+00 2.31476441e-01
    -8.25714394e-02 -1.29709792e+00 7.47843564e-01 1.81625158e-01
    -1.95346320e+00 1.14826548e+00 4.25931573e-01 -1.86883473e+00
    1.42855144e+00 5.55382729e-01 -1.73823452e+00 -4.63836640e-03
    3.91867548e-01 -1.18443072e+00 4.67885256e-01 7.03341484e-01
    -1.68504488e+00 8.38177800e-01 9.16775167e-01 -1.52506924e+00
    1.05367529e+00 1.00947976e+00 -1.31108463e+00 -1.83498472e-01
    9.54460323e-01 -9.08443749e-01 3.16327155e-01 1.32928109e+00
    -1.42473686e+00 5.78557372e-01 1.48926842e+00 -1.34447920e+00
    7.85961747e-01 1.60273933e+00 -1.26469123e+00</data></hand_left>
</opencv_storage>
