<?xml version="1.0"?>
<opencv_storage>
<hand_right type_id="opencv-matrix">
  <rows>21</rows>
  <cols>3</cols>
  <dt>f</dt>
  <data>
    -8.29675355e-06 -7.67355323e-06 3.65058668e-06 5.90989053e-01
    -3.88490468e-01 7.07720637e-01 1.33833849e+00 -6.56207860e-01
    -2.48613954e-02 1.73394966e+00 -5.64247012e-01 -8.26165378e-01
    1.95781159e+00 -5.54805875e-01 -1.45133746e+00 5.90956986e-01
    -5.98242462e-01 -1.15049040e+00 1.03260875e+00 -4.26016867e-01
    -1.90949750e+00 1.48602557e+00 -2.09218115e-01 -2.03104854e+00
    1.81573963e+00 -4.77528572e-02 -2.08376741e+00 2.31930345e-01
    -8.11059922e-02 -1.29708540e+00 7.48715639e-01 1.83583364e-01
    -1.95292580e+00 1.14928842e+00 4.27564621e-01 -1.86790061e+00
    1.42964864e+00 5.56712806e-01 -1.73708248e+00 -3.94801423e-03
    3.93326640e-01 -1.18392682e+00 4.68968630e-01 7.05137730e-01
    -1.68395269e+00 8.39347601e-01 9.18166757e-01 -1.52359676e+00
    1.05483603e+00 1.01049256e+00 -1.30942905e+00 -1.82585672e-01
    9.55664992e-01 -9.07323420e-01 3.17667127e-01 1.33084428e+00
    -1.42295754e+00 5.79975247e-01 1.49059141e+00 -1.34239590e+00
    7.87428617e-01 1.60383475e+00 -1.26238203e+00</data></hand_right>
</opencv_storage>
