<?xml version="1.0"?>
<opencv_storage>
<hand_right type_id="opencv-matrix">
  <rows>21</rows>
  <cols>3</cols>
  <dt>f</dt>
  <data>
    -8.29168948e-06 -7.67112397e-06 3.65272490e-06 5.90933621e-01
    -3.87950480e-01 7.07955241e-01 1.33839226e+00 -6.55897796e-01
    -2.43286490e-02 1.73410416e+00 -5.64373732e-01 -8.25624466e-01
    1.95798445e+00 -5.55212259e-01 -1.45067668e+00 5.91178060e-01
    -5.98731339e-01 -1.15003836e+00 1.03268540e+00 -4.26988244e-01
    -1.90929806e+00 1.48597622e+00 -2.10270017e-01 -2.03139758e+00
    1.81567430e+00 -4.87974882e-02 -2.08461595e+00 2.32049033e-01
    -8.17915350e-02 -1.29695296e+00 7.48640060e-01 1.82512671e-01
    -1.95308769e+00 1.14903474e+00 4.26578134e-01 -1.86869240e+00
    1.42930663e+00 5.55844367e-01 -1.73849714e+00 -3.96785513e-03
    3.92626911e-01 -1.18410659e+00 4.68795776e-01 7.04211593e-01
    -1.68437469e+00 8.38972628e-01 9.17389512e-01 -1.52449369e+00
    1.05433869e+00 1.00989401e+00 -1.31084776e+00 -1.82800293e-01
    9.55031276e-01 -9.07836497e-01 3.17277133e-01 1.33006430e+00
    -1.42368281e+00 5.79487085e-01 1.48990226e+00 -1.34327519e+00
    7.86859751e-01 1.60324585e+00 -1.26344979e+00</data></hand_right>
</opencv_storage>
