<?xml version="1.0"?>
<opencv_storage>
<hand_right type_id="opencv-matrix">
  <rows>21</rows>
  <cols>3</cols>
  <dt>f</dt>
  <data>
    -8.29320925e-06 -7.67221445e-06 3.65139067e-06 5.90980113e-01
    -3.88319552e-01 7.07752407e-01 1.33836448e+00 -6.56028748e-01
    -2.47115791e-02 1.73403525e+00 -5.64182401e-01 -8.25978041e-01
    1.95788550e+00 -5.54775357e-01 -1.45107055e+00 5.91045201e-01
    -5.98281741e-01 -1.15036917e+00 1.03256989e+00 -4.26181555e-01
    -1.90949750e+00 1.48582888e+00 -2.09437221e-01 -2.03131914e+00
    1.81544971e+00 -4.80140746e-02 -2.08432579e+00 2.31950283e-01
    -8.12358186e-02 -1.29703343e+00 7.48581052e-01 1.83370069e-01
    -1.95298719e+00 1.14897513e+00 4.27350402e-01 -1.86827409e+00
    1.42919421e+00 5.56492329e-01 -1.73781586e+00 -4.00740653e-03
    3.93161029e-01 -1.18394709e+00 4.68753606e-01 7.04933822e-01
    -1.68409944e+00 8.38992834e-01 9.18007016e-01 -1.52401280e+00
    1.05437815e+00 1.01037228e+00 -1.31019318e+00 -1.82753816e-01
    9.55478013e-01 -9.07410681e-01 3.17319989e-01 1.33067060e+00
    -1.42313445e+00 5.79536319e-01 1.49045050e+00 -1.34268630e+00
    7.86921501e-01 1.60374284e+00 -1.26286328e+00</data></hand_right>
</opencv_storage>
