<?xml version="1.0"?>
<opencv_storage>
<hand_left type_id="opencv-matrix">
  <rows>21</rows>
  <cols>3</cols>
  <dt>f</dt>
  <data>
    -8.29509463e-06 -7.67018537e-06 3.65618234e-06 5.90904534e-01
    -3.87741029e-01 7.08152413e-01 1.33837271e+00 -6.56061590e-01
    -2.40458250e-02 1.73407984e+00 -5.64837694e-01 -8.25387478e-01
    1.95800495e+00 -5.55945516e-01 -1.45049334e+00 5.91206670e-01
    -5.99213958e-01 -1.14982355e+00 1.03285575e+00 -4.27699864e-01
    -1.90903258e+00 1.48623967e+00 -2.10992247e-01 -2.03099084e+00
    1.81598771e+00 -4.95309830e-02 -2.08409071e+00 2.32126892e-01
    -8.22817534e-02 -1.29694700e+00 7.48912036e-01 1.81826562e-01
    -1.95303011e+00 1.14940476e+00 4.25936639e-01 -1.86838782e+00
    1.42976224e+00 5.55269837e-01 -1.73787653e+00 -3.84820998e-03
    3.92208099e-01 -1.18428075e+00 4.69079912e-01 7.03615129e-01
    -1.68453264e+00 8.39344025e-01 9.16840315e-01 -1.52446187e+00
    1.05478179e+00 1.00941968e+00 -1.31052327e+00 -1.82631999e-01
    9.54749882e-01 -9.08223093e-01 3.17617714e-01 1.32954729e+00
    -1.42409563e+00 5.79862952e-01 1.48939109e+00 -1.34366381e+00
    7.87277877e-01 1.60274923e+00 -1.26374853e+00</data></hand_left>
</opencv_storage>
