<?xml version="1.0"?>
<opencv_storage>
<hand_right type_id="opencv-matrix">
  <rows>21</rows>
  <cols>3</cols>
  <dt>f</dt>
  <data>
    -8.29582041e-06 -7.67337406e-06 3.69093823e-06 5.92222095e-01
    -3.85712594e-01 7.08456278e-01 1.33896768e+00 -6.55386806e-01
    -2.42685676e-02 1.73343742e+00 -5.65620720e-01 -8.26378882e-01
    1.95670080e+00 -5.58261275e-01 -1.45202780e+00 5.90300441e-01
    -6.01561189e-01 -1.14928615e+00 1.03131330e+00 -4.31141555e-01
    -1.90889311e+00 1.48441601e+00 -2.14211553e-01 -2.03056335e+00
    1.81374884e+00 -5.27170897e-02 -2.08328176e+00 2.30709314e-01
    -8.51175562e-02 -1.29721391e+00 7.47094750e-01 1.78188816e-01
    -1.95388269e+00 1.14760363e+00 4.22799021e-01 -1.86853528e+00
    1.42787862e+00 5.52502155e-01 -1.73690319e+00 -5.37313521e-03
    3.89540166e-01 -1.18529665e+00 4.67105508e-01 7.00245023e-01
    -1.68646634e+00 8.37657928e-01 9.14047599e-01 -1.52600646e+00
    1.05328798e+00 1.00708199e+00 -1.31100070e+00 -1.84067205e-01
    9.52752829e-01 -9.10320222e-01 3.15722167e-01 1.32652509e+00
    -1.42740047e+00 5.77973545e-01 1.48668075e+00 -1.34729421e+00
    7.85404205e-01 1.60028732e+00 -1.26749849e+00</data></hand_right>
</opencv_storage>
