<?xml version="1.0"?>
<opencv_storage>
<hand_right type_id="opencv-matrix">
  <rows>21</rows>
  <cols>3</cols>
  <dt>f</dt>
  <data>
    -8.29367764e-06 -7.67205256e-06 3.65363144e-06 5.90970516e-01
    -3.88022065e-01 7.07945764e-01 1.33844042e+00 -6.55956507e-01
    -2.43798047e-02 1.73415804e+00 -5.64367533e-01 -8.25649559e-01
    1.95808506e+00 -5.55218220e-01 -1.45074630e+00 5.91190815e-01
    -5.98642170e-01 -1.15011752e+00 1.03279626e+00 -4.26744282e-01
    -1.90921962e+00 1.48604131e+00 -2.09994525e-01 -2.03100562e+00
    1.81562650e+00 -4.85695899e-02 -2.08397293e+00 2.32068464e-01
    -8.16736370e-02 -1.29700172e+00 7.48792648e-01 1.82778090e-01
    -1.95293105e+00 1.14916670e+00 4.26824808e-01 -1.86810470e+00
    1.42934990e+00 5.56025684e-01 -1.73750663e+00 -3.92952934e-03
    3.92747134e-01 -1.18409133e+00 4.68870312e-01 7.04392910e-01
    -1.68428183e+00 8.39125454e-01 9.17560697e-01 -1.52413321e+00
    1.05451846e+00 1.01001406e+00 -1.31019366e+00 -1.82731509e-01
    9.55159724e-01 -9.07767296e-01 3.17382216e-01 1.33019042e+00
    -1.42357230e+00 5.79587817e-01 1.49002683e+00 -1.34314573e+00
    7.86972582e-01 1.60336351e+00 -1.26332927e+00</data></hand_right>
</opencv_storage>
