<?xml version="1.0"?>
<opencv_storage>
<hand_right type_id="opencv-matrix">
  <rows>21</rows>
  <cols>3</cols>
  <dt>f</dt>
  <data>
    -8.29306646e-06 -7.67250094e-06 3.65273900e-06 5.91006160e-01
    -3.88128251e-01 7.07843542e-01 1.33842552e+00 -6.55926466e-01
    -2.45636255e-02 1.73409212e+00 -5.64209163e-01 -8.25854540e-01
    1.95795715e+00 -5.54921567e-01 -1.45095289e+00 5.91115654e-01
    -5.98468304e-01 -1.15024197e+00 1.03263640e+00 -4.26489234e-01
    -1.90940619e+00 1.48589230e+00 -2.09730446e-01 -2.03125954e+00
    1.81551981e+00 -4.82811332e-02 -2.08429646e+00 2.31981650e-01
    -8.14772621e-02 -1.29701829e+00 7.48607516e-01 1.83041856e-01
    -1.95301032e+00 1.14898896e+00 4.27076697e-01 -1.86832845e+00
    1.42922544e+00 5.56280375e-01 -1.73786724e+00 -4.01507691e-03
    3.92925620e-01 -1.18402815e+00 4.68742669e-01 7.04640985e-01
    -1.68421900e+00 8.38966668e-01 9.17781472e-01 -1.52414548e+00
    1.05435169e+00 1.01020753e+00 -1.31029797e+00 -1.82806715e-01
    9.55287397e-01 -9.07610893e-01 3.17270875e-01 1.33041489e+00
    -1.42338097e+00 5.79473257e-01 1.49023128e+00 -1.34293282e+00
    7.86856771e-01 1.60355711e+00 -1.26309800e+00</data></hand_right>
</opencv_storage>
