<?xml version="1.0"?>
<opencv_storage>
<hand_left type_id="opencv-matrix">
  <rows>21</rows>
  <cols>3</cols>
  <dt>f</dt>
  <data>
    -8.29786313e-06 -7.66890389e-06 3.65223696e-06 5.90591431e-01
    -3.88045520e-01 7.08252549e-01 1.33823133e+00 -6.56403184e-01
    -2.37438381e-02 1.73424411e+00 -5.65132380e-01 -8.24914813e-01
    1.95837367e+00 -5.56166410e-01 -1.44993722e+00 5.91382802e-01
    -5.99153876e-01 -1.14976585e+00 1.03331804e+00 -4.27613616e-01
    -1.90879273e+00 1.48673248e+00 -2.11035967e-01 -2.03047848e+00
    1.81645918e+00 -4.97010946e-02 -2.08336020e+00 2.32489079e-01
    -8.20920691e-02 -1.29690468e+00 7.49525070e-01 1.82004005e-01
    -1.95277250e+00 1.15000165e+00 4.25957739e-01 -1.86793685e+00
    1.43025327e+00 5.55134892e-01 -1.73730421e+00 -3.38810682e-03
    3.92444730e-01 -1.18420458e+00 4.69739079e-01 7.03810632e-01
    -1.68429720e+00 8.39992762e-01 9.16890144e-01 -1.52407432e+00
    1.05532217e+00 1.00932670e+00 -1.31006360e+00 -1.82095781e-01
    9.54992473e-01 -9.08090055e-01 3.18367541e-01 1.32974207e+00
    -1.42378914e+00 5.80615878e-01 1.48949838e+00 -1.34325862e+00
    7.88002849e-01 1.60277390e+00 -1.26331592e+00</data></hand_left>
</opencv_storage>
