<?xml version="1.0"?>
<opencv_storage>
<hand_left type_id="opencv-matrix">
  <rows>21</rows>
  <cols>3</cols>
  <dt>f</dt>
  <data>
    -8.29087639e-06 -7.67314850e-06 3.65604024e-06 5.91186047e-01
    -3.87850225e-01 7.07852364e-01 1.33856380e+00 -6.55677199e-01
    -2.45900750e-02 1.73410904e+00 -5.64081788e-01 -8.25953007e-01
    1.95788467e+00 -5.54904461e-01 -1.45107412e+00 5.91086626e-01
    -5.98601997e-01 -1.15019763e+00 1.03244841e+00 -4.26712632e-01
    -1.90948009e+00 1.48558676e+00 -2.09922016e-01 -2.03146076e+00
    1.81513107e+00 -4.84551787e-02 -2.08462095e+00 2.31824100e-01
    -8.17153305e-02 -1.29704392e+00 7.48311877e-01 1.82773143e-01
    -1.95314360e+00 1.14859354e+00 4.26883698e-01 -1.86852694e+00
    1.42875850e+00 5.56138635e-01 -1.73810804e+00 -4.25591692e-03
    3.92664999e-01 -1.18412352e+00 4.68368709e-01 7.04371750e-01
    -1.68444097e+00 8.38531494e-01 9.17605639e-01 -1.52443516e+00
    1.05388021e+00 1.01009202e+00 -1.31061816e+00 -1.83126882e-01
    9.55056369e-01 -9.07799780e-01 3.16799700e-01 1.33017087e+00
    -1.42369998e+00 5.78947663e-01 1.49004197e+00 -1.34330964e+00
    7.86285520e-01 1.60342157e+00 -1.26353884e+00</data></hand_left>
</opencv_storage>
