<?xml version="1.0"?>
<opencv_storage>
<hand_left type_id="opencv-matrix">
  <rows>21</rows>
  <cols>3</cols>
  <dt>f</dt>
  <data>
    -8.29276360e-06 -7.67009442e-06 3.65741425e-06 5.90956926e-01
    -3.87491137e-01 7.08212852e-01 1.33845377e+00 -6.55843019e-01
    -2.39194036e-02 1.73414350e+00 -5.64752460e-01 -8.25287700e-01
    1.95805085e+00 -5.55962086e-01 -1.45036972e+00 5.91288030e-01
    -5.99340916e-01 -1.14968729e+00 1.03283072e+00 -4.27965581e-01
    -1.90900552e+00 1.48613977e+00 -2.11248964e-01 -2.03119516e+00
    1.81587350e+00 -4.97558713e-02 -2.08451080e+00 2.32118905e-01
    -8.25114176e-02 -1.29691160e+00 7.48788476e-01 1.81506261e-01
    -1.95311034e+00 1.14920223e+00 4.25686300e-01 -1.86869192e+00
    1.42954206e+00 5.55096984e-01 -1.73839927e+00 -3.94107029e-03
    3.91953528e-01 -1.18434548e+00 4.68882531e-01 7.03320026e-01
    -1.68469810e+00 8.39081764e-01 9.16641772e-01 -1.52480567e+00
    1.05451059e+00 1.00931621e+00 -1.31103623e+00 -1.82827130e-01
    9.54505444e-01 -9.08403814e-01 3.17308724e-01 1.32928288e+00
    -1.42437780e+00 5.79510093e-01 1.48918796e+00 -1.34401512e+00
    7.86906123e-01 1.60261285e+00 -1.26418197e+00</data></hand_left>
</opencv_storage>
