<?xml version="1.0"?>
<opencv_storage>
<hand_left type_id="opencv-matrix">
  <rows>21</rows>
  <cols>3</cols>
  <dt>f</dt>
  <data>
    -8.29411601e-06 -7.67323036e-06 3.65601522e-06 5.91166973e-01
    -3.87927771e-01 7.07870603e-01 1.33849561e+00 -6.55900717e-01
    -2.46309042e-02 1.73398495e+00 -5.64316332e-01 -8.26033950e-01
    1.95777476e+00 -5.55197001e-01 -1.45122981e+00 5.90998352e-01
    -5.98715544e-01 -1.15022111e+00 1.03252113e+00 -4.26787496e-01
    -1.90937400e+00 1.48585773e+00 -2.09929943e-01 -2.03115034e+00
    1.81552708e+00 -4.84077930e-02 -2.08405733e+00 2.31809631e-01
    -8.17697942e-02 -1.29706895e+00 7.48482108e-01 1.82715148e-01
    -1.95309198e+00 1.14899909e+00 4.26867247e-01 -1.86820877e+00
    1.42934322e+00 5.56178331e-01 -1.73745656e+00 -4.19468433e-03
    3.92654866e-01 -1.18415022e+00 4.68601823e-01 7.04332769e-01
    -1.68438768e+00 8.38948667e-01 9.17564511e-01 -1.52416718e+00
    1.05444145e+00 1.01007891e+00 -1.31004584e+00 -1.82971701e-01
    9.55092311e-01 -9.07839060e-01 3.17117840e-01 1.33013439e+00
    -1.42371929e+00 5.79379380e-01 1.49000239e+00 -1.34328246e+00
    7.86809325e-01 1.60335350e+00 -1.26336825e+00</data></hand_left>
</opencv_storage>
