<?xml version="1.0"?>
<opencv_storage>
<hand_left type_id="opencv-matrix">
  <rows>21</rows>
  <cols>3</cols>
  <dt>f</dt>
  <data>
    -8.29655073e-06 -7.67142046e-06 3.66847689e-06 5.91297448e-01
    -3.87183905e-01 7.08253682e-01 1.33852732e+00 -6.55960619e-01
    -2.41149068e-02 1.73389161e+00 -5.65184951e-01 -8.25635910e-01
    1.95764339e+00 -5.56794286e-01 -1.45091987e+00 5.90877175e-01
    -5.99983633e-01 -1.14967179e+00 1.03238630e+00 -4.28786397e-01
    -1.90889788e+00 1.48556995e+00 -2.12080330e-01 -2.03045702e+00
    1.81500494e+00 -5.07414937e-02 -2.08317924e+00 2.31694713e-01
    -8.31545591e-02 -1.29705179e+00 7.48410940e-01 1.80710107e-01
    -1.95319843e+00 1.14881301e+00 4.24867749e-01 -1.86804974e+00
    1.42893243e+00 5.54153919e-01 -1.73695552e+00 -4.25223634e-03
    3.91416579e-01 -1.18458986e+00 4.68518019e-01 7.02555537e-01
    -1.68514860e+00 8.38871419e-01 9.15877402e-01 -1.52480710e+00
    1.05427051e+00 1.00848150e+00 -1.31041753e+00 -1.82929397e-01
    9.54207182e-01 -9.08850372e-01 3.17174643e-01 1.32858646e+00
    -1.42512894e+00 5.79394400e-01 1.48848128e+00 -1.34480512e+00
    7.86769986e-01 1.60187626e+00 -1.26500463e+00</data></hand_left>
</opencv_storage>
