<?xml version="1.0"?>
<opencv_storage>
<hand_left type_id="opencv-matrix">
  <rows>21</rows>
  <cols>3</cols>
  <dt>f</dt>
  <data>
    -8.29017790e-06 -7.67509482e-06 3.66263612e-06 5.91575980e-01
    -3.87539804e-01 7.07776725e-01 1.33874154e+00 -6.55458093e-01
    -2.49442756e-02 1.73394263e+00 -5.63981771e-01 -8.26506913e-01
    1.95749831e+00 -5.54959655e-01 -1.45180261e+00 5.90761185e-01
    -5.98885775e-01 -1.15028131e+00 1.03189182e+00 -4.27068919e-01
    -1.90968108e+00 1.48497152e+00 -2.10178882e-01 -2.03161812e+00
    1.81441879e+00 -4.86650467e-02 -2.08466911e+00 2.31359154e-01
    -8.20749402e-02 -1.29715979e+00 7.47645974e-01 1.82361096e-01
    -1.95345175e+00 1.14797306e+00 4.26581621e-01 -1.86874688e+00
    1.42815042e+00 5.55904150e-01 -1.73813915e+00 -4.73960117e-03
    3.92322838e-01 -1.18427444e+00 4.67689276e-01 7.03970075e-01
    -1.68484795e+00 8.37957799e-01 9.17316318e-01 -1.52483809e+00
    1.05342019e+00 1.00988936e+00 -1.31086981e+00 -1.83566123e-01
    9.54814911e-01 -9.08049703e-01 3.16172779e-01 1.32980466e+00
    -1.42427778e+00 5.78368902e-01 1.48975277e+00 -1.34399831e+00
    7.85750031e-01 1.60318995e+00 -1.26426136e+00</data></hand_left>
</opencv_storage>
