<?xml version="1.0"?>
<opencv_storage>
<hand_left type_id="opencv-matrix">
  <rows>21</rows>
  <cols>3</cols>
  <dt>f</dt>
  <data>
    -8.29277906e-06 -7.67329402e-06 3.67989287e-06 5.91886640e-01
    -3.86358500e-01 7.08255589e-01 1.33883619e+00 -6.55405760e-01
    -2.43485123e-02 1.73366880e+00 -5.65065384e-01 -8.26188326e-01
    1.95708179e+00 -5.57108045e-01 -1.45163643e+00 5.90547800e-01
    -6.00621581e-01 -1.14954531e+00 1.03161621e+00 -4.29772437e-01
    -1.90909028e+00 1.48466158e+00 -2.12919354e-01 -2.03091645e+00
    1.81400037e+00 -5.14581203e-02 -2.08382010e+00 2.31049076e-01
    -8.40584338e-02 -1.29714036e+00 7.47383356e-01 1.79585993e-01
    -1.95368683e+00 1.14775348e+00 4.24014568e-01 -1.86870182e+00
    1.42790866e+00 5.53543568e-01 -1.73760343e+00 -5.04700467e-03
    3.90500814e-01 -1.18491507e+00 4.67400551e-01 7.01502681e-01
    -1.68588626e+00 8.37771595e-01 9.15116191e-01 -1.52568543e+00
    1.05324721e+00 1.00796509e+00 -1.31121206e+00 -1.83818728e-01
    9.53444660e-01 -9.09516990e-01 3.15931141e-01 1.32764077e+00
    -1.42627954e+00 5.78128338e-01 1.48770905e+00 -1.34613049e+00
    7.85494268e-01 1.60124505e+00 -1.26641178e+00</data></hand_left>
</opencv_storage>
