<?xml version="1.0"?>
<opencv_storage>
<hand_right type_id="opencv-matrix">
  <rows>21</rows>
  <cols>3</cols>
  <dt>f</dt>
  <data>
    -8.29105738e-06 -7.67421989e-06 3.65908636e-06 5.91378689e-01
    -3.87621045e-01 7.07864463e-01 1.33865404e+00 -6.55579090e-01
    -2.46979147e-02 1.73400140e+00 -5.64103603e-01 -8.26200366e-01
    1.95766556e+00 -5.55071056e-01 -1.45140958e+00 5.90935111e-01
    -5.98874032e-01 -1.15018129e+00 1.03222919e+00 -4.27084267e-01
    -1.90953469e+00 1.48544943e+00 -2.10204273e-01 -2.03153777e+00
    1.81506789e+00 -4.86446917e-02 -2.08463883e+00 2.31598362e-01
    -8.20394605e-02 -1.29709506e+00 7.48027086e-01 1.82355940e-01
    -1.95334136e+00 1.14844143e+00 4.26584721e-01 -1.86872792e+00
    1.42872775e+00 5.55961251e-01 -1.73821378e+00 -4.49636579e-03
    3.92363369e-01 -1.18425560e+00 4.68101203e-01 7.04004169e-01
    -1.68469322e+00 8.38355184e-01 9.17334855e-01 -1.52468419e+00
    1.05379593e+00 1.00992358e+00 -1.31075740e+00 -1.83354139e-01
    9.54833090e-01 -9.08050716e-01 3.16528141e-01 1.32986259e+00
    -1.42413020e+00 5.78741789e-01 1.48979175e+00 -1.34377599e+00
    7.86118031e-01 1.60319602e+00 -1.26395023e+00</data></hand_right>
</opencv_storage>
