<?xml version="1.0"?>
<opencv_storage>
<hand_left type_id="opencv-matrix">
  <rows>21</rows>
  <cols>3</cols>
  <dt>f</dt>
  <data>
    -8.29270175e-06 -7.66932499e-06 3.66130712e-06 5.91016829e-01
    -3.87188613e-01 7.08345532e-01 1.33850074e+00 -6.55781150e-01
    -2.37260908e-02 1.73415208e+00 -5.64969659e-01 -8.25139463e-01
    1.95804822e+00 -5.56420207e-01 -1.45024002e+00 5.91289043e-01
    -5.99741876e-01 -1.14948750e+00 1.03280532e+00 -4.28607434e-01
    -1.90885484e+00 1.48606920e+00 -2.11911261e-01 -2.03106475e+00
    1.81574512e+00 -5.04435003e-02 -2.08440280e+00 2.32085302e-01
    -8.29841048e-02 -1.29689825e+00 7.48744130e-01 1.80837587e-01
    -1.95316339e+00 1.14912009e+00 4.25058991e-01 -1.86873770e+00
    1.42941582e+00 5.54505944e-01 -1.73840737e+00 -3.99312750e-03
    3.91512066e-01 -1.18449640e+00 4.68798459e-01 7.02719092e-01
    -1.68496621e+00 8.38994980e-01 9.16111529e-01 -1.52509642e+00
    1.05441809e+00 1.00886023e+00 -1.31130016e+00 -1.82892591e-01
    9.54165936e-01 -9.08758104e-01 3.17216039e-01 1.32875896e+00
    -1.42487824e+00 5.79399705e-01 1.48870206e+00 -1.34457755e+00
    7.86788523e-01 1.60216475e+00 -1.26479757e+00</data></hand_left>
</opencv_storage>
