<?xml version="1.0"?>
<opencv_storage>
<hand_left type_id="opencv-matrix">
  <rows>21</rows>
  <cols>3</cols>
  <dt>f</dt>
  <data>
    -8.29420242e-06 -7.67011079e-06 3.65910523e-06 5.90960741e-01
    -3.87422919e-01 7.08289742e-01 1.33847892e+00 -6.55898094e-01
    -2.38026530e-02 1.73419857e+00 -5.64898610e-01 -8.25142682e-01
    1.95814872e+00 -5.56204557e-01 -1.45025420e+00 5.91281295e-01
    -5.99537075e-01 -1.14961660e+00 1.03293931e+00 -4.28199828e-01
    -1.90882671e+00 1.48624992e+00 -2.11482733e-01 -2.03074932e+00
    1.81590545e+00 -5.00301123e-02 -2.08380699e+00 2.32139751e-01
    -8.27001482e-02 -1.29692483e+00 7.48916447e-01 1.81270480e-01
    -1.95304537e+00 1.14935637e+00 4.25446451e-01 -1.86837256e+00
    1.42963004e+00 5.54823637e-01 -1.73780417e+00 -3.88881564e-03
    3.91800970e-01 -1.18441260e+00 4.68982905e-01 7.03091323e-01
    -1.68478727e+00 8.39246511e-01 9.16416883e-01 -1.52474034e+00
    1.05467141e+00 1.00908208e+00 -1.31078875e+00 -1.82734445e-01
    9.54425573e-01 -9.08547699e-01 3.17447007e-01 1.32908523e+00
    -1.42458045e+00 5.79673052e-01 1.48899698e+00 -1.34423113e+00
    7.87074804e-01 1.60240984e+00 -1.26440084e+00</data></hand_left>
</opencv_storage>
