<?xml version="1.0"?>
<opencv_storage>
<hand_left type_id="opencv-matrix">
  <rows>21</rows>
  <cols>3</cols>
  <dt>f</dt>
  <data>
    -8.29303463e-06 -7.67171150e-06 3.66236964e-06 5.91199279e-01
    -3.87428105e-01 7.08145142e-01 1.33857954e+00 -6.55782998e-01
    -2.41806060e-02 1.73412621e+00 -5.64674020e-01 -8.25591385e-01
    1.95792818e+00 -5.55904031e-01 -1.45079803e+00 5.91039658e-01
    -5.99471867e-01 -1.14982581e+00 1.03253198e+00 -4.28031206e-01
    -1.90908325e+00 1.48569059e+00 -2.11307138e-01 -2.03083587e+00
    1.81516218e+00 -4.99113798e-02 -2.08372974e+00 2.31832519e-01
    -8.26237425e-02 -1.29703307e+00 7.48456717e-01 1.81447059e-01
    -1.95319998e+00 1.14880276e+00 4.25582886e-01 -1.86835420e+00
    1.42890215e+00 5.54846227e-01 -1.73761046e+00 -4.18259576e-03
    3.91877770e-01 -1.18441629e+00 4.68525052e-01 7.03214526e-01
    -1.68492877e+00 8.38771462e-01 9.16499496e-01 -1.52480805e+00
    1.05412412e+00 1.00906491e+00 -1.31077480e+00 -1.82967007e-01
    9.54522908e-01 -9.08466280e-01 3.17062914e-01 1.32918310e+00
    -1.42463732e+00 5.79260290e-01 1.48908019e+00 -1.34431374e+00
    7.86607921e-01 1.60246670e+00 -1.26454210e+00</data></hand_left>
</opencv_storage>
