<?xml version="1.0"?>
<opencv_storage>
<hand_left type_id="opencv-matrix">
  <rows>21</rows>
  <cols>3</cols>
  <dt>f</dt>
  <data>
    -8.28866814e-06 -7.63925345e-06 3.67815778e-06 5.89046359e-01
    -3.83430302e-01 7.11810112e-01 1.33819938e+00 -6.56155050e-01
    -1.68241411e-02 1.73611069e+00 -5.70069611e-01 -8.17743659e-01
    1.96118307e+00 -5.64761519e-01 -1.44208419e+00 5.93434393e-01
    -6.06776655e-01 -1.14463139e+00 1.03637135e+00 -4.40766692e-01
    -1.90475976e+00 1.48980534e+00 -2.25365639e-01 -2.02836776e+00
    1.81971192e+00 -6.44475818e-02 -2.08258605e+00 2.34782696e-01
    -9.07300040e-02 -1.29583752e+00 7.52192974e-01 1.68370530e-01
    -1.95359147e+00 1.15221047e+00 4.12631333e-01 -1.87186921e+00
    1.43166053e+00 5.42428851e-01 -1.74390745e+00 -1.37282535e-03
    3.84535521e-01 -1.18680203e+00 4.72096503e-01 6.92268133e-01
    -1.68892837e+00 8.41437280e-01 9.06197608e-01 -1.53121996e+00
    1.05566084e+00 9.99922514e-01 -1.31982100e+00 -1.80736348e-01
    9.48859632e-01 -9.14714992e-01 3.19897771e-01 1.32029545e+00
    -1.43277824e+00 5.81907332e-01 1.48055553e+00 -1.35330379e+00
    7.88719118e-01 1.59418881e+00 -1.27439237e+00</data></hand_left>
</opencv_storage>
