<?xml version="1.0"?>
<opencv_storage>
<hand_right type_id="opencv-matrix">
  <rows>21</rows>
  <cols>3</cols>
  <dt>f</dt>
  <data>
    -8.29265991e-06 -7.67188612e-06 3.65956089e-06 5.91196477e-01
    -3.87476236e-01 7.08056211e-01 1.33853364e+00 -6.55732274e-01
    -2.43059546e-02 1.73398411e+00 -5.64538896e-01 -8.25776756e-01
    1.95774972e+00 -5.55712700e-01 -1.45094883e+00 5.91061831e-01
    -5.99228740e-01 -1.14988399e+00 1.03246510e+00 -4.27707016e-01
    -1.90921581e+00 1.48576748e+00 -2.10892677e-01 -2.03133154e+00
    1.81547642e+00 -4.93452251e-02 -2.08456373e+00 2.31810376e-01
    -8.24135020e-02 -1.29698801e+00 7.48378754e-01 1.81746572e-01
    -1.95320892e+00 1.14884281e+00 4.25983667e-01 -1.86865592e+00
    1.42924094e+00 5.55429935e-01 -1.73818624e+00 -4.25479934e-03
    3.92029822e-01 -1.18433237e+00 4.68480378e-01 7.03493953e-01
    -1.68471348e+00 8.38756323e-01 9.16851044e-01 -1.52472770e+00
    1.05427659e+00 1.00953400e+00 -1.31078744e+00 -1.83105439e-01
    9.54563320e-01 -9.08315301e-01 3.16940486e-01 1.32940555e+00
    -1.42434132e+00 5.79168200e-01 1.48933363e+00 -1.34398818e+00
    7.86600411e-01 1.60276711e+00 -1.26412261e+00</data></hand_right>
</opencv_storage>
