<?xml version="1.0"?>
<opencv_storage>
<hand_left type_id="opencv-matrix">
  <rows>21</rows>
  <cols>3</cols>
  <dt>f</dt>
  <data>
    -8.29548389e-06 -7.67392248e-06 3.65595383e-06 5.91131866e-01
    -3.87846649e-01 7.07972050e-01 1.33850837e+00 -6.55913949e-01
    -2.44706124e-02 1.73402512e+00 -5.64404607e-01 -8.25883508e-01
    1.95785546e+00 -5.55358887e-01 -1.45107830e+00 5.91050267e-01
    -5.98919988e-01 -1.15011251e+00 1.03265905e+00 -4.27103698e-01
    -1.90925586e+00 1.48608553e+00 -2.10242361e-01 -2.03095269e+00
    1.81582665e+00 -4.86896038e-02 -2.08375311e+00 2.31885105e-01
    -8.19697902e-02 -1.29705536e+00 7.48607039e-01 1.82397157e-01
    -1.95311725e+00 1.14919901e+00 4.26575959e-01 -1.86825871e+00
    1.42961264e+00 5.55935621e-01 -1.73748934e+00 -4.10632417e-03
    3.92489702e-01 -1.18422294e+00 4.68764782e-01 7.04083323e-01
    -1.68446529e+00 8.39129686e-01 9.17334974e-01 -1.52422678e+00
    1.05462468e+00 1.00988412e+00 -1.31005073e+00 -1.82870731e-01
    9.54987526e-01 -9.08011138e-01 3.17308217e-01 1.32994628e+00
    -1.42391431e+00 5.79609752e-01 1.48982120e+00 -1.34344053e+00
    7.87054300e-01 1.60317230e+00 -1.26344061e+00</data></hand_left>
</opencv_storage>
