<?xml version="1.0"?>
<opencv_storage>
<hand_left type_id="opencv-matrix">
  <rows>21</rows>
  <cols>3</cols>
  <dt>f</dt>
  <data>
    -8.29359669e-06 -7.67186611e-06 3.66776567e-06 5.91349840e-01
    -3.87040883e-01 7.08248198e-01 1.33861637e+00 -6.55709982e-01
    -2.40825564e-02 1.73398650e+00 -5.64937830e-01 -8.25599551e-01
    1.95771468e+00 -5.56514025e-01 -1.45084524e+00 5.90922177e-01
    -5.99971652e-01 -1.14962268e+00 1.03232789e+00 -4.28823650e-01
    -1.90895057e+00 1.48545980e+00 -2.12096304e-01 -2.03071809e+00
    1.81489706e+00 -5.07082641e-02 -2.08361292e+00 2.31654882e-01
    -8.32194090e-02 -1.29702532e+00 7.48217821e-01 1.80612579e-01
    -1.95330656e+00 1.14856541e+00 4.24824625e-01 -1.86846101e+00
    1.42867219e+00 5.54169774e-01 -1.73766243e+00 -4.36950102e-03
    3.91316742e-01 -1.18460059e+00 4.68272626e-01 7.02463150e-01
    -1.68526483e+00 8.38562429e-01 9.15856123e-01 -1.52515686e+00
    1.05394673e+00 1.00853026e+00 -1.31102824e+00 -1.83139041e-01
    9.54083562e-01 -9.08901334e-01 3.16825420e-01 1.32851815e+00
    -1.42527366e+00 5.79023063e-01 1.48846853e+00 -1.34502661e+00
    7.86381125e-01 1.60190725e+00 -1.26531076e+00</data></hand_left>
</opencv_storage>
