<?xml version="1.0"?>
<opencv_storage>
<hand_right type_id="opencv-matrix">
  <rows>21</rows>
  <cols>3</cols>
  <dt>f</dt>
  <data>
    -8.29286546e-06 -7.67393885e-06 3.66825498e-06 5.91569543e-01
    -3.87127876e-01 7.08043635e-01 1.33871675e+00 -6.55565858e-01
    -2.45253891e-02 1.73387218e+00 -5.64574957e-01 -8.26151609e-01
    1.95745707e+00 -5.56017518e-01 -1.45146394e+00 5.90779364e-01
    -5.99619389e-01 -1.14991164e+00 1.03200960e+00 -4.28223133e-01
    -1.90930617e+00 1.48512387e+00 -2.11386740e-01 -2.03112292e+00
    1.81457329e+00 -4.99195457e-02 -2.08405972e+00 2.31402561e-01
    -8.28748569e-02 -1.29711974e+00 7.47826219e-01 1.81206286e-01
    -1.95343673e+00 1.14818144e+00 4.25475359e-01 -1.86856079e+00
    1.42835557e+00 5.54862618e-01 -1.73771286e+00 -4.66863811e-03
    3.91606122e-01 -1.18452883e+00 4.67878014e-01 7.02962160e-01
    -1.68517220e+00 8.38173687e-01 9.16380942e-01 -1.52501476e+00
    1.05359697e+00 1.00903571e+00 -1.31078911e+00 -1.83460489e-01
    9.54289317e-01 -9.08659101e-01 3.16391885e-01 1.32893205e+00
    -1.42500985e+00 5.78581929e-01 1.48889816e+00 -1.34472120e+00
    7.85941005e-01 1.60234761e+00 -1.26495039e+00</data></hand_right>
</opencv_storage>
