<?xml version="1.0"?>
<opencv_storage>
<hand_right type_id="opencv-matrix">
  <rows>21</rows>
  <cols>3</cols>
  <dt>f</dt>
  <data>
    -8.29600958e-06 -7.64126344e-06 3.68007022e-06 5.88978767e-01
    -3.83044600e-01 7.12219536e-01 1.33830667e+00 -6.56225920e-01
    -1.62601769e-02 1.73623884e+00 -5.70472717e-01 -8.17284048e-01
    1.96157193e+00 -5.65730095e-01 -1.44168901e+00 5.93875885e-01
    -6.07269943e-01 -1.14424741e+00 1.03717959e+00 -4.41439629e-01
    -1.90413845e+00 1.49088144e+00 -2.25890577e-01 -2.02741599e+00
    1.82100880e+00 -6.48468137e-02 -2.08139706e+00 2.35226169e-01
    -9.12825465e-02 -1.29578984e+00 7.53147542e-01 1.67749077e-01
    -1.95319462e+00 1.15333211e+00 4.12206024e-01 -1.87072718e+00
    1.43308091e+00 5.42220116e-01 -1.74194145e+00 -9.72475857e-04
    3.84034395e-01 -1.18701935e+00 4.72945303e-01 6.91704094e-01
    -1.68874466e+00 8.42402875e-01 9.05785859e-01 -1.53029990e+00
    1.05675149e+00 9.99619126e-01 -1.31794882e+00 -1.80395097e-01
    9.48506892e-01 -9.15269732e-01 3.20802689e-01 1.31974280e+00
    -1.43296039e+00 5.82818031e-01 1.48003411e+00 -1.35312080e+00
    7.89708197e-01 1.59371364e+00 -1.27371061e+00</data></hand_right>
</opencv_storage>
