<?xml version="1.0"?>
<opencv_storage>
<hand_right type_id="opencv-matrix">
  <rows>21</rows>
  <cols>3</cols>
  <dt>f</dt>
  <data>
    -8.29402961e-06 -7.67088932e-06 3.65043297e-06 5.90834320e-01
    -3.88371229e-01 7.07829595e-01 1.33828366e+00 -6.56167269e-01
    -2.45204717e-02 1.73407745e+00 -5.64385355e-01 -8.25726867e-01
    1.95800853e+00 -5.55011153e-01 -1.45077789e+00 5.91138065e-01
    -5.98343670e-01 -1.15027356e+00 1.03275824e+00 -4.26309943e-01
    -1.90936124e+00 1.48603225e+00 -2.09628433e-01 -2.03117514e+00
    1.81566119e+00 -4.82527614e-02 -2.08419538e+00 2.32116416e-01
    -8.12690109e-02 -1.29699206e+00 7.48841166e-01 1.83267862e-01
    -1.95288682e+00 1.14922190e+00 4.27197248e-01 -1.86816669e+00
    1.42941856e+00 5.56302428e-01 -1.73772907e+00 -3.81098315e-03
    3.93148094e-01 -1.18394244e+00 4.69027281e-01 7.04861879e-01
    -1.68404472e+00 8.39250624e-01 9.17896032e-01 -1.52395380e+00
    1.05460894e+00 1.01024127e+00 -1.31015944e+00 -1.82542831e-01
    9.55476403e-01 -9.07433331e-01 3.17615628e-01 1.33061337e+00
    -1.42309761e+00 5.79823911e-01 1.49036539e+00 -1.34263444e+00
    7.87205458e-01 1.60364175e+00 -1.26281834e+00</data></hand_right>
</opencv_storage>
