<?xml version="1.0"?>
<opencv_storage>
<hand_left type_id="opencv-matrix">
  <rows>21</rows>
  <cols>3</cols>
  <dt>f</dt>
  <data>
    -8.29087185e-06 -7.67223628e-06 3.65466531e-06 5.91072321e-01
    -3.87792885e-01 7.07950711e-01 1.33852565e+00 -6.55701339e-01
    -2.43704170e-02 1.73417139e+00 -5.64187407e-01 -8.25693965e-01
    1.95801473e+00 -5.55061579e-01 -1.45078182e+00 5.91186404e-01
    -5.98740876e-01 -1.15004790e+00 1.03263354e+00 -4.26957428e-01
    -1.90931284e+00 1.48585558e+00 -2.10172415e-01 -2.03138161e+00
    1.81548512e+00 -4.86703515e-02 -2.08458710e+00 2.31959760e-01
    -8.18673000e-02 -1.29698181e+00 7.48496771e-01 1.82497784e-01
    -1.95311916e+00 1.14885306e+00 4.26634252e-01 -1.86864734e+00
    1.42909229e+00 5.55947661e-01 -1.73835635e+00 -4.12015244e-03
    3.92526418e-01 -1.18415153e+00 4.68554199e-01 7.04149365e-01
    -1.68447864e+00 8.38743091e-01 9.17412221e-01 -1.52458167e+00
    1.05414605e+00 1.00997472e+00 -1.31088841e+00 -1.83013260e-01
    9.54938054e-01 -9.07912791e-01 3.16960245e-01 1.32999289e+00
    -1.42383862e+00 5.79150856e-01 1.48988819e+00 -1.34348917e+00
    7.86525249e-01 1.60328305e+00 -1.26372027e+00</data></hand_left>
</opencv_storage>
