<?xml version="1.0"?>
<opencv_storage>
<hand_right type_id="opencv-matrix">
  <rows>21</rows>
  <cols>3</cols>
  <dt>f</dt>
  <data>
    -8.29164037e-06 -7.67676283e-06 3.66266704e-06 5.91664672e-01
    -3.87657583e-01 7.07696497e-01 1.33878458e+00 -6.55465007e-01
    -2.51687169e-02 1.73389924e+00 -5.63835800e-01 -8.26777041e-01
    1.95740819e+00 -5.54702640e-01 -1.45212257e+00 5.90678811e-01
    -5.98745525e-01 -1.15045094e+00 1.03178322e+00 -4.26777780e-01
    -1.90982974e+00 1.48492193e+00 -2.09834248e-01 -2.03167987e+00
    1.81441593e+00 -4.82772887e-02 -2.08464813e+00 2.31267348e-01
    -8.18827823e-02 -1.29721677e+00 7.47531474e-01 1.82660550e-01
    -1.95350480e+00 1.14793611e+00 4.26889330e-01 -1.86873353e+00
    1.42821109e+00 5.56230545e-01 -1.73804748e+00 -4.80761752e-03
    3.92517686e-01 -1.18424737e+00 4.67620909e-01 7.04237044e-01
    -1.68478632e+00 8.37947965e-01 9.17569876e-01 -1.52472734e+00
    1.05350566e+00 1.01014268e+00 -1.31068301e+00 -1.83586359e-01
    9.54992592e-01 -9.07922983e-01 3.16171765e-01 1.33004189e+00
    -1.42413068e+00 5.78413963e-01 1.48998272e+00 -1.34384155e+00
    7.85851419e-01 1.60342181e+00 -1.26404214e+00</data></hand_right>
</opencv_storage>
