<?xml version="1.0"?>
<opencv_storage>
<hand_right type_id="opencv-matrix">
  <rows>21</rows>
  <cols>3</cols>
  <dt>f</dt>
  <data>
    -8.29082910e-06 -7.67661004e-06 3.66218046e-06 5.91665387e-01
    -3.87705386e-01 7.07643628e-01 1.33875930e+00 -6.55447841e-01
    -2.52447128e-02 1.73386049e+00 -5.63764691e-01 -8.26846838e-01
    1.95734358e+00 -5.54571271e-01 -1.45218706e+00 5.90650499e-01
    -5.98645806e-01 -1.15049314e+00 1.03171325e+00 -4.26634908e-01
    -1.90988982e+00 1.48484266e+00 -2.09685504e-01 -2.03179026e+00
    1.81433487e+00 -4.81228232e-02 -2.08479977e+00 2.31234178e-01
    -8.17828029e-02 -1.29721022e+00 7.47447014e-01 1.82793126e-01
    -1.95352566e+00 1.14784372e+00 4.27014530e-01 -1.86882949e+00
    1.42811847e+00 5.56349516e-01 -1.73822963e+00 -4.84505668e-03
    3.92601013e-01 -1.18420422e+00 4.67544079e-01 7.04353452e-01
    -1.68475401e+00 8.37859631e-01 9.17676330e-01 -1.52475333e+00
    1.05341554e+00 1.01024294e+00 -1.31078780e+00 -1.83630243e-01
    9.55041170e-01 -9.07833159e-01 3.16084385e-01 1.33013797e+00
    -1.42404115e+00 5.78323603e-01 1.49007404e+00 -1.34376585e+00
    7.85760462e-01 1.60351229e+00 -1.26399004e+00</data></hand_right>
</opencv_storage>
