<?xml version="1.0"?>
<opencv_storage>
<hand_right type_id="opencv-matrix">
  <rows>21</rows>
  <cols>3</cols>
  <dt>f</dt>
  <data>
    -8.29428518e-06 -7.67357051e-06 3.65008827e-06 5.91058552e-01
    -3.88484299e-01 7.07626462e-01 1.33837628e+00 -6.56062126e-01
    -2.50018090e-02 1.73393369e+00 -5.64019263e-01 -8.26327860e-01
    1.95773053e+00 -5.54491520e-01 -1.45148373e+00 5.90951264e-01
    -5.98034859e-01 -1.15057945e+00 1.03248119e+00 -4.25714612e-01
    -1.90966535e+00 1.48585653e+00 -2.08865434e-01 -2.03142095e+00
    1.81557655e+00 -4.73515987e-02 -2.08432913e+00 2.31843203e-01
    -8.09461027e-02 -1.29709411e+00 7.48506546e-01 1.83846295e-01
    -1.95300460e+00 1.14904094e+00 4.27873641e-01 -1.86815667e+00
    1.42940843e+00 5.57063162e-01 -1.73752582e+00 -4.10334021e-03
    3.93433124e-01 -1.18387890e+00 4.68713641e-01 7.05351233e-01
    -1.68393612e+00 8.39047611e-01 9.18421626e-01 -1.52371454e+00
    1.05453038e+00 1.01077461e+00 -1.30971205e+00 -1.82821557e-01
    9.55697238e-01 -9.07204986e-01 3.17298651e-01 1.33102345e+00
    -1.42284882e+00 5.79573572e-01 1.49080014e+00 -1.34232914e+00
    7.87011743e-01 1.60407209e+00 -1.26237833e+00</data></hand_right>
</opencv_storage>
