<?xml version="1.0"?>
<opencv_storage>
<hand_right type_id="opencv-matrix">
  <rows>21</rows>
  <cols>3</cols>
  <dt>f</dt>
  <data>
    -8.28964585e-06 -7.67411530e-06 3.65814503e-06 5.91400862e-01
    -3.87700856e-01 7.07758546e-01 1.33863497e+00 -6.55507803e-01
    -2.48598605e-02 1.73395395e+00 -5.63919783e-01 -8.26350152e-01
    1.95757163e+00 -5.54739118e-01 -1.45156050e+00 5.90857029e-01
    -5.98702192e-01 -1.15026712e+00 1.03204870e+00 -4.26836014e-01
    -1.90966558e+00 1.48526859e+00 -2.09940404e-01 -2.03180885e+00
    1.81490040e+00 -4.83512580e-02 -2.08502340e+00 2.31510401e-01
    -8.18653926e-02 -1.29708135e+00 7.47804999e-01 1.82573795e-01
    -1.95341730e+00 1.14823890e+00 4.26799029e-01 -1.86903298e+00
    1.42859054e+00 5.56192219e-01 -1.73874354e+00 -4.58790734e-03
    3.92510504e-01 -1.18417430e+00 4.67907429e-01 7.04195619e-01
    -1.68466723e+00 8.38172853e-01 9.17523324e-01 -1.52485383e+00
    1.05369461e+00 1.01014400e+00 -1.31114078e+00 -1.83446839e-01
    9.54918861e-01 -9.07882988e-01 3.16343188e-01 1.33002329e+00
    -1.42400134e+00 5.78583479e-01 1.48996258e+00 -1.34372830e+00
    7.86013722e-01 1.60339546e+00 -1.26395559e+00</data></hand_right>
</opencv_storage>
