<?xml version="1.0"?>
<opencv_storage>
<hand_right type_id="opencv-matrix">
  <rows>21</rows>
  <cols>3</cols>
  <dt>f</dt>
  <data>
    -8.29041619e-06 -7.67459278e-06 3.65531832e-06 5.91333151e-01
    -3.87957096e-01 7.07675874e-01 1.33858502e+00 -6.55618429e-01
    -2.49770284e-02 1.73395669e+00 -5.63826203e-01 -8.26411724e-01
    1.95762157e+00 -5.54516554e-01 -1.45159268e+00 5.90888619e-01
    -5.98384738e-01 -1.15041494e+00 1.03215611e+00 -4.26310033e-01
    -1.90971112e+00 1.48537457e+00 -2.09413558e-01 -2.03172588e+00
    1.81499493e+00 -4.78493869e-02 -2.08485079e+00 2.31581748e-01
    -8.14842060e-02 -1.29709733e+00 7.47971177e-01 1.83139294e-01
    -1.95326793e+00 1.14839077e+00 4.27305579e-01 -1.86869359e+00
    1.42869210e+00 5.56617498e-01 -1.73828053e+00 -4.49173152e-03
    3.92869353e-01 -1.18405664e+00 4.68065023e-01 7.04684019e-01
    -1.68440020e+00 8.38336527e-01 9.17936444e-01 -1.52443361e+00
    1.05381775e+00 1.01045346e+00 -1.31062376e+00 -1.83330193e-01
    9.55205560e-01 -9.07606363e-01 3.16513777e-01 1.33043754e+00
    -1.42356098e+00 5.78742743e-01 1.49033117e+00 -1.34320927e+00
    7.86150277e-01 1.60370922e+00 -1.26340854e+00</data></hand_right>
</opencv_storage>
