<?xml version="1.0"?>
<opencv_storage>
<hand_right type_id="opencv-matrix">
  <rows>21</rows>
  <cols>3</cols>
  <dt>f</dt>
  <data>
    -8.29384408e-06 -7.67262827e-06 3.65536562e-06 5.91096759e-01
    -3.87919903e-01 7.07911074e-01 1.33846915e+00 -6.55903459e-01
    -2.45168507e-02 1.73402739e+00 -5.64359069e-01 -8.25886607e-01
    1.95785177e+00 -5.55235028e-01 -1.45103860e+00 5.91053486e-01
    -5.98757565e-01 -1.15014923e+00 1.03256547e+00 -4.26909596e-01
    -1.90934169e+00 1.48587739e+00 -2.10106790e-01 -2.03121376e+00
    1.81555152e+00 -4.86088991e-02 -2.08423305e+00 2.31887802e-01
    -8.18113089e-02 -1.29703259e+00 7.48533964e-01 1.82597458e-01
    -1.95309103e+00 1.14900780e+00 4.26718414e-01 -1.86836386e+00
    1.42933917e+00 5.56019187e-01 -1.73778975e+00 -4.11452353e-03
    3.92617822e-01 -1.18414843e+00 4.68669713e-01 7.04246879e-01
    -1.68439996e+00 8.38970542e-01 9.17465091e-01 -1.52429700e+00
    1.05444336e+00 1.00998735e+00 -1.31032538e+00 -1.82899714e-01
    9.55055892e-01 -9.07864928e-01 3.17194581e-01 1.33006990e+00
    -1.42374074e+00 5.79443872e-01 1.48992634e+00 -1.34332275e+00
    7.86869466e-01 1.60328376e+00 -1.26344073e+00</data></hand_right>
</opencv_storage>
