<?xml version="1.0"?>
<opencv_storage>
<hand_right type_id="opencv-matrix">
  <rows>21</rows>
  <cols>3</cols>
  <dt>f</dt>
  <data>
    -8.29599594e-06 -7.66948688e-06 3.64978632e-06 5.90645373e-01
    -3.88305157e-01 7.08036125e-01 1.33823109e+00 -6.56330585e-01
    -2.41113007e-02 1.73420143e+00 -5.64741254e-01 -8.25264812e-01
    1.95827699e+00 -5.55524945e-01 -1.45027924e+00 5.91327906e-01
    -5.98626852e-01 -1.15004218e+00 1.03315043e+00 -4.26776707e-01
    -1.90906417e+00 1.48650336e+00 -2.10152358e-01 -2.03081775e+00
    1.81619000e+00 -4.88046706e-02 -2.08377981e+00 2.32391998e-01
    -8.15378129e-02 -1.29693782e+00 7.49312460e-01 1.82828397e-01
    -1.95276570e+00 1.14973211e+00 4.26746190e-01 -1.86797523e+00
    1.42994308e+00 5.55861592e-01 -1.73746121e+00 -3.50930542e-03
    3.92928898e-01 -1.18402553e+00 4.69496250e-01 7.04505920e-01
    -1.68407190e+00 8.39729846e-01 9.17539358e-01 -1.52390873e+00
    1.05506730e+00 1.00990677e+00 -1.31003702e+00 -1.82239726e-01
    9.55334485e-01 -9.07663345e-01 3.18092018e-01 1.33032441e+00
    -1.42328954e+00 5.80313683e-01 1.49006975e+00 -1.34278190e+00
    7.87698805e-01 1.60333645e+00 -1.26291263e+00</data></hand_right>
</opencv_storage>
