<?xml version="1.0"?>
<opencv_storage>
<hand_left type_id="opencv-matrix">
  <rows>21</rows>
  <cols>3</cols>
  <dt>f</dt>
  <data>
    -8.29528472e-06 -7.67135589e-06 3.66070140e-06 5.91077149e-01
    -3.87456864e-01 7.08243966e-01 1.33852851e+00 -6.55934393e-01
    -2.39842236e-02 1.73415017e+00 -5.64889908e-01 -8.25389028e-01
    1.95803988e+00 -5.56201041e-01 -1.45056605e+00 5.91157436e-01
    -5.99556088e-01 -1.14973855e+00 1.03279328e+00 -4.28168297e-01
    -1.90895295e+00 1.48608875e+00 -2.11440146e-01 -2.03071833e+00
    1.81570745e+00 -5.00068069e-02 -2.08361578e+00 2.32004464e-01
    -8.26826319e-02 -1.29700804e+00 7.48775959e-01 1.81329772e-01
    -1.95312858e+00 1.14922774e+00 4.25490141e-01 -1.86827433e+00
    1.42945623e+00 5.54821610e-01 -1.73750889e+00 -3.99366766e-03
    3.91841501e-01 -1.18444610e+00 4.68868554e-01 7.03144372e-01
    -1.68485665e+00 8.39161992e-01 9.16443765e-01 -1.52468157e+00
    1.05455768e+00 1.00904989e+00 -1.31057024e+00 -1.82777241e-01
    9.54505682e-01 -9.08548534e-01 3.17398518e-01 1.32914281e+00
    -1.42463434e+00 5.79634666e-01 1.48903644e+00 -1.34425271e+00
    7.87015438e-01 1.60241890e+00 -1.26439106e+00</data></hand_left>
</opencv_storage>
