<?xml version="1.0"?>
<opencv_storage>
<hand_right type_id="opencv-matrix">
  <rows>21</rows>
  <cols>3</cols>
  <dt>f</dt>
  <data>
    -8.29454984e-06 -7.67369511e-06 3.65195001e-06 5.91118753e-01
    -3.88403952e-01 7.07631052e-01 1.33837962e+00 -6.56065702e-01
    -2.50265747e-02 1.73387969e+00 -5.64110696e-01 -8.26369107e-01
    1.95765340e+00 -5.54672480e-01 -1.45154381e+00 5.90844154e-01
    -5.98195910e-01 -1.15054405e+00 1.03232777e+00 -4.25964653e-01
    -1.90964174e+00 1.48565531e+00 -2.09150225e-01 -2.03134918e+00
    1.81531477e+00 -4.76770103e-02 -2.08421755e+00 2.31740743e-01
    -8.11141804e-02 -1.29709935e+00 7.48367906e-01 1.83598101e-01
    -1.95303357e+00 1.14888513e+00 4.27607000e-01 -1.86814797e+00
    1.42921591e+00 5.56773186e-01 -1.73746896e+00 -4.17557731e-03
    3.93286526e-01 -1.18392026e+00 4.68590617e-01 7.05123842e-01
    -1.68405175e+00 8.38954747e-01 9.18195605e-01 -1.52383196e+00
    1.05445862e+00 1.01055586e+00 -1.30980086e+00 -1.82841986e-01
    9.55599606e-01 -9.07303035e-01 3.17246795e-01 1.33081794e+00
    -1.42303538e+00 5.79531193e-01 1.49059701e+00 -1.34256160e+00
    7.86981106e-01 1.60387325e+00 -1.26265323e+00</data></hand_right>
</opencv_storage>
