<?xml version="1.0"?>
<opencv_storage>
<hand_right type_id="opencv-matrix">
  <rows>21</rows>
  <cols>3</cols>
  <dt>f</dt>
  <data>
    -8.29463988e-06 -7.67213442e-06 3.65254073e-06 5.90964377e-01
    -3.88160259e-01 7.07891941e-01 1.33839524e+00 -6.56068206e-01
    -2.45056599e-02 1.73407149e+00 -5.64399481e-01 -8.25818360e-01
    1.95796120e+00 -5.55175424e-01 -1.45093369e+00 5.91130257e-01
    -5.98550320e-01 -1.15022624e+00 1.03274155e+00 -4.26592886e-01
    -1.90935338e+00 1.48607516e+00 -2.09832162e-01 -2.03115153e+00
    1.81576288e+00 -4.83771861e-02 -2.08411241e+00 2.32037157e-01
    -8.15273896e-02 -1.29703379e+00 7.48779356e-01 1.82967037e-01
    -1.95298171e+00 1.14923310e+00 4.27005708e-01 -1.86816883e+00
    1.42951417e+00 5.56219578e-01 -1.73756492e+00 -3.92905623e-03
    3.92902702e-01 -1.18406343e+00 4.68940228e-01 7.04594374e-01
    -1.68419838e+00 8.39209914e-01 9.17723060e-01 -1.52400589e+00
    1.05460930e+00 1.01014209e+00 -1.31001341e+00 -1.82688743e-01
    9.55296755e-01 -9.07667279e-01 3.17490906e-01 1.33038294e+00
    -1.42340684e+00 5.79723835e-01 1.49018633e+00 -1.34290564e+00
    7.87115932e-01 1.60348749e+00 -1.26299369e+00</data></hand_right>
</opencv_storage>
