<?xml version="1.0"?>
<opencv_storage>
<hand_right type_id="opencv-matrix">
  <rows>21</rows>
  <cols>3</cols>
  <dt>f</dt>
  <data>
    -8.29175497e-06 -7.67081838e-06 3.65587221e-06 5.91007769e-01
    -3.87710780e-01 7.08033621e-01 1.33843195e+00 -6.55829370e-01
    -2.42348611e-02 1.73406410e+00 -5.64504743e-01 -8.25595617e-01
    1.95790696e+00 -5.55518627e-01 -1.45067298e+00 5.91165185e-01
    -5.99000990e-01 -1.14991009e+00 1.03261971e+00 -4.27421629e-01
    -1.90922987e+00 1.48589420e+00 -2.10693955e-01 -2.03140473e+00
    1.81558990e+00 -4.92085516e-02 -2.08469725e+00 2.31990471e-01
    -8.21265429e-02 -1.29694569e+00 7.48559117e-01 1.82056129e-01
    -1.95314503e+00 1.14894819e+00 4.26181912e-01 -1.86876380e+00
    1.42924738e+00 5.55516839e-01 -1.73854542e+00 -4.05293703e-03
    3.92304897e-01 -1.18421757e+00 4.68690187e-01 7.03799725e-01
    -1.68455136e+00 8.38871360e-01 9.17049527e-01 -1.52468550e+00
    1.05426335e+00 1.00963140e+00 -1.31099415e+00 -1.82907805e-01
    9.54771042e-01 -9.08090055e-01 3.17149401e-01 1.32969654e+00
    -1.42402339e+00 5.79348266e-01 1.48956716e+00 -1.34364843e+00
    7.86725998e-01 1.60295177e+00 -1.26383197e+00</data></hand_right>
</opencv_storage>
