<?xml version="1.0"?>
<opencv_storage>
<hand_right type_id="opencv-matrix">
  <rows>21</rows>
  <cols>3</cols>
  <dt>f</dt>
  <data>
    -8.29282908e-06 -7.67217171e-06 3.65596452e-06 5.91084301e-01
    -3.87981772e-01 7.07893848e-01 1.33850443e+00 -6.55878782e-01
    -2.45132595e-02 1.73416102e+00 -5.64297438e-01 -8.25810909e-01
    1.95802474e+00 -5.55134356e-01 -1.45095992e+00 5.91091454e-01
    -5.98645329e-01 -1.15018404e+00 1.03257728e+00 -4.26744789e-01
    -1.90934956e+00 1.48570681e+00 -2.10015088e-01 -2.03112149e+00
    1.81516802e+00 -4.86379564e-02 -2.08409333e+00 2.31931806e-01
    -8.16851780e-02 -1.29704690e+00 7.48540521e-01 1.82781428e-01
    -1.95303857e+00 1.14883006e+00 4.26804185e-01 -1.86821175e+00
    1.42892694e+00 5.55953979e-01 -1.73760664e+00 -4.07047197e-03
    3.92735600e-01 -1.18410313e+00 4.68610108e-01 7.04380274e-01
    -1.68440604e+00 8.38838995e-01 9.17543113e-01 -1.52430034e+00
    1.05421293e+00 1.00997019e+00 -1.31038737e+00 -1.82856202e-01
    9.55163598e-01 -9.07759905e-01 3.17155391e-01 1.33017123e+00
    -1.42367291e+00 5.79334140e-01 1.49001169e+00 -1.34329200e+00
    7.86707938e-01 1.60337090e+00 -1.26354313e+00</data></hand_right>
</opencv_storage>
