<?xml version="1.0"?>
<opencv_storage>
<hand_left type_id="opencv-matrix">
  <rows>21</rows>
  <cols>3</cols>
  <dt>f</dt>
  <data>
    -8.29175769e-06 -7.67011170e-06 3.65903384e-06 5.91040730e-01
    -3.87413263e-01 7.08190620e-01 1.33851004e+00 -6.55751109e-01
    -2.39680111e-02 1.73416734e+00 -5.64681709e-01 -8.25330853e-01
    1.95803869e+00 -5.55900574e-01 -1.45043027e+00 5.91225505e-01
    -5.99380672e-01 -1.14969707e+00 1.03272045e+00 -4.27997112e-01
    -1.90901184e+00 1.48595452e+00 -2.11270094e-01 -2.03114152e+00
    1.81558752e+00 -4.97978628e-02 -2.08440232e+00 2.32018262e-01
    -8.25802460e-02 -1.29693007e+00 7.48634219e-01 1.81446001e-01
    -1.95314109e+00 1.14900637e+00 4.25632000e-01 -1.86867964e+00
    1.42926276e+00 5.55019200e-01 -1.73833585e+00 -4.05462831e-03
    3.91879261e-01 -1.18436611e+00 4.68684494e-01 7.03233838e-01
    -1.68480349e+00 8.38892877e-01 9.16576087e-01 -1.52492595e+00
    1.05431533e+00 1.00925589e+00 -1.31117821e+00 -1.82944417e-01
    9.54446316e-01 -9.08441067e-01 3.17097306e-01 1.32920074e+00
    -1.42450905e+00 5.79292655e-01 1.48912573e+00 -1.34421742e+00
    7.86678612e-01 1.60255921e+00 -1.26446390e+00</data></hand_left>
</opencv_storage>
