<?xml version="1.0"?>
<opencv_storage>
<hand_left type_id="opencv-matrix">
  <rows>21</rows>
  <cols>3</cols>
  <dt>f</dt>
  <data>
    -8.29772671e-06 -7.67144775e-06 3.66737822e-06 5.91248572e-01
    -3.87353301e-01 7.08228171e-01 1.33848786e+00 -6.56098306e-01
    -2.41679698e-02 1.73388767e+00 -5.65237999e-01 -8.25673699e-01
    1.95766020e+00 -5.56787670e-01 -1.45095468e+00 5.90878010e-01
    -5.99868298e-01 -1.14976251e+00 1.03243852e+00 -4.28588271e-01
    -1.90895092e+00 1.48563218e+00 -2.11913139e-01 -2.03042030e+00
    1.81507409e+00 -5.06095886e-02 -2.08307743e+00 2.31744468e-01
    -8.29717368e-02 -1.29707813e+00 7.48526096e-01 1.80957168e-01
    -1.95315456e+00 1.14892316e+00 4.25052911e-01 -1.86789131e+00
    1.42901206e+00 5.54271460e-01 -1.73671103e+00 -4.16186824e-03
    3.91610891e-01 -1.18455029e+00 4.68674392e-01 7.02792048e-01
    -1.68502843e+00 8.39012027e-01 9.16038513e-01 -1.52457941e+00
    1.05435944e+00 1.00855553e+00 -1.31011391e+00 -1.82794511e-01
    9.54389036e-01 -9.08725023e-01 3.17383140e-01 1.32880306e+00
    -1.42490923e+00 5.79595089e-01 1.48864698e+00 -1.34451425e+00
    7.86945701e-01 1.60199285e+00 -1.26466084e+00</data></hand_left>
</opencv_storage>
