<?xml version="1.0"?>
<opencv_storage>
<hand_right type_id="opencv-matrix">
  <rows>21</rows>
  <cols>3</cols>
  <dt>f</dt>
  <data>
    -8.29555029e-06 -7.66929043e-06 3.65775259e-06 5.90857863e-01
    -3.87561828e-01 7.08304226e-01 1.33840466e+00 -6.56070352e-01
    -2.37534493e-02 1.73420441e+00 -5.65057814e-01 -8.25055301e-01
    1.95821667e+00 -5.56351364e-01 -1.45014358e+00 5.91303766e-01
    -5.99502861e-01 -1.14962327e+00 1.03303528e+00 -4.28158373e-01
    -1.90878654e+00 1.48636270e+00 -2.11497843e-01 -2.03067327e+00
    1.81603158e+00 -5.00930548e-02 -2.08372092e+00 2.32238322e-01
    -8.26083347e-02 -1.29691684e+00 7.49104977e-01 1.81359187e-01
    -1.95295691e+00 1.14955032e+00 4.25470471e-01 -1.86821699e+00
    1.42981815e+00 5.54792225e-01 -1.73761475e+00 -3.73985618e-03
    3.91911685e-01 -1.18437588e+00 4.69202518e-01 7.03185916e-01
    -1.68468332e+00 8.39486778e-01 9.16453004e-01 -1.52459002e+00
    1.05491567e+00 1.00907159e+00 -1.31061113e+00 -1.82535201e-01
    9.54534590e-01 -9.08475518e-01 3.17731798e-01 1.32916951e+00
    -1.42443752e+00 5.79966307e-01 1.48904395e+00 -1.34405971e+00
    7.87380636e-01 1.60242701e+00 -1.26422107e+00</data></hand_right>
</opencv_storage>
