<?xml version="1.0"?>
<opencv_storage>
<hand_left type_id="opencv-matrix">
  <rows>21</rows>
  <cols>3</cols>
  <dt>f</dt>
  <data>
    -8.29544206e-06 -7.67019901e-06 3.65512824e-06 5.90822875e-01
    -3.87835562e-01 7.08190143e-01 1.33841181e+00 -6.56083345e-01
    -2.39200443e-02 1.73428059e+00 -5.64797044e-01 -8.25153351e-01
    1.95832539e+00 -5.55868387e-01 -1.45023274e+00 5.91353297e-01
    -5.99084496e-01 -1.14982438e+00 1.03310943e+00 -4.27470505e-01
    -1.90891027e+00 1.48638082e+00 -2.10803121e-01 -2.03066635e+00
    1.81598210e+00 -4.94301319e-02 -2.08362961e+00 2.32299641e-01
    -8.21275413e-02 -1.29694903e+00 7.49174237e-01 1.82072714e-01
    -1.95286739e+00 1.14955151e+00 4.26113844e-01 -1.86800957e+00
    1.42972708e+00 5.55334389e-01 -1.73735833e+00 -3.67776304e-03
    3.92356634e-01 -1.18423545e+00 4.69245881e-01 7.03799188e-01
    -1.68444884e+00 8.39495122e-01 9.16990161e-01 -1.52427936e+00
    1.05487013e+00 1.00949717e+00 -1.31029713e+00 -1.82478681e-01
    9.54887569e-01 -9.08127367e-01 3.17771673e-01 1.32969522e+00
    -1.42396796e+00 5.79975307e-01 1.48953414e+00 -1.34354460e+00
    7.87361920e-01 1.60288811e+00 -1.26372015e+00</data></hand_left>
</opencv_storage>
