<?xml version="1.0"?>
<opencv_storage>
<hand_right type_id="opencv-matrix">
  <rows>21</rows>
  <cols>3</cols>
  <dt>f</dt>
  <data>
    -8.29248347e-06 -7.67507117e-06 3.65277765e-06 5.91281056e-01
    -3.88320446e-01 7.07541585e-01 1.33849645e+00 -6.55822635e-01
    -2.52237320e-02 1.73388422e+00 -5.63774109e-01 -8.26618969e-01
    1.95756590e+00 -5.54267049e-01 -1.45182061e+00 5.90797424e-01
    -5.98059356e-01 -1.15064144e+00 1.03213739e+00 -4.25737202e-01
    -1.90981460e+00 1.48540854e+00 -2.08842933e-01 -2.03161645e+00
    1.81503630e+00 -4.73098457e-02 -2.08455920e+00 2.31580004e-01
    -8.10378343e-02 -1.29713500e+00 7.48044729e-01 1.83767051e-01
    -1.95316494e+00 1.14852679e+00 4.27842736e-01 -1.86839843e+00
    1.42885292e+00 5.57056785e-01 -1.73783016e+00 -4.40823659e-03
    3.93318266e-01 -1.18391156e+00 4.68211055e-01 7.05242395e-01
    -1.68412769e+00 8.38553369e-01 9.18378472e-01 -1.52401769e+00
    1.05407488e+00 1.01078153e+00 -1.31009436e+00 -1.83141053e-01
    9.55590844e-01 -9.07256424e-01 3.16785693e-01 1.33091438e+00
    -1.42307556e+00 5.79055786e-01 1.49074090e+00 -1.34266257e+00
    7.86500514e-01 1.60406077e+00 -1.26281047e+00</data></hand_right>
</opencv_storage>
