<?xml version="1.0"?>
<opencv_storage>
<hand_left type_id="opencv-matrix">
  <rows>21</rows>
  <cols>3</cols>
  <dt>f</dt>
  <data>
    -8.29237251e-06 -7.67657275e-06 3.66599534e-06 5.91696858e-01
    -3.87400746e-01 7.07842112e-01 1.33880591e+00 -6.55468583e-01
    -2.49688476e-02 1.73388124e+00 -5.64085007e-01 -8.26630890e-01
    1.95737278e+00 -5.55173457e-01 -1.45201373e+00 5.90678155e-01
    -5.99169016e-01 -1.15026605e+00 1.03183234e+00 -4.27427292e-01
    -1.90966606e+00 1.48499489e+00 -2.10489303e-01 -2.03141999e+00
    1.81448114e+00 -4.89394069e-02 -2.08426857e+00 2.31258854e-01
    -8.23489577e-02 -1.29721737e+00 7.47577906e-01 1.82003170e-01
    -1.95356023e+00 1.14800155e+00 4.26275194e-01 -1.86868775e+00
    1.42824304e+00 5.55646896e-01 -1.73784411e+00 -4.81534377e-03
    3.92100155e-01 -1.18441057e+00 4.67671633e-01 7.03669846e-01
    -1.68502247e+00 8.37987661e-01 9.17042375e-01 -1.52486587e+00
    1.05347192e+00 1.00964260e+00 -1.31066990e+00 -1.83588579e-01
    9.54693139e-01 -9.08284187e-01 3.16220999e-01 1.32956409e+00
    -1.42458701e+00 5.78457594e-01 1.48951507e+00 -1.34426844e+00
    7.85850227e-01 1.60294664e+00 -1.26441467e+00</data></hand_left>
</opencv_storage>
