<?xml version="1.0"?>
<opencv_storage>
<hand_left type_id="opencv-matrix">
  <rows>21</rows>
  <cols>3</cols>
  <dt>f</dt>
  <data>
    -8.29645523e-06 -7.66953508e-06 3.64933476e-06 5.90602517e-01
    -3.88256550e-01 7.08100200e-01 1.33823371e+00 -6.56342745e-01
    -2.39850432e-02 1.73424339e+00 -5.64808726e-01 -8.25135171e-01
    1.95835292e+00 -5.55638433e-01 -1.45013666e+00 5.91393948e-01
    -5.98715365e-01 -1.14996970e+00 1.03327334e+00 -4.26921427e-01
    -1.90899193e+00 1.48667455e+00 -2.10292190e-01 -2.03076482e+00
    1.81641507e+00 -4.89190817e-02 -2.08373046e+00 2.32466981e-01
    -8.16349909e-02 -1.29692483e+00 7.49447882e-01 1.82687461e-01
    -1.95275009e+00 1.14990485e+00 4.26633149e-01 -1.86796081e+00
    1.43015361e+00 5.55789232e-01 -1.73742235e+00 -3.44346836e-03
    3.92841816e-01 -1.18406188e+00 4.69630480e-01 7.04395771e-01
    -1.68408370e+00 8.39866102e-01 9.17449236e-01 -1.52389479e+00
    1.05519891e+00 1.00984251e+00 -1.30997944e+00 -1.82194144e-01
    9.55268979e-01 -9.07752037e-01 3.18199664e-01 1.33023775e+00
    -1.42335355e+00 5.80431879e-01 1.48998904e+00 -1.34281015e+00
    7.87816226e-01 1.60325444e+00 -1.26288736e+00</data></hand_left>
</opencv_storage>
