<?xml version="1.0"?>
<opencv_storage>
<hand_left type_id="opencv-matrix">
  <rows>21</rows>
  <cols>3</cols>
  <dt>f</dt>
  <data>
    -8.29440523e-06 -7.67294387e-06 3.65321512e-06 5.91048956e-01
    -3.88164222e-01 7.07818210e-01 1.33840191e+00 -6.56015038e-01
    -2.46757120e-02 1.73398972e+00 -5.64281821e-01 -8.26005101e-01
    1.95782065e+00 -5.55019736e-01 -1.45115089e+00 5.90990305e-01
    -5.98541737e-01 -1.15029097e+00 1.03254461e+00 -4.26548243e-01
    -1.90941501e+00 1.48587942e+00 -2.09765375e-01 -2.03116202e+00
    1.81554770e+00 -4.82966304e-02 -2.08404922e+00 2.31885910e-01
    -8.15166309e-02 -1.29704750e+00 7.48552799e-01 1.82986408e-01
    -1.95304608e+00 1.14904857e+00 4.27027643e-01 -1.86824703e+00
    1.42934370e+00 5.56233943e-01 -1.73763192e+00 -4.05947492e-03
    3.92913461e-01 -1.18404686e+00 4.68744218e-01 7.04601288e-01
    -1.68424177e+00 8.39054525e-01 9.17720795e-01 -1.52407801e+00
    1.05449259e+00 1.01013970e+00 -1.31010354e+00 -1.82777315e-01
    9.55308795e-01 -9.07625973e-01 3.17346334e-01 1.33038604e+00
    -1.42343163e+00 5.79613745e-01 1.49019063e+00 -1.34297383e+00
    7.87029505e-01 1.60348678e+00 -1.26306927e+00</data></hand_left>
</opencv_storage>
