<?xml version="1.0"?>
<opencv_storage>
<hand_left type_id="opencv-matrix">
  <rows>21</rows>
  <cols>3</cols>
  <dt>f</dt>
  <data>
    -8.29313376e-06 -7.67007168e-06 3.66227323e-06 5.91109574e-01
    -3.87251377e-01 7.08274126e-01 1.33850086e+00 -6.55841112e-01
    -2.39331573e-02 1.73404121e+00 -5.64966381e-01 -8.25400472e-01
    1.95785713e+00 -5.56390882e-01 -1.45055830e+00 5.91127813e-01
    -5.99741817e-01 -1.14961112e+00 1.03263783e+00 -4.28544939e-01
    -1.90895593e+00 1.48590899e+00 -2.11832762e-01 -2.03099251e+00
    1.81556153e+00 -5.03783524e-02 -2.08413839e+00 2.31930137e-01
    -8.29452798e-02 -1.29696107e+00 7.48601675e-01 1.80925936e-01
    -1.95321167e+00 1.14901650e+00 4.25129533e-01 -1.86858857e+00
    1.42926931e+00 5.54523587e-01 -1.73803997e+00 -4.10458073e-03
    3.91569912e-01 -1.18450582e+00 4.68708575e-01 7.02798843e-01
    -1.68497694e+00 8.38934541e-01 9.16141629e-01 -1.52494299e+00
    1.05430841e+00 1.00881076e+00 -1.31097174e+00 -1.82930991e-01
    9.54247475e-01 -9.08720374e-01 3.17188859e-01 1.32883167e+00
    -1.42485273e+00 5.79389036e-01 1.48874128e+00 -1.34449744e+00
    7.86740243e-01 1.60214245e+00 -1.26465845e+00</data></hand_left>
</opencv_storage>
