<?xml version="1.0"?>
<opencv_storage>
<hand_left type_id="opencv-matrix">
  <rows>21</rows>
  <cols>3</cols>
  <dt>f</dt>
  <data>
    -8.29940200e-06 -7.66885205e-06 3.65407323e-06 5.90622902e-01
    -3.87916207e-01 7.08330393e-01 1.33823562e+00 -6.56461358e-01
    -2.36641318e-02 1.73419213e+00 -5.65332472e-01 -8.24888349e-01
    1.95831466e+00 -5.56511462e-01 -1.44995999e+00 5.91346800e-01
    -5.99413991e-01 -1.14968121e+00 1.03334928e+00 -4.27976310e-01
    -1.90868616e+00 1.48685813e+00 -2.11363256e-01 -2.03028941e+00
    1.81664848e+00 -4.99910712e-02 -2.08306241e+00 2.32459575e-01
    -8.23649317e-02 -1.29691672e+00 7.49582410e-01 1.81638867e-01
    -1.95279026e+00 1.15017056e+00 4.25654173e-01 -1.86782956e+00
    1.43051314e+00 5.54902434e-01 -1.73700368e+00 -3.40095162e-03
    3.92207891e-01 -1.18430436e+00 4.69812393e-01 7.03493834e-01
    -1.68440795e+00 8.40145886e-01 9.16621089e-01 -1.52407694e+00
    1.05553210e+00 1.00911367e+00 -1.30987799e+00 -1.82081714e-01
    9.54829752e-01 -9.08304155e-01 3.18457901e-01 1.32947147e+00
    -1.42405283e+00 5.80750048e-01 1.48924875e+00 -1.34350574e+00
    7.88170576e-01 1.60252881e+00 -1.26348805e+00</data></hand_left>
</opencv_storage>
