<?xml version="1.0"?>
<opencv_storage>
<hand_left type_id="opencv-matrix">
  <rows>21</rows>
  <cols>3</cols>
  <dt>f</dt>
  <data>
    -8.29213241e-06 -7.67210895e-06 3.65705773e-06 5.91079414e-01
    -3.87552559e-01 7.08102942e-01 1.33855128e+00 -6.55709386e-01
    -2.41345316e-02 1.73418593e+00 -5.64436257e-01 -8.25492144e-01
    1.95805144e+00 -5.55515885e-01 -1.45059848e+00 5.91205895e-01
    -5.99148870e-01 -1.14984882e+00 1.03271985e+00 -4.27588403e-01
    -1.90912342e+00 1.48599291e+00 -2.10806131e-01 -2.03114700e+00
    1.81565380e+00 -4.92918789e-02 -2.08428502e+00 2.31983289e-01
    -8.23158845e-02 -1.29696882e+00 7.48587370e-01 1.81854472e-01
    -1.95315611e+00 1.14900434e+00 4.26048636e-01 -1.86864746e+00
    1.42928696e+00 5.55431902e-01 -1.73825562e+00 -4.09336016e-03
    3.92124891e-01 -1.18430102e+00 4.68646765e-01 7.03593969e-01
    -1.68469155e+00 8.38875771e-01 9.16919351e-01 -1.52475893e+00
    1.05429566e+00 1.00955796e+00 -1.31095576e+00 -1.82980940e-01
    9.54645514e-01 -9.08260047e-01 3.17057550e-01 1.32952452e+00
    -1.42428243e+00 5.79278946e-01 1.48944783e+00 -1.34394264e+00
    7.86668777e-01 1.60286379e+00 -1.26412928e+00</data></hand_left>
</opencv_storage>
