<?xml version="1.0"?>
<opencv_storage>
<hand_left type_id="opencv-matrix">
  <rows>21</rows>
  <cols>3</cols>
  <dt>f</dt>
  <data>
    -8.29521559e-06 -7.67273195e-06 3.66248833e-06 5.91229498e-01
    -3.87484133e-01 7.08110750e-01 1.33852530e+00 -6.55902922e-01
    -2.42905617e-02 1.73396146e+00 -5.64782023e-01 -8.25759530e-01
    1.95772934e+00 -5.56067467e-01 -1.45098364e+00 5.90945423e-01
    -5.99485636e-01 -1.14988315e+00 1.03245628e+00 -4.28024024e-01
    -1.90912306e+00 1.48572278e+00 -2.11266905e-01 -2.03080606e+00
    1.81529105e+00 -4.98358905e-02 -2.08361268e+00 2.31759965e-01
    -8.26045126e-02 -1.29705596e+00 7.48422027e-01 1.81472301e-01
    -1.95322108e+00 1.14887702e+00 4.25626040e-01 -1.86830580e+00
    1.42909527e+00 5.54933310e-01 -1.73746324e+00 -4.21524793e-03
    3.91911745e-01 -1.18442369e+00 4.68567401e-01 7.03258038e-01
    -1.68487096e+00 8.38876724e-01 9.16535139e-01 -1.52464342e+00
    1.05426240e+00 1.00909758e+00 -1.31044519e+00 -1.82942480e-01
    9.54564214e-01 -9.08458173e-01 3.17158401e-01 1.32922506e+00
    -1.42458534e+00 5.79399765e-01 1.48910308e+00 -1.34419227e+00
    7.86773145e-01 1.60246480e+00 -1.26431453e+00</data></hand_left>
</opencv_storage>
