<?xml version="1.0"?>
<opencv_storage>
<hand_left type_id="opencv-matrix">
  <rows>21</rows>
  <cols>3</cols>
  <dt>f</dt>
  <data>
    -8.29687451e-06 -7.67141046e-06 3.66749691e-06 5.91246903e-01
    -3.87109518e-01 7.08343029e-01 1.33853841e+00 -6.55961752e-01
    -2.39475816e-02 1.73396325e+00 -5.65265656e-01 -8.25466394e-01
    1.95776534e+00 -5.56941807e-01 -1.45073986e+00 5.90937674e-01
    -6.00151539e-01 -1.14956152e+00 1.03252017e+00 -4.29068387e-01
    -1.90879464e+00 1.48578477e+00 -2.12364882e-01 -2.03037405e+00
    1.81530046e+00 -5.09925783e-02 -2.08307481e+00 2.31773555e-01
    -8.33294019e-02 -1.29702866e+00 7.48526633e-01 1.80420801e-01
    -1.95322537e+00 1.14899528e+00 4.24607456e-01 -1.86817241e+00
    1.42918396e+00 5.53945124e-01 -1.73713613e+00 -4.17222083e-03
    3.91265661e-01 -1.18464494e+00 4.68653381e-01 7.02329516e-01
    -1.68522203e+00 8.39023709e-01 9.15679097e-01 -1.52492285e+00
    1.05443561e+00 1.00832796e+00 -1.31056273e+00 -1.82855174e-01
    9.54100430e-01 -9.08996642e-01 3.17309201e-01 1.32841790e+00
    -1.42530870e+00 5.79562724e-01 1.48833084e+00 -1.34497333e+00
    7.86952555e-01 1.60172677e+00 -1.26512909e+00</data></hand_left>
</opencv_storage>
