<?xml version="1.0"?>
<opencv_storage>
<hand_right type_id="opencv-matrix">
  <rows>21</rows>
  <cols>3</cols>
  <dt>f</dt>
  <data>
    -8.29403871e-06 -7.66963785e-06 3.66017366e-06 5.90958953e-01
    -3.87346923e-01 7.08336413e-01 1.33848727e+00 -6.55877590e-01
    -2.37301290e-02 1.73421693e+00 -5.64951122e-01 -8.25071990e-01
    1.95817113e+00 -5.56312919e-01 -1.45018315e+00 5.91303468e-01
    -5.99643588e-01 -1.14954937e+00 1.03295064e+00 -4.28384960e-01
    -1.90877414e+00 1.48621929e+00 -2.11695403e-01 -2.03069782e+00
    1.81583476e+00 -5.02709150e-02 -2.08377337e+00 2.32159913e-01
    -8.28221068e-02 -1.29691327e+00 7.48931527e-01 1.81085795e-01
    -1.95304120e+00 1.14932108e+00 4.25249457e-01 -1.86836445e+00
    1.42954290e+00 5.54608345e-01 -1.73780322e+00 -3.87126580e-03
    3.91688615e-01 -1.18444753e+00 4.68985438e-01 7.02926517e-01
    -1.68484986e+00 8.39219630e-01 9.16253209e-01 -1.52480876e+00
    1.05461657e+00 1.00891769e+00 -1.31086802e+00 -1.82719141e-01
    9.54340756e-01 -9.08638358e-01 3.17459047e-01 1.32893848e+00
    -1.42469859e+00 5.79663992e-01 1.48884892e+00 -1.34435987e+00
    7.87045717e-01 1.60226381e+00 -1.26455522e+00</data></hand_right>
</opencv_storage>
