<?xml version="1.0"?>
<opencv_storage>
<hand_right type_id="opencv-matrix">
  <rows>21</rows>
  <cols>3</cols>
  <dt>f</dt>
  <data>
    -8.28921384e-06 -7.67793063e-06 3.66534414e-06 5.91926277e-01
    -3.87601346e-01 7.07515121e-01 1.33886409e+00 -6.55292392e-01
    -2.55817622e-02 1.73371625e+00 -5.63574314e-01 -8.27312291e-01
    1.95702755e+00 -5.54415643e-01 -1.45272374e+00 5.90466321e-01
    -5.98583102e-01 -1.15065944e+00 1.03136277e+00 -4.26482171e-01
    -1.91012466e+00 1.48440647e+00 -2.09453136e-01 -2.03199267e+00
    1.81381130e+00 -4.78683114e-02 -2.08494830e+00 2.30925366e-01
    -8.17723423e-02 -1.29730356e+00 7.47020364e-01 1.82925582e-01
    -1.95366848e+00 1.14736485e+00 4.27202404e-01 -1.86882055e+00
    1.42755175e+00 5.56530714e-01 -1.73805559e+00 -5.19937277e-03
    3.92582744e-01 -1.18423939e+00 4.67082500e-01 7.04432607e-01
    -1.68485141e+00 8.37377191e-01 9.17786896e-01 -1.52473128e+00
    1.05285752e+00 1.01030862e+00 -1.31060481e+00 -1.84000954e-01
    9.55018222e-01 -9.07828569e-01 3.15570563e-01 1.33018851e+00
    -1.42411530e+00 5.77769279e-01 1.49014521e+00 -1.34382081e+00
    7.85135627e-01 1.60356736e+00 -1.26403713e+00</data></hand_right>
</opencv_storage>
