<?xml version="1.0"?>
<opencv_storage>
<hand_right type_id="opencv-matrix">
  <rows>21</rows>
  <cols>3</cols>
  <dt>f</dt>
  <data>
    -8.29562578e-06 -7.67234360e-06 3.65005462e-06 5.90912044e-01
    -3.88391376e-01 7.07812428e-01 1.33834541e+00 -6.56179428e-01
    -2.46330351e-02 1.73404860e+00 -5.64330459e-01 -8.25918138e-01
    1.95795357e+00 -5.54947495e-01 -1.45104063e+00 5.91107190e-01
    -5.98320723e-01 -1.15036738e+00 1.03279126e+00 -4.26191807e-01
    -1.90942502e+00 1.48621070e+00 -2.09405422e-01 -2.03113198e+00
    1.81596029e+00 -4.79256809e-02 -2.08399534e+00 2.32062966e-01
    -8.12276080e-02 -1.29705215e+00 7.48867691e-01 1.83393970e-01
    -1.95293438e+00 1.14941025e+00 4.27409112e-01 -1.86805439e+00
    1.42976165e+00 5.56602061e-01 -1.73738313e+00 -3.86701897e-03
    3.93197924e-01 -1.18397176e+00 4.69078600e-01 7.04984665e-01
    -1.68400812e+00 8.39393318e-01 9.18055892e-01 -1.52373981e+00
    1.05482066e+00 1.01042056e+00 -1.30968511e+00 -1.82589099e-01
    9.55540061e-01 -9.07440960e-01 3.17663133e-01 1.33072996e+00
    -1.42307270e+00 5.79935908e-01 1.49050140e+00 -1.34251523e+00
    7.87354410e-01 1.60376310e+00 -1.26252282e+00</data></hand_right>
</opencv_storage>
