<?xml version="1.0"?>
<opencv_storage>
<hand_left type_id="opencv-matrix">
  <rows>21</rows>
  <cols>3</cols>
  <dt>f</dt>
  <data>
    -8.29371038e-06 -7.67375423e-06 3.65465576e-06 5.91194868e-01
    -3.88297647e-01 7.07641244e-01 1.33842540e+00 -6.55984819e-01
    -2.50469595e-02 1.73388457e+00 -5.64084351e-01 -8.26404035e-01
    1.95761204e+00 -5.54702044e-01 -1.45160687e+00 5.90809464e-01
    -5.98289371e-01 -1.15052366e+00 1.03222513e+00 -4.26104009e-01
    -1.90964425e+00 1.48544288e+00 -2.09310442e-01 -2.03128958e+00
    1.81497431e+00 -4.78913188e-02 -2.08411074e+00 2.31671110e-01
    -8.12345073e-02 -1.29711747e+00 7.48227596e-01 1.83443695e-01
    -1.95308292e+00 1.14864361e+00 4.27431583e-01 -1.86814201e+00
    1.42883587e+00 5.56540012e-01 -1.73742247e+00 -4.25700843e-03
    3.93170655e-01 -1.18396366e+00 4.68419373e-01 7.04967558e-01
    -1.68418598e+00 8.38729084e-01 9.18035448e-01 -1.52395892e+00
    1.05415893e+00 1.01036692e+00 -1.30993927e+00 -1.82924941e-01
    9.55516696e-01 -9.07387555e-01 3.17080826e-01 1.33067393e+00
    -1.42320919e+00 5.79319179e-01 1.49045253e+00 -1.34277189e+00
    7.86719501e-01 1.60373557e+00 -1.26293397e+00</data></hand_left>
</opencv_storage>
