<?xml version="1.0"?>
<opencv_storage>
<hand_left type_id="opencv-matrix">
  <rows>21</rows>
  <cols>3</cols>
  <dt>f</dt>
  <data>
    -8.29360306e-06 -7.67026449e-06 3.65465394e-06 5.90883613e-01
    -3.87805760e-01 7.08101988e-01 1.33837199e+00 -6.56005144e-01
    -2.40882486e-02 1.73410821e+00 -5.64695477e-01 -8.25400412e-01
    1.95803857e+00 -5.55723548e-01 -1.45047116e+00 5.91243982e-01
    -5.99036872e-01 -1.14986849e+00 1.03285360e+00 -4.27458167e-01
    -1.90909719e+00 1.48618722e+00 -2.10757703e-01 -2.03113174e+00
    1.81591082e+00 -4.93009984e-02 -2.08430243e+00 2.32147768e-01
    -8.21114406e-02 -1.29693675e+00 7.48878360e-01 1.82062522e-01
    -1.95302618e+00 1.14930928e+00 4.26155090e-01 -1.86847544e+00
    1.42961526e+00 5.55460274e-01 -1.73809612e+00 -3.85407731e-03
    3.92348260e-01 -1.18421555e+00 4.69024897e-01 7.03820348e-01
    -1.68446159e+00 8.39238524e-01 9.17031050e-01 -1.52445829e+00
    1.05462337e+00 1.00957918e+00 -1.31062889e+00 -1.82676062e-01
    9.54835892e-01 -9.08092439e-01 3.17516148e-01 1.32972074e+00
    -1.42394137e+00 5.79731882e-01 1.48956466e+00 -1.34350669e+00
    7.87116766e-01 1.60292077e+00 -1.26362991e+00</data></hand_left>
</opencv_storage>
