<?xml version="1.0"?>
<opencv_storage>
<hand_right type_id="opencv-matrix">
  <rows>21</rows>
  <cols>3</cols>
  <dt>f</dt>
  <data>
    -8.29566852e-06 -7.67255187e-06 3.65419464e-06 5.90988398e-01
    -3.88162374e-01 7.07889974e-01 1.33837342e+00 -6.56130433e-01
    -2.45273411e-02 1.73402286e+00 -5.64493120e-01 -8.25827062e-01
    1.95789444e+00 -5.55282116e-01 -1.45096755e+00 5.91015756e-01
    -5.98683834e-01 -1.15022373e+00 1.03265166e+00 -4.26767498e-01
    -1.90930486e+00 1.48596931e+00 -2.10043848e-01 -2.03088999e+00
    1.81558323e+00 -4.86456752e-02 -2.08364820e+00 2.31962994e-01
    -8.16304535e-02 -1.29704654e+00 7.48711109e-01 1.82810917e-01
    -1.95298827e+00 1.14916837e+00 4.26803261e-01 -1.86806214e+00
    1.42939639e+00 5.55954576e-01 -1.73731709e+00 -3.94720584e-03
    3.92834514e-01 -1.18408740e+00 4.68930364e-01 7.04460382e-01
    -1.68425870e+00 8.39210331e-01 9.17538881e-01 -1.52398467e+00
    1.05456340e+00 1.00990295e+00 -1.30989146e+00 -1.82628199e-01
    9.55278635e-01 -9.07715499e-01 3.17574710e-01 1.33027279e+00
    -1.42349172e+00 5.79820395e-01 1.49004304e+00 -1.34297979e+00
    7.87196159e-01 1.60331213e+00 -1.26304734e+00</data></hand_right>
</opencv_storage>
