<?xml version="1.0"?>
<opencv_storage>
<hand_left type_id="opencv-matrix">
  <rows>21</rows>
  <cols>3</cols>
  <dt>f</dt>
  <data>
    -8.29376404e-06 -7.66999619e-06 3.65080996e-06 5.90720296e-01
    -3.88202608e-01 7.08007634e-01 1.33830142e+00 -6.56132817e-01
    -2.41488367e-02 1.73424888e+00 -5.64536750e-01 -8.25296998e-01
    1.95828676e+00 -5.55302858e-01 -1.45028913e+00 5.91342211e-01
    -5.98575354e-01 -1.15003836e+00 1.03302610e+00 -4.26737845e-01
    -1.90914321e+00 1.48623586e+00 -2.10127532e-01 -2.03101373e+00
    1.81581950e+00 -4.88017797e-02 -2.08411717e+00 2.32331559e-01
    -8.15427378e-02 -1.29693353e+00 7.49108851e-01 1.82836831e-01
    -1.95282209e+00 1.14938581e+00 4.26752806e-01 -1.86816216e+00
    1.42947996e+00 5.55848002e-01 -1.73781276e+00 -3.62668931e-03
    3.92890811e-01 -1.18402374e+00 4.69232976e-01 7.04489708e-01
    -1.68415046e+00 8.39375794e-01 9.17547882e-01 -1.52411544e+00
    1.05465257e+00 1.00992095e+00 -1.31040812e+00 -1.82419136e-01
    9.55274522e-01 -9.07661915e-01 3.17773402e-01 1.33029854e+00
    -1.42334247e+00 5.79932749e-01 1.49006212e+00 -1.34289241e+00
    7.87272096e-01 1.60336161e+00 -1.26312757e+00</data></hand_left>
</opencv_storage>
