<?xml version="1.0"?>
<opencv_storage>
<hand_left type_id="opencv-matrix">
  <rows>21</rows>
  <cols>3</cols>
  <dt>f</dt>
  <data>
    -8.29471446e-06 -7.67032088e-06 3.65220922e-06 5.90752602e-01
    -3.87973487e-01 7.08130836e-01 1.33835006e+00 -6.56102598e-01
    -2.39716172e-02 1.73425519e+00 -5.64696074e-01 -8.25180292e-01
    1.95829868e+00 -5.55647612e-01 -1.45020378e+00 5.91370344e-01
    -5.98898828e-01 -1.14988232e+00 1.03311551e+00 -4.27225113e-01
    -1.90899980e+00 1.48643541e+00 -2.10563004e-01 -2.03087974e+00
    1.81611943e+00 -4.91624177e-02 -2.08394170e+00 2.32336625e-01
    -8.19166824e-02 -1.29692507e+00 7.49173760e-01 1.82322800e-01
    -1.95287812e+00 1.14956772e+00 4.26343858e-01 -1.86821485e+00
    1.42979109e+00 5.55567622e-01 -1.73777819e+00 -3.64082679e-03
    3.92546922e-01 -1.18415618e+00 4.69294488e-01 7.04048634e-01
    -1.68431854e+00 8.39500189e-01 9.17200685e-01 -1.52425098e+00
    1.05484653e+00 1.00968611e+00 -1.31041873e+00 -1.82453841e-01
    9.55013037e-01 -9.07965183e-01 3.17801952e-01 1.32992911e+00
    -1.42372155e+00 5.80008388e-01 1.48974419e+00 -1.34326553e+00
    7.87385046e-01 1.60307777e+00 -1.26341605e+00</data></hand_left>
</opencv_storage>
