<?xml version="1.0"?>
<opencv_storage>
<hand_left type_id="opencv-matrix">
  <rows>21</rows>
  <cols>3</cols>
  <dt>f</dt>
  <data>
    -8.29145938e-06 -7.67545043e-06 3.66246218e-06 5.91576934e-01
    -3.87563765e-01 7.07772613e-01 1.33869541e+00 -6.55538440e-01
    -2.49829143e-02 1.73384166e+00 -5.64049959e-01 -8.26571107e-01
    1.95737743e+00 -5.55033207e-01 -1.45188928e+00 5.90684354e-01
    -5.98963737e-01 -1.15029240e+00 1.03188169e+00 -4.27141249e-01
    -1.90964818e+00 1.48510170e+00 -2.10207015e-01 -2.03150582e+00
    1.81466591e+00 -4.86342907e-02 -2.08443260e+00 2.31313363e-01
    -8.21273699e-02 -1.29716122e+00 7.47656822e-01 1.82280630e-01
    -1.95347190e+00 1.14814043e+00 4.26537663e-01 -1.86872470e+00
    1.42845285e+00 5.55918455e-01 -1.73802054e+00 -4.74765524e-03
    3.92292976e-01 -1.18429196e+00 4.67767835e-01 7.03917086e-01
    -1.68483889e+00 8.38117003e-01 9.17263269e-01 -1.52476287e+00
    1.05363727e+00 1.00986314e+00 -1.31069398e+00 -1.83526337e-01
    9.54805195e-01 -9.08082545e-01 3.16286385e-01 1.32977295e+00
    -1.42430139e+00 5.78549504e-01 1.48971415e+00 -1.34399784e+00
    7.85969675e-01 1.60312617e+00 -1.26416194e+00</data></hand_left>
</opencv_storage>
