<?xml version="1.0"?>
<opencv_storage>
<hand_left type_id="opencv-matrix">
  <rows>21</rows>
  <cols>3</cols>
  <dt>f</dt>
  <data>
    -8.29323380e-06 -7.66941957e-06 3.65792880e-06 5.90892851e-01
    -3.87469828e-01 7.08288908e-01 1.33845091e+00 -6.55890226e-01
    -2.37510651e-02 1.73424625e+00 -5.64870417e-01 -8.25048089e-01
    1.95821786e+00 -5.56120157e-01 -1.45011222e+00 5.91331959e-01
    -5.99470913e-01 -1.14959741e+00 1.03296435e+00 -4.28154469e-01
    -1.90884602e+00 1.48622584e+00 -2.11489618e-01 -2.03087330e+00
    1.81586194e+00 -5.00689745e-02 -2.08405256e+00 2.32206926e-01
    -8.26291963e-02 -1.29689717e+00 7.48946071e-01 1.81324527e-01
    -1.95303392e+00 1.14931738e+00 4.25455928e-01 -1.86850393e+00
    1.42953873e+00 5.54794669e-01 -1.73811197e+00 -3.82703170e-03
    3.91862303e-01 -1.18437421e+00 4.69014049e-01 7.03149736e-01
    -1.68475676e+00 8.39215636e-01 9.16445732e-01 -1.52481759e+00
    1.05459309e+00 1.00908828e+00 -1.31102908e+00 -1.82689995e-01
    9.54459548e-01 -9.08486068e-01 3.17469299e-01 1.32914114e+00
    -1.42449725e+00 5.79666555e-01 1.48903728e+00 -1.34416294e+00
    7.87044227e-01 1.60244310e+00 -1.26438355e+00</data></hand_left>
</opencv_storage>
