<?xml version="1.0"?>
<opencv_storage>
<hand_left type_id="opencv-matrix">
  <rows>21</rows>
  <cols>3</cols>
  <dt>f</dt>
  <data>
    -8.29078817e-06 -7.67356687e-06 3.66218501e-06 5.91400623e-01
    -3.87448817e-01 7.07931578e-01 1.33865714e+00 -6.55545533e-01
    -2.45725513e-02 1.73399353e+00 -5.64248800e-01 -8.26069951e-01
    1.95765150e+00 -5.55357099e-01 -1.45127475e+00 5.90937614e-01
    -5.99082470e-01 -1.15005326e+00 1.03218663e+00 -4.27442968e-01
    -1.90942943e+00 1.48529148e+00 -2.10618883e-01 -2.03140235e+00
    1.81478286e+00 -4.91367877e-02 -2.08452249e+00 2.31586844e-01
    -8.22937265e-02 -1.29707479e+00 7.47993946e-01 1.82001427e-01
    -1.95331454e+00 1.14828646e+00 4.26209688e-01 -1.86864853e+00
    1.42845237e+00 5.55549383e-01 -1.73809397e+00 -4.51640785e-03
    3.92120332e-01 -1.18432331e+00 4.68032271e-01 7.03672528e-01
    -1.68481767e+00 8.38231683e-01 9.17017698e-01 -1.52479172e+00
    1.05360508e+00 1.00960207e+00 -1.31083214e+00 -1.83381200e-01
    9.54640090e-01 -9.08224463e-01 3.16466331e-01 1.32955456e+00
    -1.42435205e+00 5.78618467e-01 1.48948216e+00 -1.34402430e+00
    7.85954058e-01 1.60290873e+00 -1.26426983e+00</data></hand_left>
</opencv_storage>
