<?xml version="1.0"?>
<opencv_storage>
<hand_right type_id="opencv-matrix">
  <rows>21</rows>
  <cols>3</cols>
  <dt>f</dt>
  <data>
    -8.29602232e-06 -7.67316851e-06 3.67504504e-06 5.91724157e-01
    -3.86778116e-01 7.08172202e-01 1.33869827e+00 -6.55712247e-01
    -2.44737566e-02 1.73360801e+00 -5.65121531e-01 -8.26268911e-01
    1.95710230e+00 -5.56941390e-01 -1.45171833e+00 5.90550423e-01
    -6.00288689e-01 -1.14972818e+00 1.03179944e+00 -4.29188609e-01
    -1.90912318e+00 1.48505378e+00 -2.12302804e-01 -2.03083849e+00
    1.81457603e+00 -5.07943332e-02 -2.08363605e+00 2.31182963e-01
    -8.35857913e-02 -1.29714680e+00 7.47720718e-01 1.80238321e-01
    -1.95351934e+00 1.14829516e+00 4.24627662e-01 -1.86837780e+00
    1.42867446e+00 5.54160476e-01 -1.73712778e+00 -4.82376665e-03
    3.90980959e-01 -1.18476355e+00 4.67835307e-01 7.02106237e-01
    -1.68549311e+00 8.38345706e-01 9.15630579e-01 -1.52514100e+00
    1.05397594e+00 1.00843692e+00 -1.31051147e+00 -1.83505476e-01
    9.53845382e-01 -9.09166873e-01 3.16464245e-01 1.32816494e+00
    -1.42568791e+00 5.78760326e-01 1.48817205e+00 -1.34543574e+00
    7.86235273e-01 1.60165274e+00 -1.26555717e+00</data></hand_right>
</opencv_storage>
