<?xml version="1.0"?>
<opencv_storage>
<hand_left type_id="opencv-matrix">
  <rows>21</rows>
  <cols>3</cols>
  <dt>f</dt>
  <data>
    -8.29731107e-06 -7.66791891e-06 3.65312667e-06 5.90576887e-01
    -3.87917608e-01 7.08323121e-01 1.33823538e+00 -6.56382561e-01
    -2.36133039e-02 1.73426485e+00 -5.65241575e-01 -8.24793339e-01
    1.95841014e+00 -5.56395411e-01 -1.44980168e+00 5.91440618e-01
    -5.99289536e-01 -1.14965522e+00 1.03336906e+00 -4.27857131e-01
    -1.90871048e+00 1.48675919e+00 -2.11293817e-01 -2.03050256e+00
    1.81647968e+00 -4.99651432e-02 -2.08348918e+00 2.32530370e-01
    -8.22708756e-02 -1.29688120e+00 7.49577999e-01 1.81745574e-01
    -1.95276105e+00 1.15002215e+00 4.25721228e-01 -1.86795986e+00
    1.43025243e+00 5.54922104e-01 -1.73736954e+00 -3.37163731e-03
    3.92267436e-01 -1.18425620e+00 4.69748050e-01 7.03576684e-01
    -1.68437862e+00 8.39987338e-01 9.16694164e-01 -1.52419281e+00
    1.05531538e+00 1.00917482e+00 -1.31022072e+00 -1.82114959e-01
    9.54840481e-01 -9.08228815e-01 3.18334341e-01 1.32953298e+00
    -1.42396379e+00 5.80560148e-01 1.48931170e+00 -1.34346747e+00
    7.87939608e-01 1.60261142e+00 -1.26356685e+00</data></hand_left>
</opencv_storage>
