<?xml version="1.0"?>
<opencv_storage>
<hand_left type_id="opencv-matrix">
  <rows>21</rows>
  <cols>3</cols>
  <dt>f</dt>
  <data>
    -8.29172495e-06 -7.67170059e-06 3.66451195e-06 5.91365337e-01
    -3.87143910e-01 7.08116651e-01 1.33859849e+00 -6.55614972e-01
    -2.42962986e-02 1.73388600e+00 -5.64675212e-01 -8.25880527e-01
    1.95754325e+00 -5.56075573e-01 -1.45110500e+00 5.90936244e-01
    -5.99623024e-01 -1.14976048e+00 1.03220534e+00 -4.28339452e-01
    -1.90921843e+00 1.48544300e+00 -2.11526364e-01 -2.03142500e+00
    1.81510091e+00 -4.99852300e-02 -2.08472490e+00 2.31608838e-01
    -8.28939453e-02 -1.29701102e+00 7.48066545e-01 1.81076124e-01
    -1.95338798e+00 1.14850116e+00 4.25374985e-01 -1.86889577e+00
    1.42886364e+00 5.54871500e-01 -1.73843467e+00 -4.48080897e-03
    3.91574204e-01 -1.18449473e+00 4.68152642e-01 7.02892900e-01
    -1.68506396e+00 8.38427186e-01 9.16329980e-01 -1.52514935e+00
    1.05394006e+00 1.00909114e+00 -1.31121850e+00 -1.83333799e-01
    9.54208493e-01 -9.08664942e-01 3.16603541e-01 1.32888401e+00
    -1.42490566e+00 5.78818262e-01 1.48885131e+00 -1.34463620e+00
    7.86229610e-01 1.60232401e+00 -1.26484025e+00</data></hand_left>
</opencv_storage>
