<?xml version="1.0"?>
<opencv_storage>
<hand_right type_id="opencv-matrix">
  <rows>21</rows>
  <cols>3</cols>
  <dt>f</dt>
  <data>
    -8.28880457e-06 -7.67596430e-06 3.66047175e-06 5.91650546e-01
    -3.87728184e-01 7.07573175e-01 1.33874118e+00 -6.55358195e-01
    -2.52895057e-02 1.73385191e+00 -5.63605726e-01 -8.26854110e-01
    1.95733178e+00 -5.54332137e-01 -1.45215321e+00 5.90650797e-01
    -5.98481059e-01 -1.15051246e+00 1.03166986e+00 -4.26408678e-01
    -1.90992224e+00 1.48478365e+00 -2.09438205e-01 -2.03196716e+00
    1.81429374e+00 -4.78411615e-02 -2.08510280e+00 2.31209174e-01
    -8.16553235e-02 -1.29717338e+00 7.47368097e-01 1.82986334e-01
    -1.95350242e+00 1.14775932e+00 4.27230626e-01 -1.86894727e+00
    1.42805982e+00 5.56594193e-01 -1.73848617e+00 -4.90609556e-03
    3.92684817e-01 -1.18412757e+00 4.67435181e-01 7.04503179e-01
    -1.68467247e+00 8.37740183e-01 9.17844117e-01 -1.52477860e+00
    1.05331039e+00 1.01043296e+00 -1.31094813e+00 -1.83742866e-01
    9.55054581e-01 -9.07709420e-01 3.15896511e-01 1.33025265e+00
    -1.42389166e+00 5.78127384e-01 1.49020743e+00 -1.34365284e+00
    7.85565913e-01 1.60365534e+00 -1.26392031e+00</data></hand_right>
</opencv_storage>
