<?xml version="1.0"?>
<opencv_storage>
<hand_left type_id="opencv-matrix">
  <rows>21</rows>
  <cols>3</cols>
  <dt>f</dt>
  <data>
    -8.26575706e-06 -7.69488270e-06 3.67496159e-06 5.94406903e-01
    -3.87846172e-01 7.05244303e-01 1.33976269e+00 -6.53106809e-01
    -3.03004384e-02 1.73237300e+00 -5.59543371e-01 -8.32907736e-01
    1.95396113e+00 -5.49083829e-01 -1.45881546e+00 5.88220894e-01
    -5.95794618e-01 -1.15314901e+00 1.02648950e+00 -4.21981037e-01
    -1.91368914e+00 1.47865868e+00 -2.04266846e-01 -2.03686523e+00
    1.80757284e+00 -4.22170758e-02 -2.09095812e+00 2.27510780e-01
    -7.92954341e-02 -1.29796660e+00 7.41072536e-01 1.87045246e-01
    -1.95547235e+00 1.14101458e+00 4.31630522e-01 -1.87194085e+00
    1.42126119e+00 5.61080813e-01 -1.74251282e+00 -8.99829343e-03
    3.94501030e-01 -1.18349874e+00 4.61120695e-01 7.07740307e-01
    -1.68503952e+00 8.31407189e-01 9.21362996e-01 -1.52608252e+00
    1.04739738e+00 1.01388717e+00 -1.31302500e+00 -1.87853217e-01
    9.56180573e-01 -9.05715287e-01 3.09542477e-01 1.33284307e+00
    -1.42285943e+00 5.71636438e-01 1.49306023e+00 -1.34321916e+00
    7.79092133e-01 1.60673892e+00 -1.26411629e+00</data></hand_left>
</opencv_storage>
