<?xml version="1.0"?>
<opencv_storage>
<hand_right type_id="opencv-matrix">
  <rows>21</rows>
  <cols>3</cols>
  <dt>f</dt>
  <data>
    -8.29690543e-06 -7.66849189e-06 3.65606593e-06 5.90719700e-01
    -3.87693375e-01 7.08348453e-01 1.33832216e+00 -6.56249762e-01
    -2.36369371e-02 1.73422527e+00 -5.65231025e-01 -8.24897289e-01
    1.95830739e+00 -5.56514382e-01 -1.44995546e+00 5.91380239e-01
    -5.99482298e-01 -1.14960301e+00 1.03323269e+00 -4.28139687e-01
    -1.90871096e+00 1.48660755e+00 -2.11526960e-01 -2.03052616e+00
    1.81631351e+00 -5.01604378e-02 -2.08352137e+00 2.32393414e-01
    -8.25307518e-02 -1.29690182e+00 7.49383092e-01 1.81428477e-01
    -1.95285594e+00 1.14983869e+00 4.25484508e-01 -1.86803591e+00
    1.43009412e+00 5.54756880e-01 -1.73738229e+00 -3.54485959e-03
    3.92009765e-01 -1.18435228e+00 4.69519198e-01 7.03276992e-01
    -1.68455935e+00 8.39785099e-01 9.16478872e-01 -1.52436936e+00
    1.05515361e+00 1.00903177e+00 -1.31031954e+00 -1.82311222e-01
    9.54632342e-01 -9.08428729e-01 3.18078697e-01 1.32926238e+00
    -1.42427790e+00 5.80307245e-01 1.48909068e+00 -1.34381723e+00
    7.87697673e-01 1.60243058e+00 -1.26392019e+00</data></hand_right>
</opencv_storage>
