<?xml version="1.0"?>
<opencv_storage>
<hand_right type_id="opencv-matrix">
  <rows>21</rows>
  <cols>3</cols>
  <dt>f</dt>
  <data>
    -8.29321107e-06 -7.67057736e-06 3.65850451e-06 5.91018617e-01
    -3.87471378e-01 7.08196521e-01 1.33847129e+00 -6.55850351e-01
    -2.39866078e-02 1.73410511e+00 -5.64768791e-01 -8.25376272e-01
    1.95798230e+00 -5.56001306e-01 -1.45049083e+00 5.91199875e-01
    -5.99408507e-01 -1.14971495e+00 1.03275168e+00 -4.28028882e-01
    -1.90900671e+00 1.48607779e+00 -2.11294085e-01 -2.03106642e+00
    1.81578588e+00 -4.98022139e-02 -2.08423591e+00 2.32029676e-01
    -8.25714022e-02 -1.29693842e+00 7.48704433e-01 1.81443051e-01
    -1.95313907e+00 1.14915299e+00 4.25628334e-01 -1.86861801e+00
    1.42948306e+00 5.55025935e-01 -1.73819566e+00 -4.00926173e-03
    3.91909182e-01 -1.18436992e+00 4.68816698e-01 7.03259230e-01
    -1.68474782e+00 8.39052975e-01 9.16576803e-01 -1.52477860e+00
    1.05447674e+00 1.00923324e+00 -1.31090248e+00 -1.82856545e-01
    9.54490781e-01 -9.08440948e-01 3.17282915e-01 1.32923317e+00
    -1.42445731e+00 5.79505980e-01 1.48913920e+00 -1.34408534e+00
    7.86902189e-01 1.60254467e+00 -1.26422417e+00</data></hand_right>
</opencv_storage>
