<?xml version="1.0"?>
<opencv_storage>
<hand_left type_id="opencv-matrix">
  <rows>21</rows>
  <cols>3</cols>
  <dt>f</dt>
  <data>
    -8.29510100e-06 -7.67209076e-06 3.68491146e-06 5.91915429e-01
    -3.85923147e-01 7.08524942e-01 1.33887362e+00 -6.55471861e-01
    -2.39505023e-02 1.73365688e+00 -5.65608501e-01 -8.25890481e-01
    1.95708442e+00 -5.58046818e-01 -1.45139921e+00 5.90565562e-01
    -6.01365805e-01 -1.14920425e+00 1.03173792e+00 -4.30917323e-01
    -1.90878081e+00 1.48491597e+00 -2.14051276e-01 -2.03058934e+00
    1.81434774e+00 -5.25491536e-02 -2.08343458e+00 2.31068105e-01
    -8.48747790e-02 -1.29712331e+00 7.47537613e-01 1.78427413e-01
    -1.95376396e+00 1.14805126e+00 4.22982424e-01 -1.86870444e+00
    1.42835832e+00 5.52675843e-01 -1.73740125e+00 -5.02172485e-03
    3.89769822e-01 -1.18519533e+00 4.67564762e-01 7.00502932e-01
    -1.68626153e+00 8.38034511e-01 9.14251983e-01 -1.52598977e+00
    1.05360150e+00 1.00726986e+00 -1.31128561e+00 -1.83781698e-01
    9.52907741e-01 -9.10151899e-01 3.16101164e-01 1.32679248e+00
    -1.42707956e+00 5.78356802e-01 1.48692167e+00 -1.34695065e+00
    7.85780013e-01 1.60050774e+00 -1.26714349e+00</data></hand_left>
</opencv_storage>
