<?xml version="1.0"?>
<opencv_storage>
<hand_left type_id="opencv-matrix">
  <rows>21</rows>
  <cols>3</cols>
  <dt>f</dt>
  <data>
    -8.29093824e-06 -7.67094116e-06 3.65700362e-06 5.91084898e-01
    -3.87605965e-01 7.08022177e-01 1.33847010e+00 -6.55738711e-01
    -2.42825747e-02 1.73402727e+00 -5.64450264e-01 -8.25689673e-01
    1.95781898e+00 -5.55496037e-01 -1.45078933e+00 5.91138542e-01
    -5.99036098e-01 -1.14990485e+00 1.03252268e+00 -4.27475572e-01
    -1.90927398e+00 1.48579001e+00 -2.10709065e-01 -2.03154159e+00
    1.81550026e+00 -4.91854250e-02 -2.08492064e+00 2.31910169e-01
    -8.22053552e-02 -1.29695332e+00 7.48429179e-01 1.81978896e-01
    -1.95319784e+00 1.14882302e+00 4.26159441e-01 -1.86885512e+00
    1.42916238e+00 5.55553854e-01 -1.73865354e+00 -4.16763499e-03
    3.92212391e-01 -1.18424761e+00 4.68536049e-01 7.03717113e-01
    -1.68461692e+00 8.38722765e-01 9.17021394e-01 -1.52478313e+00
    1.05415845e+00 1.00965965e+00 -1.31109655e+00 -1.83055252e-01
    9.54679251e-01 -9.08150375e-01 3.16951394e-01 1.32961285e+00
    -1.42412055e+00 5.79144359e-01 1.48951268e+00 -1.34377480e+00
    7.86533833e-01 1.60292804e+00 -1.26396894e+00</data></hand_left>
</opencv_storage>
