<?xml version="1.0"?>
<opencv_storage>
<hand_left type_id="opencv-matrix">
  <rows>21</rows>
  <cols>3</cols>
  <dt>f</dt>
  <data>
    -8.29598775e-06 -7.67208167e-06 3.65863798e-06 5.91078281e-01
    -3.87856960e-01 7.08012044e-01 1.33843136e+00 -6.56078160e-01
    -2.43776441e-02 1.73399782e+00 -5.64711332e-01 -8.25750351e-01
    1.95783877e+00 -5.55762291e-01 -1.45093536e+00 5.91011047e-01
    -5.99061728e-01 -1.15005434e+00 1.03261924e+00 -4.27353323e-01
    -1.90917671e+00 1.48589396e+00 -2.10627466e-01 -2.03075337e+00
    1.81545460e+00 -4.92442250e-02 -2.08350658e+00 2.31909484e-01
    -8.20823088e-02 -1.29705274e+00 7.48664379e-01 1.82203412e-01
    -1.95304191e+00 1.14909005e+00 4.26253736e-01 -1.86801744e+00
    1.42927682e+00 5.55449486e-01 -1.73714125e+00 -4.02576849e-03
    3.92410219e-01 -1.18424559e+00 4.68834937e-01 7.03908205e-01
    -1.68451095e+00 8.39118242e-01 9.17065859e-01 -1.52418447e+00
    1.05446351e+00 1.00949574e+00 -1.30996406e+00 -1.82725251e-01
    9.54955101e-01 -9.08063352e-01 3.17457676e-01 1.32978213e+00
    -1.42396975e+00 5.79679012e-01 1.48959351e+00 -1.34349155e+00
    7.87040472e-01 1.60290074e+00 -1.26358151e+00</data></hand_left>
</opencv_storage>
