<?xml version="1.0"?>
<opencv_storage>
<hand_left type_id="opencv-matrix">
  <rows>21</rows>
  <cols>3</cols>
  <dt>f</dt>
  <data>
    -8.29222517e-06 -7.66907579e-06 3.65684582e-06 5.90866685e-01
    -3.87571752e-01 7.08235443e-01 1.33845055e+00 -6.55874014e-01
    -2.37988532e-02 1.73429799e+00 -5.64757228e-01 -8.25049222e-01
    1.95829439e+00 -5.55920124e-01 -1.45008790e+00 5.91386676e-01
    -5.99246740e-01 -1.14966977e+00 1.03299546e+00 -4.27812964e-01
    -1.90890133e+00 1.48617887e+00 -2.11158961e-01 -2.03096581e+00
    1.81575441e+00 -4.97683585e-02 -2.08421636e+00 2.32250139e-01
    -8.23997706e-02 -1.29689634e+00 7.48968363e-01 1.81666002e-01
    -1.95297563e+00 1.14925241e+00 4.25762177e-01 -1.86843884e+00
    1.42939520e+00 5.55051208e-01 -1.73810494e+00 -3.80514935e-03
    3.92058253e-01 -1.18429971e+00 4.68984425e-01 7.03429461e-01
    -1.68465102e+00 8.39145839e-01 9.16705251e-01 -1.52474284e+00
    1.05450082e+00 1.00931334e+00 -1.31104302e+00 -1.82703003e-01
    9.54595029e-01 -9.08316195e-01 3.17396164e-01 1.32937062e+00
    -1.42427766e+00 5.79551458e-01 1.48926079e+00 -1.34396589e+00
    7.86909342e-01 1.60267663e+00 -1.26426673e+00</data></hand_left>
</opencv_storage>
