<?xml version="1.0"?>
<opencv_storage>
<hand_left type_id="opencv-matrix">
  <rows>21</rows>
  <cols>3</cols>
  <dt>f</dt>
  <data>
    -8.29306100e-06 -7.67161873e-06 3.65378946e-06 5.90922594e-01
    -3.87876749e-01 7.08043456e-01 1.33843553e+00 -6.55913234e-01
    -2.41790414e-02 1.73419142e+00 -5.64458609e-01 -8.25453043e-01
    1.95812702e+00 -5.55384696e-01 -1.45051527e+00 5.91263354e-01
    -5.98846376e-01 -1.14996743e+00 1.03286850e+00 -4.27119821e-01
    -1.90915430e+00 1.48615170e+00 -2.10388005e-01 -2.03109145e+00
    1.81581128e+00 -4.89335060e-02 -2.08417439e+00 2.32133925e-01
    -8.19153786e-02 -1.29696214e+00 7.48824716e-01 1.82378843e-01
    -1.95301926e+00 1.14921594e+00 4.26462024e-01 -1.86843097e+00
    1.42944670e+00 5.55731654e-01 -1.73803771e+00 -3.89015675e-03
    3.92519176e-01 -1.18416750e+00 4.68922079e-01 7.04074740e-01
    -1.68442249e+00 8.39127600e-01 9.17280674e-01 -1.52442229e+00
    1.05448794e+00 1.00979972e+00 -1.31062841e+00 -1.82736591e-01
    9.54968989e-01 -9.07958150e-01 3.17380071e-01 1.32994378e+00
    -1.42381752e+00 5.79586864e-01 1.48979855e+00 -1.34340930e+00
    7.86959529e-01 1.60315812e+00 -1.26358521e+00</data></hand_left>
</opencv_storage>
