<?xml version="1.0"?>
<opencv_storage>
<hand_right type_id="opencv-matrix">
  <rows>21</rows>
  <cols>3</cols>
  <dt>f</dt>
  <data>
    -8.28946395e-06 -7.67584424e-06 3.66250947e-06 5.91691196e-01
    -3.87525469e-01 7.07667589e-01 1.33876133e+00 -6.55344009e-01
    -2.51702815e-02 1.73381495e+00 -5.63776195e-01 -8.26795399e-01
    1.95728159e+00 -5.54683447e-01 -1.45211434e+00 5.90637445e-01
    -5.98781824e-01 -1.15037858e+00 1.03165865e+00 -4.26885068e-01
    -1.90982902e+00 1.48482513e+00 -2.09901571e-01 -2.03192186e+00
    1.81439376e+00 -4.82730269e-02 -2.08507657e+00 2.31177047e-01
    -8.19988474e-02 -1.29716492e+00 7.47345209e-01 1.82488441e-01
    -1.95357156e+00 1.14779782e+00 4.26795512e-01 -1.86905348e+00
    1.42817199e+00 5.56241155e-01 -1.73858166e+00 -4.94396314e-03
    3.92369479e-01 -1.18424368e+00 4.67416823e-01 7.04074740e-01
    -1.68485141e+00 8.37761641e-01 9.17483032e-01 -1.52497637e+00
    1.05337667e+00 1.01015627e+00 -1.31110442e+00 -1.83781117e-01
    9.54814494e-01 -9.07976866e-01 3.15876544e-01 1.32989073e+00
    -1.42425287e+00 5.78133464e-01 1.48987877e+00 -1.34404123e+00
    7.85596967e-01 1.60335326e+00 -1.26428914e+00</data></hand_right>
</opencv_storage>
