<?xml version="1.0"?>
<opencv_storage>
<hand_left type_id="opencv-matrix">
  <rows>21</rows>
  <cols>3</cols>
  <dt>f</dt>
  <data>
    -8.29788860e-06 -7.66963603e-06 3.64939660e-06 5.90573072e-01
    -3.88328195e-01 7.08106697e-01 1.33819520e+00 -6.56451404e-01
    -2.39890069e-02 1.73421264e+00 -5.64908147e-01 -8.25127363e-01
    1.95833707e+00 -5.55725336e-01 -1.45014465e+00 5.91347516e-01
    -5.98764002e-01 -1.14998424e+00 1.03328800e+00 -4.26970720e-01
    -1.90895224e+00 1.48671901e+00 -2.10366815e-01 -2.03057575e+00
    1.81645870e+00 -4.90222871e-02 -2.08340240e+00 2.32475370e-01
    -8.16352963e-02 -1.29693222e+00 7.49512672e-01 1.82668120e-01
    -1.95271778e+00 1.15000558e+00 4.26574826e-01 -1.86782265e+00
    1.43026257e+00 5.55693030e-01 -1.73717105e+00 -3.38175520e-03
    3.92870218e-01 -1.18405938e+00 4.69749242e-01 7.04391718e-01
    -1.68405306e+00 8.40012670e-01 9.17398095e-01 -1.52377796e+00
    1.05534089e+00 1.00974846e+00 -1.30976689e+00 -1.82065412e-01
    9.55322921e-01 -9.07743275e-01 3.18400264e-01 1.33024061e+00
    -1.42332125e+00 5.80656767e-01 1.48995948e+00 -1.34274256e+00
    7.88046718e-01 1.60319340e+00 -1.26277292e+00</data></hand_left>
</opencv_storage>
