<?xml version="1.0"?>
<opencv_storage>
<hand_left type_id="opencv-matrix">
  <rows>21</rows>
  <cols>3</cols>
  <dt>f</dt>
  <data>
    -8.29307737e-06 -7.67236270e-06 3.65634310e-06 5.91168463e-01
    -3.87965798e-01 7.07816422e-01 1.33842826e+00 -6.55924082e-01
    -2.47274190e-02 1.73388553e+00 -5.64340949e-01 -8.26136172e-01
    1.95761192e+00 -5.55181801e-01 -1.45131314e+00 5.90881407e-01
    -5.98731279e-01 -1.15024054e+00 1.03229094e+00 -4.26871479e-01
    -1.90948009e+00 1.48557377e+00 -2.10087478e-01 -2.03138399e+00
    1.81522262e+00 -4.86117005e-02 -2.08442211e+00 2.31717110e-01
    -8.17684829e-02 -1.29705369e+00 7.48275042e-01 1.82640672e-01
    -1.95316911e+00 1.14874291e+00 4.26726282e-01 -1.86847448e+00
    1.42904592e+00 5.55982947e-01 -1.73792994e+00 -4.25177813e-03
    3.92662555e-01 -1.18412483e+00 4.68466759e-01 7.04287469e-01
    -1.68442988e+00 8.38762879e-01 9.17462468e-01 -1.52435589e+00
    1.05422568e+00 1.00994515e+00 -1.31043363e+00 -1.82980001e-01
    9.55093324e-01 -9.07794714e-01 3.17051679e-01 1.33010221e+00
    -1.42371130e+00 5.79301775e-01 1.48992968e+00 -1.34331787e+00
    7.86711574e-01 1.60325885e+00 -1.26346433e+00</data></hand_left>
</opencv_storage>
