<?xml version="1.0"?>
<opencv_storage>
<hand_right type_id="opencv-matrix">
  <rows>21</rows>
  <cols>3</cols>
  <dt>f</dt>
  <data>
    -8.29375949e-06 -7.67376969e-06 3.65216943e-06 5.91121554e-01
    -3.88220787e-01 7.07701325e-01 1.33840251e+00 -6.55951500e-01
    -2.48983949e-02 1.73386502e+00 -5.64110816e-01 -8.26302052e-01
    1.95761597e+00 -5.54755926e-01 -1.45146155e+00 5.90932608e-01
    -5.98322153e-01 -1.15041959e+00 1.03237021e+00 -4.26222086e-01
    -1.90962076e+00 1.48577309e+00 -2.09365219e-01 -2.03157496e+00
    1.81556249e+00 -4.77983057e-02 -2.08464050e+00 2.31775716e-01
    -8.13095868e-02 -1.29705906e+00 7.48350561e-01 1.83304697e-01
    -1.95312333e+00 1.14890754e+00 4.27409232e-01 -1.86849260e+00
    1.42937636e+00 5.56715727e-01 -1.73802018e+00 -4.20412421e-03
    3.93079072e-01 -1.18398416e+00 4.68578041e-01 7.04890728e-01
    -1.68412435e+00 8.38895321e-01 9.18046474e-01 -1.52403224e+00
    1.05441880e+00 1.01051104e+00 -1.31008673e+00 -1.82953984e-01
    9.55396593e-01 -9.07472730e-01 3.17140758e-01 1.33062446e+00
    -1.42321169e+00 5.79421759e-01 1.49044406e+00 -1.34271979e+00
    7.86875844e-01 1.60376716e+00 -1.26274347e+00</data></hand_right>
</opencv_storage>
