<?xml version="1.0"?>
<opencv_storage>
<hand_left type_id="opencv-matrix">
  <rows>21</rows>
  <cols>3</cols>
  <dt>f</dt>
  <data>
    -8.29853161e-06 -7.66820085e-06 3.64853395e-06 5.90388775e-01
    -3.88210922e-01 7.08307326e-01 1.33815956e+00 -6.56521201e-01
    -2.35497206e-02 1.73436713e+00 -5.65176964e-01 -8.24616730e-01
    1.95862651e+00 -5.56138754e-01 -1.44956732e+00 5.91566920e-01
    -5.99019825e-01 -1.14972508e+00 1.03365827e+00 -4.27425414e-01
    -1.90866995e+00 1.48712921e+00 -2.10880965e-01 -2.03033543e+00
    1.81691265e+00 -4.95567918e-02 -2.08320832e+00 2.32749000e-01
    -8.19108412e-02 -1.29685783e+00 7.49915063e-01 1.82215959e-01
    -1.95261955e+00 1.15040028e+00 4.26123798e-01 -1.86778760e+00
    1.43065012e+00 5.55269957e-01 -1.73720193e+00 -3.11666727e-03
    3.92624319e-01 -1.18413770e+00 4.70125914e-01 7.04019547e-01
    -1.68410540e+00 8.40353012e-01 9.17048573e-01 -1.52386308e+00
    1.05564106e+00 1.00944614e+00 -1.30989766e+00 -1.81845620e-01
    9.55133617e-01 -9.07973826e-01 3.18730652e-01 1.32993853e+00
    -1.42352653e+00 5.80976009e-01 1.48966646e+00 -1.34293699e+00
    7.88355112e-01 1.60291362e+00 -1.26296163e+00</data></hand_left>
</opencv_storage>
