<?xml version="1.0"?>
<opencv_storage>
<hand_left type_id="opencv-matrix">
  <rows>21</rows>
  <cols>3</cols>
  <dt>f</dt>
  <data>
    -8.29269993e-06 -7.67018446e-06 3.68152973e-06 5.91650009e-01
    -3.85777861e-01 7.08727062e-01 1.33884525e+00 -6.55349731e-01
    -2.34027654e-02 1.73393083e+00 -5.65620780e-01 -8.25195789e-01
    1.95753241e+00 -5.58093011e-01 -1.45055914e+00 5.90927005e-01
    -6.01479352e-01 -1.14887226e+00 1.03220725e+00 -4.31234717e-01
    -1.90846717e+00 1.48537731e+00 -2.14430362e-01 -2.03053808e+00
    1.81485391e+00 -5.29220700e-02 -2.08363008e+00 2.31450051e-01
    -8.50637928e-02 -1.29697096e+00 7.47940004e-01 1.78052455e-01
    -1.95365572e+00 1.14836955e+00 4.22616541e-01 -1.86899281e+00
    1.42863786e+00 5.52357912e-01 -1.73813140e+00 -4.71660122e-03
    3.89561772e-01 -1.18520546e+00 4.67879832e-01 7.00191855e-01
    -1.68628705e+00 8.38228941e-01 9.13989544e-01 -1.52631617e+00
    1.05373466e+00 1.00710559e+00 -1.31201744e+00 -1.83624610e-01
    9.52684164e-01 -9.10310030e-01 3.16259980e-01 1.32654357e+00
    -1.42722213e+00 5.78473926e-01 1.48671412e+00 -1.34716177e+00
    7.85870910e-01 1.60035002e+00 -1.26746273e+00</data></hand_left>
</opencv_storage>
