<?xml version="1.0"?>
<opencv_storage>
<hand_right type_id="opencv-matrix">
  <rows>21</rows>
  <cols>3</cols>
  <dt>f</dt>
  <data>
    -8.29981127e-06 -7.67059282e-06 3.64925836e-06 5.90623796e-01
    -3.88448417e-01 7.08035350e-01 1.33818436e+00 -6.56539917e-01
    -2.41737962e-02 1.73411798e+00 -5.64893544e-01 -8.25354040e-01
    1.95821524e+00 -5.55665851e-01 -1.45042515e+00 5.91261029e-01
    -5.98650634e-01 -1.15011716e+00 1.03322530e+00 -4.26726431e-01
    -1.90902805e+00 1.48673606e+00 -2.10068524e-01 -2.03053093e+00
    1.81652904e+00 -4.86913323e-02 -2.08324409e+00 2.32402965e-01
    -8.14756602e-02 -1.29697645e+00 7.49491811e-01 1.82935402e-01
    -1.95269847e+00 1.15008223e+00 4.26854879e-01 -1.86763394e+00
    1.43044412e+00 5.55991411e-01 -1.73679233e+00 -3.41990590e-03
    3.93033028e-01 -1.18402565e+00 4.69767064e-01 7.04624653e-01
    -1.68394041e+00 8.40117574e-01 9.17617917e-01 -1.52352345e+00
    1.05553460e+00 1.00995529e+00 -1.30931568e+00 -1.82049349e-01
    9.55470264e-01 -9.07628477e-01 3.18478733e-01 1.33043098e+00
    -1.42314696e+00 5.80779374e-01 1.49013877e+00 -1.34251964e+00
    7.88222432e-01 1.60336256e+00 -1.26245940e+00</data></hand_right>
</opencv_storage>
