<?xml version="1.0"?>
<opencv_storage>
<hand_left type_id="opencv-matrix">
  <rows>21</rows>
  <cols>3</cols>
  <dt>f</dt>
  <data>
    -8.29444434e-06 -7.67087568e-06 3.65403685e-06 5.90880215e-01
    -3.88027936e-01 7.08012104e-01 1.33835697e+00 -6.56097770e-01
    -2.42391229e-02 1.73412895e+00 -5.64618230e-01 -8.25493455e-01
    1.95806015e+00 -5.55494428e-01 -1.45056617e+00 5.91170609e-01
    -5.98838449e-01 -1.15003252e+00 1.03282297e+00 -4.27087605e-01
    -1.90916669e+00 1.48609602e+00 -2.10420430e-01 -2.03093672e+00
    1.81571090e+00 -4.90442812e-02 -2.08389425e+00 2.32120126e-01
    -8.18335786e-02 -1.29698181e+00 7.48884559e-01 1.82477072e-01
    -1.95294929e+00 1.14926624e+00 4.26471531e-01 -1.86818397e+00
    1.42944312e+00 5.55640936e-01 -1.73762774e+00 -3.82711366e-03
    3.92631263e-01 -1.18413639e+00 4.69053447e-01 7.04172134e-01
    -1.68433440e+00 8.39260817e-01 9.17283416e-01 -1.52419305e+00
    1.05457199e+00 1.00969732e+00 -1.31027603e+00 -1.82577372e-01
    9.55093741e-01 -9.07873571e-01 3.17621291e-01 1.33002949e+00
    -1.42365921e+00 5.79823971e-01 1.48981404e+00 -1.34318936e+00
    7.87171483e-01 1.60310817e+00 -1.26333392e+00</data></hand_left>
</opencv_storage>
