<?xml version="1.0"?>
<opencv_storage>
<hand_right type_id="opencv-matrix">
  <rows>21</rows>
  <cols>3</cols>
  <dt>f</dt>
  <data>
    -8.29303917e-06 -7.67395977e-06 3.65448932e-06 5.91195703e-01
    -3.88099372e-01 7.07734704e-01 1.33849430e+00 -6.55852914e-01
    -2.48470753e-02 1.73396611e+00 -5.64077795e-01 -8.26235294e-01
    1.95770895e+00 -5.54763198e-01 -1.45140529e+00 5.90932786e-01
    -5.98428965e-01 -1.15039051e+00 1.03234839e+00 -4.26369011e-01
    -1.90959811e+00 1.48561239e+00 -2.09539771e-01 -2.03142118e+00
    1.81525111e+00 -4.80408072e-02 -2.08441067e+00 2.31734172e-01
    -8.14479366e-02 -1.29708934e+00 7.48292089e-01 1.83160901e-01
    -1.95312274e+00 1.14872837e+00 4.27251101e-01 -1.86834943e+00
    1.42902613e+00 5.56497633e-01 -1.73774803e+00 -4.26742062e-03
    3.92946571e-01 -1.18404520e+00 4.68452692e-01 7.04731166e-01
    -1.68425918e+00 8.38725686e-01 9.17899549e-01 -1.52410293e+00
    1.05416417e+00 1.01033366e+00 -1.31010556e+00 -1.83032840e-01
    9.55308676e-01 -9.07584131e-01 3.16995740e-01 1.33048320e+00
    -1.42339087e+00 5.79222977e-01 1.49031019e+00 -1.34292662e+00
    7.86617637e-01 1.60363245e+00 -1.26303256e+00</data></hand_right>
</opencv_storage>
