<?xml version="1.0"?>
<opencv_storage>
<hand_left type_id="opencv-matrix">
  <rows>21</rows>
  <cols>3</cols>
  <dt>f</dt>
  <data>
    -8.29324927e-06 -7.67062102e-06 3.65978758e-06 5.91017127e-01
    -3.87409508e-01 7.08254933e-01 1.33853567e+00 -6.55804157e-01
    -2.38635093e-02 1.73424900e+00 -5.64765275e-01 -8.25190187e-01
    1.95819235e+00 -5.56054235e-01 -1.45030153e+00 5.91290474e-01
    -5.99441469e-01 -1.14966011e+00 1.03288150e+00 -4.28052604e-01
    -1.90888119e+00 1.48607016e+00 -2.11346835e-01 -2.03079271e+00
    1.81561542e+00 -4.99351621e-02 -2.08387685e+00 2.32106268e-01
    -8.26243684e-02 -1.29694307e+00 7.48818994e-01 1.81410164e-01
    -1.95304465e+00 1.14914632e+00 4.25564468e-01 -1.86833787e+00
    1.42929983e+00 5.54889917e-01 -1.73777759e+00 -3.95046547e-03
    3.91854942e-01 -1.18439329e+00 4.68823522e-01 7.03185081e-01
    -1.68480778e+00 8.39046776e-01 9.16513085e-01 -1.52477574e+00
    1.05443168e+00 1.00915146e+00 -1.31086349e+00 -1.82822943e-01
    9.54461813e-01 -9.08492982e-01 3.17264289e-01 1.32915163e+00
    -1.42455816e+00 5.79442620e-01 1.48907351e+00 -1.34424472e+00
    7.86813796e-01 1.60250330e+00 -1.26450372e+00</data></hand_left>
</opencv_storage>
