<?xml version="1.0"?>
<opencv_storage>
<hand_right type_id="opencv-matrix">
  <rows>21</rows>
  <cols>3</cols>
  <dt>f</dt>
  <data>
    -8.29286000e-06 -7.67128313e-06 3.65424785e-06 5.90955019e-01
    -3.87841642e-01 7.08036542e-01 1.33844209e+00 -6.55897379e-01
    -2.42131054e-02 1.73415613e+00 -5.64467788e-01 -8.25524807e-01
    1.95805669e+00 -5.55398226e-01 -1.45060217e+00 5.91224492e-01
    -5.98888636e-01 -1.14996958e+00 1.03279948e+00 -4.27191913e-01
    -1.90919316e+00 1.48610687e+00 -2.10448980e-01 -2.03117847e+00
    1.81579876e+00 -4.89709377e-02 -2.08430004e+00 2.32083067e-01
    -8.19666460e-02 -1.29696751e+00 7.48754621e-01 1.82307288e-01
    -1.95305812e+00 1.14917243e+00 4.26412463e-01 -1.86850941e+00
    1.42945123e+00 5.55713415e-01 -1.73813331e+00 -3.94309312e-03
    3.92470598e-01 -1.18418479e+00 4.68873262e-01 7.04017401e-01
    -1.68444872e+00 8.39084148e-01 9.17239308e-01 -1.52445829e+00
    1.05446661e+00 1.00977623e+00 -1.31066132e+00 -1.82784662e-01
    9.54926372e-01 -9.07994926e-01 3.17336142e-01 1.32989597e+00
    -1.42386341e+00 5.79551816e-01 1.48975456e+00 -1.34344828e+00
    7.86929846e-01 1.60311019e+00 -1.26359987e+00</data></hand_right>
</opencv_storage>
