<?xml version="1.0"?>
<opencv_storage>
<hand_left type_id="opencv-matrix">
  <rows>21</rows>
  <cols>3</cols>
  <dt>f</dt>
  <data>
    -8.29148848e-06 -7.67892107e-06 3.66951849e-06 5.92002511e-01
    -3.87398392e-01 7.07633317e-01 1.33890736e+00 -6.55312240e-01
    -2.54828781e-02 1.73368895e+00 -5.63775063e-01 -8.27268004e-01
    1.95699871e+00 -5.54839849e-01 -1.45275950e+00 5.90431809e-01
    -5.98948658e-01 -1.15053678e+00 1.03137863e+00 -4.27000463e-01
    -1.90995979e+00 1.48441362e+00 -2.09972292e-01 -2.03156948e+00
    1.81374872e+00 -4.84237671e-02 -2.08428526e+00 2.30893150e-01
    -8.21524858e-02 -1.29733014e+00 7.47056484e-01 1.82415754e-01
    -1.95367181e+00 1.14741063e+00 4.26710308e-01 -1.86854637e+00
    1.42755055e+00 5.56030154e-01 -1.73746550e+00 -5.20424917e-03
    3.92256349e-01 -1.18437731e+00 4.67112303e-01 7.03975081e-01
    -1.68504488e+00 8.37451458e-01 9.17355597e-01 -1.52472317e+00
    1.05291545e+00 1.00988293e+00 -1.31031466e+00 -1.83954090e-01
    9.54815507e-01 -9.08124745e-01 3.15684438e-01 1.32978082e+00
    -1.42450166e+00 5.77887177e-01 1.48974335e+00 -1.34417510e+00
    7.85248578e-01 1.60317326e+00 -1.26434577e+00</data></hand_left>
</opencv_storage>
