<?xml version="1.0"?>
<opencv_storage>
<hand_left type_id="opencv-matrix">
  <rows>21</rows>
  <cols>3</cols>
  <dt>f</dt>
  <data>
    -8.29687724e-06 -7.67067286e-06 3.65567553e-06 5.90867519e-01
    -3.87797117e-01 7.08188057e-01 1.33838284e+00 -6.56134188e-01
    -2.39888877e-02 1.73413694e+00 -5.64884305e-01 -8.25303078e-01
    1.95812368e+00 -5.55997849e-01 -1.45042670e+00 5.91251433e-01
    -5.99215388e-01 -1.14982414e+00 1.03302026e+00 -4.27648962e-01
    -1.90892851e+00 1.48644352e+00 -2.10925817e-01 -2.03068995e+00
    1.81618619e+00 -4.94705737e-02 -2.08360386e+00 2.32207224e-01
    -8.22512209e-02 -1.29696012e+00 7.49105394e-01 1.81892738e-01
    -1.95294273e+00 1.14964581e+00 4.25998658e-01 -1.86810112e+00
    1.43000901e+00 5.55317879e-01 -1.73738801e+00 -3.74403223e-03
    3.92255872e-01 -1.18427956e+00 4.69260097e-01 7.03667283e-01
    -1.68447769e+00 8.39586914e-01 9.16885316e-01 -1.52426553e+00
    1.05505013e+00 1.00944757e+00 -1.31015778e+00 -1.82501718e-01
    9.54816937e-01 -9.08217847e-01 3.17826033e-01 1.32958984e+00
    -1.42406571e+00 5.80101311e-01 1.48943400e+00 -1.34360135e+00
    7.87539721e-01 1.60278368e+00 -1.26364481e+00</data></hand_left>
</opencv_storage>
