<?xml version="1.0"?>
<opencv_storage>
<hand_right type_id="opencv-matrix">
  <rows>21</rows>
  <cols>3</cols>
  <dt>f</dt>
  <data>
    -8.26095129e-06 -7.69627059e-06 3.67177222e-06 5.94328582e-01
    -3.87539476e-01 7.05394864e-01 1.34007132e+00 -6.52383566e-01
    -2.97913998e-02 1.73300099e+00 -5.58718443e-01 -8.32204819e-01
    1.95479202e+00 -5.48148930e-01 -1.45798039e+00 5.88801861e-01
    -5.95550537e-01 -1.15289068e+00 1.02708817e+00 -4.21681851e-01
    -1.91344249e+00 1.47918212e+00 -2.03849494e-01 -2.03684688e+00
    1.80805790e+00 -4.16433215e-02 -2.09112048e+00 2.27902010e-01
    -7.92472512e-02 -1.29782462e+00 7.41222739e-01 1.87122494e-01
    -1.95551431e+00 1.14103091e+00 4.31872427e-01 -1.87267482e+00
    1.42128944e+00 5.61514735e-01 -1.74393463e+00 -8.86831060e-03
    3.94430965e-01 -1.18347323e+00 4.61015552e-01 7.07766294e-01
    -1.68511856e+00 8.31131577e-01 9.21611428e-01 -1.52670753e+00
    1.04710746e+00 1.01435328e+00 -1.31424117e+00 -1.88085824e-01
    9.55999553e-01 -9.05768037e-01 3.09052140e-01 1.33288491e+00
    -1.42303157e+00 5.71093261e-01 1.49330902e+00 -1.34358096e+00
    7.78577447e-01 1.60718584e+00 -1.26464713e+00</data></hand_right>
</opencv_storage>
