<?xml version="1.0"?>
<opencv_storage>
<hand_right type_id="opencv-matrix">
  <rows>21</rows>
  <cols>3</cols>
  <dt>f</dt>
  <data>
    -8.28760676e-06 -7.67706842e-06 3.66337417e-06 5.91845214e-01
    -3.87605637e-01 7.07515717e-01 1.33885133e+00 -6.55212998e-01
    -2.54797637e-02 1.73382020e+00 -5.63483417e-01 -8.27127099e-01
    1.95719838e+00 -5.54281950e-01 -1.45247591e+00 5.90538144e-01
    -5.98507702e-01 -1.15058744e+00 1.03140402e+00 -4.26439285e-01
    -1.91007197e+00 1.48438454e+00 -2.09458977e-01 -2.03210139e+00
    1.81376028e+00 -4.78944778e-02 -2.08522916e+00 2.31005177e-01
    -8.17238465e-02 -1.29723907e+00 7.47032166e-01 1.82944417e-01
    -1.95362329e+00 1.14731276e+00 4.27195460e-01 -1.86900747e+00
    1.42748034e+00 5.56516647e-01 -1.73850024e+00 -5.14068455e-03
    3.92606020e-01 -1.18417466e+00 4.67056036e-01 7.04438448e-01
    -1.68482888e+00 8.37325573e-01 9.17804539e-01 -1.52491736e+00
    1.05283689e+00 1.01036215e+00 -1.31104815e+00 -1.83981061e-01
    9.54999983e-01 -9.07765508e-01 3.15518796e-01 1.33018517e+00
    -1.42407227e+00 5.77701032e-01 1.49016190e+00 -1.34386218e+00
    7.85089850e-01 1.60362041e+00 -1.26420307e+00</data></hand_right>
</opencv_storage>
