<?xml version="1.0"?>
<opencv_storage>
<hand_right type_id="opencv-matrix">
  <rows>21</rows>
  <cols>3</cols>
  <dt>f</dt>
  <data>
    -8.29583951e-06 -7.67305210e-06 3.65011942e-06 5.90957940e-01
    -3.88489991e-01 7.07725585e-01 1.33833170e+00 -6.56191468e-01
    -2.48151720e-02 1.73397756e+00 -5.64239025e-01 -8.26110005e-01
    1.95784891e+00 -5.54796457e-01 -1.45124662e+00 5.91022074e-01
    -5.98182738e-01 -1.15047848e+00 1.03265572e+00 -4.25957143e-01
    -1.90951622e+00 1.48604321e+00 -2.09168077e-01 -2.03117061e+00
    1.81575561e+00 -4.77089286e-02 -2.08399749e+00 2.31979534e-01
    -8.10633898e-02 -1.29707479e+00 7.48746336e-01 1.83637649e-01
    -1.95292425e+00 1.14926803e+00 4.27617788e-01 -1.86798084e+00
    1.42959332e+00 5.56763411e-01 -1.73727405e+00 -3.92860547e-03
    3.93351823e-01 -1.18391454e+00 4.68971014e-01 7.05185533e-01
    -1.68393898e+00 8.39298129e-01 9.18220818e-01 -1.52364111e+00
    1.05473626e+00 1.01054299e+00 -1.30956781e+00 -1.82611659e-01
    9.55664337e-01 -9.07302976e-01 3.17607284e-01 1.33088827e+00
    -1.42291987e+00 5.79878867e-01 1.49063885e+00 -1.34236145e+00
    7.87303090e-01 1.60388863e+00 -1.26239061e+00</data></hand_right>
</opencv_storage>
