<?xml version="1.0"?>
<opencv_storage>
<hand_right type_id="opencv-matrix">
  <rows>21</rows>
  <cols>3</cols>
  <dt>f</dt>
  <data>
    -8.29120472e-06 -7.67494294e-06 3.67367284e-06 5.91837823e-01
    -3.86795700e-01 7.08030701e-01 1.33887064e+00 -6.55314565e-01
    -2.46464312e-02 1.73380232e+00 -5.64481854e-01 -8.26398730e-01
    1.95724559e+00 -5.56096613e-01 -1.45177579e+00 5.90677440e-01
    -5.99799871e-01 -1.14989924e+00 1.03170824e+00 -4.28484738e-01
    -1.90941668e+00 1.48469496e+00 -2.11588651e-01 -2.03129768e+00
    1.81403852e+00 -5.01001179e-02 -2.08430958e+00 2.31144369e-01
    -8.31698403e-02 -1.29717457e+00 7.47418642e-01 1.80897772e-01
    -1.95359814e+00 1.14767563e+00 4.25263286e-01 -1.86867869e+00
    1.42777908e+00 5.54712236e-01 -1.73774946e+00 -5.00843674e-03
    3.91291142e-01 -1.18465579e+00 4.67394799e-01 7.02644944e-01
    -1.68542767e+00 8.37642908e-01 9.16170061e-01 -1.52525115e+00
    1.05302846e+00 1.00888038e+00 -1.31092739e+00 -1.83863357e-01
    9.54020739e-01 -9.08889711e-01 3.15828621e-01 1.32863319e+00
    -1.42538643e+00 5.77954113e-01 1.48865509e+00 -1.34513569e+00
    7.85262644e-01 1.60215604e+00 -1.26540613e+00</data></hand_right>
</opencv_storage>
