<?xml version="1.0"?>
<opencv_storage>
<hand_right type_id="opencv-matrix">
  <rows>21</rows>
  <cols>3</cols>
  <dt>f</dt>
  <data>
    -8.28714110e-06 -7.67752681e-06 3.67820394e-06 5.92321038e-01
    -3.86556357e-01 7.07767785e-01 1.33905995e+00 -6.54911637e-01
    -2.52811164e-02 1.73354745e+00 -5.64015031e-01 -8.27247858e-01
    1.95666516e+00 -5.55608630e-01 -1.45274222e+00 5.90237737e-01
    -5.99777818e-01 -1.15014482e+00 1.03084373e+00 -4.28423882e-01
    -1.90990233e+00 1.48373258e+00 -2.11403847e-01 -2.03199339e+00
    1.81302452e+00 -4.98121977e-02 -2.08512330e+00 2.30485365e-01
    -8.32569525e-02 -1.29728746e+00 7.46338487e-01 1.80868432e-01
    -1.95403111e+00 1.14660645e+00 4.25360531e-01 -1.86935747e+00
    1.42675030e+00 5.54905474e-01 -1.73858535e+00 -5.73469326e-03
    3.91157269e-01 -1.18470156e+00 4.66324955e-01 7.02578187e-01
    -1.68576884e+00 8.36610436e-01 9.16221499e-01 -1.52580476e+00
    1.05207825e+00 1.00901437e+00 -1.31160736e+00 -1.84592381e-01
    9.53877926e-01 -9.08910513e-01 3.14732790e-01 1.32856619e+00
    -1.42572856e+00 5.76879859e-01 1.48867154e+00 -1.34562528e+00
    7.84198046e-01 1.60222566e+00 -1.26599193e+00</data></hand_right>
</opencv_storage>
