<?xml version="1.0"?>
<opencv_storage>
<hand_left type_id="opencv-matrix">
  <rows>21</rows>
  <cols>3</cols>
  <dt>f</dt>
  <data>
    -8.29296732e-06 -7.66854646e-06 3.66055565e-06 5.90910614e-01
    -3.87219936e-01 7.08406329e-01 1.33847857e+00 -6.55835867e-01
    -2.35442966e-02 1.73426926e+00 -5.65050125e-01 -8.24857116e-01
    1.95825636e+00 -5.56495428e-01 -1.44992054e+00 5.91377139e-01
    -5.99767208e-01 -1.14940917e+00 1.03299594e+00 -4.28640246e-01
    -1.90868914e+00 1.48621917e+00 -2.11989671e-01 -2.03078699e+00
    1.81582332e+00 -5.05801141e-02 -2.08404541e+00 2.32223228e-01
    -8.29958990e-02 -1.29686511e+00 7.48962879e-01 1.80807903e-01
    -1.95304036e+00 1.14929879e+00 4.24983561e-01 -1.86853564e+00
    1.42950654e+00 5.54375768e-01 -1.73815489e+00 -3.83873284e-03
    3.91509622e-01 -1.18448400e+00 4.68978941e-01 7.02679098e-01
    -1.68494105e+00 8.39178443e-01 9.16049600e-01 -1.52505469e+00
    1.05458009e+00 1.00878119e+00 -1.31128311e+00 -1.82737440e-01
    9.54172969e-01 -9.08760965e-01 3.17395329e-01 1.32872283e+00
    -1.42486525e+00 5.79575062e-01 1.48865879e+00 -1.34459877e+00
    7.86960900e-01 1.60211754e+00 -1.26488280e+00</data></hand_left>
</opencv_storage>
