<?xml version="1.0"?>
<opencv_storage>
<hand_right type_id="opencv-matrix">
  <rows>21</rows>
  <cols>3</cols>
  <dt>f</dt>
  <data>
    -8.28975135e-06 -7.67511301e-06 3.66232462e-06 5.91583371e-01
    -3.87535393e-01 7.07750678e-01 1.33871162e+00 -6.55434012e-01
    -2.49920338e-02 1.73387349e+00 -5.63932896e-01 -8.26563835e-01
    1.95739698e+00 -5.54880977e-01 -1.45185816e+00 5.90702772e-01
    -5.98904192e-01 -1.15028012e+00 1.03181672e+00 -4.27096218e-01
    -1.90968764e+00 1.48495746e+00 -2.10184216e-01 -2.03166270e+00
    1.81446886e+00 -4.86273468e-02 -2.08470678e+00 2.31304392e-01
    -8.20962489e-02 -1.29713964e+00 7.47546911e-01 1.82305321e-01
    -1.95350266e+00 1.14794827e+00 4.26547170e-01 -1.86891091e+00
    1.42820227e+00 5.55907607e-01 -1.73838651e+00 -4.78520244e-03
    3.92301768e-01 -1.18426538e+00 4.67632979e-01 7.03930855e-01
    -1.68486691e+00 8.37927401e-01 9.17280555e-01 -1.52493334e+00
    1.05342531e+00 1.00988531e+00 -1.31103778e+00 -1.83599576e-01
    9.54787195e-01 -9.08045530e-01 3.16123784e-01 1.32977557e+00
    -1.42430735e+00 5.78354836e-01 1.48973119e+00 -1.34405541e+00
    7.85762191e-01 1.60316384e+00 -1.26430500e+00</data></hand_right>
</opencv_storage>
