<?xml version="1.0"?>
<opencv_storage>
<hand_left type_id="opencv-matrix">
  <rows>21</rows>
  <cols>3</cols>
  <dt>f</dt>
  <data>
    -8.29730561e-06 -7.67261281e-06 3.67480516e-06 5.91584384e-01
    -3.86759996e-01 7.08321869e-01 1.33865452e+00 -6.55842185e-01
    -2.41888165e-02 1.73371875e+00 -5.65371037e-01 -8.25927734e-01
    1.95732498e+00 -5.57346344e-01 -1.45133352e+00 5.90701759e-01
    -6.00468338e-01 -1.14957619e+00 1.03208256e+00 -4.29506719e-01
    -1.90892398e+00 1.48529410e+00 -2.12720037e-01 -2.03050828e+00
    1.81475997e+00 -5.13129532e-02 -2.08320951e+00 2.31400892e-01
    -8.37390050e-02 -1.29712117e+00 7.48057783e-01 1.79960728e-01
    -1.95341539e+00 1.14852977e+00 4.24264848e-01 -1.86815226e+00
    1.42873728e+00 5.53691864e-01 -1.73683679e+00 -4.57759574e-03
    3.90866816e-01 -1.18481839e+00 4.68161196e-01 7.01886892e-01
    -1.68551385e+00 8.38583648e-01 9.15348172e-01 -1.52505422e+00
    1.05404067e+00 1.00806665e+00 -1.31037676e+00 -1.83245376e-01
    9.53796566e-01 -9.09308612e-01 3.16823781e-01 1.32799792e+00
    -1.42578745e+00 5.79057634e-01 1.48795986e+00 -1.34545934e+00
    7.86442220e-01 1.60139871e+00 -1.26558244e+00</data></hand_left>
</opencv_storage>
