<?xml version="1.0"?>
<opencv_storage>
<hand_left type_id="opencv-matrix">
  <rows>21</rows>
  <cols>3</cols>
  <dt>f</dt>
  <data>
    -8.29280634e-06 -7.67304209e-06 3.66376207e-06 5.91350615e-01
    -3.87217760e-01 7.08156586e-01 1.33869767e+00 -6.55607343e-01
    -2.42236108e-02 1.73409986e+00 -5.64571202e-01 -8.25747967e-01
    1.95783591e+00 -5.55915296e-01 -1.45098460e+00 5.91040850e-01
    -5.99552751e-01 -1.14981031e+00 1.03244817e+00 -4.28152740e-01
    -1.90916026e+00 1.48566246e+00 -2.11326241e-01 -2.03106833e+00
    1.81523514e+00 -4.98161912e-02 -2.08408403e+00 2.31720284e-01
    -8.27853531e-02 -1.29706049e+00 7.48278618e-01 1.81280941e-01
    -1.95332682e+00 1.14868712e+00 4.25555408e-01 -1.86857760e+00
    1.42892671e+00 5.54979503e-01 -1.73787272e+00 -4.37094271e-03
    3.91694903e-01 -1.18450105e+00 4.68306065e-01 7.03061342e-01
    -1.68504429e+00 8.38583767e-01 9.16477442e-01 -1.52495933e+00
    1.05401635e+00 1.00916362e+00 -1.31087220e+00 -1.83229044e-01
    9.54352021e-01 -9.08630550e-01 3.16749275e-01 1.32905173e+00
    -1.42486358e+00 5.78960359e-01 1.48902059e+00 -1.34454715e+00
    7.86334515e-01 1.60246646e+00 -1.26472664e+00</data></hand_left>
</opencv_storage>
