<?xml version="1.0"?>
<opencv_storage>
<hand_right type_id="opencv-matrix">
  <rows>21</rows>
  <cols>3</cols>
  <dt>f</dt>
  <data>
    -8.29143028e-06 -7.67417987e-06 3.66109771e-06 5.91426134e-01
    -3.87734860e-01 7.07796395e-01 1.33865786e+00 -6.55631900e-01
    -2.48556137e-02 1.73400497e+00 -5.64088345e-01 -8.26318562e-01
    1.95766425e+00 -5.55012107e-01 -1.45157552e+00 5.90848088e-01
    -5.98766387e-01 -1.15029228e+00 1.03209722e+00 -4.26871359e-01
    -1.90957451e+00 1.48515129e+00 -2.10047692e-01 -2.03136611e+00
    1.81454134e+00 -4.86194193e-02 -2.08432174e+00 2.31536999e-01
    -8.18843469e-02 -1.29713738e+00 7.47939229e-01 1.82597235e-01
    -1.95328379e+00 1.14822090e+00 4.26715285e-01 -1.86842835e+00
    1.42830622e+00 5.55923820e-01 -1.73774159e+00 -4.51038778e-03
    3.92524540e-01 -1.18420351e+00 4.67983216e-01 7.04178333e-01
    -1.68468380e+00 8.38245392e-01 9.17432070e-01 -1.52458847e+00
    1.05366683e+00 1.00991821e+00 -1.31060004e+00 -1.83296919e-01
    9.54996943e-01 -9.07903552e-01 3.16523373e-01 1.32997942e+00
    -1.42402852e+00 5.78702986e-01 1.48987687e+00 -1.34372830e+00
    7.86078393e-01 1.60327744e+00 -1.26401889e+00</data></hand_right>
</opencv_storage>
