<?xml version="1.0"?>
<opencv_storage>
<hand_right type_id="opencv-matrix">
  <rows>21</rows>
  <cols>3</cols>
  <dt>f</dt>
  <data>
    -8.29168130e-06 -7.67401798e-06 3.65811638e-06 5.91342926e-01
    -3.87773275e-01 7.07810342e-01 1.33861196e+00 -6.55669987e-01
    -2.47841179e-02 1.73397851e+00 -5.64097404e-01 -8.26257706e-01
    1.95766068e+00 -5.54982305e-01 -1.45147359e+00 5.90910852e-01
    -5.98725557e-01 -1.15026629e+00 1.03223670e+00 -4.26829755e-01
    -1.90956140e+00 1.48545909e+00 -2.09955454e-01 -2.03149533e+00
    1.81505990e+00 -4.84189093e-02 -2.08454156e+00 2.31613442e-01
    -8.18462893e-02 -1.29710591e+00 7.48085558e-01 1.82633057e-01
    -1.95327580e+00 1.14851439e+00 4.26822186e-01 -1.86856210e+00
    1.42879343e+00 5.56150079e-01 -1.73797202e+00 -4.44981456e-03
    3.92552942e-01 -1.18418789e+00 4.68168914e-01 7.04242349e-01
    -1.68457448e+00 8.38460505e-01 9.17527676e-01 -1.52450812e+00
    1.05392694e+00 1.01007283e+00 -1.31053686e+00 -1.83272436e-01
    9.54991043e-01 -9.07893836e-01 3.16635072e-01 1.33005714e+00
    -1.42392325e+00 5.78863561e-01 1.48996389e+00 -1.34356213e+00
    7.86261320e-01 1.60335159e+00 -1.26373518e+00</data></hand_right>
</opencv_storage>
