<?xml version="1.0"?>
<opencv_storage>
<hand_left type_id="opencv-matrix">
  <rows>21</rows>
  <cols>3</cols>
  <dt>f</dt>
  <data>
    -8.29464352e-06 -7.66956146e-06 3.65367987e-06 5.90729117e-01
    -3.87862146e-01 7.08233953e-01 1.33839440e+00 -6.56090856e-01
    -2.37826258e-02 1.73437691e+00 -5.64804792e-01 -8.24961901e-01
    1.95846868e+00 -5.55846930e-01 -1.44999349e+00 5.91449261e-01
    -5.99074841e-01 -1.14976954e+00 1.03325438e+00 -4.27491874e-01
    -1.90885496e+00 1.48651028e+00 -2.10865349e-01 -2.03063607e+00
    1.81610441e+00 -4.95170653e-02 -2.08361697e+00 2.32418984e-01
    -8.21122974e-02 -1.29692125e+00 7.49309421e-01 1.82054445e-01
    -1.95284009e+00 1.14964092e+00 4.26062435e-01 -1.86806524e+00
    1.42974997e+00 5.55246353e-01 -1.73751998e+00 -3.56562436e-03
    3.92372251e-01 -1.18422544e+00 4.69377071e-01 7.03799963e-01
    -1.68443167e+00 8.39557469e-01 9.16961908e-01 -1.52431023e+00
    1.05484319e+00 1.00943542e+00 -1.31043780e+00 -1.82392731e-01
    9.54896390e-01 -9.08123255e-01 3.17870617e-01 1.32971644e+00
    -1.42393529e+00 5.80048800e-01 1.48953962e+00 -1.34349704e+00
    7.87386596e-01 1.60287261e+00 -1.26369011e+00</data></hand_left>
</opencv_storage>
