<?xml version="1.0"?>
<opencv_storage>
<hand_left type_id="opencv-matrix">
  <rows>21</rows>
  <cols>3</cols>
  <dt>f</dt>
  <data>
    -8.29013879e-06 -7.67207894e-06 3.65887399e-06 5.91188073e-01
    -3.87398154e-01 7.08079755e-01 1.33861935e+00 -6.55535519e-01
    -2.41924822e-02 1.73417640e+00 -5.64318180e-01 -8.25591505e-01
    1.95797598e+00 -5.55437684e-01 -1.45070672e+00 5.91171503e-01
    -5.99182129e-01 -1.14983165e+00 1.03253829e+00 -4.27672148e-01
    -1.90920353e+00 1.48572350e+00 -2.10878313e-01 -2.03138947e+00
    1.81533360e+00 -4.93527651e-02 -2.08469367e+00 2.31867075e-01
    -8.24176446e-02 -1.29696822e+00 7.48333812e-01 1.81732014e-01
    -1.95324588e+00 1.14867568e+00 4.25963730e-01 -1.86887586e+00
    1.42892981e+00 5.55381417e-01 -1.73862302e+00 -4.26199660e-03
    3.91998142e-01 -1.18432951e+00 4.68346179e-01 7.03462303e-01
    -1.68481696e+00 8.38535249e-01 9.16847587e-01 -1.52501810e+00
    1.05397105e+00 1.00954211e+00 -1.31134391e+00 -1.83199346e-01
    9.54513967e-01 -9.08327341e-01 3.16705167e-01 1.32939637e+00
    -1.42444265e+00 5.78891098e-01 1.48935819e+00 -1.34417963e+00
    7.86272049e-01 1.60282111e+00 -1.26445866e+00</data></hand_left>
</opencv_storage>
