<?xml version="1.0"?>
<opencv_storage>
<hand_right type_id="opencv-matrix">
  <rows>21</rows>
  <cols>3</cols>
  <dt>f</dt>
  <data>
    -8.29064447e-06 -7.67634356e-06 3.65752658e-06 5.91541886e-01
    -3.87902558e-01 7.07576156e-01 1.33866286e+00 -6.55529022e-01
    -2.52652764e-02 1.73382068e+00 -5.63693643e-01 -8.26815367e-01
    1.95736396e+00 -5.54392815e-01 -1.45207739e+00 5.90714514e-01
    -5.98361194e-01 -1.15055501e+00 1.03185940e+00 -4.26216125e-01
    -1.90989649e+00 1.48508775e+00 -2.09240884e-01 -2.03187871e+00
    1.81471503e+00 -4.76236641e-02 -2.08495116e+00 2.31333047e-01
    -8.14763010e-02 -1.29717040e+00 7.47631192e-01 1.83223635e-01
    -1.95339775e+00 1.14809895e+00 4.27450389e-01 -1.86874819e+00
    1.42846918e+00 5.56812525e-01 -1.73821259e+00 -4.75014746e-03
    3.92869323e-01 -1.18408287e+00 4.67744827e-01 7.04743028e-01
    -1.68446338e+00 8.38069677e-01 9.18036580e-01 -1.52442873e+00
    1.05361378e+00 1.01057136e+00 -1.31046760e+00 -1.83564082e-01
    9.55211580e-01 -9.07602072e-01 3.16221297e-01 1.33047497e+00
    -1.42361534e+00 5.78473151e-01 1.49038982e+00 -1.34325433e+00
    7.85905480e-01 1.60378230e+00 -1.26339936e+00</data></hand_right>
</opencv_storage>
