<?xml version="1.0"?>
<opencv_storage>
<hand_right type_id="opencv-matrix">
  <rows>21</rows>
  <cols>3</cols>
  <dt>f</dt>
  <data>
    -8.28863995e-06 -7.67508482e-06 3.66134395e-06 5.91613650e-01
    -3.87529343e-01 7.07707167e-01 1.33874035e+00 -6.55364335e-01
    -2.50440389e-02 1.73387122e+00 -5.63822687e-01 -8.26637506e-01
    1.95737433e+00 -5.54735780e-01 -1.45190656e+00 5.90736389e-01
    -5.98762751e-01 -1.15032959e+00 1.03180790e+00 -4.26887810e-01
    -1.90978432e+00 1.48496032e+00 -2.09927678e-01 -2.03192329e+00
    1.81453466e+00 -4.83127832e-02 -2.08512974e+00 2.31280997e-01
    -8.19907412e-02 -1.29714549e+00 7.47507453e-01 1.82499290e-01
    -1.95351005e+00 1.14791071e+00 4.26797092e-01 -1.86898994e+00
    1.42821932e+00 5.56223929e-01 -1.73854220e+00 -4.86269593e-03
    3.92368853e-01 -1.18424308e+00 4.67553854e-01 7.04089999e-01
    -1.68479884e+00 8.37829828e-01 9.17484641e-01 -1.52489448e+00
    1.05334103e+00 1.01012301e+00 -1.31104040e+00 -1.83745012e-01
    9.54800487e-01 -9.07986045e-01 3.15939128e-01 1.32991314e+00
    -1.42418945e+00 5.78152180e-01 1.48988748e+00 -1.34392548e+00
    7.85547137e-01 1.60333180e+00 -1.26417029e+00</data></hand_right>
</opencv_storage>
