<?xml version="1.0"?>
<opencv_storage>
<hand_right_0 type_id="opencv-nd-matrix">
  <sizes>
    1 21 3</sizes>
  <dt>f</dt>
  <data>
    4.60532837e+02 3.98303345e+02 5.53581715e-01 4.79271698e+02
    4.04789856e+02 6.87288761e-01 4.98731232e+02 4.11276398e+02
    7.12282002e-01 5.09542114e+02 4.19204346e+02 7.18477249e-01
    5.21073669e+02 4.27853058e+02 8.15245032e-01 4.86478912e+02
    4.20645813e+02 6.59379005e-01 4.95848328e+02 4.34339569e+02
    7.01495945e-01 5.03055573e+02 4.48033325e+02 8.36033702e-01
    5.05938477e+02 4.57402740e+02 8.43339562e-01 4.71343719e+02
    4.22807983e+02 7.60067940e-01 4.79992401e+02 4.38663910e+02
    6.11713707e-01 4.86478912e+02 4.51636932e+02 6.56412065e-01
    4.95127625e+02 4.63168549e+02 7.79365122e-01 4.56929230e+02
    4.27853058e+02 7.03061938e-01 4.59812134e+02 4.37222473e+02
    5.96104085e-01 4.63415741e+02 4.53078400e+02 7.99603224e-01
    4.64136475e+02 4.66051422e+02 6.88284039e-01 4.40352570e+02
    4.27132324e+02 6.91934347e-01 4.39631836e+02 4.40105347e+02
    8.50466073e-01 4.40352570e+02 4.50916229e+02 8.00997972e-01
    4.44676910e+02 4.61727081e+02 8.10840130e-01</data></hand_right_0>
</opencv_storage>
