<?xml version="1.0"?>
<opencv_storage>
<pose_0 type_id="opencv-nd-matrix">
  <sizes>
    1 18 3</sizes>
  <dt>f</dt>
  <data>
    4.46147705e+02 1.29067078e+02 7.56814718e-01 4.63675323e+02
    8.40905762e+01 8.14131498e-01 3.65887787e+02 8.22073364e+01
    7.10641026e-01 4.12816254e+02 2.68045959e+02 7.33258247e-01
    4.59739716e+02 3.95236481e+02 8.72442603e-01 5.69364319e+02
    8.80356216e+01 6.62825823e-01 5.32156311e+02 2.75929810e+02
    7.14848638e-01 4.96938965e+02 4.06927307e+02 6.00657523e-01
    3.79563599e+02 2.89553162e+02 4.27038968e-01 3.24790710e+02
    4.30424530e+02 4.81258094e-01 2.85660034e+02 4.81333405e+02
    8.81695151e-02 4.91139404e+02 3.05236725e+02 4.25608724e-01
    5.40026611e+02 4.34346008e+02 8.04927200e-02 0. 0. 0. 4.30480927e+02
    1.03663361e+02 6.34151697e-01 4.65628601e+02 1.09517792e+02
    6.56928062e-01 4.10774017e+02 7.23817596e+01 1.61426842e-01
    5.06800507e+02 5.48171997e+01 1.63581744e-01</data></pose_0>
</opencv_storage>
