<?xml version="1.0"?>
<opencv_storage>
<hand_left_0 type_id="opencv-nd-matrix">
  <sizes>
    1 21 3</sizes>
  <dt>f</dt>
  <data>
    4.62873993e+02 4.20894135e+02 5.00251651e-01 4.50121765e+02
    4.31520996e+02 6.35860026e-01 4.37369537e+02 4.46398590e+02
    5.48641205e-01 4.30284973e+02 4.56316986e+02 4.99666750e-01
    4.13282013e+02 4.57733917e+02 7.72592664e-01 4.50830231e+02
    4.45690155e+02 6.07620358e-01 4.40203369e+02 4.58442352e+02
    5.97597182e-01 4.40203369e+02 4.69777679e+02 6.63455009e-01
    4.45162567e+02 4.81821442e+02 8.19471478e-01 4.66416290e+02
    4.42147858e+02 6.24462724e-01 4.59331726e+02 4.58442352e+02
    4.06070024e-01 4.62873993e+02 4.73319946e+02 6.26203716e-01
    4.62873993e+02 4.86072174e+02 8.35596800e-01 4.82002319e+02
    4.38605560e+02 6.02300167e-01 4.90503815e+02 4.55608551e+02
    6.50548995e-01 4.96171478e+02 4.69777679e+02 5.91223776e-01
    5.02547577e+02 4.81112976e+02 6.01500273e-01 4.96879913e+02
    4.32937927e+02 7.54193842e-01 5.06089874e+02 4.38605560e+02
    8.09535861e-01 5.12466003e+02 4.43564758e+02 8.41280222e-01
    5.16716736e+02 4.49940887e+02 7.17519879e-01</data></hand_left_0>
</opencv_storage>
