<?xml version="1.0"?>
<opencv_storage>
<hand_right_0 type_id="opencv-nd-matrix">
  <sizes>
    1 21 3</sizes>
  <dt>f</dt>
  <data>
    4.61982941e+02 4.13386719e+02 6.88033342e-01 4.79790344e+02
    4.20382477e+02 7.00625002e-01 4.99505707e+02 4.29922180e+02
    7.70300210e-01 5.08409424e+02 4.43913727e+02 7.87131608e-01
    5.17949097e+02 4.52817413e+02 8.20007384e-01 4.87422089e+02
    4.38189911e+02 7.73459673e-01 4.96325806e+02 4.55361328e+02
    7.84701228e-01 5.00777649e+02 4.68716888e+02 8.19818974e-01
    5.03321594e+02 4.79528534e+02 9.63038445e-01 4.72158600e+02
    4.40097839e+02 8.12080324e-01 4.80426331e+02 4.59177216e+02
    6.71945393e-01 4.84878174e+02 4.71896790e+02 5.91803789e-01
    4.86786133e+02 4.80800507e+02 5.09523690e-01 4.57531067e+02
    4.43277740e+02 7.50766158e-01 4.59439026e+02 4.57269287e+02
    5.70723951e-01 4.61346954e+02 4.69988861e+02 6.89629793e-01
    4.58803040e+02 4.84616394e+02 7.22492158e-01 4.42267578e+02
    4.43277740e+02 6.54920459e-01 4.41631592e+02 4.54089386e+02
    7.77026772e-01 4.41631592e+02 4.64265045e+02 8.19522917e-01
    4.41631592e+02 4.74440704e+02 7.40227580e-01</data></hand_right_0>
</opencv_storage>
