<?xml version="1.0"?>
<opencv_storage>
<hand_left_0 type_id="opencv-nd-matrix">
  <sizes>
    1 21 3</sizes>
  <dt>f</dt>
  <data>
    4.56462189e+02 4.19804871e+02 5.14462054e-01 4.43457306e+02
    4.30642273e+02 6.26440167e-01 4.34787354e+02 4.49427155e+02
    4.86899257e-01 4.23949951e+02 4.55207092e+02 5.63882828e-01
    4.13112518e+02 4.56652100e+02 7.22781122e-01 4.50682251e+02
    4.43647186e+02 5.35645664e-01 4.38399841e+02 4.55207092e+02
    5.61019957e-01 4.40567322e+02 4.67489502e+02 6.52416289e-01
    4.42734802e+02 4.78326935e+02 7.80448496e-01 4.65132141e+02
    4.38589722e+02 6.36584640e-01 4.59352173e+02 4.55207092e+02
    4.09262002e-01 4.62964661e+02 4.69656982e+02 5.94105005e-01
    4.62964661e+02 4.81939392e+02 7.37311780e-01 4.81749512e+02
    4.33532257e+02 6.24331772e-01 4.91141937e+02 4.50149628e+02
    6.05263233e-01 4.98366882e+02 4.63154541e+02 5.27366281e-01
    5.04146851e+02 4.74714447e+02 5.68066359e-01 4.94031921e+02
    4.25584808e+02 6.85167432e-01 5.04146851e+02 4.31364777e+02
    8.46970797e-01 5.10649292e+02 4.35699738e+02 8.36955070e-01
    5.15706726e+02 4.42202209e+02 7.27614522e-01</data></hand_left_0>
</opencv_storage>
