<?xml version="1.0"?>
<opencv_storage>
<hand_right_0 type_id="opencv-nd-matrix">
  <sizes>
    1 21 3</sizes>
  <dt>f</dt>
  <data>
    4.60132202e+02 3.87379547e+02 6.15358651e-01 4.76681946e+02
    3.94964844e+02 7.30006814e-01 4.95300385e+02 4.03239716e+02
    7.10275292e-01 5.08402252e+02 4.13583282e+02 8.42660189e-01
    5.20814575e+02 4.22547729e+02 8.92589331e-01 4.83577667e+02
    4.12893707e+02 6.59612298e-01 4.93231659e+02 4.28064301e+02
    7.94067442e-01 4.99437805e+02 4.41855743e+02 8.59583497e-01
    5.04264832e+02 4.52888885e+02 9.21899080e-01 4.69786224e+02
    4.15652008e+02 7.15734601e-01 4.77371521e+02 4.31512146e+02
    6.29432321e-01 4.83577667e+02 4.46682739e+02 7.46611118e-01
    4.89783813e+02 4.58405457e+02 8.12000036e-01 4.54615631e+02
    4.19789429e+02 7.62385964e-01 4.58063477e+02 4.31512146e+02
    5.85712612e-01 4.60821777e+02 4.47372314e+02 8.33824158e-01
    4.62890503e+02 4.62542908e+02 7.61279225e-01 4.39445038e+02
    4.19789429e+02 6.78177476e-01 4.39445038e+02 4.34960022e+02
    7.97168016e-01 4.40134613e+02 4.45303589e+02 7.39488304e-01
    4.43582489e+02 4.56336761e+02 6.62418485e-01</data></hand_right_0>
</opencv_storage>
