<?xml version="1.0"?>
<opencv_storage>
<pose_0 type_id="opencv-nd-matrix">
  <sizes>
    1 18 3</sizes>
  <dt>f</dt>
  <data>
    4.18684814e+02 1.19314140e+02 8.54222655e-01 4.38265015e+02
    8.60503693e+01 7.81541526e-01 3.50199280e+02 9.19700165e+01
    7.17469037e-01 4.05038849e+02 2.54383408e+02 8.08140695e-01
    4.59832458e+02 3.87434326e+02 8.09517503e-01 5.36079407e+02
    8.61397171e+01 7.11712420e-01 5.08770935e+02 2.60261383e+02
    8.48607361e-01 4.91117249e+02 4.01104767e+02 5.55691600e-01
    3.73707367e+02 2.89553833e+02 4.54872251e-01 3.34546997e+02
    4.34387177e+02 5.49819112e-01 0. 0. 0. 4.75429718e+02 2.93496490e+02
    4.93475735e-01 5.24348450e+02 4.08926056e+02 1.37566298e-01 0. 0. 0.
    3.99115540e+02 9.98034668e+01 8.50459993e-01 4.42131683e+02
    9.78526535e+01 8.32676232e-01 3.69759430e+02 8.21627579e+01
    1.71005085e-01 4.79313446e+02 5.28657074e+01 7.26617455e-01</data></pose_0>
</opencv_storage>
