<?xml version="1.0"?>
<opencv_storage>
<pose_0 type_id="opencv-nd-matrix">
  <sizes>
    1 18 3</sizes>
  <dt>f</dt>
  <data>
    4.59819977e+02 1.68241379e+02 6.55448556e-01 4.73433929e+02
    1.03663246e+02 7.90755510e-01 3.73708374e+02 9.97540512e+01
    6.99803829e-01 4.16705841e+02 2.89511169e+02 7.57223904e-01
    4.59825409e+02 4.14800537e+02 8.74284267e-01 5.75196655e+02
    1.15412109e+02 6.33959353e-01 5.34099304e+02 3.03182892e+02
    7.75728583e-01 4.95023865e+02 4.26478119e+02 5.53178310e-01
    3.81494507e+02 2.93485748e+02 4.12204206e-01 3.18920441e+02
    4.46110016e+02 1.91690192e-01 0. 0. 0. 4.91045959e+02 3.09150269e+02
    4.35290664e-01 5.41980896e+02 4.55855316e+02 1.34451807e-01 0. 0. 0.
    4.44104248e+02 1.48615982e+02 6.35981381e-01 4.81279633e+02
    1.52604843e+02 6.44474626e-01 4.05016327e+02 9.97928543e+01
    2.33762324e-01 5.18456970e+02 8.21407089e+01 2.36849010e-01</data></pose_0>
</opencv_storage>
