<?xml version="1.0"?>
<opencv_storage>
<pose_0 type_id="opencv-nd-matrix">
  <sizes>
    1 18 3</sizes>
  <dt>f</dt>
  <data>
    4.40162689e+02 9.58734283e+01 7.76736498e-01 4.65662445e+02
    6.85033722e+01 7.20000386e-01 3.69786926e+02 6.65373688e+01
    6.83324397e-01 4.14867981e+02 2.50412552e+02 7.09431887e-01
    4.59751007e+02 3.81494507e+02 8.59676600e-01 5.69366089e+02
    8.40708160e+01 6.48156285e-01 5.30211060e+02 2.64164429e+02
    7.28680015e-01 4.95013458e+02 3.93229218e+02 5.60882509e-01
    3.81443848e+02 2.89561157e+02 4.29056555e-01 3.28715485e+02
    4.30385315e+02 4.73068357e-01 2.89570679e+02 4.79375549e+02
    9.20979977e-02 4.89100464e+02 3.03282501e+02 4.09220874e-01
    5.22383057e+02 3.87404236e+02 6.44830167e-02 0. 0. 0. 4.18694031e+02
    7.04039078e+01 8.51401329e-01 4.59781342e+02 7.43240738e+01
    7.80547023e-01 3.97260651e+02 5.47154045e+01 1.21141270e-01
    5.12583862e+02 1.95939751e+01 6.69109344e-01</data></pose_0>
</opencv_storage>
