<?xml version="1.0"?>
<opencv_storage>
<hand_left_0 type_id="opencv-nd-matrix">
  <sizes>
    1 21 3</sizes>
  <dt>f</dt>
  <data>
    4.60055817e+02 4.08900696e+02 5.46068490e-01 4.47358612e+02
    4.22303314e+02 6.39485776e-01 4.36777588e+02 4.40643707e+02
    4.92633998e-01 4.25491180e+02 4.47697723e+02 4.72317904e-01
    4.14204773e+02 4.51930115e+02 7.53824949e-01 4.48769409e+02
    4.37116730e+02 5.08738935e-01 4.41010010e+02 4.50519318e+02
    6.36018991e-01 4.41010010e+02 4.63921936e+02 7.49583185e-01
    4.43126190e+02 4.74502960e+02 8.12341452e-01 4.64288208e+02
    4.35000519e+02 6.56436861e-01 4.59350403e+02 4.51930115e+02
    5.34524679e-01 4.60761230e+02 4.65332733e+02 5.93839228e-01
    4.64288208e+02 4.78735352e+02 7.44955063e-01 4.81923218e+02
    4.30768127e+02 6.46467209e-01 4.90388031e+02 4.47697723e+02
    6.39126778e-01 4.98147430e+02 4.63216553e+02 6.27092719e-01
    5.03790649e+02 4.74502960e+02 5.82832456e-01 4.98147430e+02
    4.25124908e+02 7.93033838e-01 5.06612244e+02 4.31473511e+02
    7.29852915e-01 5.13666260e+02 4.37116730e+02 7.92811513e-01
    5.15782471e+02 4.44170715e+02 6.81736708e-01</data></hand_left_0>
</opencv_storage>
