<?xml version="1.0"?>
<opencv_storage>
<hand_right_0 type_id="opencv-nd-matrix">
  <sizes>
    1 21 3</sizes>
  <dt>f</dt>
  <data>
    4.56866364e+02 4.05455444e+02 6.27157092e-01 4.73627106e+02
    4.08947266e+02 6.82084620e-01 4.91784607e+02 4.14534180e+02
    6.74137712e-01 5.04355194e+02 4.22216217e+02 8.36489737e-01
    5.16925781e+02 4.29199860e+02 8.36718261e-01 4.82007507e+02
    4.22914581e+02 6.98416352e-01 4.95276428e+02 4.38976959e+02
    8.31123054e-01 5.02260071e+02 4.52245911e+02 8.75902772e-01
    5.07148651e+02 4.61324646e+02 9.22049642e-01 4.68040192e+02
    4.29199860e+02 7.62371242e-01 4.79214050e+02 4.44563904e+02
    7.41309106e-01 4.88991150e+02 4.57134460e+02 7.07164049e-01
    4.96673157e+02 4.68308319e+02 9.30692315e-01 4.51977783e+02
    4.33390045e+02 7.00108886e-01 4.57564728e+02 4.46658997e+02
    5.69437504e-01 4.62453278e+02 4.60626282e+02 7.46283829e-01
    4.63151642e+02 4.71800140e+02 6.23112202e-01 4.39407227e+02
    4.36881866e+02 6.81345582e-01 4.38708862e+02 4.48754089e+02
    7.73316383e-01 4.39407227e+02 4.57832825e+02 7.75520325e-01
    4.40803955e+02 4.67609924e+02 8.02204669e-01</data></hand_right_0>
</opencv_storage>
