<?xml version="1.0"?>
<opencv_storage>
<hand_right_0 type_id="opencv-nd-matrix">
  <sizes>
    1 21 3</sizes>
  <dt>f</dt>
  <data>
    4.56329590e+02 3.85940735e+02 6.12683296e-01 4.72528290e+02
    3.93068176e+02 7.57015228e-01 4.90670837e+02 4.00843536e+02
    6.28972352e-01 4.98446228e+02 4.11210724e+02 6.75333261e-01
    5.08813385e+02 4.22225830e+02 8.62148345e-01 4.78359833e+02
    4.09266876e+02 6.83215618e-01 4.88079041e+02 4.25465576e+02
    7.60861635e-01 4.94558533e+02 4.39720428e+02 7.11111546e-01
    4.97798279e+02 4.50087616e+02 9.17349100e-01 4.64104950e+02
    4.12506622e+02 7.21092045e-01 4.71880341e+02 4.25465576e+02
    5.63854873e-01 4.77711884e+02 4.39720428e+02 7.64946342e-01
    4.82247528e+02 4.51383514e+02 7.23457515e-01 4.50498047e+02
    4.14450470e+02 6.99674726e-01 4.52441895e+02 4.24817627e+02
    6.57953441e-01 4.57625488e+02 4.40368378e+02 7.56807685e-01
    4.58921387e+02 4.55919128e+02 7.25644767e-01 4.35595245e+02
    4.14450470e+02 7.10470378e-01 4.36891144e+02 4.26761475e+02
    7.75632203e-01 4.38187042e+02 4.36480682e+02 7.31942356e-01
    4.40778839e+02 4.46847870e+02 7.57527053e-01</data></hand_right_0>
</opencv_storage>
