<?xml version="1.0"?>
<opencv_storage>
<hand_left_0 type_id="opencv-nd-matrix">
  <sizes>
    1 21 3</sizes>
  <dt>f</dt>
  <data>
    4.60366577e+02 4.00479004e+02 5.43994427e-01 4.48326263e+02
    4.13857117e+02 6.77239120e-01 4.38292664e+02 4.31248688e+02
    5.12013435e-01 4.26252350e+02 4.41282257e+02 8.16471398e-01
    4.14880951e+02 4.50646942e+02 8.41942310e-01 4.53008606e+02
    4.30579773e+02 5.46838224e-01 4.42975006e+02 4.40613342e+02
    6.26155972e-01 4.42306091e+02 4.53991486e+02 8.43573868e-01
    4.42975006e+02 4.66700684e+02 7.89985180e-01 4.69062347e+02
    4.27904144e+02 6.74504220e-01 4.63711090e+02 4.45964600e+02
    5.20287991e-01 4.63711090e+02 4.58673828e+02 6.91327751e-01
    4.59028748e+02 4.73389740e+02 7.42264688e-01 4.85116089e+02
    4.24559601e+02 7.29651749e-01 4.94480774e+02 4.42620087e+02
    6.76310539e-01 5.01169830e+02 4.56667114e+02 5.70533454e-01
    5.05852173e+02 4.67369598e+02 7.08906054e-01 5.00500916e+02
    4.18539459e+02 7.94501126e-01 5.08527802e+02 4.31248688e+02
    6.82939172e-01 5.14547974e+02 4.36599915e+02 6.80532098e-01
    5.17892456e+02 4.40613342e+02 5.27394235e-01</data></hand_left_0>
</opencv_storage>
