<?xml version="1.0"?>
<opencv_storage>
<hand_left_0 type_id="opencv-nd-matrix">
  <sizes>
    1 21 3</sizes>
  <dt>f</dt>
  <data>
    459. 3.92881897e+02 5.00821888e-01 4.45412842e+02 4.05753937e+02
    6.07663393e-01 4.38261719e+02 4.25061951e+02 4.94717538e-01
    4.37546600e+02 4.37218872e+02 3.43697757e-01 4.16808350e+02
    4.32928192e+02 2.80344993e-01 4.50418640e+02 4.17910828e+02
    5.17695904e-01 4.41837280e+02 4.30782867e+02 6.07815325e-01
    4.43267517e+02 4.43654907e+02 6.84671521e-01 4.47558197e+02
    4.55096710e+02 7.80354023e-01 4.65436005e+02 4.13620148e+02
    6.57431364e-01 4.60430206e+02 4.30782867e+02 5.62103093e-01
    4.65436005e+02 4.44369995e+02 6.69797421e-01 4.66866241e+02
    4.55811798e+02 7.68423378e-01 4.81883606e+02 4.08614380e+02
    6.48496926e-01 4.91895172e+02 4.22916626e+02 5.55297017e-01
    4.89034729e+02 4.38649109e+02 4.93478477e-01 5.06912537e+02
    4.44369995e+02 5.40530026e-01 4.95470734e+02 3.98602783e+02
    6.77311242e-01 5.04767212e+02 4.03608582e+02 8.52291882e-01
    5.11203217e+02 4.08614380e+02 8.59878480e-01 5.16924133e+02
    4.15050385e+02 7.97343671e-01</data></hand_left_0>
</opencv_storage>
