<?xml version="1.0"?>
<opencv_storage>
<pose_0 type_id="opencv-nd-matrix">
  <sizes>
    1 18 3</sizes>
  <dt>f</dt>
  <data>
    4.65687317e+02 1.66293503e+02 6.63122892e-01 4.67580811e+02
    1.03721352e+02 8.18759978e-01 3.65890564e+02 1.01719368e+02
    6.97510004e-01 4.12720947e+02 2.91571350e+02 7.40684211e-01
    4.59695496e+02 4.14742371e+02 8.76070619e-01 5.71263977e+02
    1.15441399e+02 6.52155161e-01 5.28268433e+02 3.03234467e+02
    7.44606793e-01 4.95030243e+02 4.22577942e+02 5.89888275e-01
    3.77598907e+02 2.89588867e+02 4.11123037e-01 3.24820251e+02
    4.30503448e+02 4.85120058e-01 2.87633759e+02 4.77393280e+02
    1.33499339e-01 4.91065369e+02 3.03240845e+02 4.20248598e-01
    5.41940613e+02 4.53886902e+02 1.43853083e-01 0. 0. 0. 4.57760498e+02
    1.48766266e+02 6.40525818e-01 4.81349762e+02 1.52615707e+02
    4.96111095e-01 4.12850555e+02 9.00127411e+01 4.46334958e-01
    5.10627228e+02 8.41668091e+01 2.07047403e-01</data></pose_0>
</opencv_storage>
