<?xml version="1.0"?>
<opencv_storage>
<hand_right_0 type_id="opencv-nd-matrix">
  <sizes>
    1 21 3</sizes>
  <dt>f</dt>
  <data>
    4.61375580e+02 4.11109955e+02 6.77820683e-01 4.79258240e+02
    4.19057800e+02 7.22530603e-01 4.99127869e+02 4.28992615e+02
    7.58326769e-01 5.08400330e+02 4.40914368e+02 7.69832373e-01
    5.17672852e+02 4.49524536e+02 7.84638166e-01 4.86543762e+02
    4.35615814e+02 7.49117672e-01 4.94491608e+02 4.51511505e+02
    8.16471577e-01 5.00452484e+02 4.66744873e+02 8.18716764e-01
    5.03764099e+02 4.77342010e+02 9.31252122e-01 4.71972717e+02
    4.36940460e+02 7.98078239e-01 4.79258240e+02 4.56147736e+02
    6.24951541e-01 4.83894470e+02 4.68069519e+02 5.88478327e-01
    4.78595917e+02 4.79328949e+02 4.92609084e-01 4.56739349e+02
    4.40252045e+02 7.04793870e-01 4.60050934e+02 4.52173828e+02
    6.53832912e-01 4.61375580e+02 4.66744873e+02 7.50357151e-01
    4.59388641e+02 4.82640564e+02 7.74645865e-01 4.42168304e+02
    4.40252045e+02 6.76558733e-01 4.41505981e+02 4.52836151e+02
    7.93424666e-01 4.40843658e+02 4.62770935e+02 8.22741807e-01
    4.41505981e+02 4.72705750e+02 7.19838321e-01</data></hand_right_0>
</opencv_storage>
