<?xml version="1.0"?>
<opencv_storage>
<hand_right_0 type_id="opencv-nd-matrix">
  <sizes>
    1 21 3</sizes>
  <dt>f</dt>
  <data>
    4.61900635e+02 4.07222809e+02 6.68166339e-01 4.79191406e+02
    4.14267212e+02 7.48757839e-01 4.99043793e+02 4.23232819e+02
    7.54889846e-01 5.08009399e+02 4.35400391e+02 7.93424129e-01
    5.17615356e+02 4.45646790e+02 8.30440998e-01 4.86876190e+02
    4.30917603e+02 7.49075115e-01 4.95841797e+02 4.47567993e+02
    7.87463188e-01 5.02245789e+02 4.61016388e+02 8.35977316e-01
    5.04166992e+02 4.73183960e+02 8.96629930e-01 4.72147003e+02
    4.34119598e+02 7.85635591e-01 4.79831818e+02 4.50769989e+02
    5.99299490e-01 4.85595398e+02 4.65499176e+02 6.26622260e-01
    4.88157013e+02 4.75745575e+02 5.26346684e-01 4.57417816e+02
    4.35400391e+02 7.54213214e-01 4.59979431e+02 4.50129578e+02
    6.89266264e-01 4.61900635e+02 4.63577972e+02 7.21189499e-01
    4.61900635e+02 4.77666779e+02 7.53419518e-01 4.42048248e+02
    4.35400391e+02 6.57249212e-01 4.41407837e+02 4.48208374e+02
    7.59187162e-01 4.41407837e+02 4.59095184e+02 7.92707562e-01
    4.42048248e+02 4.69341583e+02 8.13245296e-01</data></hand_right_0>
</opencv_storage>
