<?xml version="1.0"?>
<opencv_storage>
<hand_right_0 type_id="opencv-nd-matrix">
  <sizes>
    1 21 3</sizes>
  <dt>f</dt>
  <data>
    4.60468536e+02 3.89964844e+02 6.61891699e-01 4.78520691e+02
    3.96412048e+02 7.34581828e-01 4.99151733e+02 4.04793396e+02
    7.75240421e-01 5.08822540e+02 4.15753662e+02 8.17489028e-01
    5.19782776e+02 4.25424469e+02 8.87748241e-01 4.86902069e+02
    4.13174774e+02 7.40557313e-01 4.95928131e+02 4.29937500e+02
    8.12754154e-01 5.01730621e+02 4.42831909e+02 8.05356383e-01
    5.04954224e+02 4.54436859e+02 9.21720207e-01 4.72718201e+02
    4.15753662e+02 8.20583761e-01 4.80454865e+02 4.33161102e+02
    7.14313626e-01 4.86257324e+02 4.46700226e+02 6.51229560e-01
    4.88836212e+02 4.56371033e+02 5.83009481e-01 4.58534363e+02
    4.18332520e+02 7.32803762e-01 4.61113251e+02 4.32516388e+02
    6.49086058e-01 4.63692139e+02 4.46700226e+02 7.65230119e-01
    4.60468536e+02 4.61528778e+02 7.25710988e-01 4.43061096e+02
    4.19621979e+02 6.87268257e-01 4.42416351e+02 4.31226929e+02
    7.39953160e-01 4.42416351e+02 4.41542450e+02 8.10517430e-01
    4.43061096e+02 4.51213257e+02 7.03184426e-01</data></hand_right_0>
</opencv_storage>
