<?xml version="1.0"?>
<opencv_storage>
<hand_right_0 type_id="opencv-nd-matrix">
  <sizes>
    1 21 3</sizes>
  <dt>f</dt>
  <data>
    4.55957855e+02 3.86699707e+02 5.97382009e-01 4.74016541e+02
    3.91561676e+02 6.94054186e-01 4.92769775e+02 3.97118195e+02
    6.92488194e-01 5.04577362e+02 4.04758392e+02 8.32540751e-01
    5.16384949e+02 4.13787720e+02 7.86083460e-01 4.81656738e+02
    4.08231201e+02 7.12946236e-01 4.92769775e+02 4.21427917e+02
    8.16378117e-01 5.01104553e+02 4.33930084e+02 8.12021613e-01
    5.05966492e+02 4.43653992e+02 8.95914733e-01 4.67765472e+02
    4.13093170e+02 7.12034106e-01 4.76100220e+02 4.26289886e+02
    7.17281044e-01 4.85824127e+02 4.38097473e+02 7.38973498e-01
    4.94853455e+02 4.50599640e+02 8.62709999e-01 4.53179596e+02
    4.15871429e+02 7.21249461e-01 4.54568726e+02 4.28373566e+02
    6.47553802e-01 4.59430695e+02 4.42959412e+02 8.23166072e-01
    4.62208954e+02 4.54767029e+02 7.26482987e-01 4.37204620e+02
    4.16565979e+02 7.29837537e-01 4.37204620e+02 4.31151825e+02
    8.34061801e-01 4.37204620e+02 4.39486603e+02 7.97610760e-01
    4.37899200e+02 4.49905060e+02 7.59322107e-01</data></hand_right_0>
</opencv_storage>
