<?xml version="1.0"?>
<opencv_storage>
<hand_right_0 type_id="opencv-nd-matrix">
  <sizes>
    1 21 3</sizes>
  <dt>f</dt>
  <data>
    4.59807068e+02 3.99878082e+02 6.26703680e-01 4.77523682e+02
    4.06256073e+02 7.28617072e-01 4.98074921e+02 4.14051361e+02
    6.71768963e-01 5.09413544e+02 4.22555328e+02 7.42752910e-01
    5.20043518e+02 4.32476654e+02 8.04348171e-01 4.85318970e+02
    4.21846680e+02 6.99749053e-01 4.94531616e+02 4.38145966e+02
    7.74557829e-01 5.01618256e+02 4.50193237e+02 8.24688792e-01
    5.05870239e+02 4.61531860e+02 9.26749587e-01 4.70437042e+02
    4.24681335e+02 7.76502848e-01 4.77523682e+02 4.39563293e+02
    7.09875047e-01 4.85318970e+02 4.54445221e+02 7.52028942e-01
    4.93114288e+02 4.67201172e+02 9.47755516e-01 4.54137756e+02
    4.27515991e+02 7.20625639e-01 4.58389740e+02 4.38854614e+02
    7.20202982e-01 4.62641724e+02 4.55153900e+02 8.32707286e-01
    4.65476379e+02 4.67201172e+02 7.82433331e-01 4.39964478e+02
    4.28224640e+02 6.47054911e-01 4.38547150e+02 4.42397949e+02
    8.01958740e-01 4.42090454e+02 4.54445221e+02 7.60997891e-01
    4.46342438e+02 4.65075195e+02 7.34157205e-01</data></hand_right_0>
</opencv_storage>
