<?xml version="1.0"?>
<opencv_storage>
<hand_left_0 type_id="opencv-nd-matrix">
  <sizes>
    1 21 3</sizes>
  <dt>f</dt>
  <data>
    4.62151215e+02 3.94344940e+02 5.09158969e-01 4.48685730e+02
    4.06393005e+02 6.13751531e-01 4.39472504e+02 4.20567200e+02
    5.52673280e-01 4.27424469e+02 4.30489105e+02 4.71789122e-01
    4.16085114e+02 4.35450073e+02 7.15897441e-01 4.50811859e+02
    4.21275909e+02 5.23822010e-01 4.42307343e+02 4.34741364e+02
    6.78340316e-01 4.43016052e+02 4.46789429e+02 7.62471497e-01
    4.46559601e+02 4.58128784e+02 8.47445726e-01 4.67112152e+02
    4.18441071e+02 6.38689578e-01 4.61442505e+02 4.34741364e+02
    5.74090242e-01 4.64277344e+02 4.48915558e+02 7.28480995e-01
    4.64277344e+02 4.60963593e+02 7.73792088e-01 4.84121185e+02
    4.14188812e+02 5.89508712e-01 4.95460541e+02 4.31197815e+02
    5.06466448e-01 4.88373444e+02 4.47498138e+02 5.37691474e-01
    4.91916992e+02 4.58128784e+02 5.60640454e-01 5.01130188e+02
    4.08519135e+02 7.02696204e-01 5.09634705e+02 4.12771393e+02
    7.17790425e-01 5.15304382e+02 4.19149780e+02 7.69455671e-01
    5.20265320e+02 4.25528137e+02 7.15784431e-01</data></hand_left_0>
</opencv_storage>
