<?xml version="1.0"?>
<opencv_storage>
<hand_left_0 type_id="opencv-nd-matrix">
  <sizes>
    1 21 3</sizes>
  <dt>f</dt>
  <data>
    4.60178467e+02 3.81064636e+02 5.77934206e-01 4.48570557e+02
    3.94607178e+02 6.75043225e-01 4.38252441e+02 4.10729248e+02
    7.03273475e-01 4.24709900e+02 4.20402527e+02 8.24041486e-01
    4.11812225e+02 4.26206451e+02 8.29938948e-01 4.52439880e+02
    4.14598572e+02 4.67641383e-01 4.42766632e+02 4.21047394e+02
    4.51467276e-01 4.40831970e+02 4.32655304e+02 7.33251214e-01
    4.38897308e+02 4.41683655e+02 6.92508161e-01 4.65982422e+02
    4.10084381e+02 6.75181270e-01 4.60178467e+02 4.30720642e+02
    3.48313212e-01 4.59533600e+02 4.42328552e+02 7.07080066e-01
    4.52439880e+02 4.57160858e+02 6.47170842e-01 4.80814728e+02
    4.06215088e+02 7.07355022e-01 4.89843109e+02 4.25561584e+02
    6.98469639e-01 4.95647064e+02 4.37814362e+02 5.58704376e-01
    5.00161255e+02 4.48777374e+02 7.13959694e-01 4.95647064e+02
    3.99766235e+02 7.48179257e-01 5.02740784e+02 4.12663910e+02
    7.45578885e-01 5.09189606e+02 4.17178101e+02 7.35641301e-01
    5.14993530e+02 4.17178101e+02 6.55177057e-01</data></hand_left_0>
</opencv_storage>
