<?xml version="1.0"?>
<opencv_storage>
<hand_left_0 type_id="opencv-nd-matrix">
  <sizes>
    1 21 3</sizes>
  <dt>f</dt>
  <data>
    4.57533813e+02 3.84863739e+02 5.64660430e-01 4.47194580e+02
    3.97787750e+02 6.53735697e-01 4.38147766e+02 4.15881409e+02
    5.69539666e-01 4.25869965e+02 4.25574402e+02 7.20435619e-01
    4.15530731e+02 4.34621216e+02 8.09718728e-01 4.53010406e+02
    4.13296600e+02 5.43664396e-01 4.42024994e+02 4.23635803e+02
    5.29318690e-01 4.42024994e+02 4.35913635e+02 6.47790909e-01
    4.45255981e+02 4.50130035e+02 5.99320412e-01 4.68519226e+02
    4.08773193e+02 6.90174818e-01 4.62057220e+02 4.24928223e+02
    4.07532185e-01 4.63349609e+02 4.39790833e+02 7.08871365e-01
    4.57533813e+02 4.55299652e+02 5.69396436e-01 4.83381836e+02
    4.04895966e+02 6.72652304e-01 4.93074860e+02 4.22989594e+02
    6.52027011e-01 4.98244476e+02 4.34621216e+02 5.58210790e-01
    5.03414063e+02 4.45606628e+02 5.59586942e-01 4.98244476e+02
    4.01664978e+02 7.01200008e-01 5.05352692e+02 4.10065582e+02
    6.12772226e-01 5.11168488e+02 4.14588989e+02 7.60187209e-01
    5.13753296e+02 4.17173798e+02 6.25378132e-01</data></hand_left_0>
</opencv_storage>
