<?xml version="1.0"?>
<opencv_storage>
<hand_right_0 type_id="opencv-nd-matrix">
  <sizes>
    1 21 3</sizes>
  <dt>f</dt>
  <data>
    4.56411713e+02 3.83776062e+02 6.16257608e-01 4.74470734e+02
    3.88638092e+02 7.09557950e-01 4.93918884e+02 3.94194733e+02
    7.17214882e-01 5.06421295e+02 4.03918793e+02 8.44038367e-01
    5.18923706e+02 4.10864594e+02 8.34943712e-01 4.83500244e+02
    4.04613373e+02 7.30328679e-01 4.94613464e+02 4.20588654e+02
    8.14881206e-01 5.02253815e+02 4.33091064e+02 8.38658988e-01
    5.07115875e+02 4.42815155e+02 8.65166605e-01 4.68914124e+02
    4.10170013e+02 7.44543850e-01 4.77943604e+02 4.22672394e+02
    6.79800928e-01 4.86973114e+02 4.37258514e+02 7.10424364e-01
    4.96002625e+02 4.49066345e+02 8.65600467e-01 4.55022552e+02
    4.15032043e+02 6.88680291e-01 4.56411713e+02 4.26145294e+02
    6.95785642e-01 4.61273773e+02 4.40036835e+02 8.00583839e-01
    4.63357483e+02 4.53928375e+02 7.16098070e-01 4.39047272e+02
    4.15726624e+02 7.25540400e-01 4.39047272e+02 4.29618164e+02
    8.23619545e-01 4.39741852e+02 4.38647675e+02 7.60552645e-01
    4.43214752e+02 4.49066345e+02 6.74822032e-01</data></hand_right_0>
</opencv_storage>
