<?xml version="1.0"?>
<opencv_storage>
<hand_left_0 type_id="opencv-nd-matrix">
  <sizes>
    1 21 3</sizes>
  <dt>f</dt>
  <data>
    4.57236664e+02 3.93930817e+02 5.03056467e-01 4.46131805e+02
    4.09199982e+02 6.04455352e-01 4.36415070e+02 4.30021545e+02
    3.82725298e-01 4.28086426e+02 4.37656128e+02 5.40123224e-01
    4.15593475e+02 4.40432343e+02 7.92804420e-01 4.50296112e+02
    4.24469147e+02 5.03040910e-01 4.40579376e+02 4.37656128e+02
    6.91615343e-01 4.41967499e+02 4.49455048e+02 7.34196305e-01
    4.46131805e+02 4.60559875e+02 7.52559721e-01 4.66259338e+02
    4.20304810e+02 6.20687485e-01 4.61400970e+02 4.37656128e+02
    5.13249815e-01 4.64177185e+02 4.50843140e+02 6.66686058e-01
    4.66259338e+02 4.62642029e+02 7.28865147e-01 4.80140381e+02
    4.14752411e+02 6.22750700e-01 4.92633331e+02 4.31409668e+02
    5.39302707e-01 4.90551178e+02 4.47372864e+02 5.06038308e-01
    4.94715485e+02 4.59171783e+02 5.83325028e-01 4.95409546e+02
    4.05035675e+02 6.45217597e-01 5.05126282e+02 4.09894043e+02
    8.15945566e-01 5.12066833e+02 4.15446442e+02 7.90422320e-01
    5.17619263e+02 4.21692932e+02 7.40687430e-01</data></hand_left_0>
</opencv_storage>
