<?xml version="1.0"?>
<opencv_storage>
<pose_0 type_id="opencv-nd-matrix">
  <sizes>
    1 18 3</sizes>
  <dt>f</dt>
  <data>
    5.02850861e+02 1.01701584e+02 8.57725441e-01 4.61696747e+02
    7.04527435e+01 7.34307110e-01 3.65821350e+02 6.85421143e+01
    6.82298422e-01 4.12864655e+02 2.58193970e+02 7.42461741e-01
    4.59658386e+02 3.83456299e+02 8.51618826e-01 5.69286743e+02
    8.02017593e+01 6.66051805e-01 5.24397400e+02 2.69956024e+02
    7.67180264e-01 4.95042694e+02 3.89319977e+02 5.89505732e-01
    3.81480988e+02 2.91540100e+02 4.24742728e-01 3.24819733e+02
    4.30434143e+02 4.25047904e-01 2.81728210e+02 4.79374664e+02
    1.11466140e-01 4.91066742e+02 3.03289703e+02 4.22853410e-01
    5.41973694e+02 4.16716949e+02 1.06702805e-01 0. 0. 0. 4.81344879e+02
    8.40571976e+01 8.09474349e-01 5.16548462e+02 8.02009506e+01
    7.89410770e-01 4.26462921e+02 3.51633682e+01 7.16083944e-01 0. 0. 0.</data></pose_0>
</opencv_storage>
