<?xml version="1.0"?>
<opencv_storage>
<hand_right_0 type_id="opencv-nd-matrix">
  <sizes>
    1 21 3</sizes>
  <dt>f</dt>
  <data>
    4.60591949e+02 3.90884796e+02 5.76612711e-01 4.77559814e+02
    3.96540741e+02 7.31808364e-01 4.98769684e+02 4.03610687e+02
    6.94884241e-01 5.10788574e+02 4.12094635e+02 8.06662679e-01
    5.22100525e+02 4.21992554e+02 8.38847518e-01 4.86043762e+02
    4.12094635e+02 6.49415135e-01 4.94527710e+02 4.24113556e+02
    7.39489853e-01 5.03718628e+02 4.38960449e+02 7.86908031e-01
    5.07253601e+02 4.48151367e+02 8.11621249e-01 4.70489868e+02
    4.14215607e+02 7.44836986e-01 4.77559814e+02 4.27648529e+02
    7.52790391e-01 4.87457764e+02 4.41081421e+02 7.29437470e-01
    4.95234711e+02 4.54514313e+02 8.54931653e-01 4.54229004e+02
    4.18457581e+02 7.11857438e-01 4.59177948e+02 4.29769501e+02
    6.84740722e-01 4.63419922e+02 4.46030396e+02 8.31772864e-01
    4.65540924e+02 4.58049286e+02 7.83211946e-01 4.38675110e+02
    4.19164581e+02 7.04787433e-01 4.40796112e+02 4.34011475e+02
    7.97420800e-01 4.42917084e+02 4.44616394e+02 8.15127134e-01
    4.47159058e+02 4.55221313e+02 7.71961033e-01</data></hand_right_0>
</opencv_storage>
