<?xml version="1.0"?>
<opencv_storage>
<pose_0 type_id="opencv-nd-matrix">
  <sizes>
    1 18 3</sizes>
  <dt>f</dt>
  <data>
    4.18696167e+02 1.23245621e+02 8.30167532e-01 4.38240417e+02
    8.61058350e+01 7.81865656e-01 3.50189514e+02 9.58564224e+01
    7.20256209e-01 4.04970673e+02 2.56300018e+02 8.32797647e-01
    4.59810089e+02 3.89366577e+02 8.11687052e-01 5.36084595e+02
    8.61480103e+01 7.04668820e-01 5.08771790e+02 2.62170532e+02
    8.39078724e-01 4.92995880e+02 4.03059174e+02 5.69544256e-01
    3.73674042e+02 2.89601196e+02 4.49286640e-01 3.34516541e+02
    4.36334595e+02 5.37046611e-01 3.09114990e+02 4.91106323e+02
    1.00741819e-01 4.75422577e+02 2.97380280e+02 4.85428751e-01
    5.20437378e+02 4.04996429e+02 1.21856764e-01 0. 0. 0. 3.99140778e+02
    1.01750771e+02 8.32454979e-01 4.42148682e+02 9.98500900e+01
    7.95634270e-01 3.71691589e+02 8.40495224e+01 1.68335602e-01
    4.77455811e+02 5.28365631e+01 6.52730346e-01</data></pose_0>
</opencv_storage>
