<?xml version="1.0"?>
<opencv_storage>
<hand_right_0 type_id="opencv-nd-matrix">
  <sizes>
    1 21 3</sizes>
  <dt>f</dt>
  <data>
    4.58398865e+02 3.84694183e+02 6.52970612e-01 4.75944641e+02
    3.89707245e+02 7.19356060e-01 4.93490417e+02 3.95973602e+02
    6.95603013e-01 5.03516571e+02 4.05999756e+02 7.81812966e-01
    5.16049255e+02 4.14145996e+02 8.42974246e-01 4.82837616e+02
    4.02866577e+02 6.44288659e-01 4.93490417e+02 4.19159058e+02
    7.99862683e-01 5.00383392e+02 4.33571655e+02 7.43265986e-01
    5.02889923e+02 4.44224457e+02 9.30454493e-01 4.68425018e+02
    4.05373108e+02 7.40320981e-01 4.76571289e+02 4.19159058e+02
    6.34280682e-01 4.83464264e+02 4.34198303e+02 6.77500844e-01
    4.84717529e+02 4.48610901e+02 6.31213188e-01 4.56518982e+02
    4.09132904e+02 6.23864174e-01 4.57772247e+02 4.19159058e+02
    6.95659339e-01 4.62785309e+02 4.34824921e+02 6.91902578e-01
    4.62785309e+02 4.49864166e+02 6.64608657e-01 4.43359650e+02
    4.11639465e+02 6.61051869e-01 4.42106384e+02 4.20412354e+02
    7.03772902e-01 4.42106384e+02 4.29811859e+02 7.05278933e-01
    4.42733002e+02 4.39838013e+02 7.74764299e-01</data></hand_right_0>
</opencv_storage>
