<?xml version="1.0"?>
<opencv_storage>
<pose_0 type_id="opencv-nd-matrix">
  <sizes>
    1 18 3</sizes>
  <dt>f</dt>
  <data>
    4.59711151e+02 1.17481537e+02 6.69229329e-01 4.69585358e+02
    7.62899017e+01 7.81324744e-01 3.69804871e+02 7.04784775e+01
    6.40508533e-01 4.14775757e+02 2.66089417e+02 7.46071815e-01
    4.59725922e+02 3.95179352e+02 8.67382109e-01 5.71252136e+02
    8.80926819e+01 6.67360723e-01 5.28228882e+02 2.77799866e+02
    7.27955043e-01 4.95013489e+02 4.06959686e+02 5.62411845e-01
    3.81461670e+02 2.97394226e+02 3.98131073e-01 3.24760498e+02
    4.44113800e+02 3.45563740e-01 2.75867981e+02 4.91078766e+02
    6.40207827e-02 4.91134094e+02 3.11083588e+02 4.18088883e-01
    5.24353760e+02 4.05029633e+02 6.62934557e-02 0. 0. 0. 4.48074127e+02
    9.98404007e+01 4.92500424e-01 4.75478729e+02 1.01817726e+02
    5.10336578e-01 4.16694763e+02 5.08656197e+01 9.36696753e-02
    5.08741760e+02 2.15576305e+01 3.21459591e-01</data></pose_0>
</opencv_storage>
