<?xml version="1.0"?>
<opencv_storage>
<pose_0 type_id="opencv-nd-matrix">
  <sizes>
    1 18 3</sizes>
  <dt>f</dt>
  <data>
    4.01074982e+02 1.52592651e+02 8.45844328e-01 4.38279633e+02
    1.15440521e+02 6.87974095e-01 3.52147247e+02 1.19323486e+02
    7.73201287e-01 4.10820129e+02 2.75937531e+02 7.78685629e-01
    4.59805634e+02 4.20622864e+02 7.53704786e-01 5.39954834e+02
    1.19398651e+02 6.85231328e-01 5.12615356e+02 2.91553864e+02
    7.83180058e-01 4.91057892e+02 4.32432220e+02 5.25941968e-01
    3.71721008e+02 3.18928040e+02 4.14875597e-01 3.26730042e+02
    4.69587189e+02 5.59405565e-01 0. 0. 0. 4.73490112e+02 3.22840363e+02
    4.79801863e-01 5.36068970e+02 4.59794312e+02 2.03002825e-01 0. 0. 0.
    3.83443329e+02 1.32984222e+02 8.85928452e-01 4.22600372e+02
    1.31115387e+02 7.91249037e-01 3.65751160e+02 1.13392113e+02
    5.08221686e-02 4.71530060e+02 7.63146133e+01 8.38190079e-01</data></pose_0>
</opencv_storage>
