<?xml version="1.0"?>
<opencv_storage>
<pose_0 type_id="opencv-nd-matrix">
  <sizes>
    1 18 3</sizes>
  <dt>f</dt>
  <data>
    4.44102814e+02 1.46808807e+02 7.10244238e-01 4.63674530e+02
    9.19410858e+01 8.23777854e-01 3.67828674e+02 9.00032349e+01
    6.82844102e-01 4.12886993e+02 2.85670898e+02 7.70561814e-01
    4.59765228e+02 4.05014435e+02 8.54711413e-01 5.71314697e+02
    9.97390671e+01 6.67597950e-01 5.36064941e+02 2.89586121e+02
    8.06690514e-01 4.95048920e+02 4.12803009e+02 6.53950512e-01
    3.77590942e+02 2.87593933e+02 4.24070686e-01 3.24764282e+02
    4.30385468e+02 4.94504541e-01 2.87582397e+02 4.77437103e+02
    1.35622621e-01 4.87149231e+02 3.03271240e+02 4.19629991e-01
    5.41973206e+02 4.48040222e+02 9.63952020e-02 0. 0. 0. 4.30451447e+02
    1.29080017e+02 5.67980051e-01 4.59735901e+02 1.33066345e+02
    5.61000168e-01 4.12746460e+02 8.41299896e+01 1.09002568e-01
    5.02809601e+02 6.85214157e+01 3.25241715e-01</data></pose_0>
</opencv_storage>
