<?xml version="1.0"?>
<opencv_storage>
<hand_left_0 type_id="opencv-nd-matrix">
  <sizes>
    1 21 3</sizes>
  <dt>f</dt>
  <data>
    4.59697083e+02 4.17865906e+02 5.36572158e-01 4.46474335e+02
    4.29619476e+02 6.28944278e-01 4.36924561e+02 4.47249817e+02
    5.38766205e-01 4.28843964e+02 4.53126617e+02 5.02085745e-01
    4.17090424e+02 4.54595795e+02 7.80466914e-01 4.52351105e+02
    4.44311432e+02 5.51677883e-01 4.41332153e+02 4.53126617e+02
    6.38966084e-01 4.42801331e+02 4.65614777e+02 7.25658894e-01
    4.46474335e+02 4.76633728e+02 8.29405487e-01 4.69246857e+02
    4.39169250e+02 6.43194258e-01 4.62635468e+02 4.52391998e+02
    4.49662566e-01 4.65573853e+02 4.65614777e+02 6.65860236e-01
    4.66308472e+02 4.78837524e+02 7.75261104e-01 4.83204224e+02
    4.34027069e+02 6.36660755e-01 4.93488586e+02 4.47249817e+02
    6.30513370e-01 5.00834564e+02 4.59003387e+02 6.13105893e-01
    5.08180542e+02 4.70756958e+02 6.28506362e-01 4.98630768e+02
    4.25211884e+02 7.26791620e-01 5.05976746e+02 4.29619476e+02
    8.41631711e-01 5.14057312e+02 4.35496246e+02 8.48190069e-01
    5.17730286e+02 4.41373047e+02 7.63973236e-01</data></hand_left_0>
</opencv_storage>
