<?xml version="1.0"?>
<opencv_storage>
<pose_0 type_id="opencv-nd-matrix">
  <sizes>
    1 18 3</sizes>
  <dt>f</dt>
  <data>
    5.04771210e+02 1.62370956e+02 8.12248349e-01 4.73446899e+02
    9.98078995e+01 8.15953195e-01 3.67886505e+02 9.78021164e+01
    6.43968463e-01 4.12737213e+02 2.89510925e+02 7.80991554e-01
    4.57851624e+02 4.12814178e+02 8.78051817e-01 5.71327454e+02
    1.03761414e+02 6.54772282e-01 5.28254944e+02 2.99346863e+02
    7.28141069e-01 4.95000397e+02 4.18728363e+02 6.27636731e-01
    3.77597534e+02 2.91515015e+02 3.97943139e-01 3.22852783e+02
    4.30492981e+02 4.62034851e-01 2.79779846e+02 4.79328705e+02
    1.26918972e-01 4.89077393e+02 3.05197052e+02 4.40223455e-01
    5.41988892e+02 4.46108032e+02 1.65201247e-01 0. 0. 0. 4.91097778e+02
    1.46771469e+02 8.11457634e-01 5.20389771e+02 1.42852997e+02
    5.31330884e-01 4.30497650e+02 8.60630493e+01 4.12277907e-01
    5.39890381e+02 8.80909805e+01 7.81068802e-02</data></pose_0>
</opencv_storage>
