<?xml version="1.0"?>
<opencv_storage>
<hand_left_0 type_id="opencv-nd-matrix">
  <sizes>
    1 21 3</sizes>
  <dt>f</dt>
  <data>
    4.59612946e+02 4.02541840e+02 5.66332877e-01 4.47097992e+02
    4.15056793e+02 6.66938901e-01 4.36055359e+02 4.30516479e+02
    5.34726620e-01 4.24276581e+02 4.38614380e+02 5.23547471e-01
    4.12497772e+02 4.43031433e+02 7.87788510e-01 4.49306519e+02
    4.30516479e+02 4.66372818e-01 4.40472412e+02 4.43767609e+02
    6.39344037e-01 4.41208588e+02 4.56282593e+02 7.61278808e-01
    4.42680939e+02 4.67325195e+02 7.75334179e-01 4.64766174e+02
    4.27571777e+02 6.52844906e-01 4.59612946e+02 4.44503784e+02
    5.04915476e-01 4.61085297e+02 4.57754913e+02 5.85717857e-01
    4.64029999e+02 4.71006073e+02 7.30160713e-01 4.82434357e+02
    4.23154724e+02 6.08948410e-01 4.91268463e+02 4.39350555e+02
    6.76891387e-01 4.97894043e+02 4.53337891e+02 6.11428618e-01
    5.03783417e+02 4.65116669e+02 6.20787024e-01 4.97157867e+02
    4.15792969e+02 7.18059599e-01 5.06728119e+02 4.21682373e+02
    8.27160358e-01 5.13353699e+02 4.28307953e+02 8.36854458e-01
    5.17770752e+02 4.37142029e+02 7.45485663e-01</data></hand_left_0>
</opencv_storage>
