<?xml version="1.0"?>
<opencv_storage>
<hand_left_0 type_id="opencv-nd-matrix">
  <sizes>
    1 21 3</sizes>
  <dt>f</dt>
  <data>
    4.58556335e+02 3.94266510e+02 5.59645772e-01 4.45066711e+02
    4.05732697e+02 6.98837698e-01 4.33600525e+02 4.22594727e+02
    4.86614704e-01 4.21459869e+02 4.32711945e+02 6.53882504e-01
    4.14715057e+02 4.38107788e+02 7.09106207e-01 4.46415680e+02
    4.21245758e+02 5.12358785e-01 4.39670868e+02 4.31362976e+02
    6.26626551e-01 4.40345337e+02 4.44178131e+02 8.15746665e-01
    4.40345337e+02 4.54969818e+02 7.23264694e-01 4.63277710e+02
    4.17873352e+02 6.87309206e-01 4.58556335e+02 4.36084351e+02
    4.30567771e-01 4.59230804e+02 4.49573975e+02 6.83523178e-01
    4.61254242e+02 4.61714630e+02 6.63119197e-01 4.79465240e+02
    4.15849915e+02 6.86197996e-01 4.86884552e+02 4.33386414e+02
    6.53331876e-01 4.84186615e+02 4.49573975e+02 5.37877202e-01
    4.80814209e+02 4.61040161e+02 5.82026362e-01 4.94978333e+02
    4.10454071e+02 7.29121447e-01 5.05095551e+02 4.22594727e+02
    6.67714119e-01 5.07118988e+02 4.27990570e+02 6.53176904e-01
    5.06444519e+02 4.29339539e+02 4.53595042e-01</data></hand_left_0>
</opencv_storage>
