<?xml version="1.0"?>
<opencv_storage>
<hand_left_0 type_id="opencv-nd-matrix">
  <sizes>
    1 21 3</sizes>
  <dt>f</dt>
  <data>
    4.58687378e+02 4.02259277e+02 4.87004817e-01 4.46434387e+02
    4.15233032e+02 6.14233375e-01 4.37064453e+02 4.34693665e+02
    4.18189585e-01 4.29136078e+02 4.44063599e+02 4.94505048e-01
    4.14000031e+02 4.44784363e+02 8.25504243e-01 4.47155151e+02
    4.28206787e+02 5.17268658e-01 4.40668274e+02 4.42622070e+02
    6.81164682e-01 4.41389038e+02 4.55595825e+02 7.83801496e-01
    4.44992859e+02 4.66407288e+02 7.76687860e-01 4.63732727e+02
    4.25323730e+02 6.45417035e-01 4.58687378e+02 4.41901306e+02
    5.98046124e-01 4.63732727e+02 4.56316589e+02 6.65326238e-01
    4.64453491e+02 4.67848816e+02 7.93160737e-01 4.78868774e+02
    4.20999146e+02 6.17517710e-01 4.91842529e+02 4.36855957e+02
    5.25761783e-01 4.98329407e+02 4.49108948e+02 5.15735984e-01
    5.04816284e+02 4.59920410e+02 5.66022456e-01 4.94004822e+02
    4.11629211e+02 6.62866890e-01 5.04095520e+02 4.15953796e+02
    8.09793949e-01 5.10582397e+02 4.20999146e+02 8.61339509e-01
    5.16348511e+02 4.27486023e+02 7.65904427e-01</data></hand_left_0>
</opencv_storage>
