<?xml version="1.0"?>
<opencv_storage>
<hand_right_0 type_id="opencv-nd-matrix">
  <sizes>
    1 21 3</sizes>
  <dt>f</dt>
  <data>
    4.55739319e+02 3.99642242e+02 5.64341545e-01 4.73089600e+02
    4.03806305e+02 6.77997530e-01 4.91827881e+02 4.08664368e+02
    6.33389592e-01 5.05708130e+02 4.16298492e+02 7.86403120e-01
    5.17506287e+02 4.24626648e+02 8.90594542e-01 4.83499756e+02
    4.19768555e+02 7.39776492e-01 4.95297943e+02 4.35036804e+02
    8.31936121e-01 5.02238068e+02 4.47528992e+02 8.92519474e-01
    5.07096130e+02 4.57939178e+02 9.03432071e-01 4.68925537e+02
    4.25320648e+02 7.64033973e-01 4.78641693e+02 4.39894867e+02
    7.40436792e-01 4.88357849e+02 4.52387085e+02 7.73547351e-01
    4.96685974e+02 4.64185272e+02 9.29943681e-01 4.53657288e+02
    4.30872742e+02 6.51963949e-01 4.56433319e+02 4.41976929e+02
    7.24869370e-01 4.61291412e+02 4.57939178e+02 8.37038100e-01
    4.65455475e+02 4.69043365e+02 7.41571188e-01 4.38389038e+02
    4.31566742e+02 6.32202923e-01 4.37695007e+02 4.45446960e+02
    7.68704474e-01 4.39083038e+02 4.55163116e+02 7.66705811e-01
    4.41165070e+02 4.64185272e+02 7.85150051e-01</data></hand_right_0>
</opencv_storage>
