<?xml version="1.0"?>
<opencv_storage>
<pose_0 type_id="opencv-nd-matrix">
  <sizes>
    1 18 3</sizes>
  <dt>f</dt>
  <data>
    4.67620880e+02 1.62368469e+02 7.18960285e-01 4.63711731e+02
    1.01687553e+02 8.28558505e-01 3.65844879e+02 9.97759857e+01
    7.10236371e-01 4.12725342e+02 2.93450043e+02 7.62688398e-01
    4.59678162e+02 4.12791626e+02 8.84873509e-01 5.69403503e+02
    1.07635353e+02 6.36352837e-01 5.30237671e+02 2.99347229e+02
    7.26428032e-01 4.95015106e+02 4.18688110e+02 6.09039307e-01
    3.75674225e+02 2.89577850e+02 4.02333945e-01 3.24783539e+02
    4.32409637e+02 4.64470923e-01 2.87624359e+02 4.77383942e+02
    1.39629439e-01 4.91036987e+02 3.01323242e+02 4.04932886e-01
    5.43911377e+02 4.55856415e+02 1.40874952e-01 0. 0. 0. 4.57819244e+02
    1.46731430e+02 5.75497270e-01 4.85200012e+02 1.46722824e+02
    4.82644677e-01 4.12809174e+02 8.60889664e+01 5.59722364e-01
    5.10649963e+02 8.02056198e+01 2.14262486e-01</data></pose_0>
</opencv_storage>
