<?xml version="1.0"?>
<opencv_storage>
<hand_left_0 type_id="opencv-nd-matrix">
  <sizes>
    1 21 3</sizes>
  <dt>f</dt>
  <data>
    4.59394012e+02 3.95019226e+02 5.18263698e-01 4.46060699e+02
    4.06949005e+02 6.36735022e-01 4.36937927e+02 4.25896332e+02
    4.68168586e-01 4.25709900e+02 4.34317352e+02 6.00353420e-01
    4.14481873e+02 4.37826111e+02 7.32438087e-01 4.48867706e+02
    4.22387573e+02 5.51472604e-01 4.42551941e+02 4.34317352e+02
    6.33527637e-01 4.43253693e+02 4.46247131e+02 8.00514340e-01
    4.47464203e+02 4.58176910e+02 7.93330133e-01 4.65008026e+02
    4.18177032e+02 6.32831812e-01 4.60797516e+02 4.35720856e+02
    5.68569243e-01 4.65709778e+02 4.49054138e+02 6.29640579e-01
    4.67113281e+02 4.61685669e+02 7.56178260e-01 4.81850067e+02
    4.12563019e+02 6.16789281e-01 4.93779846e+02 4.30808594e+02
    4.46669221e-01 4.88165833e+02 4.46247131e+02 4.68736798e-01
    4.90271088e+02 4.57475159e+02 6.00973129e-01 4.95183350e+02
    4.03440247e+02 6.46390259e-01 5.05007904e+02 4.06949005e+02
    7.55148709e-01 5.11323669e+02 4.12563019e+02 7.77427673e-01
    5.16937683e+02 4.20282288e+02 6.96354747e-01</data></hand_left_0>
</opencv_storage>
