<?xml version="1.0"?>
<opencv_storage>
<pose_0 type_id="opencv-nd-matrix">
  <sizes>
    1 18 3</sizes>
  <dt>f</dt>
  <data>
    3.91291748e+02 1.64378174e+02 8.76824439e-01 4.32407227e+02
    1.38883255e+02 6.38396621e-01 3.48237183e+02 1.40894150e+02
    7.46366858e-01 4.10903961e+02 2.89519745e+02 8.23413074e-01
    4.59859833e+02 4.22578125e+02 7.77077436e-01 5.28260315e+02
    1.44729675e+02 6.45896435e-01 5.08777405e+02 3.03297241e+02
    8.70923758e-01 4.95008881e+02 4.42183502e+02 5.90022027e-01
    3.67895020e+02 3.26740356e+02 4.38197613e-01 3.24819458e+02
    4.79332520e+02 6.13574147e-01 0. 0. 0. 4.69578308e+02 3.36524994e+02
    4.37533170e-01 5.06744385e+02 4.34354828e+02 9.98707339e-02 0. 0. 0.
    3.69830292e+02 1.46776672e+02 8.49637151e-01 4.08941772e+02
    1.44734528e+02 7.69340277e-01 0. 0. 0. 4.57865814e+02 9.39159241e+01
    8.79726648e-01</data></pose_0>
</opencv_storage>
