<?xml version="1.0"?>
<opencv_storage>
<hand_left_0 type_id="opencv-nd-matrix">
  <sizes>
    1 21 3</sizes>
  <dt>f</dt>
  <data>
    4.61007446e+02 4.24577881e+02 5.96758008e-01 4.47149841e+02
    4.36247467e+02 6.60673857e-01 4.36209625e+02 4.52293121e+02
    5.78685701e-01 4.25998749e+02 4.58857239e+02 5.70871890e-01
    4.13599854e+02 4.62503998e+02 7.95250654e-01 4.52255280e+02
    4.53022461e+02 5.14628291e-01 4.39127014e+02 4.62503998e+02
    5.27211845e-01 4.40585724e+02 4.74173553e+02 6.97462678e-01
    4.43503113e+02 4.85113770e+02 7.84931779e-01 4.66842255e+02
    4.48646362e+02 6.78863108e-01 4.61736816e+02 4.65421387e+02
    4.14469659e-01 4.61736816e+02 4.77820282e+02 5.85346520e-01
    4.63195496e+02 4.90219208e+02 7.87635446e-01 4.81429199e+02
    4.43540924e+02 6.06264591e-01 4.90910736e+02 4.60315948e+02
    6.85877979e-01 4.96745514e+02 4.74902893e+02 6.23237312e-01
    5.03309631e+02 4.86572449e+02 6.27621353e-01 4.96016144e+02
    4.36247467e+02 7.16388106e-01 5.04768341e+02 4.42082245e+02
    8.17528427e-01 5.12791138e+02 4.47917023e+02 8.27469349e-01
    5.17896606e+02 4.55939850e+02 7.43983626e-01</data></hand_left_0>
</opencv_storage>
