<?xml version="1.0"?>
<opencv_storage>
<hand_right_0 type_id="opencv-nd-matrix">
  <sizes>
    1 21 3</sizes>
  <dt>f</dt>
  <data>
    4.60648834e+02 4.07758362e+02 5.95204175e-01 4.78110504e+02
    4.15441498e+02 7.09760249e-01 4.99064484e+02 4.23124603e+02
    7.05581427e-01 5.08843018e+02 4.31506226e+02 7.05857038e-01
    5.17923096e+02 4.39189331e+02 8.09489489e-01 4.85793640e+02
    4.30109283e+02 6.71070755e-01 4.94175232e+02 4.44777069e+02
    7.73247719e-01 5.01858368e+02 4.57349457e+02 8.12890828e-01
    5.06049164e+02 4.67826477e+02 8.92080963e-01 4.71125824e+02
    4.32903137e+02 7.67786503e-01 4.78110504e+02 4.46872467e+02
    7.22414613e-01 4.85793640e+02 4.61540283e+02 7.19066858e-01
    4.94175232e+02 4.73414185e+02 8.83084774e-01 4.55061096e+02
    4.34998535e+02 6.91965759e-01 4.58553436e+02 4.46174011e+02
    6.94084644e-01 4.61347290e+02 4.62937195e+02 8.08578908e-01
    4.66236572e+02 4.74811127e+02 7.24617064e-01 4.41091766e+02
    4.34998535e+02 6.71157360e-01 4.38297913e+02 4.50364807e+02
    8.81007552e-01 4.38996368e+02 4.60841797e+02 7.46688068e-01
    4.43187164e+02 4.72017273e+02 7.55308449e-01</data></hand_right_0>
</opencv_storage>
