<?xml version="1.0"?>
<opencv_storage>
<hand_left_0 type_id="opencv-nd-matrix">
  <sizes>
    1 21 3</sizes>
  <dt>f</dt>
  <data>
    4.60312744e+02 4.14982544e+02 5.12991130e-01 4.46451508e+02
    4.26655151e+02 6.38875365e-01 4.36237976e+02 4.44164093e+02
    5.49182594e-01 4.26024414e+02 4.50000397e+02 6.09671950e-01
    4.13622284e+02 4.55107147e+02 8.40057492e-01 4.47910583e+02
    4.43434540e+02 4.97129023e-01 4.39156128e+02 4.55836700e+02
    6.59137845e-01 4.39885651e+02 4.68238861e+02 7.90740073e-01
    4.43533356e+02 4.79181946e+02 8.51661205e-01 4.63960449e+02
    4.39057312e+02 6.24228239e-01 4.59583191e+02 4.56566223e+02
    5.38213074e-01 4.61771820e+02 4.71157013e+02 6.21679544e-01
    4.62501343e+02 4.84288696e+02 8.17689180e-01 4.80010284e+02
    4.36868683e+02 5.94880283e-01 4.89494293e+02 4.52918549e+02
    6.24734044e-01 4.95330597e+02 4.67509308e+02 6.00567520e-01
    5.01896454e+02 4.79181946e+02 5.44302046e-01 4.96789673e+02
    4.29573303e+02 7.16696322e-01 5.06273682e+02 4.35409607e+02
    7.92265892e-01 5.12839539e+02 4.39786835e+02 8.42749000e-01
    5.17946289e+02 4.48541321e+02 7.20903873e-01</data></hand_left_0>
</opencv_storage>
