<?xml version="1.0"?>
<opencv_storage>
<pose_0 type_id="opencv-nd-matrix">
  <sizes>
    1 18 3</sizes>
  <dt>f</dt>
  <data>
    4.46047455e+02 1.62453903e+02 7.06415057e-01 4.63675507e+02
    9.98440781e+01 8.12429547e-01 3.67839020e+02 9.97377548e+01
    7.02972174e-01 4.12851440e+02 2.89629242e+02 7.77321279e-01
    4.59756378e+02 4.12779236e+02 8.83173764e-01 5.71300537e+02
    1.03729950e+02 6.53055012e-01 5.36042114e+02 3.01234802e+02
    7.80189276e-01 4.93089355e+02 4.22624664e+02 5.88253081e-01
    3.77574280e+02 2.93463104e+02 4.14497763e-01 3.22830017e+02
    4.30434998e+02 5.13275385e-01 2.85653107e+02 4.77407959e+02
    1.43499434e-01 4.87201233e+02 3.05229034e+02 4.27570522e-01
    5.40021362e+02 4.51950104e+02 1.32481009e-01 0. 0. 0. 4.34324890e+02
    1.44795197e+02 5.83284378e-01 4.61707184e+02 1.48742279e+02
    5.56464851e-01 4.10798065e+02 9.78128815e+01 1.35912284e-01
    5.02851410e+02 8.41266937e+01 2.93713272e-01</data></pose_0>
</opencv_storage>
