<?xml version="1.0"?>
<opencv_storage>
<hand_right_0 type_id="opencv-nd-matrix">
  <sizes>
    1 21 3</sizes>
  <dt>f</dt>
  <data>
    4.58412659e+02 4.05826874e+02 5.45399487e-01 4.77373047e+02
    4.10931580e+02 6.92207873e-01 4.97062683e+02 4.17494812e+02
    6.61662340e-01 5.07272125e+02 4.23328766e+02 7.43732691e-01
    5.17481567e+02 4.29891968e+02 7.67179191e-01 4.83936279e+02
    4.25516510e+02 6.34576678e-01 4.95604187e+02 4.39372162e+02
    7.50367820e-01 5.03625885e+02 4.52498596e+02 8.61340463e-01
    5.08730621e+02 4.62708008e+02 8.43738496e-01 4.68622101e+02
    4.29162720e+02 7.16928065e-01 4.78102295e+02 4.43018402e+02
    7.01467693e-01 4.89040985e+02 4.57603302e+02 7.90905595e-01
    4.97791931e+02 4.69271240e+02 9.34182525e-01 4.54037201e+02
    4.33538208e+02 6.50839388e-01 4.58412659e+02 4.45935364e+02
    7.10747957e-01 4.62058899e+02 4.60520294e+02 7.87116170e-01
    4.67163605e+02 4.72188202e+02 7.50453591e-01 4.38723053e+02
    4.34267456e+02 6.10645711e-01 4.38723053e+02 4.49581604e+02
    7.65382648e-01 4.41640015e+02 4.59061798e+02 7.88529456e-01
    4.47473999e+02 4.70729706e+02 8.01084936e-01</data></hand_right_0>
</opencv_storage>
