<?xml version="1.0"?>
<opencv_storage>
<pose_0 type_id="opencv-nd-matrix">
  <sizes>
    1 18 3</sizes>
  <dt>f</dt>
  <data>
    5.04725006e+02 1.72182205e+02 6.78719044e-01 4.75479889e+02
    1.05630569e+02 8.04480016e-01 3.75655334e+02 9.97778549e+01
    6.41809106e-01 4.12911102e+02 2.91590637e+02 7.87003040e-01
    4.59722412e+02 4.16760010e+02 8.76247585e-01 5.77189392e+02
    1.15471634e+02 6.46065116e-01 5.32173157e+02 3.05260590e+02
    7.54705727e-01 4.95040680e+02 4.18724609e+02 6.08537138e-01
    3.79554169e+02 2.93499939e+02 4.16801453e-01 3.24813782e+02
    4.34341187e+02 5.08751452e-01 2.11314957e+02 4.91131378e+02
    2.15266109e-01 4.89122620e+02 3.07174683e+02 4.53926146e-01
    5.45860779e+02 4.46101471e+02 1.55644357e-01 0. 0. 0. 4.93023132e+02
    1.56544418e+02 7.56192505e-01 5.20439514e+02 1.54582397e+02
    3.14476699e-01 4.32379272e+02 9.19640121e+01 3.42358798e-01
    5.45914490e+02 1.07577362e+02 1.01118058e-01</data></pose_0>
</opencv_storage>
