<?xml version="1.0"?>
<opencv_storage>
<pose_0 type_id="opencv-nd-matrix">
  <sizes>
    1 18 3</sizes>
  <dt>f</dt>
  <data>
    4.59738739e+02 1.76095856e+02 7.54076838e-01 4.63721741e+02
    1.07594902e+02 7.89436758e-01 3.67826324e+02 1.01756660e+02
    7.26915538e-01 4.14743896e+02 2.89655304e+02 7.65454590e-01
    4.59751007e+02 4.16734070e+02 8.67114127e-01 5.71329285e+02
    1.15479370e+02 6.54248536e-01 5.30187073e+02 3.03248138e+02
    7.51718700e-01 4.96961029e+02 4.26486145e+02 5.81400096e-01
    3.81501740e+02 2.93461700e+02 4.14616704e-01 3.20936462e+02
    4.38244904e+02 3.39012057e-01 2.81746552e+02 4.87179596e+02
    9.02779698e-02 4.91132202e+02 3.07190765e+02 4.26511407e-01
    5.47839417e+02 4.48051025e+02 1.87905490e-01 0. 0. 0. 4.44049042e+02
    1.58447220e+02 6.49938941e-01 4.75461334e+02 1.60433762e+02
    6.71679258e-01 3.97207092e+02 1.01737587e+02 3.20215642e-01
    5.14547302e+02 8.60783005e+01 4.54268485e-01</data></pose_0>
</opencv_storage>
