<?xml version="1.0"?>
<opencv_storage>
<pose_0 type_id="opencv-nd-matrix">
  <sizes>
    1 18 3</sizes>
  <dt>f</dt>
  <data>
    4.98945160e+02 1.60370972e+02 7.45314956e-01 4.69590607e+02
    9.98292236e+01 7.90134907e-01 3.67778595e+02 9.78449936e+01
    6.74353957e-01 4.08936096e+02 2.85616486e+02 7.29428113e-01
    4.57857666e+02 4.10821899e+02 8.53446662e-01 5.69374695e+02
    1.07591812e+02 6.59583688e-01 5.26336731e+02 3.01262939e+02
    7.53767014e-01 4.95018829e+02 4.12838257e+02 6.85743034e-01
    3.73669128e+02 2.91534241e+02 4.12504286e-01 3.22881927e+02
    4.32418884e+02 4.97638553e-01 2.79781250e+02 4.81305603e+02
    9.92226526e-02 4.87149902e+02 3.05243256e+02 4.28641140e-01
    5.45889099e+02 4.44105927e+02 1.54706493e-01 0. 0. 0. 4.89117432e+02
    1.42833878e+02 7.30071008e-01 5.14585022e+02 1.35066986e+02
    5.08329868e-01 4.26518982e+02 8.21702347e+01 5.58137178e-01
    5.38178040e+02 9.19252167e+01 9.45224315e-02</data></pose_0>
</opencv_storage>
