<?xml version="1.0"?>
<opencv_storage>
<hand_left_0 type_id="opencv-nd-matrix">
  <sizes>
    1 21 3</sizes>
  <dt>f</dt>
  <data>
    4.59273468e+02 3.87572144e+02 5.84588408e-01 4.47990601e+02
    4.01675720e+02 6.24551952e-01 4.38118073e+02 4.21420746e+02
    6.21401787e-01 4.40233612e+02 4.34113983e+02 6.90070033e-01
    4.45169891e+02 4.50333099e+02 6.22318268e-01 4.55042389e+02
    4.15779327e+02 6.58120096e-01 4.59273468e+02 4.31998444e+02
    6.63549721e-01 4.62799347e+02 4.41165771e+02 6.05101883e-01
    4.64914886e+02 4.51038269e+02 4.41268265e-01 4.70556335e+02
    4.08727509e+02 7.28010178e-01 4.80428833e+02 4.27767365e+02
    7.72958219e-01 4.86775452e+02 4.39050232e+02 5.96056461e-01
    4.93122070e+02 4.48217560e+02 4.78330433e-01 4.83954742e+02
    4.04496460e+02 6.75233185e-01 4.95237610e+02 4.22125916e+02
    6.39462292e-01 5.00173859e+02 4.32703613e+02 5.93219757e-01
    5.06520477e+02 4.41870941e+02 6.52424216e-01 4.98058319e+02
    3.97444641e+02 7.16567457e-01 5.05815308e+02 4.01675720e+02
    7.86900222e-01 5.13572266e+02 4.08727509e+02 7.75628567e-01
    5.17803345e+02 4.15779327e+02 7.36991107e-01</data></hand_left_0>
</opencv_storage>
