<?xml version="1.0"?>
<opencv_storage>
<pose_0 type_id="opencv-nd-matrix">
  <sizes>
    1 18 3</sizes>
  <dt>f</dt>
  <data>
    5.06714417e+02 1.07631386e+02 8.13266635e-01 4.65664886e+02
    7.24045868e+01 6.99993134e-01 3.67858582e+02 7.03730850e+01
    6.67015910e-01 4.12807007e+02 2.58321716e+02 7.92050004e-01
    4.57817749e+02 3.89319122e+02 8.22755694e-01 5.69404480e+02
    8.60666428e+01 6.81724191e-01 5.24383362e+02 2.79751862e+02
    7.53014207e-01 4.93119446e+02 3.97204254e+02 6.13618970e-01
    3.79557281e+02 2.99347565e+02 3.96410555e-01 3.22886658e+02
    4.32384491e+02 3.96114558e-01 2.83694550e+02 4.83252350e+02
    1.09958932e-01 4.91056702e+02 3.13052979e+02 3.85476917e-01
    5.22414246e+02 3.99144226e+02 6.01694584e-02 0. 0. 0. 4.91086365e+02
    8.60780258e+01 7.73504078e-01 5.24301697e+02 8.41193390e+01
    7.29427576e-01 4.30517822e+02 3.71791229e+01 6.37815595e-01 0. 0. 0.</data></pose_0>
</opencv_storage>
