<?xml version="1.0"?>
<opencv_storage>
<pose_0 type_id="opencv-nd-matrix">
  <sizes>
    1 18 3</sizes>
  <dt>f</dt>
  <data>
    4.85226868e+02 1.62330368e+02 7.17074573e-01 4.71489502e+02
    9.00125427e+01 7.90830970e-01 3.69759521e+02 8.41812820e+01
    6.60009205e-01 4.12894104e+02 2.75928711e+02 7.82582164e-01
    4.59731537e+02 4.03017548e+02 8.72992575e-01 5.67415161e+02
    9.97717361e+01 6.75454617e-01 5.24346252e+02 2.89501251e+02
    8.38919461e-01 4.91068878e+02 4.14847656e+02 5.75779915e-01
    3.77628113e+02 2.81723480e+02 4.02396977e-01 3.22845825e+02
    4.28517212e+02 5.06671429e-01 2.85626709e+02 4.79343445e+02
    7.76224211e-02 4.87174652e+02 3.01286224e+02 4.40379798e-01
    5.41970642e+02 4.36297119e+02 1.48139581e-01 0. 0. 0. 4.75398346e+02
    1.46747009e+02 7.61478543e-01 4.96980408e+02 1.46759888e+02
    5.15175343e-01 4.24574585e+02 8.41309891e+01 2.39602149e-01
    5.30228394e+02 9.58461761e+01 1.67299166e-01</data></pose_0>
</opencv_storage>
