<?xml version="1.0"?>
<opencv_storage>
<hand_right_0 type_id="opencv-nd-matrix">
  <sizes>
    1 21 3</sizes>
  <dt>f</dt>
  <data>
    4.54830658e+02 3.96689972e+02 5.79111993e-01 4.71941193e+02
    3.98743225e+02 6.57549679e-01 4.91789429e+02 4.04218597e+02
    6.40814841e-01 5.04793427e+02 4.13800507e+02 8.32246602e-01
    5.18481873e+02 4.20644714e+02 8.13886762e-01 4.82207520e+02
    4.14484924e+02 7.09987879e-01 4.94527100e+02 4.30226624e+02
    8.09389234e-01 5.02055756e+02 4.41861786e+02 8.61698389e-01
    5.07531128e+02 4.52812531e+02 9.00117636e-01 4.67834686e+02
    4.20644714e+02 7.29873955e-01 4.77416565e+02 4.35017578e+02
    7.09744751e-01 4.87682892e+02 4.47337158e+02 7.15551138e-01
    4.97264801e+02 4.59656738e+02 8.61575484e-01 4.53461823e+02
    4.25435669e+02 6.89496398e-01 4.56199493e+02 4.37755249e+02
    6.80111945e-01 4.60306030e+02 4.52812531e+02 8.18091333e-01
    4.65096985e+02 4.65132111e+02 7.21550763e-01 4.38404541e+02
    4.26120087e+02 6.39149845e-01 4.38404541e+02 4.40492950e+02
    7.96397090e-01 4.38404541e+02 4.50759277e+02 7.32153475e-01
    4.39773376e+02 4.59656738e+02 7.37462461e-01</data></hand_right_0>
</opencv_storage>
