<?xml version="1.0"?>
<opencv_storage>
<pose_0 type_id="opencv-nd-matrix">
  <sizes>
    1 18 3</sizes>
  <dt>f</dt>
  <data>
    4.93137939e+02 9.59002533e+01 8.45514715e-01 4.63701782e+02
    7.04107208e+01 7.23129153e-01 3.67785217e+02 6.84457321e+01
    6.60279334e-01 4.14748444e+02 2.56343933e+02 7.33473539e-01
    4.59701141e+02 3.81473328e+02 8.52720976e-01 5.69282776e+02
    8.02152481e+01 6.82539165e-01 5.24357544e+02 2.69968445e+02
    7.67958164e-01 4.96987183e+02 3.87380432e+02 5.75715601e-01
    3.79565491e+02 2.93479218e+02 4.29072499e-01 3.22870453e+02
    4.30418823e+02 4.94701982e-01 2.17167175e+02 4.93028320e+02
    1.29276589e-01 4.89087799e+02 3.03278351e+02 4.26663339e-01
    5.22347046e+02 3.91307617e+02 6.70078173e-02 0. 0. 0. 4.77432861e+02
    7.04774399e+01 8.20729673e-01 5.12610352e+02 7.24329529e+01
    8.16494644e-01 4.20618439e+02 1.95675373e+01 6.85164332e-01
    5.45930603e+02 4.85887432e+00 1.02095239e-01</data></pose_0>
</opencv_storage>
