<?xml version="1.0"?>
<opencv_storage>
<hand_left_0 type_id="opencv-nd-matrix">
  <sizes>
    1 21 3</sizes>
  <dt>f</dt>
  <data>
    4.61925781e+02 4.31384308e+02 5.72023451e-01 4.48699432e+02
    4.42091370e+02 6.41749799e-01 4.39881836e+02 4.57837067e+02
    5.94626963e-01 4.26655457e+02 4.67914307e+02 5.36496878e-01
    4.13429108e+02 4.72952911e+02 7.19249010e-01 4.53738037e+02
    4.57837067e+02 5.93913615e-01 4.42401154e+02 4.66654633e+02
    5.70594907e-01 4.41141510e+02 4.77991516e+02 6.93198502e-01
    4.37992371e+02 4.86179291e+02 6.78522408e-01 4.69483734e+02
    4.54058105e+02 7.19810128e-01 4.62555634e+02 4.71063416e+02
    3.92834634e-01 4.62555634e+02 4.83030151e+02 6.58356309e-01
    4.53738037e+02 4.98145996e+02 5.74024379e-01 4.86489044e+02
    4.52798431e+02 6.87605858e-01 4.93417145e+02 4.71063416e+02
    6.93891287e-01 4.99085602e+02 4.83030151e+02 5.81950247e-01
    5.04124237e+02 4.93737213e+02 7.01055229e-01 5.00975098e+02
    4.47759827e+02 7.49432147e-01 5.08533020e+02 4.62875671e+02
    7.25624859e-01 5.13571655e+02 4.67284454e+02 5.88069856e-01
    5.17350586e+02 4.70433594e+02 4.19885188e-01</data></hand_left_0>
</opencv_storage>
