<?xml version="1.0"?>
<opencv_storage>
<hand_right_0 type_id="opencv-nd-matrix">
  <sizes>
    1 21 3</sizes>
  <dt>f</dt>
  <data>
    4.58379059e+02 3.84083008e+02 6.34782135e-01 4.75302551e+02
    3.89724182e+02 6.89744532e-01 4.93479614e+02 3.96618927e+02
    7.00902820e-01 5.03508331e+02 4.06647644e+02 7.98787832e-01
    5.16671082e+02 4.14169220e+02 8.48847926e-01 4.83450897e+02
    4.02886871e+02 6.53778911e-01 4.93479614e+02 4.19810364e+02
    8.20444465e-01 5.00374359e+02 4.33599884e+02 7.93944478e-01
    5.03508331e+02 4.44255402e+02 9.15500641e-01 4.69034576e+02
    4.06647644e+02 7.10131526e-01 4.78436523e+02 4.22944336e+02
    6.81669116e-01 4.85958069e+02 4.35480255e+02 6.17301404e-01
    4.90972443e+02 4.47389374e+02 7.04920173e-01 4.56498657e+02
    4.09154846e+02 6.23644233e-01 4.58379059e+02 4.21690765e+02
    5.90536833e-01 4.62766632e+02 4.36733856e+02 6.66688859e-01
    4.63393433e+02 4.48642975e+02 6.24561906e-01 4.42709167e+02
    4.12288818e+02 6.70488298e-01 4.42082367e+02 4.21063965e+02
    6.96534395e-01 4.41455566e+02 4.29212311e+02 6.94621205e-01
    4.42082367e+02 4.39241028e+02 7.65166581e-01</data></hand_right_0>
</opencv_storage>
