<?xml version="1.0"?>
<opencv_storage>
<pose_0 type_id="opencv-nd-matrix">
  <sizes>
    1 18 3</sizes>
  <dt>f</dt>
  <data>
    4.98937012e+02 9.98576660e+01 7.85651088e-01 4.65664948e+02
    6.26233635e+01 6.93384111e-01 3.67891907e+02 6.06737938e+01
    6.32941782e-01 4.20663544e+02 2.52416946e+02 6.84354484e-01
    4.59830902e+02 3.83409363e+02 8.36543202e-01 5.71317322e+02
    7.43273849e+01 6.79873288e-01 5.26276123e+02 2.64145660e+02
    7.73178816e-01 4.93096832e+02 3.97156860e+02 4.72915709e-01
    3.81518097e+02 2.93488220e+02 3.92522991e-01 3.26732788e+02
    4.30411285e+02 3.95666212e-01 2.87639984e+02 4.79328064e+02
    1.16306856e-01 4.91102722e+02 3.05202332e+02 4.17455167e-01
    5.22434753e+02 3.91328735e+02 6.46741018e-02 0. 0. 0. 4.83268005e+02
    8.21348801e+01 7.51736104e-01 5.16550232e+02 7.63370972e+01
    7.07092822e-01 4.26533051e+02 1.95711613e+01 4.15561438e-01 0. 0. 0.</data></pose_0>
</opencv_storage>
