<?xml version="1.0"?>
<opencv_storage>
<hand_right_0 type_id="opencv-nd-matrix">
  <sizes>
    1 21 3</sizes>
  <dt>f</dt>
  <data>
    4.62272919e+02 4.24784637e+02 6.35034561e-01 4.79706665e+02
    4.31010986e+02 7.15380788e-01 4.99630951e+02 4.40973114e+02
    7.92354167e-01 5.08347839e+02 4.55293701e+02 7.65551746e-01
    5.17687317e+02 4.63387939e+02 8.24910104e-01 4.87800903e+02
    4.48444733e+02 7.52668381e-01 4.95272522e+02 4.65878479e+02
    8.25148821e-01 5.00876221e+02 4.80199036e+02 8.01576376e-01
    5.03366760e+02 4.90783813e+02 9.56909060e-01 4.72857697e+02
    4.50935272e+02 7.88163900e-01 4.79084045e+02 4.68991638e+02
    7.05499411e-01 4.84687744e+02 4.81444305e+02 6.23422503e-01
    4.87800903e+02 4.92029083e+02 5.13355613e-01 4.57914490e+02
    4.52803162e+02 6.97965801e-01 4.59159760e+02 4.66501099e+02
    6.55898035e-01 4.62272919e+02 4.80199036e+02 7.14420080e-01
    4.57291870e+02 4.95142273e+02 6.35076761e-01 4.42971283e+02
    4.51557892e+02 6.84868872e-01 4.40480743e+02 4.64633209e+02
    7.67780423e-01 4.39235474e+02 4.73972717e+02 7.39470661e-01
    4.37990204e+02 4.84557495e+02 8.50680351e-01</data></hand_right_0>
</opencv_storage>
