<?xml version="1.0"?>
<opencv_storage>
<pose_0 type_id="opencv-nd-matrix">
  <sizes>
    1 18 3</sizes>
  <dt>f</dt>
  <data>
    4.30503204e+02 1.29115616e+02 7.77531862e-01 4.63748352e+02
    8.60437775e+01 8.05485845e-01 3.69821014e+02 8.21844025e+01
    7.38095582e-01 4.14839355e+02 2.71957031e+02 7.37290204e-01
    4.59774048e+02 3.97208008e+02 8.96757364e-01 5.71357849e+02
    9.98299179e+01 6.54307246e-01 5.34123230e+02 2.83727325e+02
    7.38531113e-01 4.95032288e+02 4.10816803e+02 5.93772233e-01
    3.79563141e+02 2.91524841e+02 4.19578731e-01 3.22805969e+02
    4.34345215e+02 3.34148049e-01 2.85619629e+02 4.81320465e+02
    9.65058804e-02 4.89113739e+02 3.07175812e+02 4.31554794e-01
    5.41959229e+02 4.40214874e+02 6.22495450e-02 0. 0. 0. 4.18668182e+02
    1.01811523e+02 6.97316647e-01 4.53893585e+02 1.13411690e+02
    6.58155680e-01 4.08856232e+02 7.04231720e+01 7.53499195e-02
    5.08637085e+02 5.67121620e+01 5.41629672e-01</data></pose_0>
</opencv_storage>
