<?xml version="1.0"?>
<opencv_storage>
<hand_right_0 type_id="opencv-nd-matrix">
  <sizes>
    1 21 3</sizes>
  <dt>f</dt>
  <data>
    4.58403320e+02 3.84075348e+02 6.24516428e-01 4.75321747e+02
    3.89714813e+02 7.12697923e-01 4.92866760e+02 3.95354279e+02
    6.90936506e-01 5.03519073e+02 4.06006622e+02 7.88887143e-01
    5.16051270e+02 4.14152527e+02 8.43094051e-01 4.82841034e+02
    4.02246979e+02 6.30399287e-01 4.93493378e+02 4.19165375e+02
    7.96259701e-01 5.00386047e+02 4.33577362e+02 7.39480674e-01
    5.02892487e+02 4.44229706e+02 9.38609958e-01 4.68429047e+02
    4.04753418e+02 7.27710068e-01 4.76574951e+02 4.19165375e+02
    5.55914640e-01 4.82841034e+02 4.34203979e+02 6.65438056e-01
    4.85974060e+02 4.47989349e+02 6.75334096e-01 4.56523499e+02
    4.09139648e+02 5.92914641e-01 4.57776733e+02 4.19165375e+02
    6.96876705e-01 4.62789581e+02 4.35457184e+02 6.90719783e-01
    4.63416199e+02 4.49242554e+02 6.46176100e-01 4.43364746e+02
    4.11646088e+02 6.47502601e-01 4.42738129e+02 4.20418610e+02
    7.07133770e-01 4.42111542e+02 4.29817719e+02 7.04404175e-01
    4.42738129e+02 4.39843445e+02 7.54049599e-01</data></hand_right_0>
</opencv_storage>
