<?xml version="1.0"?>
<opencv_storage>
<hand_right_0 type_id="opencv-nd-matrix">
  <sizes>
    1 21 3</sizes>
  <dt>f</dt>
  <data>
    4.59488434e+02 3.92271362e+02 5.77392578e-01 4.77421082e+02
    4.00879028e+02 7.15740561e-01 4.98940277e+02 4.09486725e+02
    7.12125599e-01 5.11134491e+02 4.20246307e+02 7.13675559e-01
    5.19742188e+02 4.29571289e+02 7.28060961e-01 4.83876862e+02
    4.17377075e+02 5.91183126e-01 4.92484528e+02 4.32440521e+02
    7.66335607e-01 4.99657593e+02 4.48221283e+02 8.43519330e-01
    5.04678741e+02 4.58263580e+02 8.32679868e-01 4.69530701e+02
    4.20246307e+02 7.11886644e-01 4.75986481e+02 4.34592438e+02
    5.93529761e-01 4.83159546e+02 4.50373199e+02 7.38822877e-01
    4.89615295e+02 4.64002014e+02 8.12288284e-01 4.54467285e+02
    4.24550171e+02 6.55896544e-01 4.58053802e+02 4.36027069e+02
    6.71362638e-01 4.60923035e+02 4.52525116e+02 8.40787113e-01
    4.65226868e+02 4.65436646e+02 8.00547242e-01 4.37969238e+02
    4.25267456e+02 6.70828640e-01 4.37969238e+02 4.38178986e+02
    7.91980803e-01 4.39403839e+02 4.48938568e+02 7.49646366e-01
    4.42990356e+02 4.59698181e+02 7.07559824e-01</data></hand_right_0>
</opencv_storage>
