<?xml version="1.0"?>
<opencv_storage>
<hand_right_0 type_id="opencv-nd-matrix">
  <sizes>
    1 21 3</sizes>
  <dt>f</dt>
  <data>
    4.57715027e+02 3.83831390e+02 6.61701918e-01 4.74599609e+02
    3.91624237e+02 7.26091743e-01 4.92133575e+02 4.00066528e+02
    6.98234022e-01 5.01874664e+02 4.13054657e+02 6.91531658e-01
    5.09018127e+02 4.21496948e+02 8.05161357e-01 4.81093658e+02
    4.09158234e+02 7.61340976e-01 4.88237122e+02 4.25393372e+02
    7.53698647e-01 4.96029999e+02 4.39030914e+02 7.34841883e-01
    4.97978241e+02 4.50070831e+02 9.41147327e-01 4.66157318e+02
    4.10457031e+02 7.95005977e-01 4.72001984e+02 4.25393372e+02
    6.40890300e-01 4.77197235e+02 4.40329742e+02 6.90214157e-01
    4.76547821e+02 4.55266083e+02 6.28016829e-01 4.51220978e+02
    4.13704071e+02 7.11225152e-01 4.53818604e+02 4.24094574e+02
    7.13206291e-01 4.57715027e+02 4.39680328e+02 7.61204600e-01
    4.57065613e+02 4.55915497e+02 7.77028322e-01 4.36934021e+02
    4.13054657e+02 6.76432729e-01 4.38882233e+02 4.24743988e+02
    8.19747388e-01 4.39531647e+02 4.35134491e+02 7.95795679e-01
    4.40830475e+02 4.45524994e+02 8.71338069e-01</data></hand_right_0>
</opencv_storage>
