<?xml version="1.0"?>
<opencv_storage>
<pose_0 type_id="opencv-nd-matrix">
  <sizes>
    1 18 3</sizes>
  <dt>f</dt>
  <data>
    5.00858704e+02 1.15354172e+02 8.02352548e-01 4.61739838e+02
    7.24350739e+01 7.31075168e-01 3.65866455e+02 7.23581619e+01
    6.51102066e-01 4.06984344e+02 2.56302307e+02 7.27336466e-01
    4.57790527e+02 3.85495667e+02 8.30127239e-01 5.69360474e+02
    8.60698547e+01 6.73567533e-01 5.24311279e+02 2.75912628e+02
    7.40737736e-01 4.93109161e+02 3.93280762e+02 6.39389575e-01
    3.79519104e+02 2.95433655e+02 4.02827084e-01 3.24811249e+02
    4.34359436e+02 3.66904259e-01 2.81730835e+02 4.79379120e+02
    1.19481847e-01 4.91099274e+02 3.11094330e+02 3.83093894e-01
    5.22375854e+02 3.97187042e+02 5.65779619e-02 0. 0. 0. 4.89066315e+02
    9.19646378e+01 6.92917943e-01 5.18449097e+02 9.00360947e+01
    5.67774773e-01 4.34359100e+02 5.08538399e+01 3.25458258e-01 0. 0. 0.</data></pose_0>
</opencv_storage>
