<?xml version="1.0"?>
<opencv_storage>
<pose_0 type_id="opencv-nd-matrix">
  <sizes>
    1 18 3</sizes>
  <dt>f</dt>
  <data>
    4.89097870e+02 1.44712921e+02 4.71726120e-01 4.73426849e+02
    8.61367340e+01 8.16956222e-01 3.69819885e+02 8.21570816e+01
    6.58315539e-01 4.14824799e+02 2.73998047e+02 7.67173588e-01
    4.59779053e+02 3.99191162e+02 9.01662111e-01 5.69338623e+02
    9.98163757e+01 6.60406709e-01 5.26332642e+02 2.87607910e+02
    7.71564126e-01 4.93048859e+02 4.12812286e+02 5.51682770e-01
    3.79520355e+02 2.87620087e+02 3.99807632e-01 3.20945770e+02
    4.30487183e+02 4.34345067e-01 0. 0. 0. 4.89076385e+02 3.01311462e+02
    4.02677715e-01 5.45846008e+02 4.44118103e+02 1.40119284e-01 0. 0. 0.
    4.79344971e+02 1.29093246e+02 3.40151072e-01 4.95075439e+02
    1.31153946e+02 3.29139411e-01 4.26522095e+02 7.03891678e+01
    3.67237866e-01 5.34120300e+02 8.60901108e+01 1.86708361e-01</data></pose_0>
</opencv_storage>
