<?xml version="1.0"?>
<opencv_storage>
<pose_0 type_id="opencv-nd-matrix">
  <sizes>
    1 18 3</sizes>
  <dt>f</dt>
  <data>
    5.06751068e+02 9.39537582e+01 8.11463535e-01 4.71503479e+02
    6.84463120e+01 6.99498534e-01 3.71721558e+02 6.64760284e+01
    6.31682992e-01 4.16785858e+02 2.46564590e+02 7.23805964e-01
    4.59743500e+02 3.79578766e+02 8.33881617e-01 5.73308777e+02
    7.82741470e+01 6.71725094e-01 5.26330994e+02 2.69939331e+02
    7.37162232e-01 5.00873688e+02 3.83500122e+02 5.79664946e-01
    3.83441772e+02 2.91524933e+02 4.12895232e-01 3.28717194e+02
    4.28514801e+02 4.25784141e-01 2.68013977e+02 4.83280731e+02
    5.56471758e-02 4.93093628e+02 3.05245667e+02 3.87644142e-01
    5.22364502e+02 3.85473206e+02 6.09764010e-02 0. 0. 0. 4.89141205e+02
    7.23845139e+01 8.05584669e-01 5.24292053e+02 7.03699417e+01
    8.38975966e-01 4.28555878e+02 1.56209202e+01 6.96154952e-01
    5.45875610e+02 3.71253510e+01 5.63232228e-02</data></pose_0>
</opencv_storage>
