<?xml version="1.0"?>
<opencv_storage>
<hand_right_0 type_id="opencv-nd-matrix">
  <sizes>
    1 21 3</sizes>
  <dt>f</dt>
  <data>
    4.60424164e+02 3.98150970e+02 6.64372087e-01 4.79706879e+02
    4.04993225e+02 6.99050546e-01 4.98989624e+02 4.13079529e+02
    7.60244370e-01 5.08941986e+02 4.26764069e+02 7.84719348e-01
    5.19516418e+02 4.36094421e+02 8.29955220e-01 4.86549133e+02
    4.21787872e+02 7.28026330e-01 4.95257477e+02 4.37960480e+02
    8.22700560e-01 5.00233673e+02 4.52267029e+02 8.42411280e-01
    5.04587830e+02 4.62841431e+02 9.46427763e-01 4.72242615e+02
    4.23653931e+02 7.99091458e-01 4.80328918e+02 4.42314636e+02
    7.37223089e-01 4.85305084e+02 4.55377136e+02 6.21684551e-01
    4.88415222e+02 4.66573547e+02 5.00176787e-01 4.57936066e+02
    4.26764069e+02 6.44897282e-01 4.59802124e+02 4.37960480e+02
    7.69034564e-01 4.62290222e+02 4.54133087e+02 7.36906469e-01
    4.60424164e+02 4.69061646e+02 6.75464749e-01 4.41763458e+02
    4.27386078e+02 6.55239701e-01 4.41141418e+02 4.37960480e+02
    7.29165554e-01 4.41141418e+02 4.48534882e+02 7.66262710e-01
    4.41141418e+02 4.59109283e+02 7.72804141e-01</data></hand_right_0>
</opencv_storage>
