<?xml version="1.0"?>
<opencv_storage>
<pose_0 type_id="opencv-nd-matrix">
  <sizes>
    1 18 3</sizes>
  <dt>f</dt>
  <data>
    4.26487366e+02 6.84701920e+01 8.38784456e-01 4.44048981e+02
    8.21851425e+01 7.66670525e-01 3.52136780e+02 8.41752777e+01
    7.58139014e-01 4.10885437e+02 2.44555191e+02 8.19100857e-01
    4.59745605e+02 3.81516113e+02 8.51964951e-01 5.34121338e+02
    8.41713943e+01 6.96950316e-01 5.08698212e+02 2.56328522e+02
    8.82966936e-01 4.92974426e+02 3.99091095e+02 5.94201028e-01
    3.75659119e+02 2.87620453e+02 4.36215520e-01 3.34528046e+02
    4.28525696e+02 6.21590376e-01 3.01284271e+02 4.77437531e+02
    1.18212119e-01 4.75406036e+02 2.91516418e+02 4.71258193e-01
    5.18472473e+02 3.97164551e+02 9.49177369e-02 0. 0. 0. 4.01099365e+02
    4.11143456e+01 8.48476052e-01 4.48014191e+02 4.49707336e+01
    8.29371452e-01 3.67829834e+02 4.83944464e+00 4.97343868e-01
    4.91068939e+02 1.56084042e+01 7.88347542e-01</data></pose_0>
</opencv_storage>
