<?xml version="1.0"?>
<opencv_storage>
<hand_left_0 type_id="opencv-nd-matrix">
  <sizes>
    1 21 3</sizes>
  <dt>f</dt>
  <data>
    4.60308899e+02 3.79430115e+02 6.09470248e-01 4.48755585e+02
    3.91625275e+02 6.83641255e-01 4.38485992e+02 4.09597076e+02
    7.16427267e-01 4.29500092e+02 4.21150391e+02 5.05683184e-01
    4.14737518e+02 4.26285187e+02 6.79904759e-01 4.54532257e+02
    4.10880768e+02 6.01465821e-01 4.54532257e+02 4.25001495e+02
    3.30507576e-01 4.39127838e+02 4.30778137e+02 3.97536606e-01
    4.34634888e+02 4.39764038e+02 5.32045305e-01 4.69936646e+02
    4.06387817e+02 7.31612325e-01 4.76355164e+02 4.25643341e+02
    7.08078325e-01 4.80848114e+02 4.37196625e+02 4.54295695e-01
    4.75713287e+02 4.50675507e+02 4.79635626e-01 4.83415497e+02
    4.03178558e+02 6.41519427e-01 4.91117706e+02 4.20508514e+02
    7.44183421e-01 4.96894348e+02 4.33987396e+02 7.48989522e-01
    5.00745453e+02 4.45540680e+02 7.91817725e-01 4.96252502e+02
    3.95476379e+02 7.34615147e-01 5.04596558e+02 4.08955231e+02
    6.74725473e-01 5.09731354e+02 4.13448181e+02 6.31234825e-01
    5.14866150e+02 4.14731873e+02 5.55735230e-01</data></hand_left_0>
</opencv_storage>
