<?xml version="1.0"?>
<opencv_storage>
<hand_right_0 type_id="opencv-nd-matrix">
  <sizes>
    1 21 3</sizes>
  <dt>f</dt>
  <data>
    4.58710724e+02 4.05117218e+02 5.30436456e-01 4.77349792e+02
    4.10852295e+02 6.81642950e-01 4.96705780e+02 4.17304291e+02
    6.57771647e-01 5.07459076e+02 4.26623840e+02 7.51949072e-01
    5.17495483e+02 4.33792725e+02 7.87458181e-01 4.84518677e+02
    4.26623840e+02 6.47380829e-01 4.94555115e+02 4.40244690e+02
    7.91317642e-01 5.03157745e+02 4.54582458e+02 8.14638257e-01
    5.07459076e+02 4.63902008e+02 8.62179756e-01 4.70180939e+02
    4.28774506e+02 7.37677753e-01 4.78783569e+02 4.44546021e+02
    6.96015418e-01 4.88103119e+02 4.57450012e+02 7.38951445e-01
    4.95272003e+02 4.69637085e+02 8.90587270e-01 4.55126282e+02
    4.33075836e+02 6.85161829e-01 4.59427612e+02 4.45262909e+02
    6.98485315e-01 4.63728943e+02 4.60317566e+02 7.83548713e-01
    4.67313385e+02 4.72504639e+02 7.46386111e-01 4.39354767e+02
    4.33075836e+02 6.35183692e-01 4.37920990e+02 4.46696686e+02
    8.33647132e-01 4.38637878e+02 4.56733124e+02 7.67657161e-01
    4.42939178e+02 4.68203308e+02 8.20398986e-01</data></hand_right_0>
</opencv_storage>
