<?xml version="1.0"?>
<opencv_storage>
<hand_right_0 type_id="opencv-nd-matrix">
  <sizes>
    1 21 3</sizes>
  <dt>f</dt>
  <data>
    4.56674835e+02 4.19181061e+02 6.21237159e-01 4.74308075e+02
    4.24823700e+02 7.05700755e-01 4.95467987e+02 4.30466339e+02
    6.76579535e-01 5.06753265e+02 4.38224976e+02 7.64109969e-01
    5.17333191e+02 4.43867615e+02 8.18691015e-01 4.82772034e+02
    4.38224976e+02 6.92868829e-01 4.94762665e+02 4.54447571e+02
    7.78937399e-01 5.01815948e+02 4.67143494e+02 8.55788291e-01
    5.07458588e+02 4.78428772e+02 9.56034839e-01 4.67960114e+02
    4.43162262e+02 7.72003412e-01 4.78540070e+02 4.56563538e+02
    7.27767467e-01 4.88414673e+02 4.72080811e+02 7.83720851e-01
    4.96173309e+02 4.84071411e+02 9.42962289e-01 4.53853516e+02
    4.46688934e+02 6.16978288e-01 4.57380157e+02 4.59384857e+02
    6.83568478e-01 4.63022797e+02 4.74902130e+02 8.13973367e-01
    4.77834747e+02 4.84071411e+02 5.37513912e-01 4.39041595e+02
    4.49510254e+02 7.14692414e-01 4.38336243e+02 4.62206177e+02
    8.28993380e-01 4.39746918e+02 4.72786133e+02 8.19823444e-01
    4.41862915e+02 4.83366089e+02 7.81542838e-01</data></hand_right_0>
</opencv_storage>
