<?xml version="1.0"?>
<opencv_storage>
<hand_right_0 type_id="opencv-nd-matrix">
  <sizes>
    1 21 3</sizes>
  <dt>f</dt>
  <data>
    4.59016479e+02 3.83456360e+02 6.03436589e-01 4.75311676e+02
    3.89096985e+02 6.90351605e-01 4.92860321e+02 3.95364380e+02
    6.30203664e-01 5.03514862e+02 4.04765442e+02 7.84683764e-01
    5.15422852e+02 4.14166504e+02 8.63066971e-01 4.83459259e+02
    4.03511963e+02 6.85114026e-01 4.93487061e+02 4.19180389e+02
    7.44180143e-01 4.99754425e+02 4.33595367e+02 7.50093281e-01
    5.02888123e+02 4.44876648e+02 8.88695359e-01 4.69044281e+02
    4.06018921e+02 7.42564976e-01 4.77191864e+02 4.22314087e+02
    5.84943652e-01 4.83459259e+02 4.39235992e+02 6.01321220e-01
    4.78445343e+02 4.49890533e+02 6.59966946e-01 4.55256073e+02
    4.09152588e+02 6.19799972e-01 4.58389740e+02 4.19180389e+02
    6.92959070e-01 4.63403656e+02 4.36729065e+02 7.10691273e-01
    4.60269958e+02 4.52397491e+02 6.77654147e-01 4.43348053e+02
    4.11032806e+02 6.53897703e-01 4.42721313e+02 4.19807129e+02
    7.24108398e-01 4.42721313e+02 4.29208191e+02 7.39633322e-01
    4.43348053e+02 4.39235992e+02 8.30222189e-01</data></hand_right_0>
</opencv_storage>
