<?xml version="1.0"?>
<opencv_storage>
<hand_left_0 type_id="opencv-nd-matrix">
  <sizes>
    1 21 3</sizes>
  <dt>f</dt>
  <data>
    4.56344604e+02 4.15863220e+02 5.26227057e-01 4.43798492e+02
    4.27712280e+02 6.06131792e-01 4.35434448e+02 4.45834412e+02
    3.62588853e-01 4.24282349e+02 4.52804474e+02 4.16467279e-01
    4.13130280e+02 4.55592499e+02 7.32866406e-01 4.45889526e+02
    4.39561371e+02 5.37133574e-01 4.38919464e+02 4.51410461e+02
    6.86943769e-01 4.39616486e+02 4.65350555e+02 7.32358098e-01
    4.41707489e+02 4.75805634e+02 7.89698482e-01 4.63314636e+02
    4.37470367e+02 6.56693339e-01 4.57738586e+02 4.52804474e+02
    5.48916638e-01 4.62617645e+02 4.67441589e+02 6.79102540e-01
    4.62617645e+02 4.79290649e+02 7.39887655e-01 4.80042755e+02
    4.32591339e+02 6.49958014e-01 4.91891846e+02 4.47925446e+02
    5.99219024e-01 4.98164886e+02 4.59774536e+02 5.32237709e-01
    5.05831940e+02 4.68835602e+02 5.66317976e-01 4.95376862e+02
    4.22833252e+02 6.96226716e-01 5.04437927e+02 4.27712280e+02
    7.71176696e-01 5.12104980e+02 4.32591339e+02 7.97860980e-01
    5.16984009e+02 4.38167358e+02 7.00080752e-01</data></hand_left_0>
</opencv_storage>
