<?xml version="1.0"?>
<opencv_storage>
<hand_right_0 type_id="opencv-nd-matrix">
  <sizes>
    1 21 3</sizes>
  <dt>f</dt>
  <data>
    4.55488922e+02 3.97884796e+02 5.87864935e-01 4.73328918e+02
    4.01315552e+02 6.33239985e-01 4.92541229e+02 4.07490936e+02
    6.65973544e-01 5.04891998e+02 4.15038635e+02 8.21930587e-01
    5.19301208e+02 4.23272461e+02 8.54560554e-01 4.82248901e+02
    4.18469391e+02 6.82394981e-01 4.93913544e+02 4.32192474e+02
    7.86650002e-01 5.02147369e+02 4.45915558e+02 8.31235409e-01
    5.06950470e+02 4.56207855e+02 8.55409920e-01 4.69212006e+02
    4.23272461e+02 6.95943952e-01 4.78131989e+02 4.38367859e+02
    6.27256989e-01 4.87052002e+02 4.52090942e+02 6.95665836e-01
    4.95971985e+02 4.63755554e+02 8.58075857e-01 4.53430450e+02
    4.26703247e+02 6.89671218e-01 4.56861206e+02 4.40426331e+02
    6.28517747e-01 4.60291992e+02 4.54835541e+02 7.46111572e-01
    4.64408905e+02 4.66500183e+02 6.44720912e-01 4.38335052e+02
    4.26703247e+02 6.38479948e-01 4.37648926e+02 4.41112488e+02
    7.93444514e-01 4.38335052e+02 4.51404785e+02 7.56128907e-01
    4.40393524e+02 4.61697083e+02 7.40932047e-01</data></hand_right_0>
</opencv_storage>
