<?xml version="1.0"?>
<opencv_storage>
<hand_left_0 type_id="opencv-nd-matrix">
  <sizes>
    1 21 3</sizes>
  <dt>f</dt>
  <data>
    4.58624969e+02 3.94247894e+02 5.63132942e-01 4.45779144e+02
    4.07093719e+02 6.65717125e-01 4.36501587e+02 4.27076111e+02
    5.79837620e-01 4.38642578e+02 4.39921936e+02 5.17648160e-01
    4.45065491e+02 4.56336029e+02 3.68591130e-01 4.53629364e+02
    4.22794159e+02 6.30217850e-01 4.41497192e+02 4.34212677e+02
    3.81265581e-01 4.44351837e+02 4.47058502e+02 4.97502267e-01
    4.46492798e+02 4.57763367e+02 6.29063606e-01 4.67902496e+02
    4.16371246e+02 6.64724827e-01 4.78607361e+02 4.33499023e+02
    4.18277383e-01 4.64334229e+02 4.47058502e+02 5.51774144e-01
    4.65761536e+02 4.58477020e+02 7.10175455e-01 4.82175659e+02
    4.11375641e+02 6.47488952e-01 4.92880493e+02 4.28503418e+02
    6.60559237e-01 5.00017059e+02 4.39921936e+02 5.73251188e-01
    5.05012665e+02 4.50626770e+02 5.63958287e-01 4.96448792e+02
    4.04239075e+02 7.44565606e-01 5.04299011e+02 4.08521027e+02
    6.97518110e-01 5.11435577e+02 4.14943939e+02 7.41626322e-01
    5.15003845e+02 4.21366852e+02 6.75174892e-01</data></hand_left_0>
</opencv_storage>
