<?xml version="1.0"?>
<opencv_storage>
<hand_right_0 type_id="opencv-nd-matrix">
  <sizes>
    1 21 3</sizes>
  <dt>f</dt>
  <data>
    4.60323273e+02 4.18328186e+02 5.46180189e-01 4.78064850e+02
    4.24715149e+02 6.94800675e-01 4.98645050e+02 4.31811768e+02
    7.01981902e-01 5.10709320e+02 4.38908386e+02 7.51055360e-01
    5.19225281e+02 4.46714661e+02 6.94436729e-01 4.85871124e+02
    4.38908386e+02 6.42451644e-01 4.97225739e+02 4.54520966e+02
    7.78962195e-01 5.05741699e+02 4.66585236e+02 8.32287014e-01
    5.10709320e+02 4.77939819e+02 9.03700650e-01 4.70968231e+02
    4.42456696e+02 7.35832095e-01 4.79484161e+02 4.55230621e+02
    6.82992041e-01 4.90129120e+02 4.70843201e+02 7.57500052e-01
    4.98645050e+02 4.83617126e+02 8.93198252e-01 4.55355652e+02
    4.44585693e+02 6.38917446e-01 4.60323273e+02 4.58069275e+02
    7.18653917e-01 4.65290924e+02 4.71552856e+02 7.82855749e-01
    4.67419922e+02 4.83617126e+02 7.23939359e-01 4.41162384e+02
    4.48134003e+02 6.27005219e-01 4.39743073e+02 4.60907928e+02
    8.19127321e-01 4.43291382e+02 4.72262512e+02 7.92005479e-01
    4.46130035e+02 4.82197815e+02 7.77444720e-01</data></hand_right_0>
</opencv_storage>
