<?xml version="1.0"?>
<opencv_storage>
<hand_left_0 type_id="opencv-nd-matrix">
  <sizes>
    1 21 3</sizes>
  <dt>f</dt>
  <data>
    4.61282898e+02 3.93855072e+02 5.43597579e-01 4.48400543e+02
    4.06021759e+02 6.26755297e-01 4.37665253e+02 4.21766846e+02
    5.87429166e-01 4.25498596e+02 4.28923706e+02 5.54293633e-01
    4.16194672e+02 4.35364899e+02 7.64170289e-01 4.50547607e+02
    4.26060974e+02 5.08665383e-01 4.41243683e+02 4.38943329e+02
    6.23138785e-01 4.41243683e+02 4.50394318e+02 7.41777062e-01
    4.44822113e+02 4.61845276e+02 7.94851601e-01 4.67008392e+02
    4.23198212e+02 6.35015786e-01 4.62714294e+02 4.39658997e+02
    5.12031734e-01 4.62714294e+02 4.51825684e+02 6.45776689e-01
    4.64861328e+02 4.66139404e+02 7.71334171e-01 4.84184875e+02
    4.18904114e+02 5.85273743e-01 4.91341736e+02 4.34649200e+02
    6.64794445e-01 4.96351532e+02 4.48962921e+02 6.09774292e-01
    5.04224091e+02 4.58266846e+02 5.78038275e-01 4.99214294e+02
    4.11031555e+02 7.56227672e-01 5.08518219e+02 4.19619781e+02
    7.78025448e-01 5.14243713e+02 4.25345276e+02 8.03248644e-01
    5.17822144e+02 4.31786469e+02 7.01526046e-01</data></hand_left_0>
</opencv_storage>
