<?xml version="1.0"?>
<opencv_storage>
<pose_0 type_id="opencv-nd-matrix">
  <sizes>
    1 18 3</sizes>
  <dt>f</dt>
  <data>
    4.95030823e+02 1.46797531e+02 7.25608587e-01 4.71480835e+02
    8.99978409e+01 7.93658257e-01 3.67819397e+02 8.61450729e+01
    6.53990090e-01 4.12770935e+02 2.79782867e+02 7.43386567e-01
    4.59699036e+02 4.03064636e+02 8.62287164e-01 5.71278381e+02
    1.01698441e+02 6.89202130e-01 5.26345703e+02 2.89595245e+02
    7.44698048e-01 4.98938171e+02 4.06972107e+02 6.00367546e-01
    3.79526520e+02 2.95444763e+02 4.00765181e-01 3.22868134e+02
    4.30455383e+02 3.96976233e-01 2.77830017e+02 4.81314606e+02
    1.08440287e-01 4.91034393e+02 3.07187195e+02 4.32331026e-01
    5.40030762e+02 4.38266449e+02 8.48523453e-02 0. 0. 0. 4.91021484e+02
    1.31113556e+02 7.14704573e-01 5.10652069e+02 1.31139893e+02
    3.49084556e-01 4.51945374e+02 8.60699692e+01 3.44486475e-01
    5.37952454e+02 8.02418671e+01 6.24881275e-02</data></pose_0>
</opencv_storage>
