<?xml version="1.0"?>
<opencv_storage>
<hand_left_0 type_id="opencv-nd-matrix">
  <sizes>
    1 21 3</sizes>
  <dt>f</dt>
  <data>
    4.58642487e+02 4.05977753e+02 5.39357543e-01 4.45883575e+02
    4.18027832e+02 6.47447884e-01 4.35959991e+02 4.35748505e+02
    5.56399643e-01 4.33124695e+02 4.49925049e+02 4.54434127e-01
    4.13277527e+02 4.49216217e+02 6.62612677e-01 4.50845367e+02
    4.37874969e+02 5.32101631e-01 4.40212982e+02 4.49925049e+02
    5.18020034e-01 4.40212982e+02 4.59848633e+02 5.82909584e-01
    4.42339447e+02 4.70481049e+02 6.97311282e-01 4.65021912e+02
    4.33622009e+02 6.45293891e-01 4.62186615e+02 4.50633881e+02
    3.86224508e-01 4.62186615e+02 4.62683929e+02 5.74343443e-01
    4.63604279e+02 4.75442841e+02 7.44391382e-01 4.80616119e+02
    4.29369049e+02 6.36520863e-01 4.89830872e+02 4.47089752e+02
    6.41115189e-01 4.96210327e+02 4.61266296e+02 6.78624332e-01
    5.01880951e+02 4.72607513e+02 5.66060603e-01 4.96919159e+02
    4.23698425e+02 7.74187148e-01 5.06842743e+02 4.33622009e+02
    7.48656988e-01 5.13222168e+02 4.40001465e+02 8.10295939e-01
    5.15348694e+02 4.46380920e+02 6.55090034e-01</data></hand_left_0>
</opencv_storage>
