<?xml version="1.0"?>
<opencv_storage>
<hand_right_0 type_id="opencv-nd-matrix">
  <sizes>
    1 21 3</sizes>
  <dt>f</dt>
  <data>
    4.58602173e+02 3.82101318e+02 6.14760637e-01 4.74665161e+02
    3.87661591e+02 6.91039920e-01 4.92581543e+02 3.93839661e+02
    6.48147345e-01 5.03084259e+02 4.04342377e+02 7.91544855e-01
    5.15440430e+02 4.12373871e+02 8.47835720e-01 4.83314453e+02
    4.02488953e+02 6.92529321e-01 4.93817169e+02 4.19169739e+02
    7.28729367e-01 4.99995239e+02 4.32143677e+02 7.83145964e-01
    5.03084259e+02 4.43882019e+02 9.03397560e-01 4.69104889e+02
    4.06195801e+02 7.30229020e-01 4.78372009e+02 4.23494385e+02
    6.00075662e-01 4.83932251e+02 4.40175171e+02 6.28158271e-01
    4.78989807e+02 4.49442261e+02 5.87768257e-01 4.55513153e+02
    4.08049225e+02 6.10895514e-01 4.57984375e+02 4.17934113e+02
    5.87136507e-01 4.62309021e+02 4.35232727e+02 7.14111090e-01
    4.63544617e+02 4.47588867e+02 6.20906651e-01 4.42539185e+02
    4.10520447e+02 6.46632075e-01 4.41921387e+02 4.19169739e+02
    6.65588081e-01 4.41303589e+02 4.27819031e+02 7.10626721e-01
    4.41921387e+02 4.38939545e+02 7.67080843e-01</data></hand_right_0>
</opencv_storage>
