<?xml version="1.0"?>
<opencv_storage>
<pose_0 type_id="opencv-nd-matrix">
  <sizes>
    1 18 3</sizes>
  <dt>f</dt>
  <data>
    4.95043488e+02 1.01792992e+02 8.67911577e-01 4.61784088e+02
    6.85004425e+01 7.26233840e-01 3.65891205e+02 6.84815063e+01
    6.56122029e-01 4.12847351e+02 2.56265045e+02 7.12413490e-01
    4.59667633e+02 3.81563904e+02 8.46981764e-01 5.69360352e+02
    8.21198578e+01 6.84342504e-01 5.24411560e+02 2.69958191e+02
    7.70797789e-01 4.96929016e+02 3.85473297e+02 6.22454941e-01
    3.81451538e+02 2.93502655e+02 4.10093635e-01 3.20925415e+02
    4.30431030e+02 3.96029353e-01 2.71971893e+02 4.81346344e+02
    9.52949449e-02 4.91102386e+02 3.09124542e+02 3.90666574e-01
    5.22358459e+02 3.89382324e+02 6.03786036e-02 0. 0. 0. 4.79413788e+02
    8.40208740e+01 7.73720860e-01 5.12622070e+02 8.21903305e+01
    7.72010624e-01 4.28439636e+02 3.32539673e+01 4.49240774e-01 0. 0. 0.</data></pose_0>
</opencv_storage>
