<?xml version="1.0"?>
<opencv_storage>
<pose_0 type_id="opencv-nd-matrix">
  <sizes>
    1 18 3</sizes>
  <dt>f</dt>
  <data>
    4.71479858e+02 1.64318726e+02 7.95426071e-01 4.73450867e+02
    1.01791771e+02 8.01905870e-01 3.67855499e+02 9.97675171e+01
    6.93427205e-01 4.12910187e+02 2.91531525e+02 7.62787700e-01
    4.59715515e+02 4.12835846e+02 8.88500452e-01 5.73261841e+02
    1.13446777e+02 6.63099289e-01 5.28258423e+02 3.03217712e+02
    7.62010694e-01 4.93057678e+02 4.28416962e+02 5.45040667e-01
    3.79511383e+02 2.91541565e+02 4.05796021e-01 3.22870453e+02
    4.44088348e+02 3.84872317e-01 2.71988373e+02 4.89125153e+02
    7.81176761e-02 4.91078949e+02 3.09119873e+02 3.98846924e-01
    5.39977661e+02 4.57798981e+02 1.09015204e-01 0. 0. 0. 4.57857819e+02
    1.46820587e+02 7.00120509e-01 4.91018402e+02 1.48655945e+02
    6.22407317e-01 4.22595673e+02 8.60507736e+01 4.65865463e-01
    5.26282593e+02 8.80568924e+01 2.39691049e-01</data></pose_0>
</opencv_storage>
