<?xml version="1.0"?>
<opencv_storage>
<hand_left_0 type_id="opencv-nd-matrix">
  <sizes>
    1 21 3</sizes>
  <dt>f</dt>
  <data>
    4.61980408e+02 4.15298889e+02 5.75980425e-01 4.48742828e+02
    4.26550812e+02 6.41308248e-01 4.38814667e+02 4.43097778e+02
    5.57452977e-01 4.26238983e+02 4.51702179e+02 7.15166509e-01
    4.14987061e+02 4.58320984e+02 7.81961560e-01 4.52714111e+02
    4.43759644e+02 5.08448243e-01 4.42785950e+02 4.52364075e+02
    5.74566305e-01 4.41462189e+02 4.64939758e+02 8.55102003e-01
    4.42124054e+02 4.77515442e+02 7.70516872e-01 4.69261078e+02
    4.41774017e+02 6.95938230e-01 4.62642273e+02 4.58982849e+02
    4.33294266e-01 4.63304169e+02 4.72882294e+02 7.55317211e-01
    4.58009125e+02 4.87443604e+02 7.10164368e-01 4.85146149e+02
    4.37802734e+02 7.15374708e-01 4.95074310e+02 4.57659088e+02
    6.83640361e-01 5.00369324e+02 4.70234772e+02 5.49822748e-01
    5.05002472e+02 4.82148590e+02 6.64976895e-01 5.00369324e+02
    4.31845856e+02 7.91205943e-01 5.10297516e+02 4.47730927e+02
    6.51539624e-01 5.15592529e+02 4.52364075e+02 5.31358063e-01
    5.18240051e+02 4.56997223e+02 3.27458978e-01</data></hand_left_0>
</opencv_storage>
