<?xml version="1.0"?>
<opencv_storage>
<hand_right_0 type_id="opencv-nd-matrix">
  <sizes>
    1 21 3</sizes>
  <dt>f</dt>
  <data>
    4.58579803e+02 3.84510376e+02 6.46421671e-01 4.75948364e+02
    3.90093140e+02 7.11752057e-01 4.93316925e+02 3.96296204e+02
    6.89122498e-01 5.03862122e+02 4.05600769e+02 7.66862452e-01
    5.16268250e+02 4.14285065e+02 8.46716881e-01 4.83392029e+02
    4.03119568e+02 6.37781978e-01 4.93316925e+02 4.19247498e+02
    8.04706573e-01 5.00760590e+02 4.33514526e+02 7.53374517e-01
    5.03241821e+02 4.44680023e+02 9.28503573e-01 4.69125000e+02
    4.05600769e+02 7.24928439e-01 4.77809296e+02 4.21108429e+02
    6.33146107e-01 4.83392029e+02 4.35375458e+02 6.29010797e-01
    4.85873260e+02 4.48401855e+02 5.81034422e-01 4.56718903e+02
    4.09322601e+02 6.19882584e-01 4.57959503e+02 4.19867798e+02
    6.47713006e-01 4.62921967e+02 4.36616058e+02 6.57802820e-01
    4.62921967e+02 4.49642487e+02 6.40289247e-01 4.43692474e+02
    4.11803833e+02 6.55099392e-01 4.42451874e+02 4.19867798e+02
    7.06814945e-01 4.41831573e+02 4.29172394e+02 7.17434824e-01
    4.42451874e+02 4.39097290e+02 8.02075207e-01</data></hand_right_0>
</opencv_storage>
