<?xml version="1.0"?>
<opencv_storage>
<pose_0 type_id="opencv-nd-matrix">
  <sizes>
    1 18 3</sizes>
  <dt>f</dt>
  <data>
    4.12820282e+02 1.48608124e+02 8.89129639e-01 4.38233551e+02
    1.03727524e+02 7.34881938e-01 3.52164703e+02 1.09586403e+02
    7.60396600e-01 4.12819458e+02 2.72012329e+02 8.43987346e-01
    4.59803284e+02 4.10866241e+02 8.12451124e-01 5.39975891e+02
    1.05676910e+02 7.01405942e-01 5.10693787e+02 2.83707947e+02
    8.15921187e-01 4.92977997e+02 4.28432556e+02 6.06096208e-01
    3.75626373e+02 3.07165497e+02 3.95946324e-01 3.26754761e+02
    4.59788086e+02 3.64724994e-01 0. 0. 0. 4.75412445e+02 3.11099365e+02
    4.50249314e-01 5.16504883e+02 4.20653320e+02 1.05139531e-01 0. 0. 0.
    3.93233582e+02 1.29109726e+02 8.04994345e-01 4.30370392e+02
    1.27155106e+02 8.14366758e-01 3.67751007e+02 1.05632256e+02
    1.35791704e-01 4.75500275e+02 7.03827057e+01 9.24812317e-01</data></pose_0>
</opencv_storage>
