<?xml version="1.0"?>
<opencv_storage>
<pose_0 type_id="opencv-nd-matrix">
  <sizes>
    1 18 3</sizes>
  <dt>f</dt>
  <data>
    5.04816345e+02 8.61420212e+01 8.45116854e-01 4.61823608e+02
    7.04201508e+01 7.35219181e-01 3.67787109e+02 6.84389420e+01
    6.66090310e-01 4.12872375e+02 2.54291489e+02 7.18918860e-01
    4.59661407e+02 3.81502869e+02 8.51268589e-01 5.65455383e+02
    7.82811661e+01 6.48959637e-01 5.24283386e+02 2.71872681e+02
    7.50515103e-01 4.93115387e+02 3.91282684e+02 5.73109508e-01
    3.79520538e+02 2.97384491e+02 4.18377429e-01 3.26754944e+02
    4.32373688e+02 4.70393449e-01 3.03232391e+02 4.87173523e+02
    1.16938457e-01 4.89145844e+02 3.05245514e+02 4.10694093e-01
    5.38030945e+02 4.18689606e+02 6.81061596e-02 0. 0. 0. 4.83244934e+02
    6.85087433e+01 7.68832564e-01 5.22412476e+02 6.25874786e+01
    7.72665679e-01 0. 0. 0. 0. 0. 0.</data></pose_0>
</opencv_storage>
