<?xml version="1.0"?>
<opencv_storage>
<hand_right_0 type_id="opencv-nd-matrix">
  <sizes>
    1 21 3</sizes>
  <dt>f</dt>
  <data>
    4.58293976e+02 4.15946228e+02 5.41476071e-01 4.75628448e+02
    4.21002106e+02 7.00932086e-01 4.96574249e+02 4.27502533e+02
    6.97845578e-01 5.06686035e+02 4.35447510e+02 6.95682347e-01
    5.16075562e+02 4.43392487e+02 7.62883723e-01 4.83573395e+02
    4.34725250e+02 6.41715407e-01 4.93685181e+02 4.49892914e+02
    7.96553731e-01 5.02352417e+02 4.62171478e+02 8.18331242e-01
    5.08130585e+02 4.73727814e+02 8.93901646e-01 4.69128021e+02
    4.38336578e+02 7.31574118e-01 4.76350708e+02 4.52059723e+02
    6.95689976e-01 4.86462494e+02 4.67227386e+02 8.12229633e-01
    4.94407440e+02 4.79505951e+02 8.98315787e-01 4.52515808e+02
    4.41225677e+02 6.16568625e-01 4.57571686e+02 4.54948792e+02
    7.04889655e-01 4.63349854e+02 4.69394196e+02 7.93350637e-01
    4.66238922e+02 4.81672760e+02 6.54333949e-01 4.39514954e+02
    4.44114746e+02 6.68639302e-01 4.38070404e+02 4.57115601e+02
    7.86852717e-01 4.40237213e+02 4.68671906e+02 8.15559089e-01
    4.42404022e+02 4.78783691e+02 7.97356963e-01</data></hand_right_0>
</opencv_storage>
