<?xml version="1.0"?>
<opencv_storage>
<pose_0 type_id="opencv-nd-matrix">
  <sizes>
    1 18 3</sizes>
  <dt>f</dt>
  <data>
    4.85247681e+02 1.19325272e+02 6.68436706e-01 4.67640015e+02
    7.43777466e+01 7.36497819e-01 3.67845978e+02 7.43356552e+01
    6.37817442e-01 4.12770233e+02 2.60215302e+02 7.76286066e-01
    4.59656830e+02 3.87431519e+02 8.14367414e-01 5.71336548e+02
    8.80384750e+01 6.95339620e-01 5.26331543e+02 2.73961456e+02
    7.49560118e-01 4.94997345e+02 3.97167969e+02 5.63429177e-01
    3.81522980e+02 2.91505707e+02 4.22483921e-01 3.26748474e+02
    4.30431030e+02 4.24781471e-01 2.71972656e+02 4.85244873e+02
    1.01378173e-01 4.93044464e+02 3.05248718e+02 3.95967096e-01
    5.24333008e+02 3.95230438e+02 6.39363900e-02 0. 0. 0. 4.77357697e+02
    9.97705612e+01 6.53538346e-01 5.06767914e+02 9.97352829e+01
    6.07523799e-01 4.16759033e+02 3.91602631e+01 5.46559751e-01
    5.24297119e+02 1.95094204e+01 2.65957206e-01</data></pose_0>
</opencv_storage>
