<?xml version="1.0"?>
<opencv_storage>
<pose_0 type_id="opencv-nd-matrix">
  <sizes>
    1 18 3</sizes>
  <dt>f</dt>
  <data>
    4.46080688e+02 1.50688324e+02 7.71373153e-01 4.67628754e+02
    1.01719124e+02 7.79532135e-01 3.71757477e+02 9.78051224e+01
    7.06672192e-01 4.14849304e+02 2.87633301e+02 7.90585399e-01
    4.59736572e+02 4.10898621e+02 8.76785994e-01 5.73246216e+02
    1.15468185e+02 6.43556178e-01 5.36042664e+02 3.01274078e+02
    7.89252996e-01 4.93097137e+02 4.24541870e+02 6.17386580e-01
    3.79579498e+02 2.89587097e+02 4.25083756e-01 3.24769409e+02
    4.30424988e+02 4.04219985e-01 2.85647491e+02 4.77409454e+02
    1.49543330e-01 4.89116425e+02 3.11104797e+02 4.33050513e-01
    5.39981750e+02 4.40215149e+02 8.85640457e-02 0. 0. 0. 4.28536285e+02
    1.29155762e+02 7.42854178e-01 4.67642273e+02 1.32986801e+02
    7.08667815e-01 4.06946442e+02 9.78277435e+01 1.40160903e-01
    5.16501831e+02 7.82315521e+01 6.16225421e-01</data></pose_0>
</opencv_storage>
