<?xml version="1.0"?>
<opencv_storage>
<hand_left_0 type_id="opencv-nd-matrix">
  <sizes>
    1 21 3</sizes>
  <dt>f</dt>
  <data>
    4.58997925e+02 3.85395752e+02 5.44611394e-01 4.48125549e+02
    3.97547241e+02 6.17131233e-01 4.39171844e+02 4.13536011e+02
    6.07992411e-01 4.28299469e+02 4.25047943e+02 6.60509408e-01
    4.16787537e+02 4.33362122e+02 7.79060841e-01 4.54521057e+02
    4.11617371e+02 6.04065239e-01 4.43648682e+02 4.23768829e+02
    5.27971208e-01 4.43648682e+02 4.37199402e+02 6.50099814e-01
    4.44927795e+02 4.48711334e+02 6.80612803e-01 4.69230743e+02
    4.07140503e+02 6.80773020e-01 4.60916595e+02 4.23129272e+02
    3.57763797e-01 4.64114349e+02 4.37838959e+02 6.02959871e-01
    4.58358368e+02 4.53827759e+02 6.25753939e-01 4.84579987e+02
    4.04582306e+02 5.91226518e-01 4.92894165e+02 4.21210632e+02
    6.68481708e-01 4.93533691e+02 4.33362122e+02 4.69753265e-01
    4.90975494e+02 4.44874023e+02 5.71855485e-01 4.97371002e+02
    4.00744995e+02 6.88133657e-01 5.06964294e+02 4.09698700e+02
    5.62225580e-01 5.12080688e+02 4.13536011e+02 7.16143370e-01
    5.15278442e+02 4.14815125e+02 5.86392224e-01</data></hand_left_0>
</opencv_storage>
