<?xml version="1.0"?>
<opencv_storage>
<hand_left_0 type_id="opencv-nd-matrix">
  <sizes>
    1 21 3</sizes>
  <dt>f</dt>
  <data>
    4.56561462e+02 3.93865112e+02 5.04669547e-01 4.44511566e+02
    4.06623810e+02 6.06845856e-01 4.35296967e+02 4.22217773e+02
    4.97996867e-01 4.34588135e+02 4.37811737e+02 4.52488244e-01
    4.14032440e+02 4.34267639e+02 5.58977365e-01 4.48764465e+02
    4.17964874e+02 5.49119413e-01 4.40258667e+02 4.32850006e+02
    6.08813465e-01 4.40967499e+02 4.45608734e+02 6.10138416e-01
    4.43802765e+02 4.56240967e+02 7.09588587e-01 4.63649628e+02
    4.13711975e+02 6.15277231e-01 4.57979095e+02 4.30014740e+02
    4.81678188e-01 4.62231995e+02 4.47026367e+02 6.03257954e-01
    4.62940796e+02 4.57658600e+02 6.74513161e-01 4.80661224e+02
    4.09459076e+02 5.82118928e-01 4.90584656e+02 4.25761841e+02
    4.73082423e-01 4.94837555e+02 4.38520569e+02 4.62330848e-01
    4.94128754e+02 4.54114532e+02 6.28678858e-01 4.96255188e+02
    4.02370911e+02 6.71308935e-01 5.04760986e+02 4.04497345e+02
    8.42745006e-01 5.11140350e+02 4.08750244e+02 8.27960670e-01
    5.16810852e+02 4.15129608e+02 7.72273540e-01</data></hand_left_0>
</opencv_storage>
