<?xml version="1.0"?>
<opencv_storage>
<hand_left_0 type_id="opencv-nd-matrix">
  <sizes>
    1 21 3</sizes>
  <dt>f</dt>
  <data>
    4.59942291e+02 4.16287415e+02 5.12164950e-01 4.47550781e+02
    4.28678925e+02 6.02295578e-01 4.37224518e+02 4.46577789e+02
    4.70174015e-01 4.26209839e+02 4.52773560e+02 6.37662470e-01
    4.15195129e+02 4.56215637e+02 8.72135520e-01 4.49616028e+02
    4.40382019e+02 5.29430687e-01 4.40666595e+02 4.51396729e+02
    6.62218571e-01 4.42043427e+02 4.64476654e+02 7.62074411e-01
    4.43420258e+02 4.74114502e+02 8.18343580e-01 4.66138062e+02
    4.38316772e+02 6.82828486e-01 4.59942291e+02 4.52773560e+02
    5.36380291e-01 4.64072815e+02 4.67230316e+02 6.38174832e-01
    4.64072815e+02 4.78933441e+02 7.97811806e-01 4.81971680e+02
    4.34186279e+02 6.98979795e-01 4.94363190e+02 4.50019897e+02
    5.95160544e-01 5.01935791e+02 4.61722992e+02 6.33499861e-01
    5.06754700e+02 4.73426086e+02 6.48353934e-01 4.97805298e+02
    4.25925262e+02 7.19452560e-01 5.06754700e+02 4.30744171e+02
    7.47639120e-01 5.13638916e+02 4.35563110e+02 8.24440420e-01
    5.18457825e+02 4.42447296e+02 7.05630064e-01</data></hand_left_0>
</opencv_storage>
