<?xml version="1.0"?>
<opencv_storage>
<hand_right_0 type_id="opencv-nd-matrix">
  <sizes>
    1 21 3</sizes>
  <dt>f</dt>
  <data>
    4.58924316e+02 4.11058777e+02 5.18845379e-01 4.78064606e+02
    4.17438873e+02 6.74891353e-01 5.00040497e+02 4.25236786e+02
    6.75110102e-01 5.09965118e+02 4.35161377e+02 6.70772612e-01
    5.16345215e+02 4.42250366e+02 6.83976054e-01 4.86571411e+02
    4.32325775e+02 6.54209852e-01 4.95078217e+02 4.47212677e+02
    7.35876679e-01 5.02876099e+02 4.59972870e+02 8.38146925e-01
    5.07129517e+02 4.70606384e+02 8.56191456e-01 4.70266724e+02
    4.34452484e+02 7.15691686e-01 4.78064606e+02 4.48630463e+02
    7.21140146e-01 4.87989227e+02 4.64935181e+02 7.75781512e-01
    4.95787109e+02 4.76986481e+02 9.03071582e-01 4.55379822e+02
    4.37288086e+02 6.98424518e-01 4.58924316e+02 4.50757172e+02
    6.98948324e-01 4.61759918e+02 4.66352966e+02 7.93951035e-01
    4.67431122e+02 4.77695374e+02 7.69199312e-01 4.41201813e+02
    4.37996979e+02 6.45755231e-01 4.38366211e+02 4.52883881e+02
    8.35182190e-01 4.39075134e+02 4.63517365e+02 7.36258149e-01
    4.41201813e+02 4.73441986e+02 7.55973041e-01</data></hand_right_0>
</opencv_storage>
