<?xml version="1.0"?>
<opencv_storage>
<hand_left_0 type_id="opencv-nd-matrix">
  <sizes>
    1 21 3</sizes>
  <dt>f</dt>
  <data>
    4.60438446e+02 4.22350922e+02 5.96800387e-01 4.47920654e+02
    4.35564117e+02 6.49529338e-01 4.36793762e+02 4.53645325e+02
    5.22180080e-01 4.25666870e+02 4.59208771e+02 6.58109367e-01
    4.14539948e+02 4.62685944e+02 8.08654547e-01 4.51397827e+02
    4.47386444e+02 5.43875694e-01 4.40966339e+02 4.59208771e+02
    6.71666503e-01 4.42357208e+02 4.71726563e+02 8.02253306e-01
    4.43748077e+02 4.82158020e+02 8.07793498e-01 4.67392761e+02
    4.44604736e+02 6.55842721e-01 4.59743011e+02 4.59904205e+02
    5.30614078e-01 4.63915588e+02 4.74508270e+02 5.85141063e-01
    4.64611023e+02 4.86330597e+02 7.84468174e-01 4.82692230e+02
    4.41127563e+02 6.30980372e-01 4.95209991e+02 4.57817932e+02
    5.84218502e-01 5.02164307e+02 4.70335693e+02 6.27230167e-01
    5.07032349e+02 4.81462585e+02 6.51005805e-01 4.97991730e+02
    4.32782379e+02 6.76085353e-01 5.06336914e+02 4.36954987e+02
    8.10858190e-01 5.13986633e+02 4.43213867e+02 8.22832942e-01
    5.18159241e+02 4.50863617e+02 7.09560335e-01</data></hand_left_0>
</opencv_storage>
