<?xml version="1.0"?>
<opencv_storage>
<hand_left_0 type_id="opencv-nd-matrix">
  <sizes>
    1 21 3</sizes>
  <dt>f</dt>
  <data>
    4.59382721e+02 4.16774963e+02 5.26020646e-01 4.46312134e+02
    4.29845581e+02 6.40304565e-01 4.36146118e+02 4.47273041e+02
    5.67474008e-01 4.33967682e+02 4.59617493e+02 4.24772859e-01
    4.12909485e+02 4.55986755e+02 7.14786708e-01 4.50669006e+02
    4.45094604e+02 5.43245494e-01 4.39776825e+02 4.54534485e+02
    5.50048888e-01 4.40502960e+02 4.66878937e+02 7.26838648e-01
    4.41229126e+02 4.78497253e+02 8.54001760e-01 4.65191895e+02
    4.42190033e+02 6.98669434e-01 4.59382721e+02 4.55260620e+02
    4.77226526e-01 4.62287292e+02 4.70509644e+02 5.74015081e-01
    4.63739594e+02 4.83580261e+02 7.79418111e-01 4.81893219e+02
    4.37833160e+02 7.18098819e-01 4.90606934e+02 4.55260620e+02
    7.11284697e-01 4.97142242e+02 4.69057373e+02 6.51210189e-01
    5.01499115e+02 4.81401825e+02 5.97150564e-01 4.97868378e+02
    4.32023987e+02 7.39402890e-01 5.05129822e+02 4.38559296e+02
    7.62272894e-01 5.10938965e+02 4.45094604e+02 7.82055676e-01
    5.14569702e+02 4.53808319e+02 6.50828123e-01</data></hand_left_0>
</opencv_storage>
