<?xml version="1.0"?>
<opencv_storage>
<pose_0 type_id="opencv-nd-matrix">
  <sizes>
    1 18 3</sizes>
  <dt>f</dt>
  <data>
    4.61800690e+02 1.17391983e+02 8.42211425e-01 4.65648804e+02
    7.43242722e+01 7.62318611e-01 3.65918793e+02 7.04878540e+01
    6.87141061e-01 4.12779114e+02 2.58331512e+02 7.66885221e-01
    4.57857178e+02 3.91269775e+02 8.19408655e-01 5.69315613e+02
    8.60602875e+01 6.61577225e-01 5.24442932e+02 2.74004425e+02
    7.64446139e-01 4.94973938e+02 3.97200531e+02 6.08039916e-01
    3.81465118e+02 2.89570435e+02 4.21885043e-01 3.24821472e+02
    4.28479309e+02 3.67120057e-01 2.81729828e+02 4.81329651e+02
    7.83067718e-02 4.92998047e+02 3.03289764e+02 4.21755821e-01
    5.45859863e+02 4.18690186e+02 8.80297646e-02 0. 0. 0. 4.48024170e+02
    9.96791077e+01 6.71674669e-01 4.81316711e+02 9.78324585e+01
    7.28315353e-01 3.99091614e+02 2.15530167e+01 4.03537780e-01
    5.26334534e+02 2.35285835e+01 6.43076003e-01</data></pose_0>
</opencv_storage>
