<?xml version="1.0"?>
<opencv_storage>
<pose_0 type_id="opencv-nd-matrix">
  <sizes>
    1 18 3</sizes>
  <dt>f</dt>
  <data>
    4.77413910e+02 1.36984253e+02 7.68468976e-01 4.67620361e+02
    8.41603012e+01 8.42074096e-01 3.67777649e+02 8.21370926e+01
    6.90007150e-01 4.14829132e+02 2.72011475e+02 7.49223053e-01
    4.59825134e+02 3.99135834e+02 8.96225870e-01 5.71363525e+02
    9.58690186e+01 6.57044888e-01 5.26271362e+02 2.87638275e+02
    7.90703416e-01 4.95038330e+02 4.14753296e+02 5.74896932e-01
    3.79525665e+02 2.89574585e+02 3.98894250e-01 3.26759064e+02
    4.34374023e+02 3.36339414e-01 2.85634277e+02 4.81319458e+02
    1.04028225e-01 4.89104431e+02 3.03273376e+02 4.47517365e-01
    5.26304321e+02 4.12831879e+02 8.85882378e-02 0. 0. 0. 4.69530792e+02
    1.17394020e+02 6.73331738e-01 4.95078339e+02 1.19369286e+02
    6.28190935e-01 4.18668549e+02 4.50103951e+01 6.05057895e-01
    5.28264099e+02 7.23905792e+01 1.84339702e-01</data></pose_0>
</opencv_storage>
