<?xml version="1.0"?>
<opencv_storage>
<hand_left_0 type_id="opencv-nd-matrix">
  <sizes>
    1 21 3</sizes>
  <dt>f</dt>
  <data>
    4.57294342e+02 3.89816193e+02 5.57303965e-01 4.45875183e+02
    4.04090179e+02 5.92653394e-01 4.37310791e+02 4.20505219e+02
    4.61744070e-01 4.25891632e+02 4.29783295e+02 5.54621577e-01
    4.16613556e+02 4.35492889e+02 7.53748417e-01 4.49443665e+02
    4.19077820e+02 5.19527316e-01 4.42306702e+02 4.32638092e+02
    6.50481224e-01 4.43734100e+02 4.45484680e+02 7.67246366e-01
    4.45161499e+02 4.56190125e+02 8.15914989e-01 4.67286133e+02
    4.16223053e+02 6.59120262e-01 4.62290253e+02 4.33351807e+02
    6.04770541e-01 4.66572418e+02 4.46912048e+02 7.63793290e-01
    4.67286133e+02 4.59044922e+02 7.67161071e-01 4.84414886e+02
    4.11227142e+02 6.51819944e-01 4.95120361e+02 4.29069611e+02
    4.89305824e-01 4.90838165e+02 4.43343567e+02 5.45353830e-01
    4.93692963e+02 4.54049042e+02 5.81820726e-01 4.97975159e+02
    4.01235382e+02 6.65841937e-01 5.07253235e+02 4.06231262e+02
    7.69141555e-01 5.13676514e+02 4.12654541e+02 7.80180097e-01
    5.17958679e+02 4.18364136e+02 7.18727291e-01</data></hand_left_0>
</opencv_storage>
