<?xml version="1.0"?>
<opencv_storage>
<pose_0 type_id="opencv-nd-matrix">
  <sizes>
    1 18 3</sizes>
  <dt>f</dt>
  <data>
    4.57784515e+02 1.01819756e+02 8.32388103e-01 4.71539063e+02
    6.84787521e+01 7.65598297e-01 3.77578766e+02 6.65221786e+01
    6.80079460e-01 4.22577606e+02 2.50401031e+02 6.69433117e-01
    4.59864380e+02 3.81446930e+02 8.40610504e-01 5.71282471e+02
    8.21930771e+01 6.70259118e-01 5.30208435e+02 2.62214813e+02
    7.36782670e-01 4.96990662e+02 3.91301697e+02 5.58631122e-01
    3.81577332e+02 2.81757355e+02 4.24807966e-01 3.30628357e+02
    4.30399017e+02 4.09913749e-01 2.89578949e+02 4.85226868e+02
    1.07340947e-01 4.91115448e+02 3.03243103e+02 4.20898050e-01
    5.22404053e+02 3.85432495e+02 6.13951869e-02 0. 0. 0. 4.36309845e+02
    8.41091232e+01 7.77657032e-01 4.75425293e+02 8.40457535e+01
    8.33254933e-01 4.06936157e+02 6.06463509e+01 1.59228221e-01
    5.20411499e+02 3.88472843e+00 7.46215999e-01</data></pose_0>
</opencv_storage>
