<?xml version="1.0"?>
<opencv_storage>
<hand_left_0 type_id="opencv-nd-matrix">
  <sizes>
    1 21 3</sizes>
  <dt>f</dt>
  <data>
    4.60255859e+02 4.18762939e+02 5.60649276e-01 4.47177734e+02
    4.31841034e+02 6.43306553e-01 4.36164581e+02 4.51802368e+02
    5.13654768e-01 4.27904724e+02 4.57308960e+02 5.26806593e-01
    4.15514954e+02 4.60750549e+02 8.07309091e-01 4.52684326e+02
    4.47672455e+02 5.92101872e-01 4.39606201e+02 4.57997284e+02
    4.68807578e-01 4.41671173e+02 4.70387054e+02 5.36352813e-01
    4.44424438e+02 4.80711884e+02 6.75611317e-01 4.66450745e+02
    4.41477539e+02 6.65791512e-01 4.77463898e+02 4.56620636e+02
    4.05446291e-01 4.63009125e+02 4.71763702e+02 5.59271991e-01
    4.62320831e+02 4.83465179e+02 6.74592853e-01 4.82282135e+02
    4.38724274e+02 6.56363785e-01 4.93295288e+02 4.55243988e+02
    5.90968251e-01 5.00178497e+02 4.66945465e+02 5.95671892e-01
    5.06373413e+02 4.77958588e+02 6.51139200e-01 4.96048584e+02
    4.29776093e+02 6.86374784e-01 5.04996765e+02 4.34594330e+02
    8.41120601e-01 5.11879974e+02 4.40789215e+02 8.03392231e-01
    5.18074890e+02 4.48360779e+02 7.38081813e-01</data></hand_left_0>
</opencv_storage>
