<?xml version="1.0"?>
<opencv_storage>
<hand_right_0 type_id="opencv-nd-matrix">
  <sizes>
    1 21 3</sizes>
  <dt>f</dt>
  <data>
    4.55196014e+02 3.88716919e+02 6.06700540e-01 4.72482208e+02
    3.92174164e+02 6.83109283e-01 4.92534241e+02 3.97705750e+02
    6.60028756e-01 5.04980316e+02 4.07386047e+02 8.11456442e-01
    5.17426392e+02 4.14300537e+02 8.34631205e-01 4.83545410e+02
    4.08768951e+02 7.12531388e-01 4.94608582e+02 4.24672272e+02
    8.28420758e-01 5.02214508e+02 4.36426880e+02 8.54425848e-01
    5.07054657e+02 4.46798615e+02 8.78752112e-01 4.69024963e+02
    4.14991974e+02 7.58579791e-01 4.77322357e+02 4.28129517e+02
    7.36028731e-01 4.87694092e+02 4.41267029e+02 8.01954389e-01
    4.96682922e+02 4.53021667e+02 8.52494299e-01 4.54504547e+02
    4.19832123e+02 7.32420921e-01 4.55196014e+02 4.31586731e+02
    7.14470685e-01 4.60727600e+02 4.46798615e+02 8.09453607e-01
    4.64876282e+02 4.58553253e+02 7.25813925e-01 4.38601227e+02
    4.19832123e+02 7.14291573e-01 4.37909790e+02 4.35043976e+02
    8.32371235e-01 4.38601227e+02 4.45415710e+02 7.56109416e-01
    4.39292694e+02 4.54404541e+02 7.56754577e-01</data></hand_right_0>
</opencv_storage>
