<?xml version="1.0"?>
<opencv_storage>
<hand_right_0 type_id="opencv-nd-matrix">
  <sizes>
    1 21 3</sizes>
  <dt>f</dt>
  <data>
    4.59325897e+02 4.07464874e+02 6.32349968e-01 4.77350891e+02
    4.16116882e+02 7.17437446e-01 4.96817902e+02 4.24768890e+02
    7.25337386e-01 5.05469879e+02 4.35583893e+02 7.17634261e-01
    5.11958893e+02 4.44956879e+02 7.88955271e-01 4.81676880e+02
    4.31978882e+02 6.88580573e-01 4.89607880e+02 4.47840881e+02
    8.06833684e-01 4.96096893e+02 4.63702881e+02 8.43500555e-01
    5.00422882e+02 4.73796875e+02 8.57768357e-01 4.66535889e+02
    4.34862885e+02 7.28615820e-01 4.73024902e+02 4.51445862e+02
    6.35371506e-01 4.80234894e+02 4.65144867e+02 8.01034987e-01
    4.87444885e+02 4.77401855e+02 8.45638514e-01 4.52836914e+02
    4.37746887e+02 6.92059994e-01 4.54999908e+02 4.52166870e+02
    6.64777637e-01 4.58604889e+02 4.65144867e+02 8.33789468e-01
    4.60767914e+02 4.76680878e+02 8.85935545e-01 4.37695892e+02
    4.38467865e+02 6.95067644e-01 4.36974915e+02 4.52166870e+02
    8.33656371e-01 4.36974915e+02 4.62260864e+02 8.03710580e-01
    4.38416901e+02 4.71633881e+02 7.94900954e-01</data></hand_right_0>
</opencv_storage>
