<?xml version="1.0"?>
<opencv_storage>
<hand_right_0 type_id="opencv-nd-matrix">
  <sizes>
    1 21 3</sizes>
  <dt>f</dt>
  <data>
    4.59728699e+02 3.83797363e+02 6.16415143e-01 4.76782867e+02
    3.90903290e+02 7.60034740e-01 4.97389984e+02 3.97298584e+02
    7.08014488e-01 5.10180603e+02 4.06536255e+02 8.17493618e-01
    5.21550049e+02 4.14352753e+02 8.48126829e-01 4.86731140e+02
    4.07957458e+02 6.40884340e-01 4.94547638e+02 4.20037476e+02
    7.49398828e-01 5.03074707e+02 4.33538696e+02 8.20125997e-01
    5.07338257e+02 4.43486969e+02 8.54835212e-01 4.70387573e+02
    4.09378632e+02 7.46753454e-01 4.77493469e+02 4.24301025e+02
    6.76778972e-01 4.87441711e+02 4.37091644e+02 7.05237567e-01
    4.94547638e+02 4.49171692e+02 8.41079116e-01 4.54043976e+02
    4.13642181e+02 6.54249489e-01 4.57596924e+02 4.24301025e+02
    7.15160728e-01 4.61860474e+02 4.39934021e+02 7.95726955e-01
    4.65413422e+02 4.53435211e+02 7.18212783e-01 4.39832184e+02
    4.14352753e+02 6.99607432e-01 4.40542755e+02 4.27853973e+02
    7.56376803e-01 4.41963959e+02 4.39223419e+02 7.19271779e-01
    4.46938080e+02 4.52014038e+02 7.15914309e-01</data></hand_right_0>
</opencv_storage>
