<?xml version="1.0"?>
<opencv_storage>
<hand_left_0 type_id="opencv-nd-matrix">
  <sizes>
    1 21 3</sizes>
  <dt>f</dt>
  <data>
    4.61082825e+02 4.10186920e+02 5.63869059e-01 4.49948242e+02
    4.21321503e+02 6.36070311e-01 4.39468628e+02 4.39660828e+02
    6.14412904e-01 4.25714142e+02 4.47520508e+02 7.28164554e-01
    4.13924561e+02 4.55380219e+02 7.85852790e-01 4.55188019e+02
    4.40970764e+02 5.29770613e-01 4.42088531e+02 4.50795410e+02
    4.82943565e-01 4.42088531e+02 4.62584961e+02 7.37198830e-01
    4.44708435e+02 4.76339447e+02 7.22504914e-01 4.70252472e+02
    4.36385925e+02 6.78754687e-01 4.78767151e+02 4.56035217e+02
    4.35603023e-01 4.62392761e+02 4.67169800e+02 6.72920763e-01
    4.57152954e+02 4.83544189e+02 6.56709313e-01 4.84006958e+02
    4.33111053e+02 6.56511545e-01 4.93831573e+02 4.52105347e+02
    6.85136020e-01 4.99071381e+02 4.64549896e+02 5.79181850e-01
    5.04311188e+02 4.76994415e+02 6.86380446e-01 4.99071381e+02
    4.27216278e+02 7.53453016e-01 5.08896027e+02 4.42280731e+02
    6.52910650e-01 5.14135803e+02 4.46865540e+02 6.09764576e-01
    5.16755737e+02 4.50795410e+02 4.37928945e-01</data></hand_left_0>
</opencv_storage>
