<?xml version="1.0"?>
<opencv_storage>
<pose_0 type_id="opencv-nd-matrix">
  <sizes>
    2 18 3</sizes>
  <dt>f</dt>
  <data>
    4.44095917e+02 1.33173935e+02 7.73608685e-01 4.65637512e+02
    8.80643234e+01 7.87512124e-01 3.69790863e+02 8.41992874e+01
    7.36117244e-01 4.14823639e+02 2.74000458e+02 7.81985700e-01
    4.59733978e+02 3.99054474e+02 9.00755167e-01 5.71306274e+02
    1.01796890e+02 6.61888778e-01 5.34109863e+02 2.87628754e+02
    7.85253882e-01 4.95027374e+02 4.10891510e+02 5.59169114e-01
    3.79583679e+02 2.89568909e+02 4.32342350e-01 3.30666321e+02
    4.30438049e+02 4.43794280e-01 2.87593842e+02 4.79342804e+02
    1.42208561e-01 4.91061005e+02 3.09114319e+02 4.45464551e-01
    5.40019714e+02 4.40205383e+02 7.96292499e-02 0. 0. 0. 4.28413727e+02
    1.15320671e+02 7.24291444e-01 4.63683594e+02 1.15491348e+02
    7.44494021e-01 4.05000610e+02 8.21969986e+01 9.68534946e-02
    5.10718750e+02 6.64575958e+01 6.28336787e-01 0. 0. 0. 0. 0. 0. 0. 0.
    0. 0. 0. 0. 0. 0. 0. 0. 0. 0. 0. 0. 0. 0. 0. 0. 0. 0. 0. 0. 0. 0. 0.
    0. 0. 6.80867981e+02 4.87155670e+02 5.62833212e-02 9.56732666e+02
    5.22394775e+02 1.24649748e-01 1.11326025e+03 5.28229126e+02
    3.50563705e-01 0. 0. 0. 0. 0. 0. 0. 0. 0. 0. 0. 0.</data></pose_0>
</opencv_storage>
