<?xml version="1.0"?>
<opencv_storage>
<hand_right_0 type_id="opencv-nd-matrix">
  <sizes>
    1 21 3</sizes>
  <dt>f</dt>
  <data>
    4.59603851e+02 4.03770752e+02 5.60918868e-01 4.77544312e+02
    4.10946930e+02 7.21174002e-01 4.96919983e+02 4.19558350e+02
    6.69817686e-01 5.06966644e+02 4.29605011e+02 7.32061923e-01
    5.17013306e+02 4.38216400e+02 7.97968328e-01 4.83285248e+02
    4.26734528e+02 6.29197299e-01 4.93331879e+02 4.41804504e+02
    7.19054341e-01 4.99790466e+02 4.56874481e+02 8.24542701e-01
    5.04096161e+02 4.68356354e+02 8.45851898e-01 4.68932892e+02
    4.29605011e+02 6.91981435e-01 4.76826691e+02 4.43957367e+02
    6.94234371e-01 4.84002869e+02 4.60462555e+02 7.70182192e-01
    4.90461426e+02 4.73379700e+02 8.43407512e-01 4.54580536e+02
    4.32475464e+02 7.27093101e-01 4.58168610e+02 4.44674988e+02
    6.74228847e-01 4.60321472e+02 4.60462555e+02 8.28628778e-01
    4.63909546e+02 4.72662079e+02 7.93237031e-01 4.38792938e+02
    4.32475464e+02 6.39166236e-01 4.38075317e+02 4.47545441e+02
    7.90877998e-01 4.39510559e+02 4.56874481e+02 7.60982513e-01
    4.42381012e+02 4.66921143e+02 7.84314275e-01</data></hand_right_0>
</opencv_storage>
