<?xml version="1.0"?>
<opencv_storage>
<hand_right_0 type_id="opencv-nd-matrix">
  <sizes>
    1 21 3</sizes>
  <dt>f</dt>
  <data>
    4.56665131e+02 3.88814087e+02 5.48262835e-01 4.72995758e+02
    3.93074249e+02 7.08144903e-01 4.92876556e+02 3.98044464e+02
    6.30558550e-01 5.05657074e+02 4.06564789e+02 8.19546580e-01
    5.17727539e+02 4.15085144e+02 8.72858524e-01 4.82936157e+02
    4.09404907e+02 7.48484373e-01 4.94296631e+02 4.22185425e+02
    7.60494590e-01 5.01396912e+02 4.36385986e+02 8.38089943e-01
    5.06367096e+02 4.44906311e+02 9.08013821e-01 4.67315552e+02
    4.13665070e+02 7.32046485e-01 4.77255951e+02 4.26445587e+02
    7.12583661e-01 4.87196350e+02 4.39936127e+02 6.99146032e-01
    4.95716675e+02 4.52716644e+02 9.10059929e-01 4.53825012e+02
    4.16505188e+02 6.93354547e-01 4.56665131e+02 4.29995728e+02
    6.87096953e-01 4.60925293e+02 4.44906311e+02 8.12810123e-01
    4.66605530e+02 4.56266785e+02 7.16568887e-01 4.38204376e+02
    4.20055328e+02 7.30761290e-01 4.38914429e+02 4.32835846e+02
    8.62957656e-01 4.41754517e+02 4.44196289e+02 7.37854362e-01
    4.46724731e+02 4.55556763e+02 7.23713338e-01</data></hand_right_0>
</opencv_storage>
