<?xml version="1.0"?>
<opencv_storage>
<hand_right_0 type_id="opencv-nd-matrix">
  <sizes>
    1 21 3</sizes>
  <dt>f</dt>
  <data>
    4.60377960e+02 4.21776062e+02 6.31946564e-01 4.78233002e+02
    4.30346466e+02 7.36076057e-01 4.99659058e+02 4.38202698e+02
    7.48582602e-01 5.10372070e+02 4.48201508e+02 7.97425449e-01
    5.19656677e+02 4.58914551e+02 7.83047795e-01 4.84660828e+02
    4.47487305e+02 6.40801191e-01 4.92517029e+02 4.61771362e+02
    7.90557981e-01 4.98944855e+02 4.77483795e+02 8.35327923e-01
    5.03230072e+02 4.88911011e+02 8.55296135e-01 4.69662598e+02
    4.49629913e+02 7.35444784e-01 4.76090393e+02 4.63199738e+02
    6.43544197e-01 4.83232422e+02 4.78912201e+02 8.04220557e-01
    4.88946045e+02 4.91767822e+02 8.40062857e-01 4.54664368e+02
    4.51772522e+02 6.64969444e-01 4.57521149e+02 4.65342346e+02
    6.70611858e-01 4.59663757e+02 4.80340607e+02 8.08661282e-01
    4.64663177e+02 4.93910431e+02 8.00096035e-01 4.38237732e+02
    4.53200928e+02 6.81157291e-01 4.37523529e+02 4.66770752e+02
    8.51127386e-01 4.38951935e+02 4.78197998e+02 8.25531244e-01
    4.43237122e+02 4.88911011e+02 7.56179810e-01</data></hand_right_0>
</opencv_storage>
