<?xml version="1.0"?>
<opencv_storage>
<hand_left_0 type_id="opencv-nd-matrix">
  <sizes>
    1 21 3</sizes>
  <dt>f</dt>
  <data>
    4.61044586e+02 3.86750641e+02 5.87594986e-01 4.48571411e+02
    3.99916779e+02 6.67621017e-01 4.38177094e+02 4.19319489e+02
    5.71581185e-01 4.35405273e+02 4.31099701e+02 3.98609400e-01
    4.18081421e+02 4.29713806e+02 5.33688903e-01 4.53422089e+02
    4.14468811e+02 6.02212548e-01 4.43720734e+02 4.26941986e+02
    4.65828389e-01 4.43027771e+02 4.42186981e+02 5.26219249e-01
    4.46492554e+02 4.52581299e+02 6.13472819e-01 4.68667084e+02
    4.09618134e+02 6.48885608e-01 4.59658691e+02 4.26941986e+02
    3.73488039e-01 4.61737549e+02 4.42186981e+02 5.01882911e-01
    4.60351624e+02 4.53967194e+02 6.79304659e-01 4.82526184e+02
    4.04767456e+02 6.35667145e-01 4.94306396e+02 4.24170166e+02
    5.31084418e-01 4.98464142e+02 4.35257446e+02 5.25802612e-01
    5.05393677e+02 4.43572906e+02 5.59160829e-01 4.98464142e+02
    3.97837891e+02 7.36709237e-01 5.08165497e+02 4.04074493e+02
    7.29260564e-01 5.15095032e+02 4.11004028e+02 7.18607128e-01
    5.18559814e+02 4.17933594e+02 6.75760627e-01</data></hand_left_0>
</opencv_storage>
