<?xml version="1.0"?>
<opencv_storage>
<hand_right_0 type_id="opencv-nd-matrix">
  <sizes>
    1 21 3</sizes>
  <dt>f</dt>
  <data>
    4.59032349e+02 3.84080414e+02 6.48699164e-01 4.76576599e+02
    3.89719635e+02 7.13988781e-01 4.93494263e+02 3.95985443e+02
    6.54817462e-01 5.03519562e+02 4.05384155e+02 7.68414259e-01
    5.16051147e+02 4.14156281e+02 8.44913840e-01 4.83468994e+02
    4.03504395e+02 6.71335697e-01 4.93494263e+02 4.19168915e+02
    7.87750244e-01 4.99760071e+02 4.33580261e+02 7.47576475e-01
    5.02892975e+02 4.44858704e+02 9.37548637e-01 4.68431061e+02
    4.05384155e+02 7.45440841e-01 4.77203186e+02 4.21048645e+02
    6.17415011e-01 4.83468994e+02 4.38592896e+02 6.30906224e-01
    4.79082916e+02 4.49871368e+02 6.60708070e-01 4.56526031e+02
    4.09143616e+02 6.22319341e-01 4.57779205e+02 4.19168915e+02
    6.91494763e-01 4.62791840e+02 4.35459991e+02 7.26730824e-01
    4.63418427e+02 4.49871368e+02 7.04335868e-01 4.42741272e+02
    4.11649963e+02 6.65007591e-01 4.42741272e+02 4.20422089e+02
    7.15411067e-01 4.42741272e+02 4.29820770e+02 7.42948294e-01
    4.43367859e+02 4.39846069e+02 8.11373234e-01</data></hand_right_0>
</opencv_storage>
