<?xml version="1.0"?>
<opencv_storage>
<hand_left_0 type_id="opencv-nd-matrix">
  <sizes>
    1 21 3</sizes>
  <dt>f</dt>
  <data>
    4.58236755e+02 3.91747559e+02 5.86069584e-01 4.45957458e+02
    4.05471466e+02 6.64549053e-01 4.38734344e+02 4.23529266e+02
    6.46683455e-01 4.39456665e+02 4.37975464e+02 6.82603002e-01
    4.44512848e+02 4.53866333e+02 5.69173038e-01 4.53902893e+02
    4.17750763e+02 6.05851293e-01 4.56069824e+02 4.32919312e+02
    4.42713171e-01 4.45235138e+02 4.44476288e+02 4.66260791e-01
    4.46679779e+02 4.55310944e+02 5.81121683e-01 4.68349091e+02
    4.13416901e+02 6.82485282e-01 4.77739136e+02 4.27863129e+02
    5.64688206e-01 4.63292938e+02 4.44476288e+02 4.84274477e-01
    4.62570618e+02 4.56755554e+02 6.52490616e-01 4.82795319e+02
    4.08360718e+02 6.24289274e-01 4.92185364e+02 4.23529266e+02
    5.85818708e-01 4.97241547e+02 4.34363922e+02 5.53681970e-01
    5.05909271e+02 4.44476288e+02 5.81251502e-01 4.96519226e+02
    3.98970673e+02 6.64633036e-01 5.04464661e+02 4.03304535e+02
    8.89596820e-01 5.10965454e+02 4.08360718e+02 8.32382917e-01
    5.16021606e+02 4.14861511e+02 7.77774334e-01</data></hand_left_0>
</opencv_storage>
