<?xml version="1.0"?>
<opencv_storage>
<hand_right_0 type_id="opencv-nd-matrix">
  <sizes>
    1 21 3</sizes>
  <dt>f</dt>
  <data>
    4.56889679e+02 3.90828827e+02 5.70149779e-01 4.75830933e+02
    3.95739532e+02 6.60503745e-01 4.95473694e+02 4.02053284e+02
    5.97709656e-01 5.05996613e+02 4.09770081e+02 7.83065140e-01
    5.18624146e+02 4.19591492e+02 8.10790658e-01 4.85652313e+02
    4.13979248e+02 6.66555107e-01 4.97578278e+02 4.29412872e+02
    6.75991237e-01 5.03892029e+02 4.42741913e+02 8.35446656e-01
    5.05996613e+02 4.52563293e+02 8.54674518e-01 4.70218689e+02
    4.16785370e+02 7.18388438e-01 4.78637024e+02 4.32218994e+02
    6.19223893e-01 4.87055359e+02 4.46951080e+02 6.79793715e-01
    4.94772186e+02 4.58175507e+02 8.07875097e-01 4.54785095e+02
    4.20994537e+02 7.34537423e-01 4.59695770e+02 4.32218994e+02
    6.77508771e-01 4.65308014e+02 4.48354126e+02 7.78730869e-01
    4.68114105e+02 4.60280090e+02 7.73525000e-01 4.38649933e+02
    4.20292999e+02 6.82923555e-01 4.39351471e+02 4.35025085e+02
    7.59555995e-01 4.42859100e+02 4.45548004e+02 7.62743711e-01
    4.44963684e+02 4.56070923e+02 8.33747089e-01</data></hand_right_0>
</opencv_storage>
