<?xml version="1.0"?>
<opencv_storage>
<hand_left_0 type_id="opencv-nd-matrix">
  <sizes>
    1 21 3</sizes>
  <dt>f</dt>
  <data>
    4.60523651e+02 4.25095093e+02 5.98833382e-01 4.46104248e+02
    4.37351624e+02 6.78237855e-01 4.34568695e+02 4.54654907e+02
    6.53702617e-01 4.26638000e+02 4.60422699e+02 5.08250654e-01
    4.13660522e+02 4.61143646e+02 7.41591811e-01 4.54034912e+02
    4.53212982e+02 6.32503569e-01 4.56197815e+02 4.69074341e+02
    6.61185205e-01 4.60523651e+02 4.78446960e+02 6.77192807e-01
    4.64849487e+02 4.89982513e+02 6.89093947e-01 4.69175323e+02
    4.48166168e+02 7.39101768e-01 4.77105988e+02 4.65469482e+02
    7.22709775e-01 4.81431824e+02 4.78446960e+02 7.11573482e-01
    4.87920563e+02 4.92145416e+02 7.22451031e-01 4.84315704e+02
    4.43840363e+02 7.16462910e-01 4.90804443e+02 4.60422699e+02
    7.55755961e-01 4.98735138e+02 4.76284058e+02 7.76936889e-01
    5.02339996e+02 4.88540558e+02 7.78117657e-01 4.96572205e+02
    4.37351624e+02 7.68587053e-01 5.04502899e+02 4.43119385e+02
    8.12218547e-01 5.11712616e+02 4.49608124e+02 8.41629326e-01
    5.16038452e+02 4.57538818e+02 7.22522497e-01</data></hand_left_0>
</opencv_storage>
