<?xml version="1.0"?>
<opencv_storage>
<hand_left_0 type_id="opencv-nd-matrix">
  <sizes>
    1 21 3</sizes>
  <dt>f</dt>
  <data>
    4.58333527e+02 3.94731323e+02 5.25331795e-01 4.47397095e+02
    4.10042358e+02 6.04490280e-01 4.36460632e+02 4.26811584e+02
    5.32253444e-01 4.24795105e+02 4.34831635e+02 6.32488847e-01
    4.16775024e+02 4.40664398e+02 7.57900238e-01 4.48855286e+02
    4.24624298e+02 5.29330671e-01 4.41564301e+02 4.37018921e+02
    6.36616647e-01 4.42293396e+02 4.48684448e+02 7.82672584e-01
    4.46667999e+02 4.59620911e+02 8.19408476e-01 4.65624481e+02
    4.20978790e+02 6.44285262e-01 4.61249908e+02 4.38477112e+02
    5.57474077e-01 4.65624481e+02 4.52329956e+02 7.43447006e-01
    4.62708099e+02 4.64724579e+02 7.22095072e-01 4.82393707e+02
    4.16604218e+02 6.79142833e-01 4.94059235e+02 4.34102539e+02
    5.58382154e-01 4.89684662e+02 4.47226257e+02 5.37012041e-01
    4.94788330e+02 4.58891815e+02 5.90697944e-01 4.96975616e+02
    4.07125977e+02 6.45675838e-01 5.06453888e+02 4.12958740e+02
    7.17742503e-01 5.13744873e+02 4.20249695e+02 7.21872687e-01
    5.18119446e+02 4.26811584e+02 6.73538804e-01</data></hand_left_0>
</opencv_storage>
