<?xml version="1.0"?>
<opencv_storage>
<hand_left_0 type_id="opencv-nd-matrix">
  <sizes>
    1 21 3</sizes>
  <dt>f</dt>
  <data>
    4.59655731e+02 4.20072479e+02 5.72254002e-01 4.46683044e+02
    4.34486603e+02 6.48000777e-01 4.38034576e+02 4.52504242e+02
    6.60091162e-01 4.38034576e+02 4.64756226e+02 6.04845762e-01
    4.13530609e+02 4.60431976e+02 6.05122626e-01 4.56772919e+02
    4.48900696e+02 7.09162712e-01 4.60376465e+02 4.64756226e+02
    5.99549353e-01 4.63979980e+02 4.71963287e+02 6.75405204e-01
    4.69024902e+02 4.83494568e+02 6.92465305e-01 4.71187042e+02
    4.41693634e+02 7.55248845e-01 4.79835510e+02 4.59711273e+02
    8.35102797e-01 4.86321838e+02 4.72683990e+02 7.41928339e-01
    4.92087494e+02 4.83494568e+02 6.95483923e-01 4.86321838e+02
    4.37369415e+02 7.47629642e-01 4.94249603e+02 4.53224945e+02
    6.90604091e-01 5.01456665e+02 4.66918335e+02 7.00797975e-01
    5.05060181e+02 4.79891022e+02 7.41905928e-01 4.97853149e+02
    4.30883057e+02 7.94228017e-01 5.05060181e+02 4.35928009e+02
    8.26790571e-01 5.12267273e+02 4.40252228e+02 8.24666381e-01
    5.16591492e+02 4.46738586e+02 7.53103018e-01</data></hand_left_0>
</opencv_storage>
