<?xml version="1.0"?>
<opencv_storage>
<hand_left_0 type_id="opencv-nd-matrix">
  <sizes>
    1 21 3</sizes>
  <dt>f</dt>
  <data>
    4.61063812e+02 4.25040344e+02 5.92171192e-01 4.48243958e+02
    4.37147980e+02 6.72410071e-01 4.36848541e+02 4.57089966e+02
    5.73277116e-01 4.25453125e+02 4.60651031e+02 5.59473038e-01
    4.13345490e+02 4.64924316e+02 7.76973128e-01 4.53229462e+02
    4.52816681e+02 5.41368246e-01 4.40409607e+02 4.64924316e+02
    4.44976687e-01 4.42546234e+02 4.77744171e+02 6.73133790e-01
    4.45395111e+02 4.88427368e+02 7.73131371e-01 4.66761505e+02
    4.47831177e+02 6.55589163e-01 4.61063812e+02 4.67060944e+02
    3.59288841e-01 4.62488220e+02 4.81305237e+02 4.15860623e-01
    4.63200439e+02 4.91988434e+02 6.74600601e-01 4.83142426e+02
    4.43557922e+02 6.36812031e-01 4.92401184e+02 4.60651031e+02
    6.78815424e-01 4.99523346e+02 4.74895294e+02 6.45695627e-01
    5.05221039e+02 4.85578522e+02 6.37493074e-01 4.98098907e+02
    4.37147980e+02 7.03154087e-01 5.06645477e+02 4.42133484e+02
    7.87301660e-01 5.13767578e+02 4.48543396e+02 8.20794463e-01
    5.18753113e+02 4.54953339e+02 7.61852026e-01</data></hand_left_0>
</opencv_storage>
