<?xml version="1.0"?>
<opencv_storage>
<pose_0 type_id="opencv-nd-matrix">
  <sizes>
    1 18 3</sizes>
  <dt>f</dt>
  <data>
    5.06724792e+02 1.01680511e+02 8.40745986e-01 4.71494171e+02
    6.84280930e+01 6.76332653e-01 3.73691010e+02 6.84017563e+01
    6.14666879e-01 4.16721832e+02 2.52353806e+02 7.29148746e-01
    4.59768127e+02 3.81481110e+02 8.47671151e-01 5.73267883e+02
    8.21212006e+01 6.40334249e-01 5.26324951e+02 2.69993439e+02
    7.45504081e-01 5.00864319e+02 3.85450012e+02 5.78246057e-01
    3.81532043e+02 2.93479462e+02 4.15862471e-01 3.26771271e+02
    4.30421875e+02 4.43649411e-01 2.85655945e+02 4.87157257e+02
    5.60614616e-02 4.91118286e+02 3.05242798e+02 3.81641984e-01
    5.22354614e+02 3.87409332e+02 6.16635010e-02 0. 0. 0. 4.92992859e+02
    8.21552734e+01 7.36932456e-01 5.24335632e+02 7.82687531e+01
    5.93988657e-01 4.32464020e+02 1.95396214e+01 3.71526092e-01 0. 0. 0.</data></pose_0>
</opencv_storage>
