<?xml version="1.0"?>
<opencv_storage>
<hand_left_0 type_id="opencv-nd-matrix">
  <sizes>
    1 21 3</sizes>
  <dt>f</dt>
  <data>
    4.59469299e+02 3.97247833e+02 5.27765751e-01 4.47576721e+02
    4.09883698e+02 6.25834167e-01 4.37170715e+02 4.27722565e+02
    5.22928774e-01 4.26764709e+02 4.34412140e+02 4.55052644e-01
    4.17101990e+02 4.39615143e+02 7.66438782e-01 4.50549866e+02
    4.26235992e+02 5.01401782e-01 4.42373718e+02 4.38128571e+02
    6.27497554e-01 4.43860291e+02 4.50764404e+02 7.95835614e-01
    4.46833435e+02 4.61913696e+02 8.08657646e-01 4.66902161e+02
    4.21776276e+02 6.51513100e-01 4.60955872e+02 4.38128571e+02
    5.55906296e-01 4.64672302e+02 4.52250977e+02 7.02065527e-01
    4.64672302e+02 4.64886841e+02 7.69463360e-01 4.83254425e+02
    4.16573273e+02 6.25081539e-01 4.93660431e+02 4.32925568e+02
    5.40905774e-01 4.89944000e+02 4.48534546e+02 5.07101774e-01
    4.96633575e+02 4.59683838e+02 6.04563236e-01 4.99606720e+02
    4.09140411e+02 7.23901510e-01 5.07039581e+02 4.12856842e+02
    7.51452565e-01 5.13729187e+02 4.17316559e+02 7.75051653e-01
    5.19675476e+02 4.23262848e+02 7.05824018e-01</data></hand_left_0>
</opencv_storage>
