<?xml version="1.0"?>
<opencv_storage>
<hand_left_0 type_id="opencv-nd-matrix">
  <sizes>
    1 21 3</sizes>
  <dt>f</dt>
  <data>
    4.61072754e+02 4.11376587e+02 5.75628400e-01 4.49284637e+02
    4.23819611e+02 6.34899318e-01 4.39461182e+02 4.40846924e+02
    6.12279356e-01 4.25708344e+02 4.49360596e+02 6.93918288e-01
    4.13920227e+02 4.55909546e+02 8.05765986e-01 4.55178711e+02
    4.41501831e+02 5.85657179e-01 4.42735657e+02 4.51325287e+02
    4.67651427e-01 4.42080780e+02 4.63113434e+02 7.13896036e-01
    4.44045471e+02 4.76866241e+02 6.99494481e-01 4.70896210e+02
    4.36917572e+02 6.97806418e-01 4.79409882e+02 4.57219360e+02
    4.59942222e-01 4.61727661e+02 4.67697693e+02 6.72512770e-01
    4.57143402e+02 4.84070129e+02 6.52080476e-01 4.84649048e+02
    4.34952881e+02 6.45938993e-01 4.93817596e+02 4.53289978e+02
    6.83533072e-01 4.99711670e+02 4.66387909e+02 5.93444884e-01
    5.03641052e+02 4.77521149e+02 7.83022523e-01 4.99056763e+02
    4.29713684e+02 7.74924397e-01 5.08880219e+02 4.43466522e+02
    6.75690889e-01 5.14119385e+02 4.47395905e+02 6.36528492e-01
    5.18048767e+02 4.51325287e+02 5.07992387e-01</data></hand_left_0>
</opencv_storage>
