<?xml version="1.0"?>
<opencv_storage>
<hand_right_0 type_id="opencv-nd-matrix">
  <sizes>
    1 21 3</sizes>
  <dt>f</dt>
  <data>
    4.62446564e+02 3.83718903e+02 6.20147645e-01 4.79808075e+02
    3.89969055e+02 7.50164151e-01 4.98558533e+02 3.98302582e+02
    7.06788003e-01 5.08975433e+02 4.07330566e+02 7.84422517e-01
    5.20086792e+02 4.17053009e+02 8.15374672e-01 4.86058228e+02
    4.05941650e+02 6.15950465e-01 4.95780670e+02 4.20525330e+02
    7.20773458e-01 5.02725281e+02 4.33720062e+02 8.52127314e-01
    5.07586517e+02 4.44136993e+02 9.03891623e-01 4.70780090e+02
    4.09413940e+02 7.49007583e-01 4.79808075e+02 4.23303162e+02
    6.40929937e-01 4.86752686e+02 4.37192383e+02 6.85163677e-01
    4.93697296e+02 4.49692657e+02 8.08723211e-01 4.56890869e+02
    4.12886261e+02 6.59125566e-01 4.58279785e+02 4.23303162e+02
    6.05922818e-01 4.62446564e+02 4.38581299e+02 8.57285917e-01
    4.63141022e+02 4.52470520e+02 7.57399678e-01 4.41612732e+02
    4.14969635e+02 7.10674703e-01 4.40918274e+02 4.26080994e+02
    8.03319693e-01 4.41612732e+02 4.37192383e+02 8.15870523e-01
    4.45085052e+02 4.48998199e+02 7.68822074e-01</data></hand_right_0>
</opencv_storage>
