<?xml version="1.0"?>
<opencv_storage>
<hand_right_0 type_id="opencv-nd-matrix">
  <sizes>
    1 21 3</sizes>
  <dt>f</dt>
  <data>
    4.58372101e+02 3.82090424e+02 6.11778140e-01 4.74664368e+02
    3.88356659e+02 6.82780623e-01 4.92209869e+02 3.93996307e+02
    6.48698270e-01 5.03489136e+02 4.04022308e+02 8.06850314e-01
    5.16021667e+02 4.13421692e+02 8.32729936e-01 4.83437134e+02
    4.03395691e+02 6.55946851e-01 4.93463135e+02 4.19061310e+02
    7.36720860e-01 5.00356018e+02 4.33473694e+02 7.42412090e-01
    5.02862518e+02 4.44126343e+02 9.40817893e-01 4.69024750e+02
    4.06528809e+02 6.89872921e-01 4.78424133e+02 4.23447693e+02
    5.98865628e-01 4.83437134e+02 4.39739960e+02 6.25714242e-01
    4.78424133e+02 4.49765961e+02 6.29409850e-01 4.57118866e+02
    4.09661926e+02 6.51195824e-01 4.58372101e+02 4.19061310e+02
    5.51427960e-01 4.62758484e+02 4.36606842e+02 6.69858575e-01
    4.62131866e+02 4.49765961e+02 6.59595549e-01 4.42706482e+02
    4.10915192e+02 6.13652587e-01 4.42706482e+02 4.19687958e+02
    7.42497981e-01 4.42706482e+02 4.29087341e+02 7.33229399e-01
    4.42706482e+02 4.39113342e+02 8.22201848e-01</data></hand_right_0>
</opencv_storage>
