<?xml version="1.0"?>
<opencv_storage>
<hand_right_0 type_id="opencv-nd-matrix">
  <sizes>
    1 21 3</sizes>
  <dt>f</dt>
  <data>
    4.56509277e+02 3.97900543e+02 6.21896923e-01 4.73699097e+02
    4.02026093e+02 6.73064590e-01 4.92951721e+02 4.07526855e+02
    6.19786084e-01 5.05328369e+02 4.14402771e+02 8.61721218e-01
    5.17017456e+02 4.22653900e+02 8.71164441e-01 4.83325409e+02
    4.17153137e+02 7.03248203e-01 4.95014496e+02 4.31592590e+02
    8.00733507e-01 5.01890411e+02 4.45344452e+02 8.33412409e-01
    5.06015961e+02 4.55658356e+02 8.93600106e-01 4.68885956e+02
    4.21966309e+02 7.09212422e-01 4.78512268e+02 4.36405731e+02
    6.42505765e-01 4.87450958e+02 4.50157593e+02 6.94700897e-01
    4.95014496e+02 4.61846680e+02 8.54124427e-01 4.55134094e+02
    4.25404266e+02 6.63822174e-01 4.56509277e+02 4.37093323e+02
    6.66722417e-01 4.62010040e+02 4.52907959e+02 8.22355986e-01
    4.64760406e+02 4.64597046e+02 6.95738137e-01 4.39319458e+02
    4.26091858e+02 6.84125245e-01 4.38631866e+02 4.39843719e+02
    7.89766431e-01 4.39319458e+02 4.49470001e+02 7.73274422e-01
    4.40694641e+02 4.59783905e+02 8.28089297e-01</data></hand_right_0>
</opencv_storage>
