<?xml version="1.0"?>
<opencv_storage>
<hand_right_0 type_id="opencv-nd-matrix">
  <sizes>
    1 21 3</sizes>
  <dt>f</dt>
  <data>
    4.57716217e+02 4.19349457e+02 5.82998991e-01 4.76097565e+02
    4.24298279e+02 6.87266350e-01 4.95185852e+02 4.29247101e+02
    7.24093199e-01 5.05790466e+02 4.36316833e+02 7.83099473e-01
    5.16395081e+02 4.43386597e+02 7.59172142e-01 4.83167297e+02
    4.38437775e+02 6.77006960e-01 4.94478882e+02 4.52577240e+02
    7.89915860e-01 5.03669556e+02 4.66716736e+02 8.29132855e-01
    5.07911407e+02 4.77321350e+02 8.31653535e-01 4.69734772e+02
    4.41972626e+02 7.67506480e-01 4.78218475e+02 4.56819092e+02
    7.74868250e-01 4.88116119e+02 4.70251617e+02 8.18106115e-01
    4.97306793e+02 4.81563202e+02 8.73694122e-01 4.54181335e+02
    4.46214478e+02 6.96794808e-01 4.58423187e+02 4.58233063e+02
    6.91219449e-01 4.63372009e+02 4.74493469e+02 7.61600554e-01
    4.66906891e+02 4.85098083e+02 6.09668016e-01 4.39334869e+02
    4.47628448e+02 6.81271374e-01 4.37213959e+02 4.61060944e+02
    8.27629328e-01 4.37920929e+02 4.70958588e+02 7.95195162e-01
    4.40748840e+02 4.81563202e+02 8.18448782e-01</data></hand_right_0>
</opencv_storage>
