<?xml version="1.0"?>
<opencv_storage>
<hand_right_0 type_id="opencv-nd-matrix">
  <sizes>
    1 21 3</sizes>
  <dt>f</dt>
  <data>
    4.56466675e+02 4.13076843e+02 5.55667877e-01 4.74310638e+02
    4.18073151e+02 6.73950791e-01 4.95723358e+02 4.25210724e+02
    6.72237873e-01 5.07143494e+02 4.34489563e+02 7.38920987e-01
    5.14994812e+02 4.41627136e+02 7.90726244e-01 4.84303253e+02
    4.32348297e+02 6.42402649e-01 4.95009613e+02 4.48050964e+02
    8.08402419e-01 5.02147186e+02 4.61612366e+02 8.38179648e-01
    5.07143494e+02 4.71604980e+02 9.07403767e-01 4.68600555e+02
    4.35917084e+02 7.36362457e-01 4.78593170e+02 4.49478485e+02
    6.53169036e-01 4.87872040e+02 4.65181152e+02 7.75972962e-01
    4.96437134e+02 4.78028809e+02 8.71084452e-01 4.54325409e+02
    4.40199646e+02 6.05559051e-01 4.57894196e+02 4.51619751e+02
    7.03953087e-01 4.63604248e+02 4.67322449e+02 8.05951476e-01
    4.70028076e+02 4.78742554e+02 6.69087529e-01 4.39336487e+02
    4.41627136e+02 6.69683039e-01 4.38622742e+02 4.54474792e+02
    8.46254826e-01 4.39336487e+02 4.65181152e+02 7.73212552e-01
    4.42191528e+02 4.75887543e+02 7.62009621e-01</data></hand_right_0>
</opencv_storage>
