<?xml version="1.0"?>
<opencv_storage>
<hand_right_0 type_id="opencv-nd-matrix">
  <sizes>
    1 21 3</sizes>
  <dt>f</dt>
  <data>
    4.58544434e+02 3.98718079e+02 5.35386324e-01 4.77308533e+02
    4.05667725e+02 6.85141325e-01 4.97462555e+02 4.13312347e+02
    6.50169134e-01 5.07192078e+02 4.23041870e+02 6.84201956e-01
    5.16226624e+02 4.31381470e+02 7.75217414e-01 4.84953156e+02
    4.21651947e+02 6.30839765e-01 4.94682678e+02 4.36941193e+02
    7.46938825e-01 5.02327301e+02 4.49450592e+02 8.18770528e-01
    5.06497101e+02 4.59180115e+02 8.90668631e-01 4.70358856e+02
    4.25821747e+02 7.69147515e-01 4.78698456e+02 4.41110992e+02
    7.20100045e-01 4.87038055e+02 4.53620392e+02 7.24211395e-01
    4.94682678e+02 4.64739868e+02 8.81276131e-01 4.55069611e+02
    4.29991547e+02 6.73306942e-01 4.57154510e+02 4.41110992e+02
    6.56756163e-01 4.61324310e+02 4.55705292e+02 7.85325408e-01
    4.64104187e+02 4.66824738e+02 6.88657284e-01 4.39780365e+02
    4.29296570e+02 6.33728266e-01 4.39085388e+02 4.42500946e+02
    8.36038351e-01 4.39780365e+02 4.53620392e+02 8.02291572e-01
    4.41865265e+02 4.63349915e+02 7.61245668e-01</data></hand_right_0>
</opencv_storage>
