<?xml version="1.0"?>
<opencv_storage>
<hand_left_0 type_id="opencv-nd-matrix">
  <sizes>
    1 21 3</sizes>
  <dt>f</dt>
  <data>
    4.58902039e+02 4.19867828e+02 5.88195205e-01 4.46256042e+02
    4.33216400e+02 6.57569408e-01 4.37122803e+02 4.50780273e+02
    5.81466913e-01 4.34312592e+02 4.62021179e+02 5.47448099e-01
    4.14641022e+02 4.59913513e+02 7.28457034e-01 4.54686707e+02
    4.47970062e+02 6.36857092e-01 4.57496948e+02 4.62723724e+02
    4.18414414e-01 4.61712280e+02 4.71856964e+02 3.85044843e-01
    4.44850922e+02 4.80990204e+02 4.46913928e-01 4.70142944e+02
    4.42349609e+02 7.03830779e-01 4.79978729e+02 4.59210968e+02
    6.71297133e-01 4.84896606e+02 4.71154419e+02 4.75978285e-01
    4.68035278e+02 4.83097870e+02 4.30498630e-01 4.84896606e+02
    4.37431732e+02 7.11770475e-01 4.94029846e+02 4.54293060e+02
    6.42060757e-01 5.01757965e+02 4.68344177e+02 6.74006104e-01
    5.07378418e+02 4.79585083e+02 6.90587997e-01 4.96840057e+02
    4.30406158e+02 6.97437763e-01 5.04568176e+02 4.36026611e+02
    7.91384220e-01 5.12296326e+02 4.41647064e+02 8.22431386e-01
    5.16511658e+02 4.48672607e+02 7.51478672e-01</data></hand_left_0>
</opencv_storage>
