<?xml version="1.0"?>
<opencv_storage>
<hand_right_0 type_id="opencv-nd-matrix">
  <sizes>
    1 21 3</sizes>
  <dt>f</dt>
  <data>
    4.61818787e+02 4.30676514e+02 6.54555202e-01 4.79566589e+02
    4.38020416e+02 6.69391453e-01 4.99150391e+02 4.47200317e+02
    7.64152169e-01 5.08330261e+02 4.60052185e+02 7.14672983e-01
    5.17510193e+02 4.68620087e+02 7.56108522e-01 4.87522522e+02
    4.53320251e+02 7.34253645e-01 4.94866425e+02 4.69232056e+02
    7.54447877e-01 5.00986359e+02 4.83307922e+02 7.88341045e-01
    5.02822327e+02 4.93711792e+02 9.40660298e-01 4.72834686e+02
    4.55156219e+02 7.73899555e-01 4.82014557e+02 4.74740021e+02
    5.16334534e-01 4.85686523e+02 4.88203857e+02 6.43007696e-01
    4.85686523e+02 4.94935791e+02 4.87233877e-01 4.58146851e+02
    4.58828186e+02 8.08925390e-01 4.63654785e+02 4.82695923e+02
    4.95527625e-01 4.60594818e+02 4.88203857e+02 5.07426500e-01
    4.56922852e+02 4.97995758e+02 5.42466760e-01 4.43459015e+02
    4.58216187e+02 7.05567956e-01 4.41623016e+02 4.66784088e+02
    6.79656327e-01 4.39175049e+02 4.74128021e+02 7.26647794e-01
    4.38563049e+02 4.83307922e+02 7.78029680e-01</data></hand_right_0>
</opencv_storage>
