<?xml version="1.0"?>
<opencv_storage>
<hand_left_0 type_id="opencv-nd-matrix">
  <sizes>
    1 21 3</sizes>
  <dt>f</dt>
  <data>
    4.64197845e+02 4.39399414e+02 4.57919180e-01 4.52399261e+02
    4.48838287e+02 5.46631277e-01 4.44730164e+02 4.61226837e+02
    4.87618238e-01 4.40600647e+02 4.74205292e+02 5.84406078e-01
    4.18183319e+02 4.77744873e+02 4.39994842e-01 4.60658264e+02
    4.58867096e+02 3.89698565e-01 4.57708618e+02 4.81284454e+02
    5.50618410e-01 4.58298553e+02 4.90723328e+02 5.94171107e-01
    4.58298553e+02 4.93672974e+02 4.65535164e-01 4.75406525e+02
    4.57097321e+02 5.49573183e-01 4.76586395e+02 4.78924713e+02
    5.08328021e-01 4.76586395e+02 4.86003876e+02 3.78565729e-01
    4.68917297e+02 4.98982330e+02 4.77912128e-01 4.90154785e+02
    4.54737610e+02 6.05311453e-01 5.00773499e+02 4.67716064e+02
    5.05615473e-01 5.09032532e+02 4.79514648e+02 5.06757796e-01
    5.04313080e+02 4.91903198e+02 6.00459993e-01 5.03723175e+02
    4.50608093e+02 7.35700071e-01 5.13162048e+02 4.58277191e+02
    6.30053163e-01 5.19061340e+02 4.64176483e+02 7.63396204e-01
    5.26730408e+02 4.71255646e+02 7.36929536e-01</data></hand_left_0>
</opencv_storage>
