<?xml version="1.0"?>
<opencv_storage>
<hand_right_0 type_id="opencv-nd-matrix">
  <sizes>
    1 21 3</sizes>
  <dt>f</dt>
  <data>
    4.56852203e+02 3.83404999e+02 6.04595363e-01 4.75137543e+02
    3.88327972e+02 7.24519253e-01 4.94126160e+02 3.93954224e+02
    6.56729817e-01 5.06081940e+02 4.03096893e+02 8.63598406e-01
    5.17334473e+02 4.12942841e+02 8.29864562e-01 4.83576935e+02
    4.04503448e+02 7.21816301e-01 4.94829437e+02 4.19975647e+02
    7.64146447e-01 5.01862274e+02 4.31931458e+02 8.60455990e-01
    5.06081940e+02 4.42480682e+02 9.57559824e-01 4.68808014e+02
    4.09426422e+02 7.81815946e-01 4.77950684e+02 4.22788788e+02
    6.91700935e-01 4.87093323e+02 4.37557709e+02 7.19507337e-01
    4.94829437e+02 4.49513489e+02 9.04632330e-01 4.54742371e+02
    4.14349396e+02 6.94177806e-01 4.57555481e+02 4.24898621e+02
    6.81809306e-01 4.63181732e+02 4.38964264e+02 8.07431161e-01
    4.67401428e+02 4.51623352e+02 7.25381255e-01 4.38566864e+02
    4.15052673e+02 7.47376919e-01 4.38566864e+02 4.29118317e+02
    8.16175938e-01 4.42083282e+02 4.39667542e+02 7.37443924e-01
    4.44896423e+02 4.49513489e+02 7.60063112e-01</data></hand_right_0>
</opencv_storage>
