<?xml version="1.0"?>
<opencv_storage>
<pose_0 type_id="opencv-nd-matrix">
  <sizes>
    1 18 3</sizes>
  <dt>f</dt>
  <data>
    5.06654419e+02 1.78038071e+02 8.08680296e-01 4.75496155e+02
    1.05654343e+02 7.87348270e-01 3.71781769e+02 9.97776260e+01
    6.41893804e-01 4.14707062e+02 2.87560699e+02 7.46775150e-01
    4.59789612e+02 4.16780670e+02 8.46268237e-01 5.73304016e+02
    1.11549248e+02 6.38164699e-01 5.28274292e+02 3.05197540e+02
    7.70677030e-01 4.93052429e+02 4.28408508e+02 5.74868202e-01
    3.77613464e+02 2.91505737e+02 4.22955811e-01 3.22808472e+02
    4.36285370e+02 5.03082931e-01 2.15245453e+02 4.93075104e+02
    1.28932506e-01 4.87174927e+02 3.09112427e+02 4.82015550e-01
    5.45850891e+02 4.40233826e+02 2.33954430e-01 0. 0. 0. 4.93026947e+02
    1.62453369e+02 8.62402797e-01 5.20402527e+02 1.62369751e+02
    4.75777060e-01 4.30503082e+02 9.97632904e+01 4.54387009e-01
    5.40178467e+02 1.01748154e+02 7.57849663e-02</data></pose_0>
</opencv_storage>
