<?xml version="1.0"?>
<opencv_storage>
<pose_0 type_id="opencv-nd-matrix">
  <sizes>
    1 18 3</sizes>
  <dt>f</dt>
  <data>
    5.04734955e+02 1.76101257e+02 7.68156826e-01 4.77357544e+02
    1.09539139e+02 7.79588342e-01 3.75664917e+02 1.01722855e+02
    6.39614224e-01 4.12861877e+02 2.91561768e+02 8.08854222e-01
    4.59752350e+02 4.16755371e+02 8.67791772e-01 5.79129211e+02
    1.17382996e+02 6.43013597e-01 5.30236511e+02 3.05280212e+02
    7.50896156e-01 4.96953064e+02 4.18685059e+02 6.28002405e-01
    3.79568665e+02 2.89576630e+02 4.21077669e-01 3.26761627e+02
    4.30505005e+02 5.50790012e-01 0. 0. 0. 4.89151672e+02 3.05194916e+02
    4.69538361e-01 5.45895264e+02 4.46091736e+02 1.62068918e-01 0. 0. 0.
    4.93095154e+02 1.62300369e+02 8.07634652e-01 5.18496033e+02
    1.62314819e+02 3.60895574e-01 4.32375427e+02 9.78014603e+01
    4.21792150e-01 5.51672546e+02 1.11454178e+02 1.23664163e-01</data></pose_0>
</opencv_storage>
