<?xml version="1.0"?>
<opencv_storage>
<hand_right_0 type_id="opencv-nd-matrix">
  <sizes>
    1 21 3</sizes>
  <dt>f</dt>
  <data>
    4.58990906e+02 4.11255798e+02 5.54133415e-01 4.76824585e+02
    4.19429596e+02 7.27274656e-01 4.96887451e+02 4.29089478e+02
    6.90167904e-01 5.08033508e+02 4.38006317e+02 7.84123957e-01
    5.19179565e+02 4.48409302e+02 8.19797456e-01 4.83512207e+02
    4.36520203e+02 5.81299782e-01 4.90942902e+02 4.50638519e+02
    7.38164485e-01 4.98373596e+02 4.66986053e+02 8.55090499e-01
    5.02832031e+02 4.78875183e+02 8.59275281e-01 4.67907745e+02
    4.38006317e+02 6.93169713e-01 4.75338440e+02 4.53610809e+02
    6.14443362e-01 4.82769135e+02 4.69958344e+02 7.54236400e-01
    4.89456757e+02 4.84076660e+02 8.49899530e-01 4.53789398e+02
    4.42464752e+02 6.88232183e-01 4.56761688e+02 4.54353882e+02
    6.89055264e-01 4.59733978e+02 4.70701416e+02 8.34633648e-01
    4.62706238e+02 4.84076660e+02 8.00814271e-01 4.38184937e+02
    4.43207825e+02 6.58008456e-01 4.36698792e+02 4.58812286e+02
    7.83866704e-01 4.39671082e+02 4.69958344e+02 7.37720311e-01
    4.43386414e+02 4.78875183e+02 7.17634499e-01</data></hand_right_0>
</opencv_storage>
