<?xml version="1.0"?>
<opencv_storage>
<hand_right_0 type_id="opencv-nd-matrix">
  <sizes>
    1 21 3</sizes>
  <dt>f</dt>
  <data>
    4.61790436e+02 4.08971313e+02 6.64513469e-01 4.78554810e+02
    4.14774384e+02 7.58690298e-01 4.98543091e+02 4.23801331e+02
    7.80386567e-01 5.08214844e+02 4.36052246e+02 7.57071733e-01
    5.17241821e+02 4.46368774e+02 7.76371241e-01 4.86292206e+02
    4.32183533e+02 7.12348938e-01 4.94674408e+02 4.49592682e+02
    8.26363087e-01 5.00477448e+02 4.63777954e+02 8.17553639e-01
    5.04346161e+02 4.74739258e+02 9.14100230e-01 4.72751740e+02
    4.35407440e+02 8.15735161e-01 4.80489166e+02 4.54750977e+02
    5.85695624e-01 4.85647430e+02 4.67646637e+02 5.71061134e-01
    4.85647430e+02 4.76673615e+02 4.43492711e-01 4.57276947e+02
    4.38631378e+02 7.25147784e-01 4.60500854e+02 4.52171844e+02
    5.87042630e-01 4.62435211e+02 4.65712280e+02 7.11140811e-01
    4.61145630e+02 4.79252747e+02 6.89588666e-01 4.42446899e+02
    4.37986603e+02 6.12708926e-01 4.41802124e+02 4.50237488e+02
    7.87426770e-01 4.41802124e+02 4.60554016e+02 8.16034317e-01
    4.41802124e+02 4.70225769e+02 7.95062304e-01</data></hand_right_0>
</opencv_storage>
