<?xml version="1.0"?>
<opencv_storage>
<pose_0 type_id="opencv-nd-matrix">
  <sizes>
    1 18 3</sizes>
  <dt>f</dt>
  <data>
    4.46034424e+02 1.13448021e+02 7.91699648e-01 4.63704193e+02
    7.43732529e+01 7.70507038e-01 3.67824188e+02 7.23839645e+01
    7.05278277e-01 4.12872986e+02 2.58353882e+02 7.55061328e-01
    4.59710052e+02 3.87435760e+02 8.40519845e-01 5.69369934e+02
    8.61279144e+01 6.61203384e-01 5.28280029e+02 2.73907104e+02
    7.52504289e-01 4.95021393e+02 3.99111755e+02 5.50311089e-01
    3.79596497e+02 2.87596771e+02 4.31985736e-01 3.24805939e+02
    4.30379059e+02 4.86251712e-01 2.87611542e+02 4.81314362e+02
    7.50827044e-02 4.89147766e+02 3.03217041e+02 4.57352161e-01
    5.47798950e+02 4.20641754e+02 8.26273188e-02 0. 0. 0. 4.28495056e+02
    8.61505737e+01 7.56738245e-01 4.63742981e+02 9.19591064e+01
    7.05466509e-01 4.04963013e+02 6.25824814e+01 2.16140538e-01
    5.10646790e+02 3.91117401e+01 4.15377945e-01</data></pose_0>
</opencv_storage>
