<?xml version="1.0"?>
<opencv_storage>
<pose_0 type_id="opencv-nd-matrix">
  <sizes>
    2 18 3</sizes>
  <dt>f</dt>
  <data>
    5.04746674e+02 1.68257919e+02 7.31999934e-01 4.73434143e+02
    1.03750473e+02 7.68392563e-01 3.67850861e+02 1.01754700e+02
    6.48068905e-01 4.12739105e+02 2.93478577e+02 7.53954411e-01
    4.59702515e+02 4.14877747e+02 8.55776489e-01 5.73262756e+02
    1.15360466e+02 6.58980787e-01 5.28233643e+02 3.05194489e+02
    7.45977879e-01 4.95040619e+02 4.14850769e+02 6.59282506e-01
    3.77633392e+02 2.91514679e+02 4.10262793e-01 3.22843445e+02
    4.32360138e+02 4.68052179e-01 2.83684082e+02 4.79353790e+02
    1.06812403e-01 4.87160614e+02 3.05185455e+02 4.56086159e-01
    5.45874573e+02 4.51945313e+02 1.66733831e-01 0. 0. 0. 4.93102631e+02
    1.54580688e+02 7.50016153e-01 5.18499268e+02 1.54556244e+02
    2.71948487e-01 4.24588654e+02 9.19769516e+01 5.30952930e-01
    5.39943176e+02 9.98586197e+01 8.67672414e-02 0. 0. 0. 0. 0. 0. 0. 0.
    0. 0. 0. 0. 0. 0. 0. 0. 0. 0. 0. 0. 0. 0. 0. 0. 0. 0. 0. 0. 0. 0. 0.
    0. 0. 6.86751709e+02 4.87148132e+02 5.02824113e-02 9.60632446e+02
    5.22430542e+02 1.41314179e-01 1.11912158e+03 5.32151184e+02
    2.68235087e-01 0. 0. 0. 0. 0. 0. 0. 0. 0. 0. 0. 0.</data></pose_0>
</opencv_storage>
