<?xml version="1.0"?>
<opencv_storage>
<pose_0 type_id="opencv-nd-matrix">
  <sizes>
    2 18 3</sizes>
  <dt>f</dt>
  <data>
    4.96950500e+02 1.78064270e+02 7.65911937e-01 4.73467773e+02
    1.09550407e+02 7.57587790e-01 3.67864288e+02 1.01824234e+02
    6.42739058e-01 4.12768951e+02 2.93520599e+02 7.54845619e-01
    4.59723145e+02 4.16794006e+02 8.40275705e-01 5.73247009e+02
    1.15491592e+02 6.49794221e-01 5.28261841e+02 3.05278625e+02
    7.40739644e-01 4.95016052e+02 4.16793518e+02 6.12883389e-01
    3.77634125e+02 2.89591461e+02 4.18272525e-01 3.24779694e+02
    4.30486237e+02 4.64401931e-01 2.77834778e+02 4.77419678e+02
    1.15139171e-01 4.89114868e+02 3.03281097e+02 4.55875754e-01
    5.43923706e+02 4.53914185e+02 1.79626152e-01 0. 0. 0. 4.87187286e+02
    1.62412704e+02 7.63858378e-01 5.10726349e+02 1.62368561e+02
    4.20114577e-01 4.24570374e+02 9.97174606e+01 6.21324182e-01
    5.40099792e+02 1.09547638e+02 1.30783215e-01 0. 0. 0. 0. 0. 0. 0. 0.
    0. 0. 0. 0. 0. 0. 0. 0. 0. 0. 0. 0. 0. 0. 0. 0. 0. 0. 0. 0. 0. 0. 0.
    0. 0. 6.86737610e+02 4.85226410e+02 5.38630076e-02 9.60653687e+02
    5.24302246e+02 1.48982897e-01 1.12107141e+03 5.30197205e+02
    2.91468471e-01 0. 0. 0. 0. 0. 0. 0. 0. 0. 0. 0. 0.</data></pose_0>
</opencv_storage>
