<?xml version="1.0"?>
<opencv_storage>
<pose_0 type_id="opencv-nd-matrix">
  <sizes>
    1 18 3</sizes>
  <dt>f</dt>
  <data>
    5.06699371e+02 9.77923355e+01 8.18029523e-01 4.61679169e+02
    7.04617233e+01 7.30065823e-01 3.65866302e+02 6.85409470e+01
    6.70919240e-01 4.12731293e+02 2.52382355e+02 6.96469843e-01
    4.57826477e+02 3.81542755e+02 8.45868468e-01 5.67353149e+02
    8.01730957e+01 6.54326499e-01 5.24303467e+02 2.69990723e+02
    7.28542626e-01 4.93061218e+02 3.91319946e+02 5.88150680e-01
    3.81446747e+02 2.91535339e+02 4.19544578e-01 3.30671783e+02
    4.30472992e+02 4.86433864e-01 3.03239044e+02 4.89092224e+02
    1.10656984e-01 4.91093872e+02 3.07154480e+02 3.98474276e-01
    5.24304626e+02 3.99124725e+02 6.64956123e-02 0. 0. 0. 4.91004333e+02
    7.82614441e+01 7.08574295e-01 5.22410461e+02 7.05129013e+01
    6.60199583e-01 4.28471222e+02 2.93404408e+01 4.73112673e-01 0. 0. 0.</data></pose_0>
</opencv_storage>
