<?xml version="1.0"?>
<opencv_storage>
<hand_left_0 type_id="opencv-nd-matrix">
  <sizes>
    1 21 3</sizes>
  <dt>f</dt>
  <data>
    4.60632050e+02 4.13136688e+02 5.10936797e-01 4.46290833e+02
    4.25326691e+02 6.37317240e-01 4.36252014e+02 4.43253204e+02
    5.25033474e-01 4.31949646e+02 4.53292053e+02 4.62251276e-01
    4.14740204e+02 4.54009125e+02 7.94757903e-01 4.49876160e+02
    4.41819092e+02 5.18620789e-01 4.39837311e+02 4.53292053e+02
    6.37312949e-01 4.40554352e+02 4.65482086e+02 7.48525500e-01
    4.44139648e+02 4.76955048e+02 8.48086059e-01 4.64934418e+02
    4.37516724e+02 6.31594121e-01 4.61349121e+02 4.54009125e+02
    5.08509576e-01 4.62783234e+02 4.66916199e+02 6.50072098e-01
    4.64217346e+02 4.81257385e+02 8.31960678e-01 4.80709747e+02
    4.36082611e+02 6.00869298e-01 4.90748566e+02 4.52574982e+02
    6.32933378e-01 4.97202118e+02 4.65482086e+02 5.85247159e-01
    5.02938599e+02 4.76955048e+02 5.91506720e-01 4.97919189e+02
    4.30346130e+02 7.60922015e-01 5.07240967e+02 4.36799652e+02
    7.38691807e-01 5.13694519e+02 4.41819092e+02 7.79275537e-01
    5.17279785e+02 4.47555573e+02 6.59562349e-01</data></hand_left_0>
</opencv_storage>
