<?xml version="1.0"?>
<opencv_storage>
<hand_right_0 type_id="opencv-nd-matrix">
  <sizes>
    1 21 3</sizes>
  <dt>f</dt>
  <data>
    4.61652740e+02 3.84860535e+02 5.95891058e-01 4.78486572e+02
    3.91173218e+02 7.17403769e-01 4.97424591e+02 3.98187317e+02
    6.87453270e-01 5.07945740e+02 4.08007050e+02 8.41937423e-01
    5.19168274e+02 4.17826782e+02 8.34703028e-01 4.86202057e+02
    4.08007050e+02 6.89334512e-01 4.96021790e+02 4.22035217e+02
    7.11629212e-01 5.03035858e+02 4.36063416e+02 8.20755959e-01
    5.06542908e+02 4.45181732e+02 8.56399119e-01 4.70771057e+02
    4.10111267e+02 7.55678415e-01 4.78486572e+02 4.25542267e+02
    6.44473195e-01 4.86202057e+02 4.38167633e+02 7.38514781e-01
    4.92514740e+02 4.50792999e+02 7.98427880e-01 4.56742889e+02
    4.14319733e+02 6.41465485e-01 4.57444275e+02 4.24139465e+02
    6.13788486e-01 4.61652740e+02 4.38869049e+02 8.57598841e-01
    4.62354156e+02 4.54300049e+02 7.40459919e-01 4.41311890e+02
    4.15021149e+02 7.21340299e-01 4.40610474e+02 4.26945099e+02
    8.21679890e-01 4.40610474e+02 4.37466217e+02 8.09524000e-01
    4.42013306e+02 4.48688782e+02 7.60286689e-01</data></hand_right_0>
</opencv_storage>
