<?xml version="1.0"?>
<opencv_storage>
<hand_right_0 type_id="opencv-nd-matrix">
  <sizes>
    1 21 3</sizes>
  <dt>f</dt>
  <data>
    4.59077759e+02 3.83588562e+02 6.08756304e-01 4.74690002e+02
    3.89208954e+02 6.96685731e-01 4.92800201e+02 3.94829376e+02
    6.31193221e-01 5.03416504e+02 4.04821198e+02 7.88999557e-01
    5.15281799e+02 4.14188538e+02 8.54156077e-01 4.83432861e+02
    4.03572235e+02 6.83968425e-01 4.94049164e+02 4.19184448e+02
    7.26760983e-01 4.99669586e+02 4.33547729e+02 7.49798715e-01
    5.02792023e+02 4.44788513e+02 8.98831487e-01 4.69069580e+02
    4.06070190e+02 7.32408822e-01 4.78436920e+02 4.23555878e+02
    6.00134611e-01 4.83432861e+02 4.39792603e+02 6.11833513e-01
    4.79061432e+02 4.49784454e+02 6.35990143e-01 4.55955322e+02
    4.09192627e+02 6.14976287e-01 4.58453278e+02 4.19184448e+02
    6.55573189e-01 4.63449188e+02 4.36045685e+02 7.05430746e-01
    4.62200195e+02 4.50408936e+02 6.50523365e-01 4.43465515e+02
    4.11066101e+02 6.43807650e-01 4.42841034e+02 4.19808960e+02
    7.27971315e-01 4.42841034e+02 4.29176300e+02 7.35584378e-01
    4.43465515e+02 4.39792603e+02 8.32059503e-01</data></hand_right_0>
</opencv_storage>
