<?xml version="1.0"?>
<opencv_storage>
<hand_left_0 type_id="opencv-nd-matrix">
  <sizes>
    1 21 3</sizes>
  <dt>f</dt>
  <data>
    4.61979797e+02 3.92864380e+02 5.72307289e-01 4.48655273e+02
    4.05487640e+02 6.34129107e-01 4.39538483e+02 4.22318634e+02
    6.15711093e-01 4.39538483e+02 4.35643158e+02 5.35038531e-01
    4.44447540e+02 4.51071564e+02 3.66279334e-01 4.54265594e+02
    4.18812164e+02 6.65966868e-01 4.42343658e+02 4.30032837e+02
    3.95340472e-01 4.43746246e+02 4.42656067e+02 5.54061294e-01
    4.44447540e+02 4.53175446e+02 6.56958699e-01 4.68992737e+02
    4.13903137e+02 6.90655231e-01 4.78109528e+02 4.30734131e+02
    5.14836907e-01 4.63382385e+02 4.47565125e+02 5.21739304e-01
    4.58473358e+02 4.58084473e+02 6.71346903e-01 4.84421143e+02
    4.11097961e+02 6.67626858e-01 4.93537933e+02 4.27928955e+02
    6.42448246e-01 4.98446960e+02 4.38448334e+02 5.56122780e-01
    5.04057281e+02 4.47565125e+02 5.41556895e-01 4.99148254e+02
    4.04085052e+02 7.49858737e-01 5.07563751e+02 4.11799255e+02
    6.79965973e-01 5.13875366e+02 4.18812164e+02 8.15073848e-01
    5.17381836e+02 4.23721191e+02 6.76239371e-01</data></hand_left_0>
</opencv_storage>
