<?xml version="1.0"?>
<opencv_storage>
<hand_right_0 type_id="opencv-nd-matrix">
  <sizes>
    1 21 3</sizes>
  <dt>f</dt>
  <data>
    4.62042328e+02 4.19088989e+02 6.66471839e-01 4.80289917e+02
    4.26010498e+02 7.02841878e-01 5.00425171e+02 4.35448883e+02
    7.85496712e-01 5.09234344e+02 4.49291870e+02 7.26943791e-01
    5.17414307e+02 4.58730286e+02 7.90246189e-01 4.87211395e+02
    4.42999603e+02 7.29476154e-01 4.95391357e+02 4.59988739e+02
    8.48527074e-01 5.00425171e+02 4.73831726e+02 8.70367408e-01
    5.04200531e+02 4.86416260e+02 8.71874869e-01 4.73368408e+02
    4.44887299e+02 7.54856348e-01 4.80289917e+02 4.63764099e+02
    7.06897974e-01 4.84694489e+02 4.78236298e+02 6.19842172e-01
    4.77143768e+02 4.88933167e+02 5.04469872e-01 4.59525421e+02
    4.48033417e+02 7.33999670e-01 4.60154663e+02 4.59988739e+02
    5.86073458e-01 4.62042328e+02 4.74460938e+02 7.19762683e-01
    4.58896210e+02 4.88933167e+02 7.69529283e-01 4.44423981e+02
    4.47404205e+02 6.69868946e-01 4.41907074e+02 4.58730286e+02
    7.73275733e-01 4.40648621e+02 4.68797913e+02 8.03503573e-01
    4.40019409e+02 4.78865540e+02 8.51427078e-01</data></hand_right_0>
</opencv_storage>
