<?xml version="1.0"?>
<opencv_storage>
<hand_right_0 type_id="opencv-nd-matrix">
  <sizes>
    1 21 3</sizes>
  <dt>f</dt>
  <data>
    4.59128876e+02 4.07387604e+02 6.08320773e-01 4.76726196e+02
    4.16538208e+02 7.10610986e-01 4.96435181e+02 4.24281036e+02
    6.50089979e-01 5.06289673e+02 4.34839417e+02 8.06997001e-01
    5.16848083e+02 4.43990021e+02 7.94545293e-01 4.83765106e+02
    4.33431610e+02 6.54855192e-01 4.93619598e+02 4.49621155e+02
    7.52675593e-01 4.99250763e+02 4.62995087e+02 8.47386181e-01
    5.04178009e+02 4.73553497e+02 8.92190456e-01 4.68983368e+02
    4.35543304e+02 7.12323844e-01 4.76726196e+02 4.51028931e+02
    6.21939838e-01 4.83061218e+02 4.65810669e+02 7.44545162e-01
    4.89396271e+02 4.79184631e+02 8.66760373e-01 4.54201630e+02
    4.39766663e+02 7.13946462e-01 4.57721100e+02 4.50325043e+02
    6.69176519e-01 4.60536682e+02 4.66514557e+02 8.24110627e-01
    4.64760040e+02 4.78480743e+02 7.62716055e-01 4.38716003e+02
    4.40470551e+02 7.03152478e-01 4.38012115e+02 4.53844513e+02
    8.31667185e-01 4.38716003e+02 4.63699005e+02 7.81171978e-01
    4.42235474e+02 4.73553497e+02 7.37019420e-01</data></hand_right_0>
</opencv_storage>
