<?xml version="1.0"?>
<opencv_storage>
<pose_0 type_id="opencv-nd-matrix">
  <sizes>
    1 18 3</sizes>
  <dt>f</dt>
  <data>
    4.01147125e+02 1.46785538e+02 8.46509337e-01 4.38262024e+02
    1.05662323e+02 6.98709965e-01 3.52154358e+02 1.11546104e+02
    7.70598531e-01 4.12830811e+02 2.71987396e+02 8.29056144e-01
    4.59826965e+02 4.12880768e+02 8.14856768e-01 5.39966675e+02
    1.11485855e+02 6.83246911e-01 5.10669067e+02 2.87575684e+02
    8.45394135e-01 4.91097626e+02 4.28520508e+02 5.96531451e-01
    3.71763977e+02 3.13028961e+02 4.09099609e-01 3.22846161e+02
    4.61695313e+02 4.74081337e-01 2.89555511e+02 5.04798981e+02
    1.07783042e-01 4.73454193e+02 3.18882263e+02 4.62402403e-01
    5.08725800e+02 4.24572357e+02 1.08536355e-01 0. 0. 0. 3.83456299e+02
    1.27177269e+02 8.17623377e-01 4.18713470e+02 1.27134567e+02
    7.46913493e-01 3.65780060e+02 1.01830597e+02 5.62404878e-02
    4.73405609e+02 7.04463425e+01 9.05924857e-01</data></pose_0>
</opencv_storage>
