<?xml version="1.0"?>
<opencv_storage>
<hand_right_0 type_id="opencv-nd-matrix">
  <sizes>
    1 21 3</sizes>
  <dt>f</dt>
  <data>
    4.60577911e+02 4.17531830e+02 5.77976346e-01 4.77506317e+02
    4.23174622e+02 7.28582859e-01 4.97961456e+02 4.30933472e+02
    6.98289573e-01 5.09952393e+02 4.40103027e+02 8.22688580e-01
    5.19121948e+02 4.49272583e+02 7.60072112e-01 4.85265167e+02
    4.38692322e+02 6.42003655e-01 4.94434692e+02 4.52093964e+02
    8.14892530e-01 5.02898895e+02 4.67611664e+02 8.13260913e-01
    5.06425659e+02 4.78897278e+02 8.52691770e-01 4.71158173e+02
    4.40103027e+02 7.64690638e-01 4.78211670e+02 4.54915375e+02
    7.30274677e-01 4.87381195e+02 4.69022369e+02 7.58094788e-01
    4.94434692e+02 4.83834717e+02 8.88340890e-01 4.54935120e+02
    4.44335114e+02 6.60734892e-01 4.59167206e+02 4.55620728e+02
    6.99328542e-01 4.61988617e+02 4.71138428e+02 8.15434635e-01
    4.66220703e+02 4.83834717e+02 7.43996859e-01 4.41533478e+02
    4.45745819e+02 6.84446633e-01 4.38006714e+02 4.57736786e+02
    8.67173910e-01 4.39417419e+02 4.68317017e+02 7.52837658e-01
    4.42944153e+02 4.78897278e+02 8.06110680e-01</data></hand_right_0>
</opencv_storage>
