<?xml version="1.0"?>
<opencv_storage>
<hand_left_0 type_id="opencv-nd-matrix">
  <sizes>
    1 21 3</sizes>
  <dt>f</dt>
  <data>
    4.61718903e+02 4.18059326e+02 5.69702327e-01 4.49931396e+02
    4.29846832e+02 6.58317089e-01 4.39453613e+02 4.46218384e+02
    5.98489642e-01 4.25046661e+02 4.55386444e+02 7.11981118e-01
    4.13914001e+02 4.61935059e+02 7.82138586e-01 4.54515442e+02
    4.47528107e+02 4.80692863e-01 4.42727936e+02 4.57351013e+02
    5.17439902e-01 4.41418213e+02 4.69793396e+02 7.64721930e-01
    4.44037659e+02 4.82235779e+02 7.40142405e-01 4.69577240e+02
    4.45563507e+02 6.76634431e-01 4.61718903e+02 4.61935059e+02
    4.16930020e-01 4.61718903e+02 4.75032288e+02 6.76026762e-01
    4.58444611e+02 4.90094116e+02 6.84301913e-01 4.84639069e+02
    4.41634338e+02 6.52530551e-01 4.94462006e+02 4.61280182e+02
    7.19106674e-01 4.99700897e+02 4.73722565e+02 5.76576233e-01
    5.04284912e+02 4.86164948e+02 7.17801571e-01 5.00355743e+02
    4.35740601e+02 7.51904726e-01 5.11488403e+02 4.52112122e+02
    6.40172601e-01 5.16072449e+02 4.56696167e+02 6.07333004e-01
    5.18691895e+02 4.60625336e+02 3.98351014e-01</data></hand_left_0>
</opencv_storage>
