<?xml version="1.0"?>
<opencv_storage>
<pose_0 type_id="opencv-nd-matrix">
  <sizes>
    1 18 3</sizes>
  <dt>f</dt>
  <data>
    4.30490540e+02 1.42799149e+02 8.50213647e-01 4.46117249e+02
    9.78118362e+01 7.90507972e-01 3.52249023e+02 1.01698929e+02
    7.40166664e-01 4.10889069e+02 2.68014099e+02 8.24375272e-01
    4.59820526e+02 4.03069031e+02 8.04075062e-01 5.41960510e+02
    9.97629623e+01 7.14803576e-01 5.10728424e+02 2.73987030e+02
    8.11262012e-01 4.93030975e+02 4.16781921e+02 5.53010166e-01
    3.79587402e+02 2.97379456e+02 4.25724596e-01 3.30627075e+02
    4.48096649e+02 5.79826653e-01 0. 0. 0. 4.77377991e+02 3.01311768e+02
    4.53577638e-01 5.08732483e+02 4.12843170e+02 1.16425008e-01 0. 0. 0.
    4.10896332e+02 1.19408104e+02 7.86635756e-01 4.48095978e+02
    1.17388557e+02 8.19312692e-01 3.81458527e+02 9.98159943e+01
    2.49633610e-01 4.89090820e+02 5.48687363e+01 7.43115604e-01</data></pose_0>
</opencv_storage>
