<?xml version="1.0"?>
<opencv_storage>
<hand_left_0 type_id="opencv-nd-matrix">
  <sizes>
    1 21 3</sizes>
  <dt>f</dt>
  <data>
    4.63515076e+02 3.89828918e+02 5.67274213e-01 4.49345062e+02
    4.03290436e+02 6.49517238e-01 4.40843048e+02 4.20294464e+02
    6.10988081e-01 4.38009064e+02 4.33047455e+02 4.50732172e-01
    4.47219574e+02 4.50051483e+02 3.08927417e-01 4.54304565e+02
    4.16043457e+02 6.24966085e-01 4.42968567e+02 4.28087952e+02
    4.50588465e-01 4.44385559e+02 4.42966492e+02 5.93394041e-01
    4.47219574e+02 4.52885498e+02 7.11638570e-01 4.69891602e+02
    4.13209442e+02 7.00260997e-01 4.81227600e+02 4.30213470e+02
    3.60616863e-01 4.64223572e+02 4.44383484e+02 5.48534632e-01
    4.61389587e+02 4.56428009e+02 6.92561746e-01 4.85478607e+02
    4.09666931e+02 6.30659640e-01 4.94689117e+02 4.26670959e+02
    6.40073121e-01 5.00357147e+02 4.38006989e+02 5.20526886e-01
    5.06025146e+02 4.48634491e+02 5.59451282e-01 5.00357147e+02
    4.03290436e+02 7.24891901e-01 5.09567657e+02 4.09666931e+02
    7.75154471e-01 5.15944153e+02 4.16043457e+02 8.44900846e-01
    5.20195129e+02 4.21711456e+02 7.80528724e-01</data></hand_left_0>
</opencv_storage>
