<?xml version="1.0"?>
<opencv_storage>
<pose_0 type_id="opencv-nd-matrix">
  <sizes>
    1 18 3</sizes>
  <dt>f</dt>
  <data>
    4.16759491e+02 1.27137718e+02 8.64790797e-01 4.36326355e+02
    8.61411209e+01 7.77676940e-01 3.50148712e+02 9.58842545e+01
    7.27461874e-01 4.05008087e+02 2.58215637e+02 8.33549738e-01
    4.59748199e+02 3.93240417e+02 8.17006588e-01 5.36087708e+02
    8.80136108e+01 7.05086291e-01 5.08736603e+02 2.64120117e+02
    8.41315269e-01 4.93012543e+02 4.08911926e+02 5.46871841e-01
    3.73692078e+02 2.91545471e+02 4.45487648e-01 3.34547546e+02
    4.40232086e+02 5.71309209e-01 3.05200592e+02 4.89122040e+02
    8.63476843e-02 4.75396393e+02 2.99342041e+02 4.63555843e-01
    5.10641418e+02 4.01119995e+02 1.11304224e-01 0. 0. 0. 3.99060181e+02
    1.03687592e+02 7.98834741e-01 4.38262726e+02 1.01816154e+02
    7.86760688e-01 3.69812805e+02 8.40643692e+01 1.78531617e-01
    4.77455841e+02 5.48562508e+01 7.02684462e-01</data></pose_0>
</opencv_storage>
