<?xml version="1.0"?>
<opencv_storage>
<pose_0 type_id="opencv-nd-matrix">
  <sizes>
    1 18 3</sizes>
  <dt>f</dt>
  <data>
    4.95032562e+02 9.96800232e+01 7.82125235e-01 4.63721863e+02
    6.85098114e+01 7.23213971e-01 3.65844482e+02 6.84482498e+01
    6.65590405e-01 4.12820435e+02 2.54317078e+02 7.23253429e-01
    4.59673370e+02 3.81422058e+02 8.37695718e-01 5.69353516e+02
    8.02141495e+01 7.00267792e-01 5.26270630e+02 2.68022552e+02
    7.49493718e-01 4.95046692e+02 3.87367371e+02 5.96625388e-01
    3.81472717e+02 2.91537170e+02 4.28869694e-01 3.24814117e+02
    4.30390106e+02 4.22767848e-01 2.73920258e+02 4.89105896e+02
    7.01077953e-02 4.91052917e+02 3.03264191e+02 4.25626934e-01
    5.24293213e+02 3.87415497e+02 6.41764924e-02 0. 0. 0. 4.77465668e+02
    7.82448578e+01 7.79232025e-01 5.12601624e+02 7.24530869e+01
    7.62128711e-01 4.22617432e+02 2.16087666e+01 7.78004408e-01
    5.40041992e+02 3.72089653e+01 9.30870846e-02</data></pose_0>
</opencv_storage>
