<?xml version="1.0"?>
<opencv_storage>
<hand_right_0 type_id="opencv-nd-matrix">
  <sizes>
    1 21 3</sizes>
  <dt>f</dt>
  <data>
    4.61831573e+02 4.12942780e+02 6.85140669e-01 4.79176636e+02
    4.18724457e+02 7.21969604e-01 4.98448914e+02 4.29002991e+02
    7.93580770e-01 5.08085022e+02 4.42493591e+02 7.90381551e-01
    5.17721191e+02 4.51487305e+02 7.93711305e-01 4.86885529e+02
    4.36711914e+02 7.43662536e-01 4.95236847e+02 4.54056946e+02
    7.99858272e-01 5.00376129e+02 4.68189941e+02 8.06874096e-01
    5.03588165e+02 4.79110901e+02 9.43134427e-01 4.72110138e+02
    4.39281555e+02 8.21034133e-01 4.80461456e+02 4.58553802e+02
    6.44324720e-01 4.85600708e+02 4.71402008e+02 5.92982054e-01
    4.86885529e+02 4.80395721e+02 4.76480037e-01 4.57334717e+02
    4.42493591e+02 7.41117239e-01 4.59904358e+02 4.56626587e+02
    5.91505289e-01 4.61831573e+02 4.69474762e+02 7.06738532e-01
    4.59261963e+02 4.84250183e+02 7.14704156e-01 4.42559326e+02
    4.42493591e+02 6.52933896e-01 4.41916901e+02 4.54056946e+02
    7.83682883e-01 4.41274506e+02 4.64335510e+02 8.25771868e-01
    4.41274506e+02 4.73971619e+02 7.12194085e-01</data></hand_right_0>
</opencv_storage>
