<?xml version="1.0"?>
<opencv_storage>
<pose_0 type_id="opencv-nd-matrix">
  <sizes>
    1 18 3</sizes>
  <dt>f</dt>
  <data>
    4.61811066e+02 9.58373260e+01 7.42723525e-01 4.73424042e+02
    6.85088272e+01 7.40311503e-01 3.69754578e+02 6.65205154e+01
    6.73314691e-01 4.14849762e+02 2.50441437e+02 6.99985504e-01
    4.59780945e+02 3.83428741e+02 8.48262370e-01 5.69383606e+02
    8.21908798e+01 7.04437196e-01 5.26281921e+02 2.69992615e+02
    7.89878368e-01 4.93082977e+02 3.97219757e+02 5.15874743e-01
    3.81493286e+02 2.93495239e+02 4.04072553e-01 3.30617035e+02
    4.34367065e+02 3.39753896e-01 2.87584595e+02 4.85235962e+02
    9.62070003e-02 4.91104218e+02 3.07174316e+02 3.91974241e-01
    5.22395386e+02 3.93272522e+02 6.84442222e-02 0. 0. 0. 4.46075928e+02
    7.04361725e+01 7.17742801e-01 4.83295197e+02 7.23774490e+01
    7.49996066e-01 3.99153473e+02 4.87883759e+00 1.70388803e-01
    5.34087036e+02 4.84657812e+00 4.40868229e-01</data></pose_0>
</opencv_storage>
