<?xml version="1.0"?>
<opencv_storage>
<pose_0 type_id="opencv-nd-matrix">
  <sizes>
    1 18 3</sizes>
  <dt>f</dt>
  <data>
    5.02866577e+02 1.76081467e+02 7.61423588e-01 4.73473419e+02
    1.09532578e+02 7.63251364e-01 3.67886353e+02 1.03706970e+02
    6.28179252e-01 4.06915771e+02 2.93460693e+02 6.67183459e-01
    4.57827759e+02 4.16747253e+02 8.71885538e-01 5.75200623e+02
    1.15391106e+02 6.69340909e-01 5.26355652e+02 3.05300201e+02
    7.41187751e-01 4.93098541e+02 4.22628235e+02 6.24867022e-01
    3.75618256e+02 2.91502045e+02 4.11483467e-01 3.18963043e+02
    4.44154846e+02 3.65831494e-01 2.11319672e+02 4.93024323e+02
    1.63058370e-01 4.85241028e+02 3.05260284e+02 4.67068464e-01
    5.43937561e+02 4.46083069e+02 1.92301780e-01 0. 0. 0. 4.93042480e+02
    1.62283783e+02 7.96221375e-01 5.20447815e+02 1.58505676e+02
    3.41289431e-01 4.30368073e+02 9.97448883e+01 4.75571692e-01
    5.41942444e+02 1.01798630e+02 7.52326176e-02</data></pose_0>
</opencv_storage>
