<?xml version="1.0"?>
<opencv_storage>
<hand_left_0 type_id="opencv-nd-matrix">
  <sizes>
    1 21 3</sizes>
  <dt>f</dt>
  <data>
    4.57172180e+02 4.19839600e+02 5.26410758e-01 4.44466644e+02
    4.32545135e+02 6.26974523e-01 4.34750610e+02 4.50482391e+02
    5.06567001e-01 4.29518921e+02 4.58703613e+02 4.07209098e-01
    4.16065979e+02 4.60198395e+02 7.08875179e-01 4.49698334e+02
    4.46745453e+02 5.30688941e-01 4.39234924e+02 4.57208862e+02
    6.82532370e-01 4.40729706e+02 4.69167023e+02 7.36969113e-01
    4.45214020e+02 4.80377808e+02 8.70938420e-01 4.65393402e+02
    4.41513763e+02 6.23956263e-01 4.59414337e+02 4.56461487e+02
    4.69063818e-01 4.63898651e+02 4.69914398e+02 7.12968290e-01
    4.64646027e+02 4.81872559e+02 7.90536463e-01 4.81088501e+02
    4.37776855e+02 6.49302483e-01 4.90804504e+02 4.51229767e+02
    6.34523869e-01 4.99025757e+02 4.63935333e+02 6.14302635e-01
    5.05004822e+02 4.75893494e+02 6.35201216e-01 4.94541443e+02
    4.28060822e+02 7.02364147e-01 5.05004822e+02 4.33292542e+02
    7.84908175e-01 5.11731293e+02 4.38524231e+02 8.24450433e-01
    5.16215637e+02 4.43755920e+02 7.21690834e-01</data></hand_left_0>
</opencv_storage>
