<?xml version="1.0"?>
<opencv_storage>
<pose_0 type_id="opencv-nd-matrix">
  <sizes>
    1 18 3</sizes>
  <dt>f</dt>
  <data>
    4.30395325e+02 9.97859726e+01 8.74829829e-01 4.44071136e+02
    8.21274643e+01 7.18515396e-01 3.52113373e+02 8.60241623e+01
    7.62406349e-01 4.10804565e+02 2.44640015e+02 7.92902291e-01
    4.59770966e+02 3.81521759e+02 8.53896618e-01 5.32166199e+02
    8.42002106e+01 7.00581372e-01 5.06825531e+02 2.56358582e+02
    8.83363008e-01 4.91139526e+02 3.97233398e+02 6.15396559e-01
    3.73707611e+02 2.87614319e+02 4.36513424e-01 3.34547333e+02
    4.30399384e+02 6.02712929e-01 2.99350647e+02 4.77429413e+02
    1.41544685e-01 4.73424988e+02 2.89596161e+02 4.64394659e-01
    5.18490723e+02 3.97154968e+02 8.65372568e-02 0. 0. 0. 4.12846161e+02
    7.04683380e+01 8.48367691e-01 4.55895050e+02 8.01804352e+01
    8.34299028e-01 3.81421692e+02 2.34902744e+01 7.97028124e-01
    4.98879089e+02 3.91876221e+01 6.81355596e-01</data></pose_0>
</opencv_storage>
