<?xml version="1.0"?>
<opencv_storage>
<hand_right_0 type_id="opencv-nd-matrix">
  <sizes>
    1 21 3</sizes>
  <dt>f</dt>
  <data>
    4.59741974e+02 4.20843658e+02 6.08450711e-01 4.77620056e+02
    4.28292877e+02 7.34548092e-01 4.98477844e+02 4.35742065e+02
    7.02140689e-01 5.08906738e+02 4.43191284e+02 7.74230778e-01
    5.20080566e+02 4.53620178e+02 8.02832723e-01 4.85069275e+02
    4.42446350e+02 6.24457836e-01 4.95498169e+02 4.58834625e+02
    7.73788095e-01 5.01457520e+02 4.72988098e+02 8.25409055e-01
    5.05927063e+02 4.84906830e+02 9.18139517e-01 4.70915771e+02
    4.44681122e+02 7.39169300e-01 4.77620056e+02 4.60324463e+02
    6.88483000e-01 4.85069275e+02 4.75222870e+02 7.86420882e-01
    4.90283722e+02 4.90121277e+02 8.95534873e-01 4.54527527e+02
    4.49150635e+02 6.81596875e-01 4.58997040e+02 4.61814301e+02
    7.08829641e-01 4.61976746e+02 4.78202545e+02 7.84177005e-01
    4.66446259e+02 4.90121277e+02 7.89833069e-01 4.40374023e+02
    4.50640503e+02 6.54335201e-01 4.37394348e+02 4.64049072e+02
    7.96132922e-01 4.40374023e+02 4.75967804e+02 7.76506782e-01
    4.44098633e+02 4.85651764e+02 7.67405748e-01</data></hand_right_0>
</opencv_storage>
