<?xml version="1.0"?>
<opencv_storage>
<hand_right_0 type_id="opencv-nd-matrix">
  <sizes>
    1 21 3</sizes>
  <dt>f</dt>
  <data>
    4.58741272e+02 4.17782257e+02 6.17869079e-01 4.77384644e+02
    4.22801636e+02 7.22148299e-01 4.97462128e+02 4.29255096e+02
    6.85064673e-01 5.06783813e+02 4.37859741e+02 8.14495087e-01
    5.18256653e+02 4.46464386e+02 7.76595950e-01 4.85272247e+02
    4.37859741e+02 6.50341570e-01 4.95310974e+02 4.54351959e+02
    7.31433153e-01 5.01764435e+02 4.67975952e+02 8.13524902e-01
    5.06066772e+02 4.79448792e+02 8.59991550e-01 4.70931183e+02
    4.40010895e+02 7.35398054e-01 4.78818756e+02 4.55069000e+02
    7.01009095e-01 4.88140442e+02 4.71561218e+02 7.82155037e-01
    4.94593933e+02 4.84468170e+02 8.96113217e-01 4.55156006e+02
    4.43596161e+02 7.01131940e-01 4.60175385e+02 4.55786072e+02
    7.32064962e-01 4.65911804e+02 4.72278290e+02 7.88994551e-01
    4.70931183e+02 4.84468170e+02 7.48422861e-01 4.40097900e+02
    4.45747314e+02 6.51796281e-01 4.38663788e+02 4.57937225e+02
    7.92050719e-01 4.42249054e+02 4.68693024e+02 7.18549073e-01
    4.43683167e+02 4.79448792e+02 8.34366560e-01</data></hand_right_0>
</opencv_storage>
