<?xml version="1.0"?>
<opencv_storage>
<hand_left_0 type_id="opencv-nd-matrix">
  <sizes>
    1 21 3</sizes>
  <dt>f</dt>
  <data>
    4.59928131e+02 3.96835693e+02 5.72822928e-01 4.47910645e+02
    4.08853180e+02 6.58897638e-01 4.37306976e+02 4.26525940e+02
    5.21219373e-01 4.28824066e+02 4.36422699e+02 3.69282156e-01
    4.16806580e+02 4.38543427e+02 6.73082173e-01 4.50738281e+02
    4.25819031e+02 5.27242362e-01 4.42255371e+02 4.37836517e+02
    6.08729720e-01 4.42255371e+02 4.51974731e+02 7.25906610e-01
    4.44376099e+02 4.61871490e+02 7.81938434e-01 4.65583405e+02
    4.22991394e+02 6.86559558e-01 4.60635040e+02 4.41371063e+02
    4.96891260e-01 4.62755768e+02 4.54802368e+02 6.24310374e-01
    4.62048859e+02 4.67526764e+02 7.35533953e-01 4.82549286e+02
    4.19456818e+02 6.92285776e-01 4.92446014e+02 4.36422699e+02
    6.08490288e-01 4.98808228e+02 4.49147095e+02 5.77584386e-01
    4.89618378e+02 4.64699127e+02 6.06169403e-01 4.99515137e+02
    4.13094635e+02 7.88254082e-01 5.09411865e+02 4.21577576e+02
    7.28589535e-01 5.15774048e+02 4.27939758e+02 7.69509435e-01
    5.20015564e+02 4.35715790e+02 6.60340369e-01</data></hand_left_0>
</opencv_storage>
