<?xml version="1.0"?>
<opencv_storage>
<hand_right_0 type_id="opencv-nd-matrix">
  <sizes>
    1 21 3</sizes>
  <dt>f</dt>
  <data>
    4.60022614e+02 3.83832550e+02 5.93835950e-01 4.78133209e+02
    3.89405060e+02 7.04721868e-01 4.98333496e+02 3.95674103e+02
    7.07102180e-01 5.10175049e+02 4.04032837e+02 8.36107373e-01
    5.21320007e+02 4.10998474e+02 8.23706388e-01 4.87188507e+02
    4.04729401e+02 6.91933095e-01 4.98333496e+02 4.20750336e+02
    7.54424393e-01 5.05299103e+02 4.31895325e+02 8.56551647e-01
    5.10175049e+02 4.41647186e+02 8.60631943e-01 4.71864166e+02
    4.09605347e+02 7.59501815e-01 4.81616028e+02 4.21446899e+02
    6.98301375e-01 4.90671326e+02 4.36074677e+02 6.96762025e-01
    4.99030060e+02 4.47219666e+02 8.71669590e-01 4.55843231e+02
    4.12391602e+02 6.38470232e-01 4.60022614e+02 4.25626251e+02
    7.14040875e-01 4.64898529e+02 4.38860931e+02 8.14805806e-01
    4.65595093e+02 4.50702484e+02 6.76002860e-01 4.42608551e+02
    4.15177826e+02 7.08324432e-01 4.42608551e+02 4.26322815e+02
    8.32419693e-01 4.43305115e+02 4.36771240e+02 8.13804746e-01
    4.44001678e+02 4.46523102e+02 7.45847523e-01</data></hand_right_0>
</opencv_storage>
