<?xml version="1.0"?>
<opencv_storage>
<pose_0 type_id="opencv-nd-matrix">
  <sizes>
    1 18 3</sizes>
  <dt>f</dt>
  <data>
    5.06717712e+02 9.19436417e+01 8.49676967e-01 4.65696747e+02
    7.04320679e+01 7.07962334e-01 3.67830658e+02 6.65428162e+01
    6.56388938e-01 4.12836456e+02 2.50452698e+02 7.39313126e-01
    4.59700256e+02 3.81507904e+02 8.48167539e-01 5.69348511e+02
    8.21384430e+01 6.85789704e-01 5.24385803e+02 2.71941376e+02
    7.84642220e-01 4.95033142e+02 3.87363586e+02 5.92788935e-01
    3.79597534e+02 2.99359650e+02 4.03006911e-01 3.24781586e+02
    4.30476654e+02 3.91941577e-01 2.89553345e+02 4.81281982e+02
    1.14948638e-01 4.91092773e+02 3.09121368e+02 3.82563978e-01
    5.22418640e+02 3.89371765e+02 5.86306602e-02 0. 0. 0. 4.87171295e+02
    7.04428101e+01 8.00098777e-01 5.22412476e+02 6.84913406e+01
    8.31357300e-01 4.28425446e+02 1.75983276e+01 7.36624062e-01 0. 0. 0.</data></pose_0>
</opencv_storage>
