<?xml version="1.0"?>
<opencv_storage>
<pose_0 type_id="opencv-nd-matrix">
  <sizes>
    1 18 3</sizes>
  <dt>f</dt>
  <data>
    5.00857727e+02 1.23227150e+02 7.54571378e-01 4.69554382e+02
    7.63467026e+01 7.47932911e-01 3.67871368e+02 7.43311386e+01
    6.39607787e-01 4.14728424e+02 2.62220428e+02 7.47857690e-01
    4.59704468e+02 3.93263885e+02 8.52722883e-01 5.71371826e+02
    8.80552673e+01 6.67546332e-01 5.26271362e+02 2.85586212e+02
    7.45193005e-01 4.95045502e+02 3.99161987e+02 6.05741560e-01
    3.81488068e+02 2.93478058e+02 4.22399342e-01 3.26748047e+02
    4.30387299e+02 5.18524587e-01 2.13282516e+02 4.93034698e+02
    2.17275843e-01 4.93001373e+02 3.09134186e+02 4.12005991e-01
    5.49774414e+02 4.22618713e+02 7.67523646e-02 0. 0. 0. 4.89141052e+02
    1.01700714e+02 7.23104000e-01 5.16533142e+02 1.01793961e+02
    6.30431950e-01 4.32421295e+02 4.89234467e+01 3.44745368e-01 0. 0. 0.</data></pose_0>
</opencv_storage>
