<?xml version="1.0"?>
<opencv_storage>
<pose_0 type_id="opencv-nd-matrix">
  <sizes>
    2 18 3</sizes>
  <dt>f</dt>
  <data>
    4.98938354e+02 1.62490967e+02 8.01061988e-01 4.73508667e+02
    1.01730850e+02 8.04128528e-01 3.67827148e+02 9.97760162e+01
    6.87199652e-01 4.12762115e+02 2.89538574e+02 7.71989286e-01
    4.59722107e+02 4.12861389e+02 8.87149453e-01 5.73269592e+02
    1.07627808e+02 6.17729545e-01 5.34099548e+02 3.03224274e+02
    7.74468124e-01 4.95036438e+02 4.20675415e+02 6.13074780e-01
    3.77574493e+02 2.91522736e+02 4.11720186e-01 3.24770569e+02
    4.34384369e+02 4.25197542e-01 2.85634399e+02 4.81317017e+02
    1.20132677e-01 4.89074402e+02 3.05222748e+02 4.23087835e-01
    5.45892700e+02 4.49994110e+02 1.49615034e-01 0. 0. 0. 4.89067566e+02
    1.46749207e+02 7.85378754e-01 5.14611755e+02 1.44764008e+02
    6.01916254e-01 4.28397705e+02 8.40863342e+01 7.41649151e-01
    5.43913818e+02 9.78029022e+01 1.01142704e-01 0. 0. 0. 0. 0. 0. 0. 0.
    0. 0. 0. 0. 0. 0. 0. 0. 0. 0. 0. 0. 0. 0. 0. 0. 0. 0. 0. 0. 0. 0. 0.
    0. 0. 6.84794617e+02 4.83268127e+02 6.00200370e-02 9.64586304e+02
    5.22387695e+02 1.28522128e-01 1.12109094e+03 5.28259216e+02
    3.26987326e-01 0. 0. 0. 0. 0. 0. 0. 0. 0. 0. 0. 0.</data></pose_0>
</opencv_storage>
