<?xml version="1.0"?>
<opencv_storage>
<hand_right_0 type_id="opencv-nd-matrix">
  <sizes>
    1 21 3</sizes>
  <dt>f</dt>
  <data>
    4.59349976e+02 4.00071167e+02 6.13274753e-01 4.77495300e+02
    4.08055115e+02 7.42337227e-01 4.99269653e+02 4.16764862e+02
    6.98337913e-01 5.10156830e+02 4.26200409e+02 6.72231674e-01
    5.18140747e+02 4.34184357e+02 7.72322774e-01 4.84027588e+02
    4.23297180e+02 5.85165620e-01 4.93463165e+02 4.39265045e+02
    7.22792804e-01 4.99995483e+02 4.53055481e+02 8.39554429e-01
    5.03624542e+02 4.63942657e+02 8.66361678e-01 4.68785553e+02
    4.25474609e+02 7.06094921e-01 4.76769470e+02 4.40716675e+02
    6.90841794e-01 4.83301788e+02 4.57410339e+02 7.72704542e-01
    4.90559906e+02 4.69749146e+02 8.31740439e-01 4.54269287e+02
    4.29103668e+02 7.03710556e-01 4.57898346e+02 4.41442474e+02
    6.93638265e-01 4.60801605e+02 4.57410339e+02 8.54299843e-01
    4.64430664e+02 4.70474976e+02 8.00472796e-01 4.38301422e+02
    4.29103668e+02 6.07408226e-01 4.38301422e+02 4.44345734e+02
    7.47386992e-01 4.39753052e+02 4.55232910e+02 7.54932940e-01
    4.41930481e+02 4.65394287e+02 8.03510547e-01</data></hand_right_0>
</opencv_storage>
