<?xml version="1.0"?>
<opencv_storage>
<hand_left_0 type_id="opencv-nd-matrix">
  <sizes>
    1 21 3</sizes>
  <dt>f</dt>
  <data>
    4.65813629e+02 4.37999451e+02 4.57686186e-01 4.53325470e+02
    4.46324890e+02 5.02155662e-01 4.46784027e+02 4.57029053e+02
    5.91220438e-01 4.40837280e+02 4.71895935e+02 6.91737175e-01
    4.18834320e+02 4.76058655e+02 5.86289823e-01 4.60461578e+02
    4.57029053e+02 4.08115268e-01 4.57488190e+02 4.79032013e+02
    5.77962399e-01 4.58677551e+02 4.89141510e+02 6.05134428e-01
    4.58677551e+02 4.92114868e+02 4.73527640e-01 4.75328430e+02
    4.54650360e+02 5.69553971e-01 4.75923126e+02 4.77248016e+02
    5.90080857e-01 4.76517792e+02 4.84978790e+02 3.50675106e-01
    4.89600647e+02 4.95088257e+02 4.59164381e-01 4.90195313e+02
    4.53460999e+02 5.86013675e-01 5.00899475e+02 4.66543854e+02
    4.80280817e-01 5.09224915e+02 4.79032013e+02 4.98124450e-01
    5.02088806e+02 4.90330841e+02 5.77979922e-01 5.03872833e+02
    4.49892944e+02 7.17629194e-01 5.12792969e+02 4.57029053e+02
    5.96703231e-01 5.19334412e+02 4.63570465e+02 7.33431637e-01
    5.27659851e+02 4.70706573e+02 7.44581223e-01</data></hand_left_0>
</opencv_storage>
