<?xml version="1.0"?>
<opencv_storage>
<hand_right_0 type_id="opencv-nd-matrix">
  <sizes>
    1 21 3</sizes>
  <dt>f</dt>
  <data>
    4.58763336e+02 3.92319794e+02 5.59253752e-01 4.76651062e+02
    3.98759369e+02 6.97882652e-01 4.94538818e+02 4.05198944e+02
    6.41784787e-01 5.06702454e+02 4.14500580e+02 7.93036163e-01
    5.21012634e+02 4.23086670e+02 8.16558838e-01 4.83806183e+02
    4.15216095e+02 6.57384872e-01 4.95254303e+02 4.30957275e+02
    7.86546826e-01 5.02409393e+02 4.43836456e+02 8.74335468e-01
    5.05986938e+02 4.54569092e+02 9.27340567e-01 4.69495972e+02
    4.19509125e+02 7.17458248e-01 4.78082092e+02 4.34534821e+02
    6.97298884e-01 4.87383728e+02 4.48845001e+02 7.05685198e-01
    4.94538818e+02 4.60293152e+02 8.50645542e-01 4.53754791e+02
    4.21655670e+02 6.94260657e-01 4.58047852e+02 4.34534821e+02
    6.82804227e-01 4.62340881e+02 4.50276031e+02 8.02238941e-01
    4.67349457e+02 4.63155182e+02 6.35058403e-01 4.38013580e+02
    4.20940155e+02 6.59490049e-01 4.38013580e+02 4.37396851e+02
    7.84321666e-01 4.40875610e+02 4.48845001e+02 7.25693107e-01
    4.44453156e+02 4.60293152e+02 7.33992338e-01</data></hand_right_0>
</opencv_storage>
