<?xml version="1.0"?>
<opencv_storage>
<hand_right_0 type_id="opencv-nd-matrix">
  <sizes>
    1 21 3</sizes>
  <dt>f</dt>
  <data>
    4.60211761e+02 3.95054077e+02 6.61536992e-01 4.79698242e+02
    4.02597229e+02 7.00496256e-01 4.99184692e+02 4.10768951e+02
    7.95502603e-01 5.09242249e+02 4.23969482e+02 7.86215723e-01
    5.19299805e+02 4.32769806e+02 8.21980417e-01 4.86612793e+02
    4.19569305e+02 7.08046198e-01 4.95413116e+02 4.34655609e+02
    8.08509529e-01 5.00441895e+02 4.49113312e+02 8.37221682e-01
    5.04842072e+02 4.60428040e+02 9.31230724e-01 4.72783661e+02
    4.21455078e+02 7.87339807e-01 4.80326813e+02 4.39055786e+02
    7.19335198e-01 4.85355591e+02 4.50999115e+02 6.57619894e-01
    4.89755768e+02 4.62942413e+02 6.07672334e-01 4.58954559e+02
    4.24598083e+02 6.66949570e-01 4.60211761e+02 4.35284210e+02
    7.31316328e-01 4.62726135e+02 4.52256287e+02 7.42996037e-01
    4.59583160e+02 4.67342590e+02 7.03970492e-01 4.41982483e+02
    4.24598083e+02 6.61440313e-01 4.41353882e+02 4.35912811e+02
    7.33924747e-01 4.41353882e+02 4.46598938e+02 7.46338904e-01
    4.40725281e+02 4.56656464e+02 7.29445279e-01</data></hand_right_0>
</opencv_storage>
