<?xml version="1.0"?>
<opencv_storage>
<hand_right_0 type_id="opencv-nd-matrix">
  <sizes>
    1 21 3</sizes>
  <dt>f</dt>
  <data>
    4.57108124e+02 3.91816040e+02 5.12791336e-01 4.74863586e+02
    3.96787567e+02 6.72334790e-01 4.95459961e+02 4.03179565e+02
    6.88422441e-01 5.06113251e+02 4.10991974e+02 7.61831641e-01
    5.17476746e+02 4.20224792e+02 8.25226307e-01 4.85516876e+02
    4.13122620e+02 7.25327492e-01 4.94749725e+02 4.26616791e+02
    8.04033101e-01 5.03272369e+02 4.40821167e+02 8.66857827e-01
    5.08243896e+02 4.50054016e+02 8.76344740e-01 4.69892059e+02
    4.15963501e+02 7.64992774e-01 4.79124908e+02 4.31588318e+02
    6.77587092e-01 4.87647552e+02 4.44372253e+02 7.68947184e-01
    4.96170166e+02 4.56445984e+02 8.83090854e-01 4.54267242e+02
    4.20224792e+02 6.93220735e-01 4.58528564e+02 4.31588318e+02
    6.85013413e-01 4.63500092e+02 4.47213135e+02 8.02357554e-01
    4.66340973e+02 4.58576630e+02 7.35227168e-01 4.40062866e+02
    4.20935028e+02 6.80841386e-01 4.40773102e+02 4.35849640e+02
    8.25337827e-01 4.41483307e+02 4.45792694e+02 8.12862635e-01
    4.45744629e+02 4.55025543e+02 7.67952204e-01</data></hand_right_0>
</opencv_storage>
