<?xml version="1.0"?>
<opencv_storage>
<hand_right_0 type_id="opencv-nd-matrix">
  <sizes>
    1 21 3</sizes>
  <dt>f</dt>
  <data>
    4.60391846e+02 4.04307861e+02 5.21948576e-01 4.78910461e+02
    4.09293640e+02 6.61856651e-01 5.00278107e+02 4.18552948e+02
    7.03246295e-01 5.11674164e+02 4.25675507e+02 6.99911833e-01
    5.18796692e+02 4.31373535e+02 6.89206064e-01 4.86745270e+02
    4.24250977e+02 6.90368652e-01 4.97429077e+02 4.39920593e+02
    7.26571739e-01 5.05263885e+02 4.52028931e+02 8.00413549e-01
    5.10249664e+02 4.61288239e+02 8.41928959e-01 4.71075653e+02
    4.27812256e+02 7.36517668e-01 4.80334961e+02 4.42057343e+02
    6.47964239e-01 4.89594269e+02 4.55590179e+02 7.22305894e-01
    4.98853577e+02 4.67698517e+02 8.66619349e-01 4.54693787e+02
    4.31373535e+02 6.81003332e-01 4.60391846e+02 4.43481873e+02
    7.21461892e-01 4.65377625e+02 4.59151459e+02 8.26457977e-01
    4.66802124e+02 4.71259796e+02 7.57573843e-01 4.41873199e+02
    4.32798035e+02 6.47114933e-01 4.41160950e+02 4.47043121e+02
    7.83084273e-01 4.42585480e+02 4.57726959e+02 7.65238464e-01
    4.44722229e+02 4.66986267e+02 7.74370909e-01</data></hand_right_0>
</opencv_storage>
