<?xml version="1.0"?>
<opencv_storage>
<pose_0 type_id="opencv-nd-matrix">
  <sizes>
    1 18 3</sizes>
  <dt>f</dt>
  <data>
    3.95217926e+02 1.66395157e+02 8.67373288e-01 4.34349854e+02
    1.42853546e+02 6.69256985e-01 3.50159576e+02 1.44810501e+02
    7.81690598e-01 4.12768829e+02 2.91530548e+02 8.04922462e-01
    4.61652679e+02 4.26531067e+02 8.05547714e-01 5.28268616e+02
    1.48627838e+02 6.89918637e-01 5.08728546e+02 3.05279968e+02
    8.66319478e-01 4.93038513e+02 4.40193848e+02 5.51263094e-01
    3.67883270e+02 3.34579254e+02 4.40886855e-01 3.24755432e+02
    4.87160095e+02 5.92407167e-01 0. 0. 0. 4.73441010e+02 3.38513306e+02
    4.66828227e-01 5.08664917e+02 4.34364105e+02 1.13268942e-01 0. 0. 0.
    3.77553772e+02 1.48653564e+02 8.45177829e-01 4.12893036e+02
    1.48630234e+02 8.50425065e-01 3.52297089e+02 1.33008026e+02
    5.03752679e-02 4.61666565e+02 9.98431091e+01 9.62636530e-01</data></pose_0>
</opencv_storage>
