<?xml version="1.0"?>
<opencv_storage>
<pose_0 type_id="opencv-nd-matrix">
  <sizes>
    1 18 3</sizes>
  <dt>f</dt>
  <data>
    3.93277527e+02 1.66298080e+02 8.67855430e-01 4.32430847e+02
    1.40878647e+02 6.41761243e-01 3.48280853e+02 1.44742203e+02
    7.49448061e-01 4.12737122e+02 2.89593536e+02 8.19897652e-01
    4.59832428e+02 4.24559082e+02 7.93722212e-01 5.28238586e+02
    1.46671036e+02 6.69910073e-01 5.08739716e+02 3.05173309e+02
    8.82020950e-01 4.94985321e+02 4.42192963e+02 5.47045469e-01
    3.67822601e+02 3.30662781e+02 4.43500102e-01 3.26728912e+02
    4.85213135e+02 6.16999686e-01 0. 0. 0. 4.71486633e+02 3.38475861e+02
    4.43426341e-01 5.08652191e+02 4.38268250e+02 1.10230394e-01 0. 0. 0.
    3.73652344e+02 1.48636078e+02 8.53031874e-01 4.12786804e+02
    1.46699005e+02 8.39628696e-01 0. 0. 0. 4.59756989e+02 9.96867065e+01
    9.36859965e-01</data></pose_0>
</opencv_storage>
