<?xml version="1.0"?>
<opencv_storage>
<hand_right_0 type_id="opencv-nd-matrix">
  <sizes>
    2 21 3</sizes>
  <dt>f</dt>
  <data>
    4.60368896e+02 4.07340485e+02 5.68476439e-01 4.77478699e+02
    4.15182465e+02 6.92453265e-01 4.98865936e+02 4.24450256e+02
    7.14501083e-01 5.06707916e+02 4.35856812e+02 7.39166737e-01
    5.15975708e+02 4.43698792e+02 7.69143760e-01 4.83894867e+02
    4.33718079e+02 6.63214922e-01 4.92449768e+02 4.49402069e+02
    7.19458759e-01 4.98865936e+02 4.64373138e+02 8.35745454e-01
    5.02430481e+02 4.75779663e+02 8.39628339e-01 4.69636719e+02
    4.35856812e+02 7.17701912e-01 4.75339966e+02 4.50114960e+02
    6.06149673e-01 4.82469055e+02 4.65798950e+02 7.54031539e-01
    4.89598145e+02 4.79344208e+02 7.80596614e-01 4.54665649e+02
    4.37282623e+02 6.76165581e-01 4.58230164e+02 4.50114960e+02
    6.79459333e-01 4.60368896e+02 4.65798950e+02 7.76625037e-01
    4.61794708e+02 4.77918365e+02 7.97657013e-01 4.39694580e+02
    4.37282623e+02 6.56791806e-01 4.37555847e+02 4.52253693e+02
    8.31296682e-01 4.38268738e+02 4.62234406e+02 7.66531467e-01
    4.41120392e+02 4.72215118e+02 7.66270339e-01 0. 0. 0. 0. 0. 0. 0. 0.
    0. 0. 0. 0. 0. 0. 0. 0. 0. 0. 0. 0. 0. 0. 0. 0. 0. 0. 0. 0. 0. 0. 0.
    0. 0. 0. 0. 0. 0. 0. 0. 0. 0. 0. 0. 0. 0. 0. 0. 0. 0. 0. 0. 0. 0. 0.
    0. 0. 0. 0. 0. 0. 0. 0. 0.</data></hand_right_0>
</opencv_storage>
