<?xml version="1.0"?>
<opencv_storage>
<hand_left_0 type_id="opencv-nd-matrix">
  <sizes>
    2 21 3</sizes>
  <dt>f</dt>
  <data>
    4.59009644e+02 4.09651825e+02 5.37055910e-01 4.46869904e+02
    4.23219788e+02 6.58151209e-01 4.36158356e+02 4.40358246e+02
    5.55557549e-01 4.24732727e+02 4.46071075e+02 5.79136193e-01
    4.12592957e+02 4.48927490e+02 8.15802217e-01 4.50440430e+02
    4.39644165e+02 4.33096021e-01 4.39728882e+02 4.51069794e+02
    5.86477876e-01 4.40442963e+02 4.63923645e+02 7.24984050e-01
    4.42585297e+02 4.74635193e+02 7.79968262e-01 4.64722473e+02
    4.35359528e+02 6.39764905e-01 4.59009644e+02 4.51783905e+02
    4.91159469e-01 4.61151947e+02 4.65351868e+02 5.67661762e-01
    4.64722473e+02 4.78205719e+02 7.42821515e-01 4.81146851e+02
    4.31074921e+02 5.91220140e-01 4.90430176e+02 4.47499298e+02
    6.67069495e-01 4.97571198e+02 4.62495453e+02 6.17082536e-01
    5.03284027e+02 4.73921082e+02 6.04743063e-01 4.97571198e+02
    4.24647980e+02 7.56649494e-01 5.05426331e+02 4.30360809e+02
    7.85531938e-01 5.12567383e+02 4.36073639e+02 8.06305528e-01
    5.16851990e+02 4.43214661e+02 7.09028840e-01 0. 0. 0. 0. 0. 0. 0. 0.
    0. 0. 0. 0. 0. 0. 0. 0. 0. 0. 0. 0. 0. 0. 0. 0. 0. 0. 0. 0. 0. 0. 0.
    0. 0. 0. 0. 0. 0. 0. 0. 0. 0. 0. 0. 0. 0. 0. 0. 0. 0. 0. 0. 0. 0. 0.
    0. 0. 0. 0. 0. 0. 0. 0. 0.</data></hand_left_0>
</opencv_storage>
