<?xml version="1.0"?>
<opencv_storage>
<hand_right_0 type_id="opencv-nd-matrix">
  <sizes>
    1 21 3</sizes>
  <dt>f</dt>
  <data>
    4.60301331e+02 3.88990662e+02 6.14214838e-01 4.76998932e+02
    3.95524506e+02 7.68561304e-01 4.97326477e+02 4.04236298e+02
    6.53248966e-01 5.07490234e+02 4.12948090e+02 7.96236277e-01
    5.19105957e+02 4.23837830e+02 8.66350770e-01 4.84984741e+02
    4.12948090e+02 7.01884389e-01 4.94422516e+02 4.28919708e+02
    8.00876021e-01 5.00956390e+02 4.41987396e+02 8.77383292e-01
    5.05312286e+02 4.52877167e+02 9.35373068e-01 4.70465088e+02
    4.15852020e+02 7.40584254e-01 4.77724915e+02 4.32549622e+02
    6.42331719e-01 4.84258759e+02 4.47069275e+02 7.33982384e-01
    4.90792603e+02 4.58685028e+02 8.57671261e-01 4.54493469e+02
    4.18755951e+02 7.21070945e-01 4.58849365e+02 4.32549622e+02
    6.31088674e-01 4.62479279e+02 4.47795258e+02 8.45829129e-01
    4.64657227e+02 4.60136993e+02 8.19669247e-01 4.40699799e+02
    4.18755951e+02 6.66280150e-01 4.41425781e+02 4.34001587e+02
    8.06790590e-01 4.42151764e+02 4.46343292e+02 8.30133677e-01
    4.47233643e+02 4.57233063e+02 7.82973886e-01</data></hand_right_0>
</opencv_storage>
