<?xml version="1.0"?>
<opencv_storage>
<pose_0 type_id="opencv-nd-matrix">
  <sizes>
    1 18 3</sizes>
  <dt>f</dt>
  <data>
    4.01106049e+02 1.48776871e+02 8.56537282e-01 4.40223724e+02
    1.13443787e+02 6.84039891e-01 3.52128693e+02 1.15498245e+02
    7.80592799e-01 4.12751923e+02 2.75934814e+02 8.02867949e-01
    4.59838043e+02 4.16777405e+02 7.56066978e-01 5.39964294e+02
    1.17398010e+02 6.90499306e-01 5.10726044e+02 2.89550812e+02
    8.37211192e-01 4.89155640e+02 4.30390869e+02 5.43014526e-01
    3.73685913e+02 3.14998138e+02 4.13257867e-01 3.22802460e+02
    4.65645325e+02 5.28373122e-01 0. 0. 0. 4.73499573e+02 3.20887390e+02
    4.88322973e-01 5.36040405e+02 4.50004272e+02 1.26553535e-01 0. 0. 0.
    3.83442200e+02 1.31047775e+02 8.89389873e-01 4.20682953e+02
    1.29150116e+02 7.70953774e-01 3.63909424e+02 1.07636780e+02
    5.71039617e-02 4.73400513e+02 7.23586349e+01 8.75076413e-01</data></pose_0>
</opencv_storage>
