<?xml version="1.0"?>
<opencv_storage>
<hand_left_0 type_id="opencv-nd-matrix">
  <sizes>
    1 21 3</sizes>
  <dt>f</dt>
  <data>
    4.59151855e+02 3.85630981e+02 5.40884078e-01 4.48299652e+02
    3.97759888e+02 6.08185291e-01 4.38085846e+02 4.12442261e+02
    5.39198458e-01 4.26595276e+02 4.24571198e+02 6.57937109e-01
    4.15743103e+02 4.31593201e+02 7.34712601e-01 4.50853119e+02
    4.08612091e+02 5.09069264e-01 4.42554382e+02 4.20102631e+02
    6.29075408e-01 4.42554382e+02 4.32231567e+02 7.64574707e-01
    4.42554382e+02 4.43083740e+02 6.93790436e-01 4.66812225e+02
    4.06696991e+02 6.07359469e-01 4.59790222e+02 4.21379364e+02
    5.74821770e-01 4.62982056e+02 4.37976837e+02 6.74424827e-01
    4.56598389e+02 4.53935944e+02 6.38584435e-01 4.83409698e+02
    4.04781891e+02 6.04533792e-01 4.92346802e+02 4.20740997e+02
    6.64278150e-01 4.98092072e+02 4.34146637e+02 5.08788764e-01
    4.89154968e+02 4.46275574e+02 6.16586208e-01 4.97453705e+02
    4.00313354e+02 6.92656636e-01 5.04475708e+02 4.08612091e+02
    6.08624816e-01 5.10859375e+02 4.13718994e+02 7.13844359e-01
    5.14051208e+02 4.15634094e+02 6.36970878e-01</data></hand_left_0>
</opencv_storage>
