<?xml version="1.0"?>
<opencv_storage>
<pose_0 type_id="opencv-nd-matrix">
  <sizes>
    1 18 3</sizes>
  <dt>f</dt>
  <data>
    4.87133820e+02 1.46636963e+02 7.65019417e-01 4.61804230e+02
    8.01892624e+01 8.31657112e-01 3.65879364e+02 7.82493134e+01
    6.44608438e-01 4.12902527e+02 2.66073151e+02 8.08142304e-01
    4.59738617e+02 3.97148102e+02 8.83348823e-01 5.55672668e+02
    8.40932922e+01 6.84677124e-01 5.22343628e+02 2.73891846e+02
    8.53559077e-01 4.92991974e+02 4.12774628e+02 5.94415188e-01
    3.79571838e+02 2.81727600e+02 3.98789614e-01 3.26717743e+02
    4.28492249e+02 5.48268199e-01 0. 0. 0. 4.79340271e+02 2.89583649e+02
    4.27567780e-01 5.22368469e+02 4.14783356e+02 8.72950852e-02 0. 0. 0.
    4.73420319e+02 1.31049805e+02 7.57692933e-01 5.00865448e+02
    1.27197426e+02 5.91116250e-01 4.10897278e+02 6.85507507e+01
    7.32966304e-01 5.22531921e+02 7.04168243e+01 7.12507740e-02</data></pose_0>
</opencv_storage>
