<?xml version="1.0"?>
<opencv_storage>
<pose_0 type_id="opencv-nd-matrix">
  <sizes>
    1 18 3</sizes>
  <dt>f</dt>
  <data>
    4.26487366e+02 1.33113312e+02 8.76408339e-01 4.42144226e+02
    9.38765182e+01 7.94914246e-01 3.50192902e+02 9.78394470e+01
    7.40200818e-01 4.06987183e+02 2.60232971e+02 7.96474755e-01
    4.59793152e+02 3.97216156e+02 8.36016893e-01 5.38012085e+02
    9.19563980e+01 7.12933898e-01 5.08753815e+02 2.71907806e+02
    8.66340637e-01 4.93005341e+02 4.14758484e+02 5.94890952e-01
    3.75667297e+02 2.91515808e+02 4.33704853e-01 3.32634064e+02
    4.42165192e+02 5.23513198e-01 3.07166534e+02 4.93006195e+02
    1.14473611e-01 4.75429108e+02 2.97411865e+02 4.76327747e-01
    5.10654022e+02 4.06953278e+02 1.16695829e-01 0. 0. 0. 4.03060699e+02
    1.15430458e+02 7.61319280e-01 4.44148071e+02 1.13505447e+02
    8.35556984e-01 3.79553375e+02 8.61633835e+01 1.76600724e-01
    4.89126526e+02 5.47773819e+01 7.22682416e-01</data></pose_0>
</opencv_storage>
