<?xml version="1.0"?>
<opencv_storage>
<hand_right_0 type_id="opencv-nd-matrix">
  <sizes>
    1 21 3</sizes>
  <dt>f</dt>
  <data>
    4.59473206e+02 4.03506165e+02 5.21896601e-01 4.78075958e+02
    4.09945587e+02 6.81011975e-01 5.00256195e+02 4.18531464e+02
    7.12319613e-01 5.10988556e+02 4.27117371e+02 6.34300768e-01
    5.18143433e+02 4.34272278e+02 6.63763642e-01 4.85946381e+02
    4.24255402e+02 6.43722296e-01 4.95247742e+02 4.39996216e+02
    7.95215011e-01 5.03833649e+02 4.53590546e+02 8.48106027e-01
    5.07411102e+02 4.63607422e+02 8.51533294e-01 4.70921051e+02
    4.26401886e+02 7.28905082e-01 4.78075958e+02 4.41427185e+02
    7.39393592e-01 4.87377350e+02 4.57167999e+02 7.35136390e-01
    4.95247742e+02 4.69331329e+02 9.08322990e-01 4.55180267e+02
    4.29979340e+02 7.16016889e-01 4.58757721e+02 4.42858154e+02
    7.03550637e-01 4.61619659e+02 4.58598969e+02 8.04235458e-01
    4.66628113e+02 4.70762329e+02 8.11326623e-01 4.40154938e+02
    4.30694824e+02 6.32723570e-01 4.38008484e+02 4.45720123e+02
    8.23812008e-01 4.38723969e+02 4.55737000e+02 7.56573796e-01
    4.42301422e+02 4.66469360e+02 7.70945549e-01</data></hand_right_0>
</opencv_storage>
