<?xml version="1.0"?>
<opencv_storage>
<pose_0 type_id="opencv-nd-matrix">
  <sizes>
    1 18 3</sizes>
  <dt>f</dt>
  <data>
    4.59729065e+02 1.09598694e+02 8.39872956e-01 4.46064545e+02
    7.43475113e+01 7.36638606e-01 3.54168060e+02 7.43685684e+01
    7.15796053e-01 4.08916626e+02 2.40576263e+02 8.01703930e-01
    4.59753723e+02 3.71737030e+02 8.08091044e-01 5.39945557e+02
    8.40939636e+01 7.62204885e-01 5.08815308e+02 2.56265930e+02
    8.42450917e-01 4.93095856e+02 3.93269257e+02 5.48389733e-01
    3.73698578e+02 2.85656281e+02 4.30829644e-01 3.32607025e+02
    4.32395874e+02 5.06054938e-01 3.05215424e+02 4.93035950e+02
    5.84466867e-02 4.73459259e+02 2.89535828e+02 4.70654905e-01
    5.10642578e+02 3.85456757e+02 9.51105058e-02 0. 0. 0. 4.42179657e+02
    8.61556091e+01 7.74860919e-01 4.77451508e+02 8.42018051e+01
    9.15598631e-01 3.91268402e+02 3.72326317e+01 8.37184608e-01
    5.08752319e+02 2.34959946e+01 7.42811501e-01</data></pose_0>
</opencv_storage>
