<?xml version="1.0"?>
<opencv_storage>
<hand_left_0 type_id="opencv-nd-matrix">
  <sizes>
    1 21 3</sizes>
  <dt>f</dt>
  <data>
    4.61397675e+02 3.87226929e+02 5.58809519e-01 4.48517059e+02
    4.01538727e+02 6.06120408e-01 4.40645569e+02 4.19428467e+02
    6.62724912e-01 4.40645569e+02 4.33740265e+02 6.44930601e-01
    4.45654694e+02 4.48052063e+02 6.12655938e-01 4.55672943e+02
    4.14419342e+02 5.81693292e-01 4.45654694e+02 4.25153198e+02
    3.03823024e-01 4.44939087e+02 4.38033813e+02 3.86461258e-01
    4.46370270e+02 4.48767670e+02 4.73149329e-01 4.71415924e+02
    4.08694611e+02 6.99204028e-01 4.79287415e+02 4.24437592e+02
    5.55206418e-01 4.66406799e+02 4.38033813e+02 3.31575781e-01
    4.72847107e+02 4.49483246e+02 5.70160627e-01 4.85012146e+02
    4.02969910e+02 6.85803235e-01 4.94314819e+02 4.19428467e+02
    6.42874658e-01 5.01470734e+02 4.30877899e+02 6.05567932e-01
    5.07195435e+02 4.42327362e+02 6.05635107e-01 4.97892761e+02
    3.96529602e+02 7.11644530e-01 5.07911041e+02 4.00823120e+02
    7.80970514e-01 5.14351318e+02 4.05832245e+02 8.33229184e-01
    5.19360474e+02 4.11556976e+02 7.32684195e-01</data></hand_left_0>
</opencv_storage>
