<?xml version="1.0"?>
<opencv_storage>
<hand_left_0 type_id="opencv-nd-matrix">
  <sizes>
    1 21 3</sizes>
  <dt>f</dt>
  <data>
    4.59021790e+02 3.95324371e+02 5.05984128e-01 4.46262543e+02
    4.07374786e+02 6.26492321e-01 4.37756378e+02 4.26513702e+02
    4.52097982e-01 4.37047516e+02 4.39272949e+02 2.80831188e-01
    4.17908630e+02 4.35728699e+02 3.16734880e-01 4.49806793e+02
    4.21551758e+02 5.11111975e-01 4.42718292e+02 4.34311005e+02
    6.43706799e-01 4.43427155e+02 4.46361420e+02 7.22302139e-01
    4.46971375e+02 4.56994141e+02 7.64237761e-01 4.65401428e+02
    4.18007507e+02 6.33041561e-01 4.60439514e+02 4.34311005e+02
    5.09590924e-01 4.64692596e+02 4.47070282e+02 6.20494008e-01
    4.66110291e+02 4.59120697e+02 7.54982412e-01 4.80996094e+02
    4.12336731e+02 6.11203551e-01 4.93046509e+02 4.29349091e+02
    5.38043499e-01 4.99426147e+02 4.40690643e+02 5.28280258e-01
    5.05805756e+02 4.52032227e+02 5.71563542e-01 4.94464203e+02
    4.04539398e+02 6.75014555e-01 5.03679230e+02 4.08792480e+02
    7.17890680e-01 5.10767700e+02 4.14463287e+02 7.66543865e-01
    5.16438477e+02 4.22969452e+02 7.46877491e-01</data></hand_left_0>
</opencv_storage>
