<?xml version="1.0"?>
<opencv_storage>
<hand_left_0 type_id="opencv-nd-matrix">
  <sizes>
    1 21 3</sizes>
  <dt>f</dt>
  <data>
    4.59192566e+02 3.86867767e+02 6.05040908e-01 4.46091736e+02
    4.00696411e+02 6.52790964e-01 4.37357849e+02 4.18891998e+02
    6.64678931e-01 4.39541321e+02 4.34176270e+02 7.04687893e-01
    4.43908264e+02 4.49460571e+02 6.51031673e-01 4.54097778e+02
    4.13797211e+02 6.10325873e-01 4.57009094e+02 4.28353699e+02
    5.78471065e-01 4.59192566e+02 4.39998871e+02 5.35412312e-01
    4.56281250e+02 4.52371857e+02 4.04410720e-01 4.70837738e+02
    4.08702454e+02 7.15160012e-01 4.78843781e+02 4.23986755e+02
    6.65861726e-01 4.84666382e+02 4.35631927e+02 4.71821457e-01
    4.75204681e+02 4.52371857e+02 5.30259490e-01 4.83938538e+02
    4.03607697e+02 6.77313209e-01 4.94128082e+02 4.19619812e+02
    6.44259334e-01 4.99950653e+02 4.29809357e+02 5.84536076e-01
    5.06501068e+02 4.39998871e+02 6.08554125e-01 4.97039368e+02
    3.94873810e+02 7.15476930e-01 5.06501068e+02 3.99968567e+02
    8.53907287e-01 5.12323669e+02 4.05063354e+02 8.49916220e-01
    5.17418457e+02 4.10885925e+02 8.01084042e-01</data></hand_left_0>
</opencv_storage>
