<?xml version="1.0"?>
<opencv_storage>
<hand_left_0 type_id="opencv-nd-matrix">
  <sizes>
    1 21 3</sizes>
  <dt>f</dt>
  <data>
    4.59514709e+02 3.89212128e+02 5.94800830e-01 4.46893158e+02
    4.02534882e+02 6.81942761e-01 4.36375214e+02 4.17961212e+02
    6.19145095e-01 4.29363251e+02 4.27777985e+02 4.81976926e-01
    4.14638092e+02 4.31985138e+02 6.01065159e-01 4.49697968e+02
    4.20765991e+02 5.12601495e-01 4.41283600e+02 4.38295929e+02
    7.00952411e-01 4.41984772e+02 4.49515076e+02 6.88281536e-01
    4.46191956e+02 4.60033020e+02 7.91481137e-01 4.64423096e+02
    4.16558807e+02 6.58817351e-01 4.59514709e+02 4.36893524e+02
    5.21365225e-01 4.63020691e+02 4.50216278e+02 6.36595368e-01
    4.61618286e+02 4.62136627e+02 7.65773118e-01 4.80550629e+02
    4.12351624e+02 6.48129165e-01 4.90367371e+02 4.29881561e+02
    6.09674513e-01 4.95976959e+02 4.43905487e+02 6.14616632e-01
    4.86861389e+02 4.60033020e+02 6.05414510e-01 4.97379333e+02
    4.05339661e+02 7.75735199e-01 5.07897308e+02 4.15857635e+02
    6.91797853e-01 5.13506897e+02 4.22168396e+02 7.57085979e-01
    5.16311646e+02 4.28479156e+02 5.92491090e-01</data></hand_left_0>
</opencv_storage>
