<?xml version="1.0"?>
<opencv_storage>
<hand_right_0 type_id="opencv-nd-matrix">
  <sizes>
    1 21 3</sizes>
  <dt>f</dt>
  <data>
    4.61637909e+02 3.88608246e+02 5.96789002e-01 4.78723877e+02
    3.95727417e+02 7.57404387e-01 4.97233673e+02 4.02846558e+02
    6.59905076e-01 5.07912415e+02 4.12101440e+02 8.34885955e-01
    5.19303040e+02 4.22068268e+02 8.81376147e-01 4.85843018e+02
    4.12101440e+02 6.97231770e-01 4.95809845e+02 4.27763580e+02
    6.87461674e-01 5.02217072e+02 4.40578064e+02 8.13921094e-01
    5.06488586e+02 4.50544891e+02 8.98513377e-01 4.70892822e+02
    4.14949127e+02 7.46302009e-01 4.78723877e+02 4.27763580e+02
    6.67586029e-01 4.85843018e+02 4.43425720e+02 6.90193653e-01
    4.93674103e+02 4.55528290e+02 7.67676353e-01 4.55942596e+02
    4.17084869e+02 7.30312109e-01 4.58790253e+02 4.28475494e+02
    6.18439913e-01 4.61637909e+02 4.44137634e+02 8.32135797e-01
    4.62349823e+02 4.56952118e+02 7.46818542e-01 4.39568542e+02
    4.17796783e+02 7.07753003e-01 4.40280457e+02 4.32035095e+02
    8.40946615e-01 4.41704285e+02 4.43425720e+02 7.37117589e-01
    4.44551941e+02 4.52680634e+02 7.17167377e-01</data></hand_right_0>
</opencv_storage>
