<?xml version="1.0"?>
<opencv_storage>
<hand_right_0 type_id="opencv-nd-matrix">
  <sizes>
    1 21 3</sizes>
  <dt>f</dt>
  <data>
    4.61259949e+02 4.12096893e+02 5.36145508e-01 4.78940155e+02
    4.18461792e+02 6.87960923e-01 4.98742004e+02 4.25533875e+02
    6.93362355e-01 5.10057312e+02 4.34727570e+02 7.95156240e-01
    5.20665466e+02 4.41799652e+02 7.67377436e-01 4.86719452e+02
    4.33313141e+02 6.60221696e-01 4.95205963e+02 4.47457306e+02
    7.15364754e-01 5.03692444e+02 4.63015900e+02 7.87898540e-01
    5.07228485e+02 4.74331238e+02 8.32630634e-01 4.71160858e+02
    4.35434784e+02 7.37237513e-01 4.77525757e+02 4.49578949e+02
    7.03684032e-01 4.86719452e+02 4.63723114e+02 7.30601072e-01
    4.93791534e+02 4.78574463e+02 8.57788682e-01 4.55602295e+02
    4.37556396e+02 5.88487208e-01 4.59138336e+02 4.50286133e+02
    7.19327748e-01 4.63381592e+02 4.64430298e+02 7.70403504e-01
    4.66210419e+02 4.77867249e+02 7.40527332e-01 4.42165344e+02
    4.40385223e+02 6.81333840e-01 4.38629303e+02 4.52407776e+02
    8.24362218e-01 4.41458130e+02 4.63723114e+02 7.84420669e-01
    4.43579742e+02 4.75038422e+02 8.20669234e-01</data></hand_right_0>
</opencv_storage>
