<?xml version="1.0"?>
<opencv_storage>
<pose_0 type_id="opencv-nd-matrix">
  <sizes>
    1 18 3</sizes>
  <dt>f</dt>
  <data>
    4.93038574e+02 9.98264771e+01 8.08397889e-01 4.69538605e+02
    6.06514473e+01 7.32014120e-01 3.69805511e+02 6.06404991e+01
    6.11923039e-01 4.18704865e+02 2.52388794e+02 7.03608990e-01
    4.59811462e+02 3.81592346e+02 8.54686558e-01 5.71245361e+02
    7.43571091e+01 6.68099821e-01 5.24434570e+02 2.62141785e+02
    7.98792839e-01 4.93029755e+02 3.97226471e+02 5.81764698e-01
    3.81502655e+02 2.93477966e+02 3.89478415e-01 3.24770355e+02
    4.30469604e+02 4.26986247e-01 0. 0. 0. 4.87165283e+02 3.05224121e+02
    3.73997599e-01 5.22318359e+02 3.99109528e+02 5.57609648e-02 0. 0. 0.
    4.77482025e+02 8.20677643e+01 6.66463852e-01 5.08780792e+02
    8.01899414e+01 6.16340041e-01 4.28475800e+02 1.56399174e+01
    2.04813078e-01 0. 0. 0.</data></pose_0>
</opencv_storage>
