<?xml version="1.0"?>
<opencv_storage>
<hand_right_0 type_id="opencv-nd-matrix">
  <sizes>
    1 21 3</sizes>
  <dt>f</dt>
  <data>
    4.62972076e+02 4.34335693e+02 5.70192158e-01 4.82372620e+02
    4.41978333e+02 5.60142994e-01 5.04124725e+02 4.49033081e+02
    7.04507589e-01 5.15882629e+02 4.61966766e+02 8.03742647e-01
    5.28228455e+02 4.69609406e+02 8.46400917e-01 4.95894196e+02
    4.52560455e+02 6.06203735e-01 5.07064209e+02 4.67845703e+02
    6.23887777e-01 5.14706848e+02 4.81955200e+02 7.86008954e-01
    5.18822083e+02 4.91949402e+02 8.27469230e-01 4.81784729e+02
    4.56087830e+02 7.17213154e-01 4.94718414e+02 4.71373077e+02
    5.87392747e-01 5.02361053e+02 4.85482574e+02 6.74273551e-01
    5.08239990e+02 4.93713104e+02 6.72017217e-01 4.67675232e+02
    4.59615173e+02 7.02863574e-01 4.77081573e+02 4.79603607e+02
    4.32676435e-01 4.77669464e+02 4.81955200e+02 4.88183111e-01
    4.94130524e+02 4.95476776e+02 5.22779942e-01 4.53565765e+02
    4.64318359e+02 5.99932313e-01 4.58856812e+02 4.80191528e+02
    6.59781575e-01 4.60032593e+02 4.87834137e+02 6.10123575e-01
    4.62384186e+02 4.94300995e+02 6.20656788e-01</data></hand_right_0>
</opencv_storage>
