<?xml version="1.0"?>
<opencv_storage>
<pose_0 type_id="opencv-nd-matrix">
  <sizes>
    1 18 3</sizes>
  <dt>f</dt>
  <data>
    4.44166168e+02 1.60395782e+02 7.67969489e-01 4.67626129e+02
    1.05632759e+02 7.70203888e-01 3.71728912e+02 9.97268524e+01
    7.21617222e-01 4.14868713e+02 2.89606476e+02 7.74466574e-01
    4.59731293e+02 4.12820099e+02 8.83386850e-01 5.71357117e+02
    1.19348038e+02 6.09226227e-01 5.34094971e+02 3.03242249e+02
    7.82442272e-01 4.93067810e+02 4.28397522e+02 5.94230711e-01
    3.79511658e+02 2.95423035e+02 4.13215578e-01 3.22880768e+02
    4.32421539e+02 3.81962866e-01 2.83713989e+02 4.77409302e+02
    1.36931673e-01 4.89081421e+02 3.14985321e+02 4.30318594e-01
    5.39979126e+02 4.57781860e+02 8.66136774e-02 0. 0. 0. 4.28482971e+02
    1.32978378e+02 7.31513679e-01 4.65682709e+02 1.42771118e+02
    6.73245251e-01 4.04931976e+02 1.01744438e+02 1.31727040e-01
    5.14595154e+02 8.41628647e+01 5.69532394e-01</data></pose_0>
</opencv_storage>
