<?xml version="1.0"?>
<opencv_storage>
<hand_right_0 type_id="opencv-nd-matrix">
  <sizes>
    1 21 3</sizes>
  <dt>f</dt>
  <data>
    4.61143951e+02 4.22153168e+02 6.20864093e-01 4.78852631e+02
    4.29944977e+02 7.36865401e-01 4.99394714e+02 4.37736816e+02
    6.94277227e-01 5.09311554e+02 4.46945313e+02 7.52874732e-01
    5.19228455e+02 4.56153839e+02 7.91336775e-01 4.84519409e+02
    4.44820282e+02 6.31743729e-01 4.93727936e+02 4.60403931e+02
    7.92701542e-01 5.00103058e+02 4.76695923e+02 8.18946719e-01
    5.05061493e+02 4.88737823e+02 8.71825755e-01 4.70352448e+02
    4.47653656e+02 7.24683940e-01 4.78144287e+02 4.63237305e+02
    6.79754853e-01 4.84519409e+02 4.78112610e+02 8.05964887e-01
    4.90186188e+02 4.90154510e+02 8.45406950e-01 4.54768829e+02
    4.49778717e+02 7.27558792e-01 4.58310547e+02 4.63945648e+02
    6.52667224e-01 4.60435608e+02 4.79529297e+02 7.65212417e-01
    4.64685669e+02 4.92279541e+02 7.11530805e-01 4.39893524e+02
    4.51195404e+02 6.81551039e-01 4.38476837e+02 4.65362366e+02
    8.46540570e-01 4.39893524e+02 4.77404266e+02 8.13992023e-01
    4.43435272e+02 4.88737823e+02 7.59525836e-01</data></hand_right_0>
</opencv_storage>
