<?xml version="1.0"?>
<opencv_storage>
<pose_0 type_id="opencv-nd-matrix">
  <sizes>
    1 18 3</sizes>
  <dt>f</dt>
  <data>
    4.46052399e+02 1.48672577e+02 7.68979669e-01 4.67587463e+02
    9.97686691e+01 7.84605384e-01 3.69835815e+02 9.19868393e+01
    6.99998677e-01 4.14838776e+02 2.85671051e+02 7.90620863e-01
    4.59720367e+02 4.08894623e+02 8.58748317e-01 5.71335388e+02
    1.15415230e+02 6.63685560e-01 5.34156799e+02 2.93524384e+02
    7.62631238e-01 4.95048584e+02 4.14860931e+02 6.43000901e-01
    3.81449890e+02 2.87609711e+02 4.34768647e-01 3.28717743e+02
    4.30448730e+02 4.17135030e-01 2.87597900e+02 4.77423523e+02
    1.54823884e-01 4.91044647e+02 3.09129211e+02 4.39425647e-01
    5.43925598e+02 4.44121704e+02 1.02575928e-01 0. 0. 0. 4.28486755e+02
    1.27168510e+02 6.97043538e-01 4.65672424e+02 1.31054916e+02
    7.43832350e-01 4.01115997e+02 9.38757095e+01 1.32452130e-01
    5.14570251e+02 7.24094162e+01 6.22219443e-01</data></pose_0>
</opencv_storage>
