<?xml version="1.0"?>
<opencv_storage>
<hand_left_0 type_id="opencv-nd-matrix">
  <sizes>
    1 21 3</sizes>
  <dt>f</dt>
  <data>
    4.62289581e+02 3.88155609e+02 5.98531604e-01 4.49056702e+02
    4.01388489e+02 7.04112589e-01 4.38609711e+02 4.19496613e+02
    6.68328524e-01 4.38609711e+02 4.36211823e+02 6.16496503e-01
    4.43484985e+02 4.50837616e+02 5.00880539e-01 4.54628448e+02
    4.17407227e+02 6.11732841e-01 4.58807251e+02 4.33425964e+02
    2.92252660e-01 4.44181458e+02 4.43176483e+02 3.28461707e-01
    4.46270844e+02 4.54319946e+02 4.64706987e-01 4.69950714e+02
    4.12531952e+02 6.81776106e-01 4.76915375e+02 4.29943634e+02
    4.94811893e-01 4.65771912e+02 4.43872955e+02 4.04735088e-01
    4.67861328e+02 4.56409363e+02 6.27724409e-01 4.83183594e+02
    4.09049622e+02 6.69508040e-01 4.92934113e+02 4.26461304e+02
    6.70715749e-01 4.99202301e+02 4.38301208e+02 6.47723734e-01
    5.04077576e+02 4.49444702e+02 6.23203516e-01 4.99202301e+02
    4.03477875e+02 7.85479069e-01 5.08256378e+02 4.11139008e+02
    6.80399537e-01 5.15221069e+02 4.18103699e+02 7.61342883e-01
    5.19399841e+02 4.22978943e+02 6.65932536e-01</data></hand_left_0>
</opencv_storage>
