<?xml version="1.0"?>
<opencv_storage>
<pose_0 type_id="opencv-nd-matrix">
  <sizes>
    1 18 3</sizes>
  <dt>f</dt>
  <data>
    4.77458649e+02 1.09585869e+02 7.56497920e-01 4.69545898e+02
    7.04025650e+01 7.50363052e-01 3.67823120e+02 6.65443573e+01
    6.61852241e-01 4.18702881e+02 2.58263062e+02 7.17842817e-01
    4.59852844e+02 3.85414307e+02 8.35138023e-01 5.71327820e+02
    8.41327896e+01 7.00040817e-01 5.24438110e+02 2.71907318e+02
    8.23471129e-01 4.93100769e+02 3.99099792e+02 5.29101968e-01
    3.81505646e+02 2.89562592e+02 4.00912493e-01 3.26759521e+02
    4.32380249e+02 3.47544432e-01 2.83669617e+02 4.77447418e+02
    1.11979030e-01 4.91040680e+02 3.05200165e+02 3.95507753e-01
    5.24316650e+02 3.97156891e+02 6.65618777e-02 0. 0. 0. 4.65678680e+02
    8.60765762e+01 6.92877531e-01 5.00907318e+02 8.61146317e+01
    7.36092210e-01 4.14730011e+02 1.75810623e+01 6.85262442e-01
    5.38059998e+02 4.49765091e+01 3.00294250e-01</data></pose_0>
</opencv_storage>
