<?xml version="1.0"?>
<opencv_storage>
<hand_right_0 type_id="opencv-nd-matrix">
  <sizes>
    1 21 3</sizes>
  <dt>f</dt>
  <data>
    4.57591309e+02 3.96857056e+02 5.72705865e-01 4.75173309e+02
    4.03186584e+02 7.34215319e-01 4.94161865e+02 4.12329224e+02
    6.73223913e-01 5.02601227e+02 4.24988281e+02 5.81558704e-01
    5.08227478e+02 4.34834198e+02 7.33360410e-01 4.80799561e+02
    4.19362030e+02 7.51280069e-01 4.88535645e+02 4.36944061e+02
    7.75308430e-01 4.94865143e+02 4.51712921e+02 7.72646189e-01
    4.99788116e+02 4.63668701e+02 8.73051286e-01 4.66030670e+02
    4.20065308e+02 7.75191307e-01 4.70953613e+02 4.32724365e+02
    6.40735865e-01 4.78689697e+02 4.52416229e+02 7.75236070e-01
    4.84315948e+02 4.66481812e+02 7.68490076e-01 4.50558502e+02
    4.23581726e+02 6.53939307e-01 4.54074890e+02 4.34834198e+02
    6.89149320e-01 4.58997864e+02 4.51009644e+02 7.79255331e-01
    4.61810974e+02 4.65075256e+02 8.01144183e-01 4.37899445e+02
    4.24285004e+02 6.55695856e-01 4.37196167e+02 4.36944061e+02
    8.52520883e-01 4.37899445e+02 4.48196533e+02 8.35228503e-01
    4.40009277e+02 4.58745728e+02 8.01979959e-01</data></hand_right_0>
</opencv_storage>
