<?xml version="1.0"?>
<opencv_storage>
<hand_left_0 type_id="opencv-nd-matrix">
  <sizes>
    1 21 3</sizes>
  <dt>f</dt>
  <data>
    4.57429596e+02 4.09546692e+02 5.14822423e-01 4.45387604e+02
    4.22297058e+02 6.08911514e-01 4.37595734e+02 4.40714233e+02
    5.03841341e-01 4.32637238e+02 4.50631195e+02 5.76449931e-01
    4.16345123e+02 4.51339539e+02 7.61426628e-01 4.53179504e+02
    4.38589172e+02 5.65611184e-01 4.40429138e+02 4.49214478e+02
    4.71461147e-01 4.41137482e+02 4.61256470e+02 5.13018072e-01
    4.44679260e+02 4.72590118e+02 6.77091479e-01 4.68054901e+02
    4.33630707e+02 6.80947721e-01 4.78680206e+02 4.49214478e+02
    4.79699850e-01 4.63096436e+02 4.61964844e+02 5.35629690e-01
    4.63804779e+02 4.74006836e+02 7.10718095e-01 4.83638672e+02
    4.27963898e+02 6.93230271e-01 4.93555603e+02 4.44964355e+02
    7.21113324e-01 5.00639160e+02 4.57006348e+02 6.72069252e-01
    5.06305969e+02 4.68339996e+02 6.53376818e-01 4.96389038e+02
    4.20880341e+02 7.53833652e-01 5.05597626e+02 4.27255524e+02
    7.78879941e-01 5.12681152e+02 4.32922363e+02 8.61437380e-01
    5.18347961e+02 4.39297546e+02 7.93040514e-01</data></hand_left_0>
</opencv_storage>
