<?xml version="1.0"?>
<opencv_storage>
<hand_right_0 type_id="opencv-nd-matrix">
  <sizes>
    1 21 3</sizes>
  <dt>f</dt>
  <data>
    4.57820618e+02 4.08746216e+02 5.56213975e-01 4.76558411e+02
    4.14511688e+02 6.69945955e-01 4.96737549e+02 4.20997833e+02
    6.95685804e-01 5.07547821e+02 4.28204681e+02 7.02889979e-01
    5.16196045e+02 4.35411530e+02 7.23849773e-01 4.83765259e+02
    4.28925354e+02 6.63297713e-01 4.94575500e+02 4.43339050e+02
    7.94679523e-01 5.01782349e+02 4.55590668e+02 8.45755994e-01
    5.07547821e+02 4.67121613e+02 9.53874290e-01 4.67910217e+02
    4.31808105e+02 7.59230494e-01 4.77999786e+02 4.45501099e+02
    6.78913593e-01 4.86647980e+02 4.60635468e+02 7.65220940e-01
    4.95296204e+02 4.72887085e+02 9.15466666e-01 4.54217194e+02
    4.36132202e+02 6.26964688e-01 4.57820618e+02 4.46942474e+02
    7.09111452e-01 4.62865417e+02 4.62076813e+02 8.21197331e-01
    4.67910217e+02 4.73607758e+02 7.39788294e-01 4.39082855e+02
    4.37573578e+02 6.78681433e-01 4.37641479e+02 4.50545898e+02
    8.44925284e-01 4.39082855e+02 4.61356140e+02 7.81039834e-01
    4.43406952e+02 4.72166412e+02 8.22584271e-01</data></hand_right_0>
</opencv_storage>
