<?xml version="1.0"?>
<opencv_storage>
<hand_right_0 type_id="opencv-nd-matrix">
  <sizes>
    1 21 3</sizes>
  <dt>f</dt>
  <data>
    4.59837433e+02 3.85913422e+02 5.98724544e-01 4.76716278e+02
    3.95056122e+02 7.48813033e-01 4.95001709e+02 4.02088989e+02
    6.70143783e-01 5.05550995e+02 4.13341553e+02 8.28559518e-01
    5.16100281e+02 4.23890839e+02 8.77479434e-01 4.83045868e+02
    4.12638275e+02 7.04967201e-01 4.92188568e+02 4.28813843e+02
    7.18075037e-01 4.98518158e+02 4.42176270e+02 8.26617360e-01
    5.02034576e+02 4.52725555e+02 8.86463523e-01 4.68980133e+02
    4.15451416e+02 7.24765539e-01 4.76013000e+02 4.30220428e+02
    5.62209785e-01 4.82342590e+02 4.45692719e+02 7.96400070e-01
    4.89375427e+02 4.59055145e+02 8.74086559e-01 4.54211151e+02
    4.18264557e+02 7.73348987e-01 4.58430847e+02 4.32330261e+02
    6.27223313e-01 4.60540710e+02 4.47099274e+02 8.27161193e-01
    4.61947296e+02 4.62571564e+02 7.42294788e-01 4.38035583e+02
    4.18967834e+02 7.05376744e-01 4.40145416e+02 4.34440125e+02
    8.04200828e-01 4.42255280e+02 4.46395996e+02 7.49465585e-01
    4.45068420e+02 4.56945282e+02 6.70664966e-01</data></hand_right_0>
</opencv_storage>
