<?xml version="1.0"?>
<opencv_storage>
<hand_left_0 type_id="opencv-nd-matrix">
  <sizes>
    1 21 3</sizes>
  <dt>f</dt>
  <data>
    4.59765045e+02 4.11659790e+02 4.90694493e-01 4.46914185e+02
    4.24510651e+02 6.20652080e-01 4.36919067e+02 4.43073029e+02
    4.74952072e-01 4.25496094e+02 4.50212402e+02 3.66042823e-01
    4.14073090e+02 4.54496002e+02 7.58474469e-01 4.46914185e+02
    4.39503326e+02 5.04216075e-01 4.40488770e+02 4.52354218e+02
    6.89074755e-01 4.41202698e+02 4.65919006e+02 8.06509972e-01
    4.44058441e+02 4.76628052e+02 8.12120259e-01 4.63334747e+02
    4.38075470e+02 6.51740015e-01 4.59051117e+02 4.53782074e+02
    5.65840304e-01 4.62620819e+02 4.67346893e+02 6.36273801e-01
    4.64762604e+02 4.79483795e+02 8.09924781e-01 4.81897095e+02
    4.33791840e+02 5.71716607e-01 4.91178284e+02 4.50212402e+02
    5.59362769e-01 4.98317657e+02 4.64491119e+02 5.89705527e-01
    4.89750397e+02 4.78769867e+02 5.87535203e-01 4.98317657e+02
    4.28080353e+02 7.49102831e-01 5.08312775e+02 4.33791840e+02
    7.62536705e-01 5.15452148e+02 4.38789398e+02 8.07205737e-01
    5.21163635e+02 4.46642700e+02 7.46289670e-01</data></hand_left_0>
</opencv_storage>
