<?xml version="1.0"?>
<opencv_storage>
<pose_0 type_id="opencv-nd-matrix">
  <sizes>
    1 18 3</sizes>
  <dt>f</dt>
  <data>
    3.93211029e+02 1.64349106e+02 8.79506767e-01 4.32436615e+02
    1.36969238e+02 6.28516257e-01 3.48263947e+02 1.40884399e+02
    7.30248213e-01 4.10898010e+02 2.89497101e+02 8.26487780e-01
    4.59864777e+02 4.22620148e+02 7.89526463e-01 5.28240540e+02
    1.42784424e+02 6.40213847e-01 5.08783081e+02 3.03244476e+02
    8.61656308e-01 4.93112518e+02 4.42167389e+02 5.77969491e-01
    3.69830536e+02 3.24784546e+02 4.35764343e-01 3.24815002e+02
    4.77429321e+02 5.87516129e-01 0. 0. 0. 4.73426331e+02 3.34567383e+02
    4.51465070e-01 5.06767975e+02 4.32423798e+02 1.07039459e-01 0. 0. 0.
    3.71704010e+02 1.46777878e+02 8.48246813e-01 4.10815674e+02
    1.42825623e+02 7.60170043e-01 0. 0. 0. 4.59664185e+02 9.00268021e+01
    8.82316291e-01</data></pose_0>
</opencv_storage>
