<?xml version="1.0"?>
<opencv_storage>
<hand_right_0 type_id="opencv-nd-matrix">
  <sizes>
    1 21 3</sizes>
  <dt>f</dt>
  <data>
    4.56780487e+02 3.84596832e+02 5.88687539e-01 4.76478333e+02
    3.90224762e+02 7.10421801e-01 4.96176147e+02 3.97259705e+02
    6.86898291e-01 5.08135529e+02 4.05701630e+02 8.07321370e-01
    5.20094910e+02 4.14847046e+02 7.63088882e-01 4.84920258e+02
    4.07108612e+02 6.54060483e-01 4.95472656e+02 4.21881989e+02
    7.56083846e-01 5.03914581e+02 4.33841370e+02 8.28503609e-01
    5.08839020e+02 4.44393799e+02 8.59780133e-01 4.69443390e+02
    4.10626099e+02 7.70602882e-01 4.78588806e+02 4.23288971e+02
    7.00574875e-01 4.88437714e+02 4.38765839e+02 7.56500483e-01
    4.96176147e+02 4.50021729e+02 8.85241568e-01 4.55373505e+02
    4.15550537e+02 6.50214732e-01 4.57483978e+02 4.25399445e+02
    6.88816667e-01 4.63111938e+02 4.40172821e+02 8.10294092e-01
    4.68036407e+02 4.54242706e+02 7.44197547e-01 4.39193146e+02
    4.16254028e+02 7.37209439e-01 4.39193146e+02 4.31027405e+02
    8.16719055e-01 4.43414124e+02 4.43690308e+02 6.90238535e-01
    4.47635071e+02 4.54242706e+02 7.54017889e-01</data></hand_right_0>
</opencv_storage>
