<?xml version="1.0"?>
<opencv_storage>
<hand_right_0 type_id="opencv-nd-matrix">
  <sizes>
    1 21 3</sizes>
  <dt>f</dt>
  <data>
    4.55435730e+02 4.11465942e+02 5.60413122e-01 4.73916870e+02
    4.16441650e+02 6.66981399e-01 4.93819641e+02 4.22838959e+02
    6.41082942e-01 5.05192657e+02 4.32079529e+02 7.44294405e-01
    5.15854858e+02 4.37766052e+02 8.00391912e-01 4.83157440e+02
    4.32079529e+02 6.76023722e-01 4.93819641e+02 4.46295807e+02
    8.19734156e-01 5.00927765e+02 4.59801239e+02 8.48212361e-01
    5.05903473e+02 4.69752625e+02 8.86460185e-01 4.68230377e+02
    4.37055237e+02 7.13782251e-01 4.77470947e+02 4.49849854e+02
    7.17077017e-01 4.86711517e+02 4.63355316e+02 7.28117168e-01
    4.95241272e+02 4.77571564e+02 8.81633162e-01 4.53303284e+02
    4.39898468e+02 6.50525391e-01 4.56146545e+02 4.51982300e+02
    7.27855563e-01 4.61122223e+02 4.67620178e+02 8.31087649e-01
    4.65387115e+02 4.78993195e+02 7.67606437e-01 4.37665405e+02
    4.42741730e+02 6.47700429e-01 4.36954590e+02 4.55536377e+02
    8.08293998e-01 4.37665405e+02 4.65487762e+02 7.57820845e-01
    4.39797852e+02 4.74728333e+02 7.52426267e-01</data></hand_right_0>
</opencv_storage>
