<?xml version="1.0"?>
<opencv_storage>
<hand_right_0 type_id="opencv-nd-matrix">
  <sizes>
    1 21 3</sizes>
  <dt>f</dt>
  <data>
    4.55633606e+02 4.17298798e+02 5.78543842e-01 4.73647369e+02
    4.24053955e+02 6.57441854e-01 4.94663422e+02 4.32310272e+02
    6.68281496e-01 5.06672607e+02 4.39065430e+02 8.21473777e-01
    5.18681763e+02 4.44319427e+02 7.85043001e-01 4.83404816e+02
    4.38314850e+02 6.60289109e-01 4.95414001e+02 4.56328613e+02
    8.13777924e-01 5.02919739e+02 4.69088379e+02 8.76216888e-01
    5.07423187e+02 4.78095245e+02 8.45363498e-01 4.67642792e+02
    4.43568878e+02 7.02912748e-01 4.78150818e+02 4.57829773e+02
    7.15234220e-01 4.87908264e+02 4.72841248e+02 7.06314445e-01
    4.96915161e+02 4.83349274e+02 8.34309399e-01 4.53381897e+02
    4.46571167e+02 6.88737392e-01 4.58635895e+02 4.59330902e+02
    7.11618245e-01 4.63889923e+02 4.75092957e+02 8.45391691e-01
    4.67642792e+02 4.86351563e+02 5.90560734e-01 4.38370422e+02
    4.50324036e+02 6.63597763e-01 4.36869263e+02 4.63083771e+02
    8.47134352e-01 4.39871552e+02 4.74342377e+02 7.19942153e-01
    4.42123291e+02 4.83349274e+02 7.92640030e-01</data></hand_right_0>
</opencv_storage>
