<?xml version="1.0"?>
<opencv_storage>
<pose_0 type_id="opencv-nd-matrix">
  <sizes>
    1 18 3</sizes>
  <dt>f</dt>
  <data>
    4.32397095e+02 1.44772858e+02 8.39777589e-01 4.48011414e+02
    9.78061523e+01 7.92231441e-01 3.54135040e+02 1.01676659e+02
    7.31559634e-01 4.12734955e+02 2.66115387e+02 8.18674624e-01
    4.59813202e+02 4.03027405e+02 7.96138644e-01 5.41977722e+02
    9.97229462e+01 7.06266463e-01 5.10727478e+02 2.73925171e+02
    8.21574271e-01 4.91124725e+02 4.12874725e+02 5.39413333e-01
    3.81458984e+02 2.91547302e+02 4.38697934e-01 3.30632843e+02
    4.46120667e+02 5.31056285e-01 0. 0. 0. 4.77402527e+02 3.01328766e+02
    4.68325824e-01 5.10633484e+02 4.12832825e+02 1.47930473e-01 0. 0. 0.
    4.12772278e+02 1.23237144e+02 7.51612782e-01 4.51978058e+02
    1.19333321e+02 7.57251382e-01 3.81474945e+02 1.01700844e+02
    2.38191068e-01 4.91032806e+02 5.47651253e+01 7.30627477e-01</data></pose_0>
</opencv_storage>
