<?xml version="1.0"?>
<opencv_storage>
<hand_left_0 type_id="opencv-nd-matrix">
  <sizes>
    1 21 3</sizes>
  <dt>f</dt>
  <data>
    4.59417908e+02 4.03197784e+02 5.53497374e-01 4.47028259e+02
    4.16275757e+02 6.80658460e-01 4.36703552e+02 4.35548523e+02
    4.95339513e-01 4.34638611e+02 4.46561523e+02 3.53263110e-01
    4.17430786e+02 4.44496582e+02 5.55029452e-01 4.52534760e+02
    4.32106964e+02 5.86209953e-01 4.40833435e+02 4.43808289e+02
    5.06000042e-01 4.41521759e+02 4.55509613e+02 6.11393869e-01
    4.44274994e+02 4.65834290e+02 7.14910686e-01 4.68365967e+02
    4.27977081e+02 6.78441048e-01 4.79378967e+02 4.44496582e+02
    3.97549331e-01 4.63547791e+02 4.58262848e+02 4.87867087e-01
    4.63547791e+02 4.69964172e+02 6.91166639e-01 4.84197174e+02
    4.22470581e+02 6.29054248e-01 4.93833557e+02 4.38990082e+02
    6.40627325e-01 5.00716705e+02 4.52068024e+02 6.50800347e-01
    5.06223206e+02 4.62392731e+02 6.31605983e-01 4.97963440e+02
    4.16275757e+02 7.58521438e-01 5.07599823e+02 4.21782257e+02
    8.10175180e-01 5.13106323e+02 4.27288757e+02 8.36787343e-01
    5.17924500e+02 4.33483582e+02 7.75611877e-01</data></hand_left_0>
</opencv_storage>
