<?xml version="1.0"?>
<opencv_storage>
<pose_0 type_id="opencv-nd-matrix">
  <sizes>
    1 18 3</sizes>
  <dt>f</dt>
  <data>
    5.00881317e+02 1.64412003e+02 7.62158096e-01 4.75381531e+02
    1.03742363e+02 8.09463143e-01 3.67851074e+02 1.01687851e+02
    6.70134604e-01 4.08924744e+02 2.89596222e+02 7.34990895e-01
    4.57815430e+02 4.14814697e+02 8.88226986e-01 5.73278748e+02
    1.17333694e+02 6.56580448e-01 5.26339722e+02 3.07148956e+02
    7.50116229e-01 4.93082886e+02 4.24527527e+02 6.54333591e-01
    3.71754578e+02 2.91509064e+02 4.12876785e-01 3.20859009e+02
    4.38255402e+02 4.53284591e-01 2.71954529e+02 4.85239502e+02
    5.98088279e-02 4.85214264e+02 3.05242096e+02 4.29425478e-01
    5.40008240e+02 4.61705505e+02 1.44577578e-01 0. 0. 0. 4.89138123e+02
    1.48645050e+02 8.11872065e-01 5.14602417e+02 1.46792862e+02
    4.73600626e-01 4.28462158e+02 8.61385269e+01 5.59919298e-01
    5.40043518e+02 9.78188324e+01 1.11389086e-01</data></pose_0>
</opencv_storage>
