<?xml version="1.0"?>
<opencv_storage>
<hand_left_0 type_id="opencv-nd-matrix">
  <sizes>
    1 21 3</sizes>
  <dt>f</dt>
  <data>
    4.59403381e+02 3.84828918e+02 5.32573462e-01 4.48012604e+02
    3.96852478e+02 6.11271620e-01 4.38520325e+02 4.12672974e+02
    5.51503003e-01 4.26496735e+02 4.24063751e+02 6.74662590e-01
    4.15105988e+02 4.31657593e+02 7.13114083e-01 4.51176727e+02
    4.08876068e+02 4.61684436e-01 4.42950043e+02 4.20266815e+02
    5.95824361e-01 4.42950043e+02 4.34188873e+02 7.48502612e-01
    4.44215698e+02 4.46845245e+02 6.77926540e-01 4.66997223e+02
    4.06344788e+02 5.89432061e-01 4.60669006e+02 4.22798096e+02
    4.87701058e-01 4.63200287e+02 4.39251434e+02 6.67107522e-01
    4.56872101e+02 4.54439087e+02 6.34710193e-01 4.83450531e+02
    4.05079163e+02 6.20164633e-01 4.92309998e+02 4.20899658e+02
    7.22689569e-01 4.98638214e+02 4.34188873e+02 5.13029039e-01
    5.03067932e+02 4.45579620e+02 6.85792506e-01 4.97372559e+02
    4.00649414e+02 6.86944544e-01 5.04966400e+02 4.09508881e+02
    5.89216530e-01 5.11294586e+02 4.13938629e+02 7.07476735e-01
    5.13825867e+02 4.15837097e+02 6.04369283e-01</data></hand_left_0>
</opencv_storage>
