<?xml version="1.0"?>
<opencv_storage>
<hand_right_0 type_id="opencv-nd-matrix">
  <sizes>
    1 21 3</sizes>
  <dt>f</dt>
  <data>
    4.59588043e+02 3.87020203e+02 5.36803603e-01 4.76682678e+02
    3.92006134e+02 6.78062081e-01 4.95201843e+02 3.97704346e+02
    6.02825701e-01 5.10159607e+02 4.04827087e+02 8.52376521e-01
    5.22268311e+02 4.13374390e+02 8.53821814e-01 4.88079071e+02
    4.07676208e+02 7.16053069e-01 5.00187744e+02 4.23346252e+02
    7.37932324e-01 5.05885956e+02 4.34030396e+02 8.54433298e-01
    5.10871887e+02 4.44002258e+02 8.88340235e-01 4.71696747e+02
    4.11949860e+02 7.67922163e-01 4.83093140e+02 4.26195374e+02
    7.24616289e-01 4.92352722e+02 4.39016327e+02 7.32928634e-01
    5.00187744e+02 4.50412720e+02 9.34219122e-01 4.54602112e+02
    4.16223511e+02 7.41955042e-01 4.60300323e+02 4.27619904e+02
    6.94213629e-01 4.65998535e+02 4.43289978e+02 8.61202180e-01
    4.67423065e+02 4.54686401e+02 6.73580348e-01 4.41781158e+02
    4.16935791e+02 7.10437000e-01 4.42493439e+02 4.29756744e+02
    8.24331462e-01 4.43205719e+02 4.39728607e+02 8.27628195e-01
    4.46054810e+02 4.50412720e+02 7.44360447e-01</data></hand_right_0>
</opencv_storage>
