<?xml version="1.0"?>
<opencv_storage>
<hand_left_0 type_id="opencv-nd-matrix">
  <sizes>
    1 21 3</sizes>
  <dt>f</dt>
  <data>
    4.60238098e+02 3.89364746e+02 5.96445143e-01 4.48366791e+02
    4.01934357e+02 6.45264208e-01 4.39288727e+02 4.20090454e+02
    6.17505133e-01 4.39288727e+02 4.34755005e+02 5.99014401e-01
    4.44875244e+02 4.49419556e+02 5.25063872e-01 4.53953278e+02
    4.14503967e+02 5.89984655e-01 4.43478607e+02 4.27073578e+02
    3.57779115e-01 4.43478607e+02 4.39643188e+02 4.57464606e-01
    4.45573547e+02 4.50816162e+02 5.32621324e-01 4.69316132e+02
    4.10314087e+02 6.57038867e-01 4.79092499e+02 4.27073578e+02
    3.90701443e-01 4.65126282e+02 4.40341492e+02 5.68802178e-01
    4.65126282e+02 4.52212799e+02 6.73502207e-01 4.82584076e+02
    4.06124207e+02 6.92008734e-01 4.94455353e+02 4.22883698e+02
    6.05445921e-01 4.99343536e+02 4.34056671e+02 5.53834915e-01
    5.07024963e+02 4.43134735e+02 5.71345866e-01 4.97946930e+02
    3.99141113e+02 7.09002614e-01 5.04930023e+02 4.03330963e+02
    7.40340352e-01 5.11913147e+02 4.10314087e+02 7.53573179e-01
    5.16103027e+02 4.16598907e+02 7.35636532e-01</data></hand_left_0>
</opencv_storage>
