<?xml version="1.0"?>
<opencv_storage>
<hand_left_0 type_id="opencv-nd-matrix">
  <sizes>
    1 21 3</sizes>
  <dt>f</dt>
  <data>
    4.62779694e+02 3.90972076e+02 5.69514751e-01 4.49315765e+02
    4.03727356e+02 6.45674944e-01 4.40812256e+02 4.20025787e+02
    5.96117973e-01 4.36560486e+02 4.32781067e+02 4.75722820e-01
    4.16010315e+02 4.31363800e+02 6.24161422e-01 4.56402039e+02
    4.19317169e+02 6.36132360e-01 4.42938141e+02 4.30655182e+02
    4.17137146e-01 4.45064026e+02 4.44827728e+02 5.72836578e-01
    4.47898529e+02 4.54748474e+02 6.97769523e-01 4.70574585e+02
    4.14356781e+02 6.75180078e-01 4.80495361e+02 4.31363800e+02
    4.35700238e-01 4.65614197e+02 4.46953583e+02 5.36824107e-01
    4.64196930e+02 4.58291626e+02 6.92097664e-01 4.86872986e+02
    4.11522247e+02 6.49474919e-01 4.96793762e+02 4.28529297e+02
    6.57605648e-01 5.01754150e+02 4.39867340e+02 5.50085902e-01
    5.06714539e+02 4.48370850e+02 5.55632353e-01 5.01045532e+02
    4.05144623e+02 7.16598332e-01 5.10257660e+02 4.10813629e+02
    7.51013279e-01 5.15926697e+02 4.17899902e+02 8.15902472e-01
    5.20178467e+02 4.23568909e+02 7.39926994e-01</data></hand_left_0>
</opencv_storage>
