<?xml version="1.0"?>
<opencv_storage>
<hand_left_0 type_id="opencv-nd-matrix">
  <sizes>
    1 21 3</sizes>
  <dt>f</dt>
  <data>
    4.61730042e+02 4.04317230e+02 5.50792098e-01 4.49937347e+02
    4.17420197e+02 6.49907351e-01 4.40110107e+02 4.35109253e+02
    5.73973417e-01 4.25696838e+02 4.44936493e+02 7.77658582e-01
    4.13904144e+02 4.52143127e+02 8.62404227e-01 4.54523407e+02
    4.34454102e+02 5.17700911e-01 4.43385864e+02 4.43626190e+02
    5.26625752e-01 4.43385864e+02 4.56729156e+02 7.98030376e-01
    4.45351318e+02 4.70487305e+02 7.68920839e-01 4.69591827e+02
    4.30523193e+02 6.96881890e-01 4.61730042e+02 4.46901917e+02
    4.48797107e-01 4.62385193e+02 4.61315216e+02 6.44725263e-01
    4.61074890e+02 4.75728516e+02 6.78373933e-01 4.85315430e+02
    4.27902588e+02 6.40237629e-01 4.94487518e+02 4.46246765e+02
    7.04684675e-01 5.01694153e+02 4.60004913e+02 5.74544370e-01
    5.06280212e+02 4.71142456e+02 6.92469001e-01 4.99728699e+02
    4.20695953e+02 7.43591189e-01 5.09555939e+02 4.35764374e+02
    6.81912184e-01 5.14797119e+02 4.40350433e+02 7.16821074e-01
    5.17417725e+02 4.42971039e+02 5.27518630e-01</data></hand_left_0>
</opencv_storage>
