<?xml version="1.0"?>
<opencv_storage>
<hand_right_0 type_id="opencv-nd-matrix">
  <sizes>
    2 21 3</sizes>
  <dt>f</dt>
  <data>
    4.56722687e+02 4.05355804e+02 5.30375838e-01 4.76518097e+02
    4.11718597e+02 6.44992948e-01 4.97020477e+02 4.19495361e+02
    7.13191509e-01 5.06918182e+02 4.28686096e+02 7.23908603e-01
    5.14694946e+02 4.36462860e+02 7.44390309e-01 4.84294861e+02
    4.27979126e+02 6.72780097e-01 4.94899536e+02 4.42825684e+02
    8.20825517e-01 5.01969330e+02 4.56258270e+02 8.39844465e-01
    5.06211212e+02 4.65448975e+02 8.99814904e-01 4.69448303e+02
    4.30807037e+02 7.71256804e-01 4.78639038e+02 4.44946594e+02
    6.74110293e-01 4.86415802e+02 4.59086182e+02 7.47929215e-01
    4.94899536e+02 4.71811798e+02 8.97124529e-01 4.55308746e+02
    4.33634949e+02 6.50768638e-01 4.58843628e+02 4.44946594e+02
    7.11881518e-01 4.63792480e+02 4.59793152e+02 8.48251641e-01
    4.68034363e+02 4.71811798e+02 8.10518324e-01 4.39048218e+02
    4.35048920e+02 6.62407339e-01 4.39048218e+02 4.48481506e+02
    8.16275060e-01 4.39755219e+02 4.59086182e+02 7.59547889e-01
    4.43997070e+02 4.68983887e+02 7.91135371e-01 0. 0. 0. 0. 0. 0. 0. 0.
    0. 0. 0. 0. 0. 0. 0. 0. 0. 0. 0. 0. 0. 0. 0. 0. 0. 0. 0. 0. 0. 0. 0.
    0. 0. 0. 0. 0. 0. 0. 0. 0. 0. 0. 0. 0. 0. 0. 0. 0. 0. 0. 0. 0. 0. 0.
    0. 0. 0. 0. 0. 0. 0. 0. 0.</data></hand_right_0>
</opencv_storage>
