<?xml version="1.0"?>
<opencv_storage>
<hand_right_0 type_id="opencv-nd-matrix">
  <sizes>
    1 21 3</sizes>
  <dt>f</dt>
  <data>
    4.59583832e+02 3.85754822e+02 6.24927521e-01 4.77006348e+02
    3.92288269e+02 7.72471547e-01 4.97332581e+02 4.00999512e+02
    6.64549410e-01 5.07495697e+02 4.10436707e+02 7.85763323e-01
    5.20562561e+02 4.20599823e+02 8.57681036e-01 4.84991638e+02
    4.10436707e+02 6.96996510e-01 4.93702911e+02 4.26407349e+02
    7.65573740e-01 4.99510406e+02 4.39474213e+02 8.48362923e-01
    5.03866028e+02 4.50363281e+02 9.18426096e-01 4.69746948e+02
    4.11888580e+02 7.69567132e-01 4.76280396e+02 4.27133270e+02
    6.59931958e-01 4.82813843e+02 4.43829834e+02 7.25474119e-01
    4.89347260e+02 4.56170776e+02 8.31707895e-01 4.53776337e+02
    4.15518280e+02 6.95498586e-01 4.58131958e+02 4.27859222e+02
    7.03417838e-01 4.61761658e+02 4.43829834e+02 8.71348739e-01
    4.63939453e+02 4.58348572e+02 8.27713251e-01 4.39983521e+02
    4.15518280e+02 7.12015927e-01 4.40709442e+02 4.31488892e+02
    8.35463226e-01 4.41435394e+02 4.43103912e+02 7.96667278e-01
    4.46516968e+02 4.54718903e+02 7.80618846e-01</data></hand_right_0>
</opencv_storage>
