<?xml version="1.0"?>
<opencv_storage>
<pose_0 type_id="opencv-nd-matrix">
  <sizes>
    1 18 3</sizes>
  <dt>f</dt>
  <data>
    4.61812042e+02 1.11490585e+02 8.27437460e-01 4.48027008e+02
    7.24036865e+01 7.49634922e-01 3.61975372e+02 7.24240723e+01
    7.06414938e-01 4.12838837e+02 2.38712601e+02 8.13311934e-01
    4.59813629e+02 3.71724701e+02 7.96408355e-01 5.41989990e+02
    8.40574036e+01 7.22101688e-01 5.10696136e+02 2.56232269e+02
    8.18701148e-01 4.94990387e+02 3.91276276e+02 4.92824584e-01
    3.77622955e+02 2.81740845e+02 4.28402424e-01 3.32621277e+02
    4.30470337e+02 5.34596026e-01 3.07185669e+02 4.93014618e+02
    6.21850751e-02 4.73497284e+02 2.87601532e+02 4.69176143e-01
    5.10680237e+02 3.85456238e+02 1.01625338e-01 0. 0. 0. 4.46136749e+02
    8.61632690e+01 7.95193017e-01 4.87157349e+02 8.41705856e+01
    8.81238103e-01 3.97200073e+02 4.30315437e+01 7.72168815e-01
    5.12608093e+02 2.35044689e+01 5.48529804e-01</data></pose_0>
</opencv_storage>
