<?xml version="1.0"?>
<opencv_storage>
<hand_right_0 type_id="opencv-nd-matrix">
  <sizes>
    1 21 3</sizes>
  <dt>f</dt>
  <data>
    4.62287781e+02 4.23058563e+02 6.52424574e-01 4.79654083e+02
    4.29260803e+02 6.99914515e-01 5.00121552e+02 4.39184418e+02
    7.81224370e-01 5.08184479e+02 4.52829376e+02 7.49161839e-01
    5.17487854e+02 4.62132782e+02 8.13024938e-01 4.87717041e+02
    4.47247345e+02 7.48879433e-01 4.95779968e+02 4.63373230e+02
    8.14643621e-01 5.00741760e+02 4.77638428e+02 8.26543510e-01
    5.03842896e+02 4.88802490e+02 9.26641583e-01 4.72831604e+02
    4.49108032e+02 7.67772079e-01 4.80274323e+02 4.67714813e+02
    7.47135162e-01 4.85236115e+02 4.81359772e+02 5.94041049e-01
    4.87717041e+02 4.90663147e+02 5.07903516e-01 4.57946198e+02
    4.51588928e+02 7.16845870e-01 4.59186646e+02 4.67714813e+02
    5.89890063e-01 4.61047333e+02 4.80119324e+02 5.84840357e-01
    4.55465302e+02 4.93764282e+02 6.53636992e-01 4.43060791e+02
    4.50348480e+02 6.65938079e-01 4.41200104e+02 4.62752991e+02
    7.79528856e-01 4.39339417e+02 4.72676605e+02 7.58426487e-01
    4.38719208e+02 4.82600220e+02 8.65677595e-01</data></hand_right_0>
</opencv_storage>
