<?xml version="1.0"?>
<opencv_storage>
<hand_left_0 type_id="opencv-nd-matrix">
  <sizes>
    1 21 3</sizes>
  <dt>f</dt>
  <data>
    4.59563721e+02 3.89013214e+02 5.56300461e-01 4.46687256e+02
    4.03320435e+02 6.03007436e-01 4.38818268e+02 4.21204437e+02
    5.73875546e-01 4.38102936e+02 4.36942352e+02 4.85635221e-01
    4.43110443e+02 4.50534210e+02 4.30724949e-01 4.53125488e+02
    4.15481537e+02 5.35020411e-01 4.42395081e+02 4.26927307e+02
    5.30268431e-01 4.42395081e+02 4.40519165e+02 5.89902163e-01
    4.44541168e+02 4.51964935e+02 6.74178243e-01 4.66717346e+02
    4.10474030e+02 6.41454220e-01 4.60279083e+02 4.28358032e+02
    4.12061512e-01 4.60994446e+02 4.41949890e+02 5.21362066e-01
    4.60279083e+02 4.56257080e+02 6.82670653e-01 4.83170624e+02
    4.05466492e+02 6.59182429e-01 4.93901031e+02 4.21919800e+02
    5.39588451e-01 4.98908539e+02 4.32650208e+02 5.40280819e-01
    4.94616394e+02 4.48388123e+02 5.64759552e-01 4.97477814e+02
    3.97597534e+02 6.35823309e-01 5.06062164e+02 4.00458984e+02
    8.42511117e-01 5.11785034e+02 4.05466492e+02 8.01472425e-01
    5.16792542e+02 4.11189392e+02 7.89742589e-01</data></hand_left_0>
</opencv_storage>
