<?xml version="1.0"?>
<opencv_storage>
<hand_left_0 type_id="opencv-nd-matrix">
  <sizes>
    1 21 3</sizes>
  <dt>f</dt>
  <data>
    4.61841644e+02 4.39458557e+02 5.36572814e-01 4.49308533e+02
    4.48410767e+02 5.58032990e-01 4.43340363e+02 4.60943878e+02
    6.27503216e-01 4.39759491e+02 4.76461090e+02 7.13375568e-01
    4.18870941e+02 4.80041962e+02 4.36080545e-01 4.59454376e+02
    4.59750275e+02 5.06146431e-01 4.56470306e+02 4.80638794e+02
    5.70965290e-01 4.57067108e+02 4.90784637e+02 6.42332315e-01
    4.57663940e+02 4.96155975e+02 5.55306435e-01 4.74971558e+02
    4.57959808e+02 6.17612779e-01 4.72584290e+02 4.77654724e+02
    4.85827744e-01 4.74971558e+02 4.84816498e+02 4.97939408e-01
    4.86311035e+02 4.96752777e+02 4.82372820e-01 4.89891937e+02
    4.54975739e+02 5.98392069e-01 4.98247345e+02 4.69299316e+02
    4.93079424e-01 5.08393188e+02 4.81235596e+02 5.69607258e-01
    5.00634613e+02 4.92575073e+02 6.07352436e-01 5.01828247e+02
    4.51394836e+02 7.41632223e-01 5.12570923e+02 4.61540710e+02
    7.53257334e-01 5.18539063e+02 4.66912048e+02 8.00892591e-01
    5.23910400e+02 4.71089752e+02 7.86867917e-01</data></hand_left_0>
</opencv_storage>
