<?xml version="1.0"?>
<opencv_storage>
<hand_left_0 type_id="opencv-nd-matrix">
  <sizes>
    1 21 3</sizes>
  <dt>f</dt>
  <data>
    4.57631866e+02 4.14889404e+02 4.51322138e-01 4.45116638e+02
    4.27404633e+02 5.86720288e-01 4.36282349e+02 4.45809418e+02
    4.54134017e-01 4.28184235e+02 4.53171326e+02 4.93306249e-01
    4.14932800e+02 4.55379913e+02 7.72998452e-01 4.46589020e+02
    4.39919891e+02 4.91796494e-01 4.39963287e+02 4.52435150e+02
    7.11728454e-01 4.42171875e+02 4.64950409e+02 7.85034120e-01
    4.45116638e+02 4.75993256e+02 8.43885779e-01 4.64257599e+02
    4.36238953e+02 6.14506364e-01 4.60576660e+02 4.50962769e+02
    5.44361293e-01 4.63521423e+02 4.64950409e+02 7.24971712e-01
    4.64993805e+02 4.77465637e+02 7.92791784e-01 4.80453796e+02
    4.31085602e+02 6.16464853e-01 4.92969055e+02 4.47281799e+02
    5.46516955e-01 5.01067169e+02 4.59060883e+02 5.84154487e-01
    5.06956696e+02 4.70839935e+02 6.02695644e-01 4.96650024e+02
    4.23723694e+02 6.89772427e-01 5.04748108e+02 4.28140839e+02
    8.21942985e-01 5.12110046e+02 4.32557983e+02 8.06171775e-01
    5.17263367e+02 4.38447510e+02 7.32058823e-01</data></hand_left_0>
</opencv_storage>
