<?xml version="1.0"?>
<opencv_storage>
<hand_right_0 type_id="opencv-nd-matrix">
  <sizes>
    1 21 3</sizes>
  <dt>f</dt>
  <data>
    4.57011139e+02 3.84543854e+02 6.26854658e-01 4.74709564e+02
    3.89308807e+02 7.07540154e-01 4.93088715e+02 3.94754486e+02
    7.16473997e-01 5.06022156e+02 4.03603699e+02 7.76819885e-01
    5.17594238e+02 4.11772186e+02 8.22141111e-01 4.81516663e+02
    4.05645813e+02 7.09739387e-01 4.92407990e+02 4.19259979e+02
    7.87043273e-01 5.01257202e+02 4.32874176e+02 8.28294098e-01
    5.06702881e+02 4.43084778e+02 8.50818098e-01 4.67221771e+02
    4.11091492e+02 7.39584208e-01 4.76070984e+02 4.23344238e+02
    6.49022102e-01 4.86281616e+02 4.37639130e+02 6.78289592e-01
    4.95130829e+02 4.49211182e+02 8.12697172e-01 4.53607605e+02
    4.15856445e+02 6.79641604e-01 4.54969025e+02 4.27428497e+02
    6.79936171e-01 4.59733978e+02 4.40361969e+02 8.11600924e-01
    4.61095398e+02 4.53976135e+02 6.82216167e-01 4.37951324e+02
    4.16537140e+02 7.38567054e-01 4.37951324e+02 4.28789917e+02
    8.23496699e-01 4.37951324e+02 4.39000549e+02 8.21907640e-01
    4.38632019e+02 4.48530457e+02 7.60354400e-01</data></hand_right_0>
</opencv_storage>
