<?xml version="1.0"?>
<opencv_storage>
<hand_right_0 type_id="opencv-nd-matrix">
  <sizes>
    1 21 3</sizes>
  <dt>f</dt>
  <data>
    4.60849548e+02 3.81527496e+02 6.20440125e-01 4.78044464e+02
    3.86342072e+02 7.04531252e-01 4.98678375e+02 3.92532257e+02
    6.99380875e-01 5.09683105e+02 4.00098022e+02 8.14191401e-01
    5.21375671e+02 4.08351563e+02 8.29724371e-01 4.87673615e+02
    4.02161407e+02 7.15687513e-01 4.98678375e+02 4.16605133e+02
    7.92243659e-01 5.05556335e+02 4.28985474e+02 8.10746610e-01
    5.10370911e+02 4.36551239e+02 8.59765649e-01 4.72542084e+02
    4.06288177e+02 7.24820495e-01 4.82171234e+02 4.18668518e+02
    6.63984418e-01 4.91800385e+02 4.31048859e+02 7.44251370e-01
    5.00053955e+02 4.42053619e+02 9.10528541e-01 4.58098358e+02
    4.09039368e+02 6.69435382e-01 4.60161743e+02 4.20731903e+02
    6.88878834e-01 4.65664124e+02 4.35863434e+02 8.27865124e-01
    4.66351929e+02 4.48243774e+02 6.97057247e-01 4.43654633e+02
    4.11790558e+02 6.97709262e-01 4.42966827e+02 4.22795319e+02
    8.09542000e-01 4.43654633e+02 4.31736664e+02 8.27924669e-01
    4.44342438e+02 4.42053619e+02 7.63347268e-01</data></hand_right_0>
</opencv_storage>
