<?xml version="1.0"?>
<opencv_storage>
<hand_right_0 type_id="opencv-nd-matrix">
  <sizes>
    1 21 3</sizes>
  <dt>f</dt>
  <data>
    4.59371521e+02 3.78225037e+02 6.56433582e-01 4.75890869e+02
    3.84578644e+02 7.14949489e-01 4.93680939e+02 3.94109039e+02
    6.85189009e-01 5.03211334e+02 4.05545502e+02 7.65271544e-01
    5.14012451e+02 4.14440552e+02 8.76905739e-01 4.83515198e+02
    4.03004059e+02 7.06383705e-01 4.93680939e+02 4.20158783e+02
    7.57619560e-01 4.99399200e+02 4.34136688e+02 7.68179774e-01
    5.01305267e+02 4.44937805e+02 9.11383033e-01 4.68901917e+02
    4.06180847e+02 7.17137814e-01 4.79067688e+02 4.25241638e+02
    6.06304884e-01 4.83515198e+02 4.36042755e+02 6.31209671e-01
    4.84150543e+02 4.46208527e+02 6.23213470e-01 4.55559357e+02
    4.09993011e+02 6.93923712e-01 4.58100800e+02 4.30324524e+02
    4.19664294e-01 4.58736176e+02 4.40490295e+02 5.00170112e-01
    4.54288666e+02 4.50656036e+02 5.30363441e-01 4.42852173e+02
    4.09993011e+02 7.13436961e-01 4.39675385e+02 4.19523407e+02
    7.29900718e-01 4.37769287e+02 4.27147736e+02 7.31262684e-01
    4.37133942e+02 4.37313477e+02 7.24619985e-01</data></hand_right_0>
</opencv_storage>
