<?xml version="1.0"?>
<opencv_storage>
<pose_0 type_id="opencv-nd-matrix">
  <sizes>
    1 18 3</sizes>
  <dt>f</dt>
  <data>
    4.61833008e+02 1.01726486e+02 8.21644366e-01 4.61766327e+02
    6.85109329e+01 7.38910556e-01 3.63891266e+02 6.84947815e+01
    6.80109978e-01 4.14708405e+02 2.58216461e+02 7.49954700e-01
    4.59664429e+02 3.81513489e+02 8.44838738e-01 5.67376953e+02
    8.02176819e+01 6.61167622e-01 5.26297058e+02 2.66082153e+02
    7.59514630e-01 4.94968231e+02 3.93252991e+02 5.27648449e-01
    3.81486847e+02 2.91550476e+02 4.37414795e-01 3.22861237e+02
    4.30436859e+02 4.59423363e-01 2.87612274e+02 4.81304810e+02
    8.60150233e-02 4.91073669e+02 3.03272919e+02 4.48378921e-01
    5.24385681e+02 3.97170502e+02 7.47655109e-02 0. 0. 0. 4.44190552e+02
    8.21977158e+01 7.53560960e-01 4.81292847e+02 8.01791840e+01
    7.57493377e-01 0. 0. 0. 5.24417053e+02 4.84943867e+00 4.63097215e-01</data></pose_0>
</opencv_storage>
