<?xml version="1.0"?>
<opencv_storage>
<hand_left_0 type_id="opencv-nd-matrix">
  <sizes>
    1 21 3</sizes>
  <dt>f</dt>
  <data>
    4.60376038e+02 3.94602356e+02 5.20909786e-01 4.49266937e+02
    4.07018433e+02 6.19876504e-01 4.38811310e+02 4.24662292e+02
    5.48886061e-01 4.27048706e+02 4.35771423e+02 7.82418013e-01
    4.13979156e+02 4.44920105e+02 8.08001161e-01 4.53841278e+02
    4.25315796e+02 5.69107234e-01 4.43385651e+02 4.35117950e+02
    6.06320322e-01 4.42732147e+02 4.47533997e+02 7.87655652e-01
    4.43385651e+02 4.60603546e+02 7.24052429e-01 4.69524719e+02
    4.21394928e+02 7.14353323e-01 4.64296906e+02 4.40345764e+02
    3.82124960e-01 4.64296906e+02 4.52108337e+02 7.02646196e-01
    4.59069092e+02 4.67791809e+02 7.45936930e-01 4.85208191e+02
    4.18127533e+02 6.92985654e-01 4.94356873e+02 4.35771423e+02
    6.39958084e-01 5.00891632e+02 4.50147919e+02 5.18105745e-01
    5.06119446e+02 4.61257019e+02 6.37198269e-01 5.00238159e+02
    4.10939270e+02 7.40304649e-01 5.08733368e+02 4.24008820e+02
    6.30313456e-01 5.14614624e+02 4.29890137e+02 6.59861267e-01
    5.17882019e+02 4.34464478e+02 5.63192725e-01</data></hand_left_0>
</opencv_storage>
