<?xml version="1.0"?>
<opencv_storage>
<hand_left_0 type_id="opencv-nd-matrix">
  <sizes>
    1 21 3</sizes>
  <dt>f</dt>
  <data>
    4.58515289e+02 3.81034821e+02 5.55702806e-01 4.47007019e+02
    3.93821777e+02 6.37845755e-01 4.36777466e+02 4.09166138e+02
    5.81243038e-01 4.23990509e+02 4.20674408e+02 6.42470062e-01
    4.15678986e+02 4.28985931e+02 6.62542343e-01 4.50843109e+02
    4.09166138e+02 4.88894522e-01 4.41892242e+02 4.18117004e+02
    5.17188132e-01 4.41252899e+02 4.30264618e+02 7.29395151e-01
    4.39974213e+02 4.40494202e+02 7.35527039e-01 4.66826813e+02
    4.05969391e+02 6.63010776e-01 4.62351379e+02 4.23231781e+02
    3.70215833e-01 4.62351379e+02 4.36018768e+02 6.18866682e-01
    4.52761169e+02 4.52002441e+02 6.34083211e-01 4.82810516e+02
    4.04690704e+02 6.66414022e-01 4.91761383e+02 4.20674408e+02
    7.10574746e-01 4.98154877e+02 4.33461365e+02 4.91515934e-01
    5.02630310e+02 4.44969635e+02 6.48946226e-01 4.97515533e+02
    3.98936584e+02 7.01087952e-01 5.04548340e+02 4.08526794e+02
    5.78520417e-01 5.09663116e+02 4.12362885e+02 7.04235017e-01
    5.12859863e+02 4.13641571e+02 5.73471785e-01</data></hand_left_0>
</opencv_storage>
