<?xml version="1.0"?>
<opencv_storage>
<pose_0 type_id="opencv-nd-matrix">
  <sizes>
    1 18 3</sizes>
  <dt>f</dt>
  <data>
    4.67611664e+02 1.62453598e+02 7.48672843e-01 4.65658783e+02
    1.01716667e+02 8.08590174e-01 3.65895905e+02 9.97819519e+01
    7.12234199e-01 4.12741913e+02 2.91528229e+02 7.61477113e-01
    4.59690643e+02 4.12876160e+02 8.82250905e-01 5.71286011e+02
    1.11481125e+02 6.54324114e-01 5.28277771e+02 3.01299286e+02
    7.33282864e-01 4.95041168e+02 4.20651733e+02 5.75534046e-01
    3.75662811e+02 2.91518982e+02 4.12668943e-01 3.24750275e+02
    4.32387451e+02 4.74133819e-01 2.87602905e+02 4.77426758e+02
    1.17534384e-01 4.89150360e+02 3.03251282e+02 4.45943534e-01
    5.41987732e+02 4.50003143e+02 1.76512495e-01 0. 0. 0. 4.57752777e+02
    1.46735977e+02 6.25250638e-01 4.85246368e+02 1.46715454e+02
    5.41605115e-01 4.12806702e+02 8.41696167e+01 5.37028849e-01
    5.10690796e+02 7.82805557e+01 2.10620686e-01</data></pose_0>
</opencv_storage>
