<?xml version="1.0"?>
<opencv_storage>
<hand_right_0 type_id="opencv-nd-matrix">
  <sizes>
    1 21 3</sizes>
  <dt>f</dt>
  <data>
    4.59392273e+02 3.86007904e+02 5.76768279e-01 4.77315582e+02
    3.91026459e+02 7.24257350e-01 4.96672791e+02 3.97478851e+02
    6.72911704e-01 5.07426788e+02 4.04648193e+02 7.76838779e-01
    5.18897705e+02 4.15402191e+02 8.19049954e-01 4.85918793e+02
    4.06798981e+02 6.81007862e-01 4.96672791e+02 4.21137665e+02
    7.89362192e-01 5.04559052e+02 4.33325531e+02 8.46950352e-01
    5.09577606e+02 4.44079529e+02 8.76316667e-01 4.70863190e+02
    4.10383667e+02 7.86007643e-01 4.78749451e+02 4.23288452e+02
    6.80689871e-01 4.89503448e+02 4.38344055e+02 8.06470633e-01
    4.96672791e+02 4.49815002e+02 8.96472871e-01 4.55090668e+02
    4.14685242e+02 6.75891161e-01 4.60109192e+02 4.26156189e+02
    7.43317306e-01 4.65127716e+02 4.39777924e+02 8.07700753e-01
    4.67278534e+02 4.52682709e+02 7.87334919e-01 4.39318115e+02
    4.15402191e+02 7.16696978e-01 4.40035065e+02 4.29023926e+02
    7.76709735e-01 4.43619720e+02 4.40494843e+02 8.30027223e-01
    4.47921326e+02 4.51248840e+02 8.00242126e-01</data></hand_right_0>
</opencv_storage>
