<?xml version="1.0"?>
<opencv_storage>
<hand_right_0 type_id="opencv-nd-matrix">
  <sizes>
    1 21 3</sizes>
  <dt>f</dt>
  <data>
    4.62698914e+02 4.06549744e+02 6.61246896e-01 4.79111877e+02
    4.12231140e+02 7.47808576e-01 4.98681152e+02 4.21068878e+02
    7.96726406e-01 5.08150177e+02 4.33694244e+02 7.68586516e-01
    5.17619202e+02 4.43794525e+02 8.15812707e-01 4.87318359e+02
    4.29906616e+02 7.54272044e-01 4.95524841e+02 4.46319580e+02
    8.18061233e-01 5.01837494e+02 4.60207458e+02 7.88953185e-01
    5.03731323e+02 4.71570282e+02 9.30267155e-01 4.72799194e+02
    4.31800415e+02 8.38725626e-01 4.79743134e+02 4.49475922e+02
    6.42686129e-01 4.85424561e+02 4.62101257e+02 6.23278618e-01
    4.86687073e+02 4.73464081e+02 4.76673722e-01 4.57648773e+02
    4.33694244e+02 7.01839566e-01 4.60173859e+02 4.47582123e+02
    7.34514356e-01 4.63330200e+02 4.62101257e+02 7.92895138e-01
    4.60805115e+02 4.76620422e+02 7.19412684e-01 4.42498352e+02
    4.33694244e+02 6.46442413e-01 4.41867096e+02 4.46319580e+02
    7.57883191e-01 4.42498352e+02 4.57051147e+02 8.06357503e-01
    4.41867096e+02 4.67151428e+02 8.05524588e-01</data></hand_right_0>
</opencv_storage>
