<?xml version="1.0"?>
<opencv_storage>
<pose_0 type_id="opencv-nd-matrix">
  <sizes>
    1 18 3</sizes>
  <dt>f</dt>
  <data>
    4.85239288e+02 1.15487625e+02 7.58749843e-01 4.71544281e+02
    6.85100327e+01 7.87906408e-01 3.71770569e+02 6.65474625e+01
    6.46553397e-01 4.18680328e+02 2.58268677e+02 7.37170339e-01
    4.59808746e+02 3.93251434e+02 8.52994978e-01 5.71342773e+02
    8.41844177e+01 6.91469312e-01 5.26266296e+02 2.71856354e+02
    8.16098690e-01 4.93077667e+02 4.03062378e+02 5.94785988e-01
    3.81566376e+02 2.91509064e+02 3.99994820e-01 3.22858246e+02
    4.30383118e+02 3.67282331e-01 0. 0. 0. 4.89108032e+02 3.05216400e+02
    4.31966960e-01 5.24329712e+02 4.08911713e+02 7.37540871e-02 0. 0. 0.
    4.75386627e+02 9.58270035e+01 6.46678329e-01 5.04804810e+02
    9.58979416e+01 6.37949347e-01 4.32375397e+02 3.91608620e+01
    3.84017825e-01 5.37982300e+02 5.27719307e+01 1.19022384e-01</data></pose_0>
</opencv_storage>
