<?xml version="1.0"?>
<opencv_storage>
<hand_left_0 type_id="opencv-nd-matrix">
  <sizes>
    1 21 3</sizes>
  <dt>f</dt>
  <data>
    4.56684631e+02 4.08170135e+02 5.51175535e-01 4.44667236e+02
    4.20187531e+02 6.20204091e-01 4.37598206e+02 4.39273956e+02
    5.38833380e-01 4.36184387e+02 4.53412079e+02 5.29468715e-01
    4.41839630e+02 4.67550171e+02 3.84281129e-01 4.52443207e+02
    4.35032532e+02 5.83793223e-01 4.41839630e+02 4.47049927e+02
    3.72476488e-01 4.41839630e+02 4.58360413e+02 4.36355531e-01
    4.42546539e+02 4.69670898e+02 5.65527081e-01 4.67995117e+02
    4.30084198e+02 6.33619249e-01 4.75771088e+02 4.44222290e+02
    5.14360249e-01 4.63753693e+02 4.60481110e+02 5.37701726e-01
    4.60219147e+02 4.73205414e+02 6.49241984e-01 4.82133209e+02
    4.25842773e+02 6.71178579e-01 4.92736786e+02 4.42101593e+02
    5.97669840e-01 4.97685150e+02 4.54118958e+02 5.04264534e-01
    4.95564423e+02 4.68963989e+02 5.60889423e-01 4.98392029e+02
    4.18066803e+02 6.98205590e-01 5.08288727e+02 4.24428955e+02
    6.71055496e-01 5.14650879e+02 4.29377289e+02 7.19314635e-01
    5.16064697e+02 4.37153259e+02 5.38680196e-01</data></hand_left_0>
</opencv_storage>
