<?xml version="1.0"?>
<opencv_storage>
<hand_left_0 type_id="opencv-nd-matrix">
  <sizes>
    1 21 3</sizes>
  <dt>f</dt>
  <data>
    4.58800232e+02 3.82908966e+02 5.19154072e-01 4.47409790e+02
    3.94299408e+02 6.61469221e-01 4.37917725e+02 4.09486694e+02
    6.25603437e-01 4.27160095e+02 4.20877136e+02 6.26635432e-01
    4.16402466e+02 4.30369171e+02 7.56339252e-01 4.52472198e+02
    4.08853882e+02 5.58852494e-01 4.42347351e+02 4.18345917e+02
    5.26850343e-01 4.42347351e+02 4.29736359e+02 7.01319873e-01
    4.41714569e+02 4.40494019e+02 7.46172667e-01 4.67659454e+02
    4.05689880e+02 7.03364730e-01 4.74620300e+02 4.21509918e+02
    4.21045631e-01 4.63229828e+02 4.36064392e+02 7.03117073e-01
    4.55636200e+02 4.51884460e+02 6.61055803e-01 4.83479523e+02
    4.04424255e+02 6.82913065e-01 4.92338745e+02 4.20877136e+02
    6.59428954e-01 4.83479523e+02 4.37962799e+02 5.48248589e-01
    4.77151489e+02 4.49353241e+02 6.19167864e-01 4.98033966e+02
    3.99361847e+02 7.15624154e-01 5.05627625e+02 4.08853882e+02
    5.35718083e-01 5.10690033e+02 4.12017883e+02 6.66535854e-01
    5.13221252e+02 4.12650696e+02 5.48652649e-01</data></hand_left_0>
</opencv_storage>
