<?xml version="1.0"?>
<opencv_storage>
<hand_left_0 type_id="opencv-nd-matrix">
  <sizes>
    1 21 3</sizes>
  <dt>f</dt>
  <data>
    4.59519043e+02 3.88928040e+02 5.75475454e-01 4.47646362e+02
    4.01499115e+02 6.16577089e-01 4.37868866e+02 4.21054138e+02
    5.70970178e-01 4.37170471e+02 4.33625214e+02 4.38651800e-01
    4.19012268e+02 4.30831635e+02 4.24973428e-01 4.53233521e+02
    4.14768585e+02 5.94150603e-01 4.42059235e+02 4.28038055e+02
    4.56493735e-01 4.42757629e+02 4.40609131e+02 5.65849006e-01
    4.44154419e+02 4.51085022e+02 6.64390385e-01 4.68598175e+02
    4.09879852e+02 6.47053063e-01 4.76978882e+02 4.25942871e+02
    3.81238133e-01 4.63011017e+02 4.40609131e+02 5.12536526e-01
    4.60915833e+02 4.53180206e+02 6.67690039e-01 4.82566040e+02
    4.05689484e+02 6.86166823e-01 4.92343536e+02 4.22450928e+02
    6.05524600e-01 4.98629059e+02 4.33625214e+02 5.76871395e-01
    5.04216217e+02 4.44799500e+02 5.90431988e-01 4.95835510e+02
    3.99403961e+02 6.79078817e-01 5.04216217e+02 4.04991089e+02
    7.87263513e-01 5.10501740e+02 4.11276642e+02 8.25133264e-01
    5.14692078e+02 4.16863770e+02 7.82809138e-01</data></hand_left_0>
</opencv_storage>
