<?xml version="1.0"?>
<opencv_storage>
<hand_right_0 type_id="opencv-nd-matrix">
  <sizes>
    1 21 3</sizes>
  <dt>f</dt>
  <data>
    4.60539856e+02 3.85234070e+02 6.24841869e-01 4.77668854e+02
    3.93084869e+02 7.36085415e-01 4.97652710e+02 4.00935669e+02
    7.29005098e-01 5.09072052e+02 4.12355011e+02 8.55136514e-01
    5.21205139e+02 4.20919525e+02 8.95583749e-01 4.84805969e+02
    4.10927612e+02 6.61581755e-01 4.93370453e+02 4.25915497e+02
    8.09372485e-01 4.99080139e+02 4.40903381e+02 8.72956157e-01
    5.04076111e+02 4.51609009e+02 8.99551213e-01 4.70531769e+02
    4.13068726e+02 7.62533367e-01 4.76241455e+02 4.28770325e+02
    6.71849489e-01 4.82664825e+02 4.43044525e+02 7.34944880e-01
    4.89801910e+02 4.57318695e+02 8.22894335e-01 4.54830170e+02
    4.16637268e+02 6.56129479e-01 4.57685028e+02 4.28770325e+02
    6.85943544e-01 4.60539856e+02 4.43758209e+02 8.24076653e-01
    4.64108398e+02 4.58032410e+02 8.30046952e-01 4.39842285e+02
    4.18064697e+02 7.24341631e-01 4.40556000e+02 4.30911469e+02
    8.42838526e-01 4.41269714e+02 4.41617096e+02 8.23077977e-01
    4.46265656e+02 4.53750153e+02 7.45169461e-01</data></hand_right_0>
</opencv_storage>
