<?xml version="1.0"?>
<opencv_storage>
<hand_right_0 type_id="opencv-nd-matrix">
  <sizes>
    1 21 3</sizes>
  <dt>f</dt>
  <data>
    4.57366058e+02 3.85987854e+02 5.82563281e-01 4.75828400e+02
    3.90958496e+02 6.96828544e-01 4.94290741e+02 3.95219025e+02
    6.69883192e-01 5.06362274e+02 4.03030029e+02 8.72204185e-01
    5.17723755e+02 4.12261200e+02 8.39773417e-01 4.83639404e+02
    4.05870361e+02 6.62989020e-01 4.95000854e+02 4.20072174e+02
    7.59176254e-01 5.03521912e+02 4.32143707e+02 8.24780285e-01
    5.07782471e+02 4.42084961e+02 8.91187072e-01 4.68727509e+02
    4.10130920e+02 7.11242676e-01 4.78668762e+02 4.24332733e+02
    6.74931526e-01 4.88610046e+02 4.37114349e+02 7.59419322e-01
    4.97131104e+02 4.48475800e+02 9.00246561e-01 4.54525696e+02
    4.14391449e+02 6.95571721e-01 4.56655975e+02 4.25752899e+02
    6.82240009e-01 4.60206421e+02 4.40664795e+02 8.29250813e-01
    4.65177063e+02 4.53446411e+02 7.99218297e-01 4.38193634e+02
    4.17231812e+02 7.05677629e-01 4.38903717e+02 4.30723541e+02
    8.22024703e-01 4.39613800e+02 4.40664795e+02 6.84841990e-01
    4.44584442e+02 4.52026245e+02 5.54307282e-01</data></hand_right_0>
</opencv_storage>
