<?xml version="1.0"?>
<opencv_storage>
<pose_0 type_id="opencv-nd-matrix">
  <sizes>
    1 18 3</sizes>
  <dt>f</dt>
  <data>
    4.30433807e+02 9.39074326e+01 8.55694413e-01 4.65617554e+02
    6.84851608e+01 6.98353648e-01 3.71717285e+02 6.65150757e+01
    6.90783918e-01 4.18701996e+02 2.50457413e+02 6.73998356e-01
    4.59758698e+02 3.81487823e+02 8.51885915e-01 5.69346191e+02
    8.40639267e+01 6.03092372e-01 5.26377136e+02 2.68006012e+02
    7.49558628e-01 4.94969543e+02 3.93237946e+02 5.50478101e-01
    3.81496246e+02 2.85656036e+02 4.21209574e-01 3.24820831e+02
    4.30386597e+02 4.67519432e-01 2.83705292e+02 4.81304657e+02
    9.27581117e-02 4.89099396e+02 3.01317657e+02 4.20838594e-01
    5.22409607e+02 3.87390839e+02 6.43287450e-02 0. 0. 0. 4.12849731e+02
    6.85298843e+01 8.82436872e-01 4.53925690e+02 7.05021973e+01
    7.36044824e-01 3.89357452e+02 5.47912064e+01 6.69317544e-02
    5.08759064e+02 1.75429859e+01 7.01258183e-01</data></pose_0>
</opencv_storage>
