<?xml version="1.0"?>
<opencv_storage>
<pose_0 type_id="opencv-nd-matrix">
  <sizes>
    1 18 3</sizes>
  <dt>f</dt>
  <data>
    4.44192322e+02 9.97977753e+01 8.40883970e-01 4.65650269e+02
    7.03940277e+01 7.38022149e-01 3.67822266e+02 6.84937897e+01
    6.85800552e-01 4.14785065e+02 2.58227966e+02 7.55759776e-01
    4.59749390e+02 3.83430756e+02 8.62587571e-01 5.69373169e+02
    8.41205521e+01 6.59129202e-01 5.26387024e+02 2.70031067e+02
    7.52339840e-01 4.95022430e+02 3.97092896e+02 5.80090165e-01
    3.81470734e+02 2.89554871e+02 4.34236407e-01 3.24758423e+02
    4.28521545e+02 4.73369241e-01 2.89569641e+02 4.79369690e+02
    6.95466399e-02 4.89128479e+02 3.03238495e+02 4.35475737e-01
    5.22434448e+02 3.89372284e+02 6.94972426e-02 0. 0. 0. 4.26519714e+02
    7.62935638e+01 7.77613699e-01 4.63671265e+02 7.82377014e+01
    7.70369768e-01 4.01071686e+02 5.48268242e+01 1.25817388e-01
    5.18505798e+02 2.34598560e+01 7.54754543e-01</data></pose_0>
</opencv_storage>
