<?xml version="1.0"?>
<opencv_storage>
<hand_right_0 type_id="opencv-nd-matrix">
  <sizes>
    1 21 3</sizes>
  <dt>f</dt>
  <data>
    4.59052094e+02 3.97833191e+02 5.38410127e-01 4.77333862e+02
    4.04161530e+02 6.86929584e-01 4.97021942e+02 4.11192963e+02
    6.25850201e-01 5.06865997e+02 4.18927582e+02 6.84630632e-01
    5.17413147e+02 4.27365326e+02 7.88126469e-01 4.85771606e+02
    4.19630707e+02 6.12844467e-01 4.94912506e+02 4.34396790e+02
    7.47492850e-01 5.02647125e+02 4.47756531e+02 7.94694304e-01
    5.06865997e+02 4.57600586e+02 8.98031473e-01 4.71005554e+02
    4.23146454e+02 7.71917760e-01 4.78740173e+02 4.38615662e+02
    7.19662607e-01 4.87881073e+02 4.51272278e+02 7.57152259e-01
    4.94209381e+02 4.63225739e+02 9.16793466e-01 4.55536346e+02
    4.27365326e+02 6.75822198e-01 4.58348938e+02 4.38615662e+02
    6.76674008e-01 4.61864685e+02 4.54787994e+02 8.11428666e-01
    4.66786682e+02 4.66741486e+02 7.48427510e-01 4.39364014e+02
    4.27365326e+02 6.77203774e-01 4.38660858e+02 4.40021942e+02
    8.26075017e-01 4.39364014e+02 4.51272278e+02 7.78230608e-01
    4.42176605e+02 4.61819458e+02 7.82812357e-01</data></hand_right_0>
</opencv_storage>
