<?xml version="1.0"?>
<opencv_storage>
<pose_0 type_id="opencv-nd-matrix">
  <sizes>
    1 18 3</sizes>
  <dt>f</dt>
  <data>
    4.75391571e+02 1.17477737e+02 7.78594017e-01 4.73493774e+02
    8.02226715e+01 7.30112612e-01 3.71725830e+02 7.43181686e+01
    6.64363801e-01 4.16743591e+02 2.62176086e+02 6.99690163e-01
    4.59778748e+02 3.97148407e+02 8.71756911e-01 5.71395508e+02
    9.39023132e+01 6.55121028e-01 5.28253357e+02 2.83717590e+02
    7.30633378e-01 4.95007843e+02 4.08932251e+02 5.98688781e-01
    3.79531433e+02 2.95444183e+02 3.95981431e-01 3.22849274e+02
    4.44097046e+02 3.39749873e-01 2.79796967e+02 4.87175720e+02
    8.89313892e-02 4.89147919e+02 3.09131592e+02 4.24287081e-01
    5.43921936e+02 4.24565857e+02 9.33657363e-02 0. 0. 0. 4.59714355e+02
    9.98067093e+01 6.87434673e-01 4.93044769e+02 9.78142242e+01
    8.03566337e-01 4.05008911e+02 3.71631050e+01 5.09568512e-01
    5.37952820e+02 2.54312191e+01 7.29371548e-01</data></pose_0>
</opencv_storage>
