<?xml version="1.0"?>
<opencv_storage>
<hand_left_0 type_id="opencv-nd-matrix">
  <sizes>
    1 21 3</sizes>
  <dt>f</dt>
  <data>
    4.59448853e+02 4.22224335e+02 5.56373954e-01 4.46682037e+02
    4.34281860e+02 6.32426083e-01 4.36042999e+02 4.54141357e+02
    5.80219984e-01 4.29659607e+02 4.60524780e+02 5.59557378e-01
    4.13346466e+02 4.62652557e+02 7.78743505e-01 4.55193237e+02
    4.49176483e+02 6.91915035e-01 4.60158112e+02 4.64780365e+02
    6.27539158e-01 4.63704437e+02 4.74000854e+02 6.74933136e-01
    4.67250793e+02 4.84639862e+02 6.17551923e-01 4.71506378e+02
    4.42793091e+02 7.29696453e-01 4.80726868e+02 4.60524780e+02
    7.29122698e-01 4.86401001e+02 4.73291595e+02 6.54945910e-01
    4.93493683e+02 4.84639862e+02 6.34035468e-01 4.84982483e+02
    4.38537476e+02 7.41962254e-01 4.94912231e+02 4.54850616e+02
    6.69970155e-01 5.02004883e+02 4.67617432e+02 7.57085621e-01
    5.07679047e+02 4.78256470e+02 7.03472853e-01 4.97040009e+02
    4.31444794e+02 7.19193637e-01 5.06260498e+02 4.36409668e+02
    7.31068671e-01 5.13353149e+02 4.41374542e+02 8.02727103e-01
    5.16899536e+02 4.47048676e+02 6.82443142e-01</data></hand_left_0>
</opencv_storage>
