<?xml version="1.0"?>
<opencv_storage>
<pose_0 type_id="opencv-nd-matrix">
  <sizes>
    1 18 3</sizes>
  <dt>f</dt>
  <data>
    4.01081390e+02 1.68282822e+02 8.61095190e-01 4.40173920e+02
    1.46731689e+02 7.34311104e-01 3.52149109e+02 1.46805634e+02
    7.89377689e-01 4.14709717e+02 2.93471680e+02 7.82544911e-01
    4.61667633e+02 4.28511047e+02 8.19074631e-01 5.34108887e+02
    1.50657471e+02 6.93281054e-01 5.08754242e+02 3.11078247e+02
    8.32864761e-01 4.93012451e+02 4.42171448e+02 4.62030888e-01
    3.67831909e+02 3.38471100e+02 4.43103969e-01 3.22896851e+02
    4.91062592e+02 5.82623720e-01 2.11268478e+02 5.47813660e+02
    7.94491917e-02 4.71512848e+02 3.40449249e+02 4.78473693e-01
    5.20416870e+02 4.51962006e+02 1.25146732e-01 0. 0. 0. 3.83489777e+02
    1.48619064e+02 9.60325420e-01 4.22610901e+02 1.48672256e+02
    7.98979759e-01 3.65926392e+02 1.33092010e+02 8.05722773e-02
    4.73469269e+02 1.13448837e+02 8.76324534e-01</data></pose_0>
</opencv_storage>
