<?xml version="1.0"?>
<opencv_storage>
<hand_right_0 type_id="opencv-nd-matrix">
  <sizes>
    2 21 3</sizes>
  <dt>f</dt>
  <data>
    4.59325897e+02 4.08572968e+02 5.56953847e-01 4.77382416e+02
    4.15073334e+02 6.84006333e-01 4.98328003e+02 4.21573669e+02
    6.68635011e-01 5.07717377e+02 4.29518555e+02 6.87953472e-01
    5.15662231e+02 4.36741150e+02 7.11674154e-01 4.84605042e+02
    4.28796295e+02 6.70354187e-01 4.95438934e+02 4.44686035e+02
    8.01112294e-01 5.01939301e+02 4.57686737e+02 8.40332747e-01
    5.06995117e+02 4.68520630e+02 9.37170684e-01 4.69437561e+02
    4.31685333e+02 7.24668205e-01 4.78104675e+02 4.46852814e+02
    6.62639022e-01 4.87494080e+02 4.62020294e+02 7.63430655e-01
    4.95438934e+02 4.74298737e+02 8.92175078e-01 4.54270081e+02
    4.33852112e+02 6.74734473e-01 4.59325897e+02 4.47575073e+02
    7.34002948e-01 4.65103973e+02 4.62742554e+02 8.32674503e-01
    4.70159821e+02 4.75020996e+02 8.17258537e-01 4.39102600e+02
    4.37463409e+02 5.98485231e-01 4.39102600e+02 4.51186371e+02
    8.14335108e-01 4.41991638e+02 4.62742554e+02 7.88558722e-01
    4.43436157e+02 4.72854218e+02 8.40479612e-01 0. 0. 0. 0. 0. 0. 0. 0.
    0. 0. 0. 0. 0. 0. 0. 0. 0. 0. 0. 0. 0. 0. 0. 0. 0. 0. 0. 0. 0. 0. 0.
    0. 0. 0. 0. 0. 0. 0. 0. 0. 0. 0. 0. 0. 0. 0. 0. 0. 0. 0. 0. 0. 0. 0.
    0. 0. 0. 0. 0. 0. 0. 0. 0.</data></hand_right_0>
</opencv_storage>
