<?xml version="1.0"?>
<opencv_storage>
<hand_right_0 type_id="opencv-nd-matrix">
  <sizes>
    1 21 3</sizes>
  <dt>f</dt>
  <data>
    4.59121735e+02 3.95665283e+02 5.71889699e-01 4.76655701e+02
    4.00574799e+02 6.95320368e-01 4.95592407e+02 4.06887054e+02
    6.34163380e-01 5.06814148e+02 4.13900635e+02 7.41638005e-01
    5.20841370e+02 4.23018311e+02 8.25151563e-01 4.84370667e+02
    4.16706085e+02 6.23681128e-01 4.94891052e+02 4.30031891e+02
    7.29510486e-01 5.04008728e+02 4.45461792e+02 8.60715210e-01
    5.06814148e+02 4.54579468e+02 8.05432260e-01 4.70343475e+02
    4.20212860e+02 7.21687376e-01 4.78759796e+02 4.34941406e+02
    6.88170969e-01 4.87877472e+02 4.48968597e+02 6.42270148e-01
    4.96995117e+02 4.59488983e+02 8.25040162e-01 4.54212219e+02
    4.23719666e+02 7.30120182e-01 4.58420380e+02 4.34941406e+02
    6.48251295e-01 4.61927155e+02 4.51072693e+02 8.16325903e-01
    4.66135315e+02 4.62995789e+02 7.23803103e-01 4.38782318e+02
    4.23018311e+02 6.68895960e-01 4.38782318e+02 4.38448212e+02
    7.74846196e-01 4.40185028e+02 4.49669952e+02 7.33018100e-01
    4.43691833e+02 4.60891724e+02 8.15250576e-01</data></hand_right_0>
</opencv_storage>
