<?xml version="1.0"?>
<opencv_storage>
<hand_left_0 type_id="opencv-nd-matrix">
  <sizes>
    1 21 3</sizes>
  <dt>f</dt>
  <data>
    4.61778046e+02 3.92141266e+02 5.73006392e-01 4.47742340e+02
    4.05475159e+02 6.35893464e-01 4.39320953e+02 4.22317993e+02
    5.94818532e-01 4.39320953e+02 4.36353668e+02 5.21885633e-01
    4.45636993e+02 4.52494720e+02 3.64325494e-01 4.53356628e+02
    4.18809082e+02 6.09751582e-01 4.41426300e+02 4.30739410e+02
    4.82078165e-01 4.42829865e+02 4.43371521e+02 5.61514020e-01
    4.45636993e+02 4.53898285e+02 6.58673823e-01 4.68094086e+02
    4.13896576e+02 6.89025581e-01 4.61076263e+02 4.32142975e+02
    3.47107738e-01 4.63181610e+02 4.46178650e+02 4.98196244e-01
    4.63181610e+02 4.57407196e+02 6.87974930e-01 4.83533356e+02
    4.10387665e+02 6.01433456e-01 4.94060120e+02 4.29335846e+02
    6.21410012e-01 4.98972595e+02 4.40564392e+02 5.32027721e-01
    5.04586853e+02 4.50389343e+02 5.55024505e-01 4.98270813e+02
    4.04071594e+02 7.20417202e-01 5.07394012e+02 4.11089447e+02
    6.87386572e-01 5.13710083e+02 4.18107300e+02 7.74063587e-01
    5.17920776e+02 4.23721558e+02 6.72370493e-01</data></hand_left_0>
</opencv_storage>
