<?xml version="1.0"?>
<opencv_storage>
<hand_right_0 type_id="opencv-nd-matrix">
  <sizes>
    1 21 3</sizes>
  <dt>f</dt>
  <data>
    4.57991882e+02 4.16341064e+02 5.41176379e-01 4.76504120e+02
    4.20613098e+02 6.78583860e-01 4.95728333e+02 4.27733185e+02
    7.18050599e-01 5.06408478e+02 4.34853271e+02 7.46399164e-01
    5.15664551e+02 4.43397369e+02 7.37018585e-01 4.83624207e+02
    4.35565277e+02 6.40402198e-01 4.94304321e+02 4.50517456e+02
    7.81094670e-01 5.02136414e+02 4.62621613e+02 8.61973047e-01
    5.07120483e+02 4.73301727e+02 9.35206413e-01 4.67960022e+02
    4.39125336e+02 7.64254928e-01 4.78640137e+02 4.53365509e+02
    6.84168935e-01 4.87184235e+02 4.67605652e+02 7.54140675e-01
    4.95728333e+02 4.79709808e+02 9.06045556e-01 4.54431854e+02
    4.42685364e+02 6.35328472e-01 4.57279877e+02 4.54077515e+02
    7.01995194e-01 4.63687958e+02 4.69029694e+02 8.27902734e-01
    4.68672028e+02 4.80421814e+02 7.51113236e-01 4.39479675e+02
    4.44821381e+02 6.89926267e-01 4.38055664e+02 4.57637543e+02
    8.62179339e-01 4.39479675e+02 4.68317688e+02 7.80403316e-01
    4.42327698e+02 4.78997803e+02 8.06296706e-01</data></hand_right_0>
</opencv_storage>
