<?xml version="1.0"?>
<opencv_storage>
<hand_left_0 type_id="opencv-nd-matrix">
  <sizes>
    1 21 3</sizes>
  <dt>f</dt>
  <data>
    4.61367188e+02 3.87847046e+02 5.69400966e-01 4.47877838e+02
    3.99916473e+02 6.55348122e-01 4.37228363e+02 4.15535706e+02
    6.25917375e-01 4.26578888e+02 4.22635345e+02 5.27187288e-01
    4.18059296e+02 4.29025024e+02 6.53943062e-01 4.48587799e+02
    4.16955627e+02 5.30851245e-01 4.41488159e+02 4.32574860e+02
    6.42424881e-01 4.41488159e+02 4.43934296e+02 7.43853509e-01
    4.45747955e+02 4.55293732e+02 8.16040993e-01 4.64207031e+02
    4.14825714e+02 6.70307755e-01 4.59947235e+02 4.32574860e+02
    5.83158910e-01 4.62787109e+02 4.46774139e+02 6.31787062e-01
    4.62787109e+02 4.58843567e+02 7.55943239e-01 4.80536224e+02
    4.10565948e+02 6.72053754e-01 4.91185699e+02 4.26895142e+02
    6.31881237e-01 4.86925903e+02 4.42514374e+02 5.34667969e-01
    4.86925903e+02 4.56003693e+02 5.94480217e-01 4.97575378e+02
    4.03466278e+02 7.57000387e-01 5.07514893e+02 4.09855957e+02
    7.44787812e-01 5.13904602e+02 4.16245667e+02 7.78974175e-01
    5.19584290e+02 4.22635345e+02 6.96795642e-01</data></hand_left_0>
</opencv_storage>
