<?xml version="1.0"?>
<opencv_storage>
<pose_0 type_id="opencv-nd-matrix">
  <sizes>
    1 18 3</sizes>
  <dt>f</dt>
  <data>
    4.32381805e+02 1.44766205e+02 8.44934821e-01 4.46151764e+02
    9.78112869e+01 7.91950166e-01 3.54148499e+02 1.01685913e+02
    7.29459226e-01 4.12728577e+02 2.66088806e+02 8.15738678e-01
    4.59843842e+02 4.01142456e+02 7.97763228e-01 5.41953735e+02
    9.97378998e+01 7.12845385e-01 5.10724731e+02 2.73902679e+02
    8.25323999e-01 4.91108490e+02 4.12867554e+02 5.22019207e-01
    3.79586853e+02 2.91532867e+02 4.37497497e-01 3.32549225e+02
    4.46123322e+02 5.43948948e-01 3.05242432e+02 4.98925751e+02
    9.27521288e-02 4.77412140e+02 3.01287079e+02 4.62347239e-01
    5.10661377e+02 4.14755432e+02 1.54040471e-01 0. 0. 0. 4.12793854e+02
    1.23235954e+02 7.57708371e-01 4.51952698e+02 1.17480278e+02
    7.71326959e-01 3.81520233e+02 1.01743927e+02 2.35583037e-01
    4.91021240e+02 5.47897873e+01 7.20860064e-01</data></pose_0>
</opencv_storage>
