<?xml version="1.0"?>
<opencv_storage>
<pose_0 type_id="opencv-nd-matrix">
  <sizes>
    1 18 3</sizes>
  <dt>f</dt>
  <data>
    3.95214203e+02 1.66353943e+02 8.71659815e-01 4.34325287e+02
    1.42814697e+02 6.58213973e-01 3.48293243e+02 1.44777023e+02
    7.63610661e-01 4.12759399e+02 2.89621613e+02 8.22153211e-01
    4.61650513e+02 4.26501007e+02 8.00109684e-01 5.28254517e+02
    1.46747330e+02 6.85169876e-01 5.08708130e+02 3.05234344e+02
    8.74776423e-01 4.93052765e+02 4.38280731e+02 5.63157797e-01
    3.67825531e+02 3.34556732e+02 4.45579261e-01 3.24831024e+02
    4.87159058e+02 5.98608494e-01 0. 0. 0. 4.71509857e+02 3.40419464e+02
    4.52237874e-01 5.08654572e+02 4.34383423e+02 9.70268026e-02 0. 0. 0.
    3.75649811e+02 1.48657089e+02 8.45225513e-01 4.12871887e+02
    1.46755966e+02 8.58646870e-01 3.52267151e+02 1.33061646e+02
    5.52376620e-02 4.59819519e+02 9.98253479e+01 9.70182061e-01</data></pose_0>
</opencv_storage>
