<?xml version="1.0"?>
<opencv_storage>
<pose_0 type_id="opencv-nd-matrix">
  <sizes>
    1 18 3</sizes>
  <dt>f</dt>
  <data>
    4.63695435e+02 1.01787544e+02 6.48374021e-01 4.71502136e+02
    7.04676132e+01 7.96945155e-01 3.69761139e+02 6.84563980e+01
    6.85753047e-01 4.14812897e+02 2.58286224e+02 7.68554807e-01
    4.59752533e+02 3.87421021e+02 8.40184569e-01 5.69394226e+02
    8.41895218e+01 7.01081634e-01 5.26337280e+02 2.73850555e+02
    7.92732656e-01 4.94985321e+02 3.97225525e+02 5.78715265e-01
    3.79588013e+02 2.95452576e+02 4.00285363e-01 3.24777893e+02
    4.44126465e+02 3.29536945e-01 2.85645935e+02 4.85242615e+02
    8.39612857e-02 4.93005493e+02 3.11080292e+02 3.95998031e-01
    5.22383850e+02 3.93288116e+02 7.06790909e-02 0. 0. 0. 4.53928772e+02
    8.40822067e+01 5.65178394e-01 4.83292664e+02 8.41120148e+01
    6.14220023e-01 3.99105042e+02 4.86685371e+00 2.17269659e-01
    5.34088623e+02 2.35251961e+01 4.08056021e-01</data></pose_0>
</opencv_storage>
