<?xml version="1.0"?>
<opencv_storage>
<hand_right_0 type_id="opencv-nd-matrix">
  <sizes>
    1 21 3</sizes>
  <dt>f</dt>
  <data>
    4.61955688e+02 3.87891937e+02 6.08411133e-01 4.79295868e+02
    3.95117004e+02 7.44838893e-01 4.98081055e+02 4.03064575e+02
    7.04971433e-01 5.09641174e+02 4.13179688e+02 8.16394627e-01
    5.20478760e+02 4.23294769e+02 8.54114711e-01 4.86520935e+02
    4.13179688e+02 6.72364771e-01 4.93023499e+02 4.28352325e+02
    7.89989293e-01 5.00248566e+02 4.42079956e+02 8.27599883e-01
    5.03861115e+02 4.52917572e+02 9.32687461e-01 4.71348297e+02
    4.16792206e+02 7.42217958e-01 4.77128357e+02 4.31964874e+02
    6.02293372e-01 4.84353424e+02 4.46415009e+02 7.41891325e-01
    4.90855988e+02 4.58697632e+02 8.29624891e-01 4.56898132e+02
    4.18959747e+02 7.04826474e-01 4.59065674e+02 4.31964874e+02
    5.93846142e-01 4.62678192e+02 4.46415009e+02 8.16511869e-01
    4.64123199e+02 4.60865143e+02 7.90831149e-01 4.40280487e+02
    4.18237244e+02 6.59877539e-01 4.41002991e+02 4.34132385e+02
    8.36371660e-01 4.42447998e+02 4.45692505e+02 8.31360400e-01
    4.46783051e+02 4.57252625e+02 7.95086622e-01</data></hand_right_0>
</opencv_storage>
