<?xml version="1.0"?>
<opencv_storage>
<pose_0 type_id="opencv-nd-matrix">
  <sizes>
    1 18 3</sizes>
  <dt>f</dt>
  <data>
    4.77347656e+02 1.48668503e+02 7.78373480e-01 4.77395905e+02
    9.39206924e+01 7.88998723e-01 3.81453125e+02 9.00054932e+01
    6.56575799e-01 4.18733917e+02 2.77850281e+02 7.13662088e-01
    4.59813141e+02 4.08925537e+02 8.50404859e-01 5.79127075e+02
    1.09533302e+02 6.38165653e-01 5.34098328e+02 2.91589447e+02
    7.51204550e-01 4.96971741e+02 4.16716400e+02 6.48304403e-01
    3.81484558e+02 2.97385223e+02 4.06691521e-01 3.22846985e+02
    4.44113983e+02 3.14223766e-01 2.87603882e+02 4.89141846e+02
    8.04053098e-02 4.91031799e+02 3.11069275e+02 4.42833692e-01
    5.49765015e+02 4.57827789e+02 1.00928135e-01 0. 0. 0. 4.61832977e+02
    1.30998718e+02 6.85136139e-01 4.95042084e+02 1.31076935e+02
    6.54404581e-01 4.16794800e+02 7.03877411e+01 4.20015723e-01
    5.26308899e+02 6.45873947e+01 2.46550798e-01</data></pose_0>
</opencv_storage>
