<?xml version="1.0"?>
<opencv_storage>
<hand_left_0 type_id="opencv-nd-matrix">
  <sizes>
    1 21 3</sizes>
  <dt>f</dt>
  <data>
    4.59742371e+02 3.89145569e+02 5.74004889e-01 4.46737762e+02
    4.01427673e+02 6.15145862e-01 4.38790527e+02 4.18767151e+02
    5.98560572e-01 4.39513000e+02 4.34661652e+02 5.71689785e-01
    4.44570343e+02 4.48388702e+02 4.43527251e-01 4.54685028e+02
    4.16599701e+02 5.96720099e-01 4.43125366e+02 4.27436859e+02
    3.86213988e-01 4.43125366e+02 4.39718994e+02 5.04838705e-01
    4.45292816e+02 4.51278625e+02 5.93913019e-01 4.69134552e+02
    4.10819885e+02 6.55303121e-01 4.79249237e+02 4.24546967e+02
    3.90655816e-01 4.63354736e+02 4.41163940e+02 5.34672081e-01
    4.62632263e+02 4.53446045e+02 7.51476109e-01 4.84306580e+02
    4.05040070e+02 6.71341300e-01 4.94421265e+02 4.20934570e+02
    5.67293108e-01 5.00923553e+02 4.30326782e+02 5.43576002e-01
    5.07425873e+02 4.41163940e+02 5.70661843e-01 4.96588684e+02
    3.94925385e+02 7.45029986e-01 5.05980896e+02 3.99982727e+02
    7.90413380e-01 5.12483215e+02 4.04317596e+02 8.17924500e-01
    5.16818054e+02 4.10819885e+02 7.17488050e-01</data></hand_left_0>
</opencv_storage>
