<?xml version="1.0"?>
<opencv_storage>
<hand_right_0 type_id="opencv-nd-matrix">
  <sizes>
    2 21 3</sizes>
  <dt>f</dt>
  <data>
    4.59570862e+02 4.03338776e+02 5.74074090e-01 4.78165497e+02
    4.09775391e+02 6.91716731e-01 5.00336060e+02 4.19072693e+02
    7.32121825e-01 5.11778900e+02 4.26939667e+02 6.88532770e-01
    5.18930664e+02 4.35521820e+02 6.92986190e-01 4.85317291e+02
    4.24794128e+02 5.77352464e-01 4.94614624e+02 4.39812897e+02
    7.71007240e-01 5.03196747e+02 4.53401276e+02 8.58770847e-01
    5.06772644e+02 4.63413788e+02 7.89971828e-01 4.70298553e+02
    4.27654846e+02 7.16047764e-01 4.78165497e+02 4.42673584e+02
    7.10612953e-01 4.87462830e+02 4.57692352e+02 6.80836737e-01
    4.96044983e+02 4.68420013e+02 8.34178209e-01 4.54564606e+02
    4.31230743e+02 7.27140605e-01 4.59570862e+02 4.44103943e+02
    6.88356042e-01 4.63146759e+02 4.59122711e+02 7.76078522e-01
    4.66722656e+02 4.71280731e+02 7.29381800e-01 4.40261047e+02
    4.31945923e+02 6.45999551e-01 4.38115509e+02 4.45534302e+02
    7.80424774e-01 4.39545868e+02 4.55546814e+02 7.32637465e-01
    4.42406586e+02 4.66989655e+02 8.10950816e-01 0. 0. 0. 0. 0. 0. 0. 0.
    0. 0. 0. 0. 0. 0. 0. 0. 0. 0. 0. 0. 0. 0. 0. 0. 0. 0. 0. 0. 0. 0. 0.
    0. 0. 0. 0. 0. 0. 0. 0. 0. 0. 0. 0. 0. 0. 0. 0. 0. 0. 0. 0. 0. 0. 0.
    0. 0. 0. 0. 0. 0. 0. 0. 0.</data></hand_right_0>
</opencv_storage>
