<?xml version="1.0"?>
<opencv_storage>
<hand_right_0 type_id="opencv-nd-matrix">
  <sizes>
    1 21 3</sizes>
  <dt>f</dt>
  <data>
    4.62602020e+02 4.31097839e+02 6.70218587e-01 4.80151367e+02
    4.38359650e+02 6.70265853e-01 4.99516144e+02 4.47436890e+02
    7.51563668e-01 5.07383118e+02 4.59539886e+02 7.34059453e-01
    5.15855225e+02 4.68011993e+02 7.19869256e-01 4.87413147e+02
    4.53488403e+02 7.45114803e-01 4.95885254e+02 4.70432587e+02
    6.94948852e-01 5.00726440e+02 4.83140717e+02 7.76036322e-01
    5.02541901e+02 4.93428284e+02 9.41112697e-01 4.72284424e+02
    4.55303833e+02 7.91695118e-01 4.81966797e+02 4.75878937e+02
    5.51135182e-01 4.85597717e+02 4.88587067e+02 6.49087846e-01
    4.87413147e+02 4.94638580e+02 5.67803383e-01 4.58365967e+02
    4.58934723e+02 8.02863479e-01 4.63207153e+02 4.83140717e+02
    4.20455009e-01 4.60786560e+02 4.88587067e+02 5.01217604e-01
    4.62602020e+02 4.92823120e+02 5.44658065e-01 4.43842377e+02
    4.58329590e+02 7.25459278e-01 4.40816620e+02 4.66196533e+02
    6.62601709e-01 4.39606323e+02 4.73458344e+02 6.99480414e-01
    4.39606323e+02 4.81325287e+02 7.21921504e-01</data></hand_right_0>
</opencv_storage>
