<?xml version="1.0"?>
<opencv_storage>
<hand_right_0 type_id="opencv-nd-matrix">
  <sizes>
    1 21 3</sizes>
  <dt>f</dt>
  <data>
    4.58953339e+02 3.82289642e+02 5.81201196e-01 4.76714203e+02
    3.89393982e+02 7.45563865e-01 4.97316772e+02 3.96498322e+02
    6.69880927e-01 5.09394165e+02 4.07154846e+02 7.79376864e-01
    5.20050659e+02 4.15680054e+02 7.75365949e-01 4.85239410e+02
    4.06444397e+02 6.55010104e-01 4.94475037e+02 4.19942657e+02
    7.44999707e-01 5.03000244e+02 4.34861786e+02 7.87579954e-01
    5.06552429e+02 4.43386993e+02 8.64936650e-01 4.70320282e+02
    4.08575714e+02 7.74627924e-01 4.78135071e+02 4.24205261e+02
    7.27769732e-01 4.86660278e+02 4.36993073e+02 7.53750741e-01
    4.93764618e+02 4.49070465e+02 9.26491082e-01 4.54690735e+02
    4.13548767e+02 6.98983908e-01 4.56822021e+02 4.24915710e+02
    6.89155936e-01 4.60374207e+02 4.40545258e+02 7.80754805e-01
    4.62505493e+02 4.54043488e+02 7.00278282e-01 4.39061188e+02
    4.14969635e+02 6.78279877e-01 4.39771606e+02 4.29178314e+02
    7.32046425e-01 4.41902924e+02 4.41255676e+02 6.95492625e-01
    4.46165527e+02 4.52622620e+02 6.47544742e-01</data></hand_right_0>
</opencv_storage>
