<?xml version="1.0"?>
<opencv_storage>
<hand_left_0 type_id="opencv-nd-matrix">
  <sizes>
    1 21 3</sizes>
  <dt>f</dt>
  <data>
    4.58379883e+02 4.10521545e+02 5.12802720e-01 4.46466400e+02
    4.24537415e+02 6.38700962e-01 4.37356079e+02 4.42057251e+02
    4.61566657e-01 4.33852112e+02 4.52569153e+02 3.84471238e-01
    4.16332275e+02 4.51167542e+02 6.29590333e-01 4.52773529e+02
    4.40655670e+02 5.29888332e-01 4.40159241e+02 4.50466766e+02
    6.12454534e-01 4.40860046e+02 4.62380249e+02 6.62077308e-01
    4.44364014e+02 4.72191345e+02 7.56273746e-01 4.67490173e+02
    4.35750092e+02 6.67676687e-01 4.61883850e+02 4.51868347e+02
    3.69892180e-01 4.63986206e+02 4.63781830e+02 5.73227525e-01
    4.63285431e+02 4.75695313e+02 6.67210340e-01 4.83608429e+02
    4.30844543e+02 6.56281769e-01 4.93419556e+02 4.46962799e+02
    6.61459684e-01 5.00427460e+02 4.58876282e+02 6.64878905e-01
    5.06033813e+02 4.70088989e+02 6.76432192e-01 4.96923492e+02
    4.23836609e+02 6.94915235e-01 5.06734619e+02 4.29442963e+02
    7.77545035e-01 5.13041748e+02 4.35049316e+02 8.26509535e-01
    5.17947327e+02 4.41356445e+02 7.84993052e-01</data></hand_left_0>
</opencv_storage>
