<?xml version="1.0"?>
<opencv_storage>
<hand_right_0 type_id="opencv-nd-matrix">
  <sizes>
    1 21 3</sizes>
  <dt>f</dt>
  <data>
    4.56766113e+02 4.19377045e+02 5.86513162e-01 4.74977325e+02
    4.24688660e+02 6.80684566e-01 4.94706177e+02 4.30759064e+02
    6.86800539e-01 5.06088196e+02 4.38347076e+02 8.31025720e-01
    5.17470215e+02 4.44417480e+02 7.79743373e-01 4.81806549e+02
    4.37588287e+02 6.60902560e-01 4.93947388e+02 4.54281921e+02
    8.00828934e-01 5.03052979e+02 4.67940338e+02 8.51752996e-01
    5.06846985e+02 4.77045959e+02 8.24434638e-01 4.68148132e+02
    4.42141083e+02 6.88813448e-01 4.76494934e+02 4.55799500e+02
    6.76716566e-01 4.87118164e+02 4.70975525e+02 7.20847547e-01
    4.96982574e+02 4.82357574e+02 8.87619555e-01 4.52213287e+02
    4.45935089e+02 6.49528682e-01 4.57524902e+02 4.58834717e+02
    6.64372325e-01 4.62836517e+02 4.74010742e+02 8.32975030e-01
    4.65871704e+02 4.86151581e+02 6.76959932e-01 4.38554871e+02
    4.49729095e+02 6.91286862e-01 4.37796051e+02 4.62628723e+02
    8.30741763e-01 4.39313660e+02 4.74769562e+02 8.05826604e-01
    4.43107666e+02 4.84633972e+02 7.74718940e-01</data></hand_right_0>
</opencv_storage>
