<?xml version="1.0"?>
<opencv_storage>
<hand_right_0 type_id="opencv-nd-matrix">
  <sizes>
    1 21 3</sizes>
  <dt>f</dt>
  <data>
    4.56047241e+02 4.15883942e+02 5.45369983e-01 4.73748505e+02
    4.20132233e+02 6.53092384e-01 4.94990021e+02 4.26504669e+02
    6.71609879e-01 5.05610748e+02 4.33585175e+02 7.10776031e-01
    5.14815430e+02 4.39249573e+02 7.49779105e-01 4.83661194e+02
    4.35001282e+02 6.89924538e-01 4.94990021e+02 4.50578400e+02
    8.26620638e-01 5.01362457e+02 4.62615234e+02 8.73878717e-01
    5.07026855e+02 4.73235992e+02 9.18231905e-01 4.68084106e+02
    4.39249573e+02 7.59219885e-01 4.77996796e+02 4.54826691e+02
    7.36370683e-01 4.87909515e+02 4.67571594e+02 7.55968511e-01
    4.95698059e+02 4.79608429e+02 8.95029604e-01 4.53923096e+02
    4.44205933e+02 6.40627205e-01 4.56755310e+02 4.55534729e+02
    6.85558259e-01 4.61711639e+02 4.71111847e+02 7.97829032e-01
    4.65251892e+02 4.82440643e+02 5.74548662e-01 4.38346008e+02
    4.44914001e+02 6.79601729e-01 4.37637939e+02 4.57658875e+02
    7.85455406e-01 4.38346008e+02 4.68279633e+02 7.98142493e-01
    4.39762085e+02 4.78192352e+02 7.92997956e-01</data></hand_right_0>
</opencv_storage>
