<?xml version="1.0"?>
<opencv_storage>
<pose_0 type_id="opencv-nd-matrix">
  <sizes>
    1 18 3</sizes>
  <dt>f</dt>
  <data>
    4.22601624e+02 7.03531723e+01 8.40899169e-01 4.44097382e+02
    8.41429291e+01 8.04168820e-01 3.52120667e+02 8.61592941e+01
    7.56423354e-01 4.06981873e+02 2.54279877e+02 7.71217287e-01
    4.59809052e+02 3.83483490e+02 8.42249334e-01 5.36080994e+02
    8.60545197e+01 7.08815336e-01 5.08747650e+02 2.58203705e+02
    8.96472335e-01 4.91130768e+02 3.99071655e+02 5.34198761e-01
    3.73704712e+02 2.91518829e+02 4.43583041e-01 3.34563782e+02
    4.30463989e+02 6.20821834e-01 3.07189240e+02 4.81323669e+02
    1.29168615e-01 4.75459625e+02 2.93501801e+02 4.76633698e-01
    5.18469727e+02 3.99130310e+02 1.23858921e-01 0. 0. 0. 3.97250580e+02
    4.69529495e+01 8.60317290e-01 4.44140961e+02 4.11229362e+01
    8.59194577e-01 3.65768707e+02 1.56294403e+01 6.38575673e-01
    4.87133606e+02 2.16083450e+01 9.55886841e-01</data></pose_0>
</opencv_storage>
