<?xml version="1.0"?>
<opencv_storage>
<pose_0 type_id="opencv-nd-matrix">
  <sizes>
    2 18 3</sizes>
  <dt>f</dt>
  <data>
    5.04770660e+02 1.62277985e+02 7.90914416e-01 4.71489410e+02
    9.98068848e+01 7.43216038e-01 3.67766876e+02 9.97236176e+01
    6.86289430e-01 4.12748505e+02 2.87644806e+02 7.66385674e-01
    4.59690735e+02 4.12775238e+02 8.64473164e-01 5.73231873e+02
    1.05666077e+02 6.25464499e-01 5.32176147e+02 3.01237793e+02
    7.51704454e-01 4.94977417e+02 4.16733978e+02 6.61258936e-01
    3.75647949e+02 2.91531433e+02 4.04522330e-01 3.24804321e+02
    4.36285980e+02 4.17472243e-01 2.85645782e+02 4.83243896e+02
    1.08650357e-01 4.87147095e+02 3.05216187e+02 4.27857459e-01
    5.45886597e+02 4.55878052e+02 1.25290811e-01 0. 0. 0. 4.91057739e+02
    1.44781342e+02 8.05603981e-01 5.20420776e+02 1.36989044e+02
    5.45044899e-01 4.26509094e+02 8.22057800e+01 7.46978045e-01 0. 0. 0.
    0. 0. 0. 0. 0. 0. 0. 0. 0. 0. 0. 0. 0. 0. 0. 0. 0. 0. 0. 0. 0. 0. 0.
    0. 0. 0. 0. 0. 0. 0. 0. 0. 0. 6.84804321e+02 4.83258331e+02
    6.36871085e-02 9.64574341e+02 5.22390808e+02 1.29318342e-01
    1.12108118e+03 5.28261658e+02 3.11337352e-01 0. 0. 0. 0. 0. 0. 0. 0.
    0. 0. 0. 0.</data></pose_0>
</opencv_storage>
