<?xml version="1.0"?>
<opencv_storage>
<hand_right_0 type_id="opencv-nd-matrix">
  <sizes>
    1 21 3</sizes>
  <dt>f</dt>
  <data>
    4.59760651e+02 4.08133575e+02 5.46713233e-01 4.77437958e+02
    4.17708771e+02 7.01800942e-01 4.95851807e+02 4.25810883e+02
    6.59170270e-01 5.07636688e+02 4.35386078e+02 8.21215153e-01
    5.19421570e+02 4.44961304e+02 7.93650329e-01 4.84066956e+02
    4.33912964e+02 5.62135577e-01 4.93642151e+02 4.48644073e+02
    7.31490254e-01 5.01007690e+02 4.64111694e+02 8.26994002e-01
    5.05427032e+02 4.73686920e+02 8.18213046e-01 4.68599304e+02
    4.36122650e+02 7.02167571e-01 4.77437958e+02 4.50117157e+02
    5.94536901e-01 4.84066956e+02 4.66321350e+02 7.84797013e-01
    4.92169037e+02 4.78106232e+02 8.51914287e-01 4.54604767e+02
    4.38332306e+02 6.34094596e-01 4.58287537e+02 4.50853729e+02
    7.01228559e-01 4.61233765e+02 4.66321350e+02 8.13363433e-01
    4.65653076e+02 4.78842773e+02 7.79717505e-01 4.39873688e+02
    4.39805420e+02 5.91106117e-01 4.37664032e+02 4.53063385e+02
    8.08874547e-01 4.39137146e+02 4.64848267e+02 7.52897024e-01
    4.42819916e+02 4.75896576e+02 7.88937688e-01</data></hand_right_0>
</opencv_storage>
