<?xml version="1.0"?>
<opencv_storage>
<pose_0 type_id="opencv-nd-matrix">
  <sizes>
    1 18 3</sizes>
  <dt>f</dt>
  <data>
    5.08711823e+02 1.03721298e+02 8.42110932e-01 4.67586517e+02
    7.23990173e+01 6.94587231e-01 3.67829712e+02 7.03854980e+01
    6.85451984e-01 4.12896362e+02 2.58244415e+02 7.71725535e-01
    4.59722656e+02 3.87428314e+02 8.29791903e-01 5.71335388e+02
    8.41596756e+01 6.98027194e-01 5.26375244e+02 2.73904999e+02
    7.60110259e-01 4.96940796e+02 3.93278931e+02 6.17570937e-01
    3.79539490e+02 2.93480011e+02 4.13919687e-01 3.22849365e+02
    4.30476990e+02 4.15774375e-01 2.73945129e+02 4.81317230e+02
    9.65115055e-02 4.91026581e+02 3.07176239e+02 4.17543650e-01
    5.24315674e+02 3.91331085e+02 6.51350319e-02 0. 0. 0. 4.91148712e+02
    8.60072098e+01 8.31089914e-01 5.24405762e+02 8.40440445e+01
    8.10538769e-01 4.32356049e+02 3.52227020e+01 8.14249396e-01 0. 0. 0.</data></pose_0>
</opencv_storage>
