<?xml version="1.0"?>
<opencv_storage>
<pose_0 type_id="opencv-nd-matrix">
  <sizes>
    1 18 3</sizes>
  <dt>f</dt>
  <data>
    4.89151215e+02 1.77956116e+02 4.80438054e-01 4.73478668e+02
    1.03729103e+02 7.45584130e-01 3.73689819e+02 9.97527924e+01
    6.37766659e-01 4.14740356e+02 2.93463226e+02 7.57867455e-01
    4.59769287e+02 4.16744720e+02 8.65906119e-01 5.71262268e+02
    1.15423294e+02 6.48486853e-01 5.26354736e+02 3.03320465e+02
    7.98507690e-01 4.93088928e+02 4.28477051e+02 6.20592713e-01
    3.79583832e+02 2.85635651e+02 3.83435547e-01 3.24794830e+02
    4.30465637e+02 5.10657370e-01 2.75892914e+02 4.77433289e+02
    1.09600067e-01 4.91088837e+02 3.01301056e+02 4.33660865e-01
    5.43939087e+02 4.46105530e+02 1.47696942e-01 0. 0. 0. 4.81330170e+02
    1.64284134e+02 4.19260770e-01 4.97010223e+02 1.66300629e+02
    1.58206120e-01 4.28422455e+02 1.01801178e+02 4.35146153e-01
    5.38121216e+02 1.07603172e+02 1.43134341e-01</data></pose_0>
</opencv_storage>
