<?xml version="1.0"?>
<opencv_storage>
<hand_left_0 type_id="opencv-nd-matrix">
  <sizes>
    1 21 3</sizes>
  <dt>f</dt>
  <data>
    4.58472565e+02 3.98432953e+02 5.30019820e-01 4.46100037e+02
    4.12261047e+02 6.71813846e-01 4.36638702e+02 4.31183716e+02
    5.23249388e-01 4.35910889e+02 4.42828461e+02 4.37540352e-01
    4.19899414e+02 4.42828461e+02 4.31130588e-01 4.51922394e+02
    4.29000336e+02 5.20007551e-01 4.41733276e+02 4.40645081e+02
    5.84354758e-01 4.42461060e+02 4.53745392e+02 6.68440938e-01
    4.46100037e+02 4.63934509e+02 8.10038745e-01 4.65750519e+02
    4.23905762e+02 6.06758535e-01 4.60655945e+02 4.41372864e+02
    4.52060014e-01 4.64294922e+02 4.53745392e+02 6.56982243e-01
    4.66478302e+02 4.66117889e+02 7.74714589e-01 4.81761993e+02
    4.19539001e+02 6.46422029e-01 4.91951141e+02 4.36278290e+02
    5.83464146e-01 4.97773499e+02 4.48650818e+02 5.36218226e-01
    4.93406738e+02 4.64662323e+02 5.77208996e-01 4.95590118e+02
    4.11533264e+02 6.66624784e-01 5.05051453e+02 4.18083405e+02
    8.10644329e-01 5.11601624e+02 4.23905762e+02 8.66199970e-01
    5.16696167e+02 4.31183716e+02 7.51623213e-01</data></hand_left_0>
</opencv_storage>
