<?xml version="1.0"?>
<opencv_storage>
<pose_0 type_id="opencv-nd-matrix">
  <sizes>
    1 18 3</sizes>
  <dt>f</dt>
  <data>
    4.18736359e+02 1.17405228e+02 8.67813110e-01 4.40200256e+02
    8.60696945e+01 7.84146667e-01 3.52123566e+02 9.00444412e+01
    7.13886440e-01 4.06985107e+02 2.56268158e+02 8.14335644e-01
    4.59837311e+02 3.87398438e+02 8.19157124e-01 5.36082581e+02
    8.61500854e+01 7.08924651e-01 5.08774658e+02 2.58363495e+02
    8.62397909e-01 4.91095581e+02 4.01051147e+02 5.39307535e-01
    3.75637787e+02 2.89567810e+02 4.44093972e-01 3.34546234e+02
    4.32443604e+02 5.40148437e-01 3.11077789e+02 4.91047668e+02
    9.15295631e-02 4.77355591e+02 2.93469940e+02 4.75027621e-01
    5.20443787e+02 4.01081665e+02 1.28835976e-01 0. 0. 0. 3.99153076e+02
    9.97163315e+01 8.26593041e-01 4.42152283e+02 9.58886185e+01
    8.18946540e-01 3.69808807e+02 8.41507797e+01 1.54199779e-01
    4.79390869e+02 5.27636528e+01 7.66131163e-01</data></pose_0>
</opencv_storage>
