<?xml version="1.0"?>
<opencv_storage>
<hand_right_0 type_id="opencv-nd-matrix">
  <sizes>
    1 21 3</sizes>
  <dt>f</dt>
  <data>
    4.59831573e+02 4.14954437e+02 5.58648944e-01 4.76852661e+02
    4.23094940e+02 6.59149230e-01 4.96833954e+02 4.31235474e+02
    6.21953607e-01 5.07194611e+02 4.40116058e+02 8.13062549e-01
    5.16075195e+02 4.51216766e+02 7.87310481e-01 4.83513092e+02
    4.40116058e+02 6.06638610e-01 4.92393677e+02 4.57137146e+02
    7.11119771e-01 4.99794128e+02 4.73418182e+02 7.98283994e-01
    5.02754333e+02 4.83778870e+02 8.04086328e-01 4.68712128e+02
    4.43076233e+02 6.77322209e-01 4.75372559e+02 4.57137146e+02
    6.01946056e-01 4.83513092e+02 4.74898285e+02 8.01465273e-01
    4.90173523e+02 4.86739044e+02 8.50960672e-01 4.53911194e+02
    4.45296387e+02 6.97589278e-01 4.57611420e+02 4.57877197e+02
    6.86192274e-01 4.59831573e+02 4.74158234e+02 8.51995111e-01
    4.61311676e+02 4.86739044e+02 8.31271172e-01 4.39850281e+02
    4.46776489e+02 6.50038600e-01 4.36890076e+02 4.60097351e+02
    7.85910070e-01 4.36890076e+02 4.69717957e+02 7.68151402e-01
    4.41330383e+02 4.80818665e+02 7.44563818e-01</data></hand_right_0>
</opencv_storage>
