<?xml version="1.0"?>
<opencv_storage>
<pose_0 type_id="opencv-nd-matrix">
  <sizes>
    1 18 3</sizes>
  <dt>f</dt>
  <data>
    4.96986237e+02 1.52628128e+02 7.30574310e-01 4.67603455e+02
    9.97426224e+01 7.64634371e-01 3.67774750e+02 9.78235626e+01
    6.62096024e-01 4.10827118e+02 2.85677277e+02 7.01756477e-01
    4.59667603e+02 4.10861877e+02 8.49976122e-01 5.69412720e+02
    1.05653648e+02 6.59082472e-01 5.28241943e+02 2.97369720e+02
    7.12155998e-01 4.96928650e+02 4.12852966e+02 7.07419634e-01
    3.77580811e+02 2.97405151e+02 3.99803311e-01 3.22878510e+02
    4.30482025e+02 5.01869619e-01 2.83701508e+02 4.81291656e+02
    1.03444733e-01 4.91033691e+02 3.09126099e+02 4.34366882e-01
    5.45852600e+02 4.49995544e+02 1.26592398e-01 0. 0. 0. 4.89101135e+02
    1.34971039e+02 7.36312687e-01 5.12612305e+02 1.33078644e+02
    5.47511876e-01 4.26535889e+02 8.02026596e+01 4.82108653e-01 0. 0. 0.</data></pose_0>
</opencv_storage>
