<?xml version="1.0"?>
<opencv_storage>
<hand_right_0 type_id="opencv-nd-matrix">
  <sizes>
    1 21 3</sizes>
  <dt>f</dt>
  <data>
    4.60185059e+02 4.21470306e+02 6.24032199e-01 4.78248993e+02
    4.30140991e+02 7.48838723e-01 4.99203156e+02 4.38089111e+02
    7.31361628e-01 5.10764069e+02 4.47482361e+02 8.22639585e-01
    5.20157288e+02 4.57598175e+02 7.83810139e-01 4.84029449e+02
    4.46037262e+02 6.16505444e-01 4.92700134e+02 4.61210968e+02
    7.87082493e-01 4.99925720e+02 4.77107208e+02 8.45282197e-01
    5.04261047e+02 4.88668121e+02 8.63540113e-01 4.69578308e+02
    4.48204926e+02 7.26760387e-01 4.76803864e+02 4.63378632e+02
    6.45424485e-01 4.83306885e+02 4.78552338e+02 7.60348320e-01
    4.89087341e+02 4.93003479e+02 8.61529589e-01 4.54404602e+02
    4.51095154e+02 6.36413813e-01 4.57294830e+02 4.64101196e+02
    6.84968114e-01 4.60185059e+02 4.80720001e+02 8.31082344e-01
    4.64520386e+02 4.94448578e+02 8.32890511e-01 4.38508331e+02
    4.53262817e+02 6.81739390e-01 4.37063232e+02 4.66268860e+02
    8.14619660e-01 4.40676025e+02 4.77829773e+02 7.85876334e-01
    4.44288788e+02 4.88668121e+02 7.71876037e-01</data></hand_right_0>
</opencv_storage>
