<?xml version="1.0"?>
<opencv_storage>
<pose_0 type_id="opencv-nd-matrix">
  <sizes>
    1 18 3</sizes>
  <dt>f</dt>
  <data>
    4.96963196e+02 1.31089264e+02 7.92823195e-01 4.63679749e+02
    8.21820068e+01 7.54355311e-01 3.67769836e+02 8.21981506e+01
    6.59158945e-01 4.10841370e+02 2.68022247e+02 7.38942802e-01
    4.57859863e+02 3.95237579e+02 8.67623925e-01 5.69335876e+02
    9.00065842e+01 6.59164250e-01 5.24423645e+02 2.85629517e+02
    7.46666253e-01 4.94969208e+02 3.99145874e+02 5.82933366e-01
    3.79546295e+02 2.99352753e+02 4.15758252e-01 3.26709625e+02
    4.30467285e+02 4.63045537e-01 2.97386627e+02 4.87177338e+02
    7.69656375e-02 4.91104492e+02 3.11102570e+02 4.12486196e-01
    5.43917603e+02 4.22602631e+02 7.48022571e-02 0. 0. 0. 4.89166290e+02
    1.13440323e+02 7.04929709e-01 5.10721008e+02 1.13469940e+02
    4.34154510e-01 4.46091431e+02 6.84746475e+01 3.48462880e-01 0. 0. 0.</data></pose_0>
</opencv_storage>
