<?xml version="1.0"?>
<opencv_storage>
<hand_left_0 type_id="opencv-nd-matrix">
  <sizes>
    1 21 3</sizes>
  <dt>f</dt>
  <data>
    4.57231323e+02 4.08713074e+02 5.09873748e-01 4.45293457e+02
    4.21353149e+02 5.86475849e-01 4.36164520e+02 4.41015503e+02
    3.96852762e-01 4.26333344e+02 4.48739990e+02 5.62382936e-01
    4.15097717e+02 4.52953369e+02 7.80410171e-01 4.48102356e+02
    4.35397675e+02 4.72117186e-01 4.38973419e+02 4.48037781e+02
    6.73748910e-01 4.41782318e+02 4.59975616e+02 7.21733391e-01
    4.43889008e+02 4.70509033e+02 7.92030156e-01 4.64955811e+02
    4.31184326e+02 6.43575966e-01 4.60040222e+02 4.48037781e+02
    5.53932250e-01 4.63551361e+02 4.61380066e+02 6.63976014e-01
    4.65658020e+02 4.73317932e+02 7.32318282e-01 4.81809235e+02
    4.26268738e+02 6.08903944e-01 4.92342651e+02 4.43122192e+02
    5.72946548e-01 4.99364899e+02 4.55060028e+02 5.52435935e-01
    5.05684967e+02 4.65593445e+02 5.99547207e-01 4.95853790e+02
    4.18544250e+02 6.84693158e-01 5.04982727e+02 4.24162048e+02
    8.26386452e-01 5.11302765e+02 4.29779877e+02 8.57411861e-01
    5.16920593e+02 4.36099915e+02 7.84306526e-01</data></hand_left_0>
</opencv_storage>
