<?xml version="1.0"?>
<opencv_storage>
<hand_left_0 type_id="opencv-nd-matrix">
  <sizes>
    2 21 3</sizes>
  <dt>f</dt>
  <data>
    4.58286163e+02 4.22826080e+02 6.13797188e-01 4.46122314e+02
    4.36420959e+02 6.17484987e-01 4.36105042e+02 4.54308990e+02
    4.99970853e-01 4.26803284e+02 4.61464172e+02 5.75311899e-01
    4.14639435e+02 4.64326263e+02 7.84213424e-01 4.50415436e+02
    4.49300323e+02 5.04487336e-01 4.40398163e+02 4.61464172e+02
    6.26807332e-01 4.41829193e+02 4.73628021e+02 7.58698344e-01
    4.46837860e+02 4.85791870e+02 8.40067804e-01 4.65441376e+02
    4.45007202e+02 6.26823008e-01 4.59717224e+02 4.61464172e+02
    5.36205232e-01 4.64010345e+02 4.76490112e+02 6.48747921e-01
    4.64010345e+02 4.88653961e+02 7.24063396e-01 4.81898346e+02
    4.41429596e+02 5.91011107e-01 4.92631165e+02 4.56455536e+02
    5.41201949e-01 5.00501892e+02 4.68619385e+02 5.31877458e-01
    5.07657074e+02 4.80067719e+02 5.65840244e-01 4.97639801e+02
    4.34274414e+02 6.82943165e-01 5.06941559e+02 4.38567535e+02
    6.51585698e-01 5.14096802e+02 4.42860657e+02 6.78394794e-01
    5.16958862e+02 4.48584808e+02 6.33206606e-01 0. 0. 0. 0. 0. 0. 0. 0.
    0. 0. 0. 0. 0. 0. 0. 0. 0. 0. 0. 0. 0. 0. 0. 0. 0. 0. 0. 0. 0. 0. 0.
    0. 0. 0. 0. 0. 0. 0. 0. 0. 0. 0. 0. 0. 0. 0. 0. 0. 0. 0. 0. 0. 0. 0.
    0. 0. 0. 0. 0. 0. 0. 0. 0.</data></hand_left_0>
</opencv_storage>
