<?xml version="1.0"?>
<opencv_storage>
<pose_0 type_id="opencv-nd-matrix">
  <sizes>
    1 18 3</sizes>
  <dt>f</dt>
  <data>
    4.42206238e+02 9.97622299e+01 8.42493653e-01 4.71495239e+02
    7.04445114e+01 7.34508157e-01 3.77628876e+02 6.84073334e+01
    7.07598925e-01 4.20662811e+02 2.52357742e+02 6.92382157e-01
    4.59835388e+02 3.81540009e+02 8.46522152e-01 5.71351563e+02
    8.41897049e+01 6.54243588e-01 5.32165894e+02 2.68026062e+02
    7.29444563e-01 4.98884003e+02 3.93240326e+02 5.84755063e-01
    3.81537170e+02 2.85651703e+02 4.25814927e-01 3.28694794e+02
    4.28496033e+02 3.80201757e-01 2.87602844e+02 4.79385101e+02
    1.18334465e-01 4.89130188e+02 3.03227814e+02 4.08545703e-01
    5.22460876e+02 3.87424133e+02 5.72201237e-02 0. 0. 0. 4.22605957e+02
    7.63085098e+01 7.98495352e-01 4.61728058e+02 7.63060303e+01
    7.83182979e-01 3.99141296e+02 6.06674614e+01 7.53980279e-02 0. 0. 0.</data></pose_0>
</opencv_storage>
