<?xml version="1.0"?>
<opencv_storage>
<hand_right_0 type_id="opencv-nd-matrix">
  <sizes>
    1 21 3</sizes>
  <dt>f</dt>
  <data>
    4.62780365e+02 4.30927643e+02 6.57876730e-01 4.79543121e+02
    4.36914337e+02 6.83960855e-01 4.98700531e+02 4.46493042e+02
    7.34156668e-01 5.06483246e+02 4.59663788e+02 7.41717815e-01
    5.16061951e+02 4.68045135e+02 7.87696898e-01 4.87325806e+02
    4.53677094e+02 7.54526556e-01 4.96305847e+02 4.72235840e+02
    6.98879004e-01 5.00496552e+02 4.83610565e+02 7.67149568e-01
    5.02292542e+02 4.93189270e+02 9.42526877e-01 4.71760406e+02
    4.54874420e+02 7.88568437e-01 4.81339111e+02 4.75229187e+02
    5.46831727e-01 4.84931152e+02 4.88399902e+02 6.47241175e-01
    4.86727142e+02 4.94985260e+02 5.33002138e-01 4.58589691e+02
    4.58466431e+02 7.73079276e-01 4.63379028e+02 4.83011871e+02
    3.73498082e-01 4.60984375e+02 4.86005219e+02 4.86079037e-01
    4.62181702e+02 4.91991913e+02 5.74385047e-01 4.44221619e+02
    4.58466431e+02 7.00261831e-01 4.40629608e+02 4.66249146e+02
    6.62804246e-01 4.40030945e+02 4.73433167e+02 6.55328870e-01
    4.40629608e+02 4.81215881e+02 6.65947020e-01</data></hand_right_0>
</opencv_storage>
