<?xml version="1.0"?>
<opencv_storage>
<hand_left_0 type_id="opencv-nd-matrix">
  <sizes>
    1 21 3</sizes>
  <dt>f</dt>
  <data>
    4.62416504e+02 3.88220001e+02 5.78233302e-01 4.49972229e+02
    4.01355652e+02 6.22484207e-01 4.39601990e+02 4.19330719e+02
    5.99462032e-01 4.38219269e+02 4.31775024e+02 5.06153405e-01
    4.18170135e+02 4.29700958e+02 3.86709839e-01 4.54811676e+02
    4.14491272e+02 6.16602123e-01 4.43058716e+02 4.26244232e+02
    3.16677392e-01 4.43750061e+02 4.40071228e+02 4.65526640e-01
    4.45132782e+02 4.50441467e+02 5.55287778e-01 4.70021362e+02
    4.09651825e+02 6.93939507e-01 4.79008911e+02 4.26935577e+02
    5.55058241e-01 4.63799225e+02 4.43527954e+02 3.74039084e-01
    4.61033813e+02 4.54589569e+02 5.97505987e-01 4.84539703e+02
    4.04812378e+02 6.93364203e-01 4.94909943e+02 4.21404785e+02
    5.76100647e-01 5.00440735e+02 4.33157715e+02 6.05556369e-01
    5.05971527e+02 4.43527954e+02 6.28189445e-01 4.99749390e+02
    3.97898895e+02 6.81059182e-01 5.07354248e+02 4.02738342e+02
    7.61304200e-01 5.13576416e+02 4.09651825e+02 7.70713031e-01
    5.18415833e+02 4.16565338e+02 7.33744025e-01</data></hand_left_0>
</opencv_storage>
