<?xml version="1.0"?>
<opencv_storage>
<hand_left_0 type_id="opencv-nd-matrix">
  <sizes>
    1 21 3</sizes>
  <dt>f</dt>
  <data>
    4.56983002e+02 3.89016571e+02 5.78296959e-01 4.45533112e+02
    4.04044556e+02 6.03785932e-01 4.36945679e+02 4.22650604e+02
    5.76316118e-01 4.36945679e+02 4.38394226e+02 5.01371801e-01
    4.40523773e+02 4.51990967e+02 4.03002113e-01 4.48395569e+02
    4.16925659e+02 4.74367142e-01 4.39808167e+02 4.29091187e+02
    5.39132953e-01 4.39808167e+02 4.43403534e+02 5.65932930e-01
    4.41955017e+02 4.54137817e+02 6.11137927e-01 4.64139160e+02
    4.12631958e+02 6.35846555e-01 4.57698608e+02 4.29806793e+02
    4.84917641e-01 4.59129852e+02 4.44119171e+02 5.53278804e-01
    4.57698608e+02 4.57715912e+02 6.72250271e-01 4.80598389e+02
    4.08338257e+02 6.37065530e-01 4.92048279e+02 4.23366241e+02
    5.62935472e-01 4.97057587e+02 4.34100494e+02 5.69987953e-01
    5.03498169e+02 4.45550385e+02 6.20749295e-01 4.95626373e+02
    3.99035217e+02 6.91605568e-01 5.03498169e+02 4.04044556e+02
    7.63702452e-01 5.09938721e+02 4.09053864e+02 7.91986763e-01
    5.14948059e+02 4.15494446e+02 7.28544712e-01</data></hand_left_0>
</opencv_storage>
