<?xml version="1.0"?>
<opencv_storage>
<pose_0 type_id="opencv-nd-matrix">
  <sizes>
    1 18 3</sizes>
  <dt>f</dt>
  <data>
    4.61743103e+02 1.01746185e+02 8.14253867e-01 4.63699982e+02
    7.04134750e+01 7.74913371e-01 3.65922516e+02 6.84908981e+01
    7.11808085e-01 4.14706268e+02 2.56306427e+02 7.58134961e-01
    4.59708405e+02 3.81511200e+02 8.47599626e-01 5.67415955e+02
    8.21422272e+01 6.55751944e-01 5.26295227e+02 2.68002258e+02
    7.47959256e-01 4.95004791e+02 3.91280060e+02 5.58951080e-01
    3.81493408e+02 2.91547424e+02 4.29111481e-01 3.22856323e+02
    4.30449005e+02 4.07647640e-01 0. 0. 0. 4.91120728e+02 3.05194458e+02
    4.25615728e-01 5.22404846e+02 3.91321228e+02 6.84920922e-02 0. 0. 0.
    4.44147461e+02 8.21503143e+01 6.52165234e-01 4.79387848e+02
    8.21193848e+01 7.57767797e-01 3.95161896e+02 4.84690094e+00
    4.57043678e-01 5.26286133e+02 4.85828638e+00 2.99527943e-01</data></pose_0>
</opencv_storage>
