<?xml version="1.0"?>
<opencv_storage>
<hand_right_0 type_id="opencv-nd-matrix">
  <sizes>
    1 21 3</sizes>
  <dt>f</dt>
  <data>
    4.58736694e+02 4.17491028e+02 5.55623591e-01 4.76620911e+02
    4.23213959e+02 6.82064652e-01 4.95935852e+02 4.28936920e+02
    7.29192495e-01 5.06666382e+02 4.37521332e+02 7.48857796e-01
    5.16681580e+02 4.45390411e+02 7.54041910e-01 4.84489960e+02
    4.38236694e+02 6.75061226e-01 4.95220490e+02 4.53259460e+02
    7.87203252e-01 5.04520294e+02 4.68282196e+02 7.92855501e-01
    5.08097137e+02 4.78297363e+02 8.07990849e-01 4.70182587e+02
    4.41098175e+02 7.57324457e-01 4.78766998e+02 4.56120941e+02
    7.26241946e-01 4.88782166e+02 4.69712921e+02 8.09389949e-01
    4.95935852e+02 4.81874207e+02 9.05560434e-01 4.55159851e+02
    4.44675018e+02 6.69929624e-01 4.59452057e+02 4.56836304e+02
    6.99755669e-01 4.64459625e+02 4.71859039e+02 7.86448300e-01
    4.70897949e+02 4.82589569e+02 6.45452976e-01 4.40137085e+02
    4.46821136e+02 6.95164859e-01 4.37990997e+02 4.60413147e+02
    8.39539111e-01 4.40137085e+02 4.70428314e+02 7.48881936e-01
    4.42998566e+02 4.80443451e+02 8.06473315e-01</data></hand_right_0>
</opencv_storage>
