<?xml version="1.0"?>
<opencv_storage>
<hand_right_0 type_id="opencv-nd-matrix">
  <sizes>
    1 21 3</sizes>
  <dt>f</dt>
  <data>
    4.61075470e+02 3.80216309e+02 6.98947072e-01 4.77195160e+02
    3.87953766e+02 7.20400751e-01 4.95894043e+02 3.98270386e+02
    7.33430982e-01 5.02986694e+02 4.10521362e+02 7.80880034e-01
    5.13303284e+02 4.18903595e+02 8.97280931e-01 4.82998260e+02
    4.07942200e+02 7.45097101e-01 4.92670074e+02 4.25351471e+02
    7.35806584e-01 4.97828400e+02 4.37602448e+02 7.98062325e-01
    5.00407532e+02 4.48563843e+02 8.72869372e-01 4.68168121e+02
    4.11166138e+02 7.87954152e-01 4.77839966e+02 4.34378510e+02
    6.25747621e-01 4.81063904e+02 4.45984711e+02 6.40857399e-01
    4.72681641e+02 4.55011749e+02 7.05302477e-01 4.55272369e+02
    4.14390076e+02 7.28221357e-01 4.55917145e+02 4.25351471e+02
    5.33296049e-01 4.58496307e+02 4.40826385e+02 6.83306634e-01
    4.53982788e+02 4.55011749e+02 6.89970374e-01 4.41087036e+02
    4.13745300e+02 6.76518440e-01 4.39797455e+02 4.20837952e+02
    6.83479548e-01 4.39152649e+02 4.31154572e+02 7.40366697e-01
    4.37863098e+02 4.41471191e+02 7.63158739e-01</data></hand_right_0>
</opencv_storage>
