<?xml version="1.0"?>
<opencv_storage>
<pose_0 type_id="opencv-nd-matrix">
  <sizes>
    1 18 3</sizes>
  <dt>f</dt>
  <data>
    4.53937073e+02 1.58438431e+02 7.41914809e-01 4.69588593e+02
    9.98114624e+01 7.82303154e-01 3.71737091e+02 9.77925644e+01
    6.91775084e-01 4.14736542e+02 2.83705811e+02 6.81994200e-01
    4.59800018e+02 4.10852844e+02 8.67498457e-01 5.73273743e+02
    1.09558617e+02 6.29235685e-01 5.36098694e+02 2.95472565e+02
    7.77798533e-01 4.95024963e+02 4.18703461e+02 6.12914681e-01
    3.81507446e+02 2.93463531e+02 4.19362634e-01 3.28692322e+02
    4.30411194e+02 4.54084843e-01 2.87596863e+02 4.81282440e+02
    1.42387956e-01 4.91139771e+02 3.14988647e+02 4.32792157e-01
    5.40060303e+02 4.59751373e+02 9.75540653e-02 0. 0. 0. 4.34379120e+02
    1.32991226e+02 6.91236198e-01 4.75394043e+02 1.36959290e+02
    6.63661957e-01 4.10761810e+02 1.01713036e+02 1.51935205e-01
    5.10655579e+02 8.01869583e+01 3.51677060e-01</data></pose_0>
</opencv_storage>
