<?xml version="1.0"?>
<opencv_storage>
<hand_right_0 type_id="opencv-nd-matrix">
  <sizes>
    1 21 3</sizes>
  <dt>f</dt>
  <data>
    4.59377686e+02 3.86862915e+02 5.65089226e-01 4.76540405e+02
    3.91868713e+02 6.98398709e-01 4.96563568e+02 3.98304749e+02
    6.76741004e-01 5.07290283e+02 4.05455872e+02 7.69748509e-01
    5.18732056e+02 4.15467468e+02 8.22919548e-01 4.85121765e+02
    4.08316315e+02 6.83035612e-01 4.96563568e+02 4.23333710e+02
    7.27433801e-01 5.03714722e+02 4.37635956e+02 8.21230412e-01
    5.06575165e+02 4.46217316e+02 8.73237014e-01 4.69389282e+02
    4.11176788e+02 7.22172499e-01 4.77970642e+02 4.25479034e+02
    6.19714320e-01 4.87267090e+02 4.40496429e+02 6.71789706e-01
    4.95133362e+02 4.53368469e+02 8.20828497e-01 4.54371887e+02
    4.15467468e+02 7.21787333e-01 4.59377686e+02 4.26909271e+02
    6.87974215e-01 4.65098602e+02 4.42641754e+02 7.33724475e-01
    4.67959045e+02 4.54798676e+02 7.26613641e-01 4.38639404e+02
    4.16182556e+02 7.33837128e-01 4.40069641e+02 4.31199951e+02
    7.88191974e-01 4.42930084e+02 4.43356873e+02 8.21367145e-01
    4.47220764e+02 4.52653351e+02 7.90291786e-01</data></hand_right_0>
</opencv_storage>
