<?xml version="1.0"?>
<opencv_storage>
<hand_left_0 type_id="opencv-nd-matrix">
  <sizes>
    1 21 3</sizes>
  <dt>f</dt>
  <data>
    4.62381195e+02 4.32151001e+02 5.56603372e-01 4.50846802e+02
    4.42471252e+02 6.66212380e-01 4.41740723e+02 4.56433929e+02
    6.60150647e-01 4.39312408e+02 4.70396606e+02 5.79196811e-01
    4.41133636e+02 4.81931000e+02 4.71506238e-01 4.56310455e+02
    4.56433929e+02 6.12716973e-01 4.57524628e+02 4.65540039e+02
    3.61400276e-01 4.61167053e+02 4.78288574e+02 3.10613185e-01
    4.65416565e+02 4.89215881e+02 2.98154712e-01 4.72094360e+02
    4.52791504e+02 7.06491172e-01 4.81807526e+02 4.75253204e+02
    6.47208273e-01 4.85449982e+02 4.87394653e+02 4.88509983e-01
    4.73915588e+02 4.95893677e+02 4.63998497e-01 4.86664124e+02
    4.51577362e+02 6.82020426e-01 4.95770203e+02 4.71003693e+02
    6.41468763e-01 5.00626801e+02 4.83145142e+02 6.35359526e-01
    5.02448029e+02 4.93465393e+02 7.83666253e-01 5.00626801e+02
    4.49756134e+02 7.48267651e-01 5.10339966e+02 4.63111755e+02
    6.36008501e-01 5.15196533e+02 4.66754181e+02 6.11922204e-01
    5.17017761e+02 4.71003693e+02 3.84003252e-01</data></hand_left_0>
</opencv_storage>
