<?xml version="1.0"?>
<opencv_storage>
<hand_right_0 type_id="opencv-nd-matrix">
  <sizes>
    1 21 3</sizes>
  <dt>f</dt>
  <data>
    4.59722321e+02 3.92225739e+02 5.79417527e-01 4.76816650e+02
    3.99348358e+02 7.27263093e-01 4.96760010e+02 4.06471008e+02
    6.83815956e-01 5.08156250e+02 4.16442688e+02 7.80444860e-01
    5.19552429e+02 4.24989838e+02 7.65818000e-01 4.85363800e+02
    4.15018158e+02 6.27205610e-01 4.93910980e+02 4.28551178e+02
    8.17910671e-01 5.02458130e+02 4.44220978e+02 8.23590994e-01
    5.06019440e+02 4.54192657e+02 8.71076524e-01 4.70406281e+02
    4.17154938e+02 7.61567056e-01 4.77528900e+02 4.32824738e+02
    7.35618949e-01 4.86076080e+02 4.46357758e+02 7.22117424e-01
    4.93910980e+02 4.59178497e+02 8.35445225e-01 4.54736481e+02
    4.21428528e+02 6.37040854e-01 4.57585541e+02 4.32824738e+02
    6.93857253e-01 4.60434570e+02 4.48494537e+02 7.77744770e-01
    4.65420441e+02 4.61315277e+02 7.78232932e-01 4.40491211e+02
    4.22140808e+02 6.63609803e-01 4.39778931e+02 4.36386078e+02
    7.50910401e-01 4.41915741e+02 4.48494537e+02 7.56402552e-01
    4.47613831e+02 4.59178497e+02 7.90311098e-01</data></hand_right_0>
</opencv_storage>
