<?xml version="1.0"?>
<opencv_storage>
<pose_0 type_id="opencv-nd-matrix">
  <sizes>
    1 18 3</sizes>
  <dt>f</dt>
  <data>
    4.77454529e+02 1.15502380e+02 7.13337183e-01 4.75424988e+02
    7.23866119e+01 7.45044112e-01 3.79524506e+02 7.04064255e+01
    6.94212079e-01 4.24581940e+02 2.60268341e+02 7.21937835e-01
    4.59807129e+02 3.91329865e+02 8.44270349e-01 5.75217468e+02
    8.60959091e+01 6.58800662e-01 5.30181824e+02 2.73962158e+02
    7.49695480e-01 4.95016876e+02 3.99111694e+02 5.85463703e-01
    3.81546509e+02 2.87607361e+02 4.06038404e-01 3.22818054e+02
    4.46069305e+02 2.73450196e-01 0. 0. 0. 4.91028137e+02 3.05206055e+02
    4.23775494e-01 5.24365723e+02 3.99111664e+02 6.89291954e-02 0. 0. 0.
    4.61711487e+02 9.39040833e+01 6.38600469e-01 4.95039429e+02
    9.77818680e+01 6.55840695e-01 4.14745667e+02 3.90868034e+01
    6.32511377e-01 5.34107849e+02 2.14554825e+01 5.37539303e-01</data></pose_0>
</opencv_storage>
