<?xml version="1.0"?>
<opencv_storage>
<hand_right_0 type_id="opencv-nd-matrix">
  <sizes>
    1 21 3</sizes>
  <dt>f</dt>
  <data>
    4.59859192e+02 3.85185089e+02 6.40565872e-01 4.76951477e+02
    3.93019043e+02 7.54527986e-01 4.96892487e+02 4.01565186e+02
    6.51952982e-01 5.05438629e+02 4.12960052e+02 7.83576369e-01
    5.15409119e+02 4.23642731e+02 8.68529439e-01 4.83361084e+02
    4.10111328e+02 6.91578209e-01 4.92619415e+02 4.26491425e+02
    7.79343367e-01 4.99029022e+02 4.41447174e+02 8.38312149e-01
    5.02589905e+02 4.52129852e+02 8.56724441e-01 4.69829681e+02
    4.12960052e+02 7.30592251e-01 4.75527130e+02 4.26491425e+02
    6.02022529e-01 4.81936737e+02 4.42159363e+02 7.86343396e-01
    4.89770691e+02 4.57115112e+02 8.14394355e-01 4.53449585e+02
    4.14384399e+02 7.14335978e-01 4.58434845e+02 4.29340149e+02
    7.10821927e-01 4.61995728e+02 4.43583710e+02 8.01426351e-01
    4.64844452e+02 4.57827301e+02 8.02384734e-01 4.39918182e+02
    4.16520935e+02 6.91175759e-01 4.40630371e+02 4.30052338e+02
    8.27463567e-01 4.42054718e+02 4.41447174e+02 8.52586150e-01
    4.46327789e+02 4.53554230e+02 7.94759095e-01</data></hand_right_0>
</opencv_storage>
