<?xml version="1.0"?>
<opencv_storage>
<hand_left_0 type_id="opencv-nd-matrix">
  <sizes>
    1 21 3</sizes>
  <dt>f</dt>
  <data>
    4.58553772e+02 3.94619141e+02 5.80254912e-01 4.45667480e+02
    4.07505402e+02 6.43171847e-01 4.38508453e+02 4.26834808e+02
    6.03443503e-01 4.39224365e+02 4.40436951e+02 6.37098074e-01
    4.45667480e+02 4.55470947e+02 5.96129298e-01 4.53542450e+02
    4.21107574e+02 6.22628629e-01 4.55690155e+02 4.34709747e+02
    3.91193926e-01 4.45667480e+02 4.46880096e+02 4.17994082e-01
    4.47815216e+02 4.57618652e+02 5.24991751e-01 4.68576416e+02
    4.14664429e+02 7.19349563e-01 4.78599060e+02 4.30414307e+02
    6.47020578e-01 4.65712799e+02 4.46880096e+02 4.29524541e-01
    4.63565094e+02 4.58334564e+02 6.27426922e-01 4.83610382e+02
    4.10369019e+02 6.50201201e-01 4.92201233e+02 4.25402985e+02
    6.56673014e-01 4.99360260e+02 4.36141541e+02 5.72953761e-01
    5.05803406e+02 4.46880096e+02 6.07773662e-01 4.96496643e+02
    4.01778168e+02 7.48934746e-01 5.04371582e+02 4.06789490e+02
    7.70739675e-01 5.11530640e+02 4.11800812e+02 8.26897204e-01
    5.15110168e+02 4.16812134e+02 7.18963146e-01</data></hand_left_0>
</opencv_storage>
