<?xml version="1.0"?>
<opencv_storage>
<hand_left_0 type_id="opencv-nd-matrix">
  <sizes>
    1 21 3</sizes>
  <dt>f</dt>
  <data>
    4.62199982e+02 4.20760895e+02 5.80787420e-01 4.48405396e+02
    4.33176025e+02 6.57564640e-01 4.38749176e+02 4.51108978e+02
    5.86383820e-01 4.34610809e+02 4.61454926e+02 5.49508333e-01
    4.13918945e+02 4.60075439e+02 7.15063214e-01 4.55992401e+02
    4.49039795e+02 6.48201883e-01 4.58061584e+02 4.62834381e+02
    5.18795311e-01 4.62199982e+02 4.73180298e+02 5.19589663e-01
    4.64269165e+02 4.84215973e+02 3.85064483e-01 4.71166443e+02
    4.42832245e+02 7.25073636e-01 4.78753448e+02 4.59385712e+02
    7.01382160e-01 4.84271301e+02 4.73180298e+02 5.75803757e-01
    4.91168579e+02 4.84905701e+02 5.27390659e-01 4.84961029e+02
    4.38693848e+02 7.09108949e-01 4.94617218e+02 4.55247345e+02
    6.28694236e-01 5.01514526e+02 4.68352203e+02 7.03768134e-01
    5.07032349e+02 4.80077576e+02 7.47659504e-01 4.95996674e+02
    4.29727386e+02 6.71764255e-01 5.06342621e+02 4.35934937e+02
    8.46453130e-01 5.12550171e+02 4.41452789e+02 8.57870042e-01
    5.18067993e+02 4.51108978e+02 8.08501959e-01</data></hand_left_0>
</opencv_storage>
