<?xml version="1.0"?>
<opencv_storage>
<hand_right_0 type_id="opencv-nd-matrix">
  <sizes>
    1 21 3</sizes>
  <dt>f</dt>
  <data>
    4.56276337e+02 3.89919952e+02 5.72712839e-01 4.73881561e+02
    3.97368286e+02 7.23076284e-01 4.92841034e+02 4.06170898e+02
    6.62191331e-01 5.02320740e+02 4.17682007e+02 5.40646553e-01
    5.09091980e+02 4.28515991e+02 7.85296023e-01 4.80652802e+02
    4.13619263e+02 7.57020116e-01 4.88101166e+02 4.29870239e+02
    7.36404896e-01 4.94872375e+02 4.43412720e+02 7.32291758e-01
    4.98935120e+02 4.55600922e+02 8.75487387e-01 4.65756073e+02
    4.15650635e+02 7.74772048e-01 4.71173065e+02 4.29193115e+02
    6.50754571e-01 4.77944305e+02 4.45444092e+02 7.42811143e-01
    4.83361298e+02 4.58309418e+02 7.84535289e-01 4.50859344e+02
    4.18359131e+02 6.34229302e-01 4.53567841e+02 4.29193115e+02
    7.02245355e-01 4.58984833e+02 4.45444092e+02 7.44121969e-01
    4.62370453e+02 4.58986542e+02 7.31527984e-01 4.35962646e+02
    4.17682007e+02 6.27884150e-01 4.37993988e+02 4.30547363e+02
    8.51060390e-01 4.38671112e+02 4.41381348e+02 8.31768095e-01
    4.40025360e+02 4.52892456e+02 8.14938784e-01</data></hand_right_0>
</opencv_storage>
