<?xml version="1.0"?>
<opencv_storage>
<hand_right_0 type_id="opencv-nd-matrix">
  <sizes>
    1 21 3</sizes>
  <dt>f</dt>
  <data>
    4.59157593e+02 4.16843903e+02 5.47977805e-01 4.77391052e+02
    4.22678589e+02 6.87123001e-01 4.97083191e+02 4.29242645e+02
    6.58083737e-01 5.07293915e+02 4.39453369e+02 8.04506421e-01
    5.18234009e+02 4.47476105e+02 7.49114215e-01 4.86143097e+02
    4.38724030e+02 6.40053272e-01 4.95624512e+02 4.53310791e+02
    7.34186053e-01 5.04376556e+02 4.68626892e+02 8.02613914e-01
    5.07293915e+02 4.78837616e+02 8.19895685e-01 4.70826996e+02
    4.40182709e+02 7.30697751e-01 4.78120392e+02 4.54040131e+02
    6.89521790e-01 4.88331116e+02 4.69356232e+02 7.91201949e-01
    4.95624512e+02 4.83213654e+02 8.91833007e-01 4.54781555e+02
    4.44558746e+02 6.52858138e-01 4.59157593e+02 4.56228149e+02
    6.85386002e-01 4.62804291e+02 4.71544250e+02 7.88759947e-01
    4.68638977e+02 4.82484314e+02 6.81751311e-01 4.41653473e+02
    4.46017426e+02 6.83231354e-01 4.37277466e+02 4.57686829e+02
    8.72809529e-01 4.38736115e+02 4.69356232e+02 7.52071142e-01
    4.42382813e+02 4.80296295e+02 7.85943747e-01</data></hand_right_0>
</opencv_storage>
