<?xml version="1.0"?>
<opencv_storage>
<hand_left_0 type_id="opencv-nd-matrix">
  <sizes>
    1 21 3</sizes>
  <dt>f</dt>
  <data>
    4.58369293e+02 4.19340393e+02 5.80451190e-01 4.46231415e+02
    4.33620270e+02 6.50310814e-01 4.36235474e+02 4.52184113e+02
    5.98455071e-01 4.29809540e+02 4.58610077e+02 4.65808004e-01
    4.14815674e+02 4.57896088e+02 6.84156179e-01 4.54085327e+02
    4.47186157e+02 6.26095116e-01 4.59083282e+02 4.60752045e+02
    3.76696020e-01 4.42661438e+02 4.68605988e+02 3.95817757e-01
    4.46945404e+02 4.79315887e+02 5.35552621e-01 4.69793213e+02
    4.40760223e+02 7.17870653e-01 4.80503113e+02 4.56468079e+02
    6.10923648e-01 4.87643066e+02 4.68605988e+02 5.38068533e-01
    4.70507202e+02 4.81457886e+02 5.43679535e-01 4.83359100e+02
    4.35762268e+02 6.67097390e-01 4.94069000e+02 4.51470123e+02
    6.97115958e-01 5.03350922e+02 4.63608032e+02 6.87275112e-01
    5.09062866e+02 4.74317932e+02 6.99066222e-01 4.96924988e+02
    4.28622314e+02 7.17047274e-01 5.04778900e+02 4.33620270e+02
    8.07463884e-01 5.11204865e+02 4.39332245e+02 7.95128107e-01
    5.16916809e+02 4.45758179e+02 7.55694926e-01</data></hand_left_0>
</opencv_storage>
