<?xml version="1.0"?>
<opencv_storage>
<hand_right_0 type_id="opencv-nd-matrix">
  <sizes>
    1 21 3</sizes>
  <dt>f</dt>
  <data>
    4.56769318e+02 4.07150818e+02 5.40735602e-01 4.75964569e+02
    4.13057037e+02 6.60396695e-01 4.95898102e+02 4.19701569e+02
    6.51627958e-01 5.06972290e+02 4.27084351e+02 7.29493022e-01
    5.15831665e+02 4.36681976e+02 7.99493551e-01 4.84823914e+02
    4.27822632e+02 6.33507788e-01 4.95159821e+02 4.42588196e+02
    7.57064044e-01 5.02542603e+02 4.55138947e+02 8.68783772e-01
    5.07710571e+02 4.66951416e+02 9.27784264e-01 4.69320068e+02
    4.30775757e+02 7.40992785e-01 4.78179413e+02 4.44803040e+02
    6.40294313e-01 4.88515320e+02 4.60306915e+02 8.07045400e-01
    4.96636383e+02 4.72857666e+02 9.04290915e-01 4.54554474e+02
    4.33728851e+02 6.59948766e-01 4.59722443e+02 4.47756165e+02
    7.46323049e-01 4.65628662e+02 4.62521759e+02 8.19922328e-01
    4.69320068e+02 4.73595917e+02 7.24557519e-01 4.40527161e+02
    4.36681976e+02 6.51145458e-01 4.39050629e+02 4.49971008e+02
    7.67776251e-01 4.42003723e+02 4.61045197e+02 8.12207282e-01
    4.43480286e+02 4.71381104e+02 7.73936033e-01</data></hand_right_0>
</opencv_storage>
