<?xml version="1.0"?>
<opencv_storage>
<pose_0 type_id="opencv-nd-matrix">
  <sizes>
    1 18 3</sizes>
  <dt>f</dt>
  <data>
    5.06660736e+02 1.64482437e+02 7.43202925e-01 4.75489960e+02
    9.98341064e+01 8.11468899e-01 3.75625488e+02 9.19552002e+01
    6.11397564e-01 4.14755096e+02 2.85608826e+02 7.42395759e-01
    4.59769592e+02 4.12790710e+02 8.86810660e-01 5.73288147e+02
    1.07615173e+02 6.30104780e-01 5.28310425e+02 3.03214203e+02
    7.57134557e-01 4.91131348e+02 4.28406250e+02 5.56584299e-01
    3.75664764e+02 2.91509277e+02 4.16698068e-01 3.20942200e+02
    4.36296448e+02 4.92268801e-01 2.69990936e+02 4.89111908e+02
    7.31545091e-02 4.85236481e+02 3.09123810e+02 4.63591605e-01
    5.43918518e+02 4.42147888e+02 1.66236699e-01 0. 0. 0. 4.94964783e+02
    1.50638916e+02 7.83703506e-01 5.22337219e+02 1.50730438e+02
    3.79259229e-01 4.32381348e+02 8.61451950e+01 2.86607534e-01
    5.40004517e+02 9.39260559e+01 5.20349294e-02</data></pose_0>
</opencv_storage>
