<?xml version="1.0"?>
<opencv_storage>
<hand_left_0 type_id="opencv-nd-matrix">
  <sizes>
    1 21 3</sizes>
  <dt>f</dt>
  <data>
    4.62578888e+02 3.89918640e+02 5.73304534e-01 4.49383484e+02
    4.01725037e+02 6.67595029e-01 4.38271576e+02 4.18392914e+02
    5.52662492e-01 4.32715637e+02 4.28810303e+02 3.83899987e-01
    4.18131256e+02 4.30893799e+02 5.35925806e-01 4.52855957e+02
    4.17698395e+02 5.77017188e-01 4.41744049e+02 4.30199310e+02
    5.57394028e-01 4.42438538e+02 4.44089203e+02 6.45618558e-01
    4.45216522e+02 4.54506592e+02 7.35924363e-01 4.68134827e+02
    4.13531433e+02 6.52215838e-01 4.59800903e+02 4.33671783e+02
    4.33034301e-01 4.63273376e+02 4.46867157e+02 6.07468069e-01
    4.59800903e+02 4.59368073e+02 6.85251296e-01 4.84802704e+02
    4.10058960e+02 5.74776649e-01 4.93831116e+02 4.28810303e+02
    6.04327679e-01 4.97998077e+02 4.39922211e+02 5.07312477e-01
    4.88275177e+02 4.55201111e+02 5.73113859e-01 5.01470551e+02
    4.03808533e+02 7.35456586e-01 5.09804504e+02 4.12142456e+02
    5.78387499e-01 5.16054932e+02 4.18392914e+02 7.15764284e-01
    5.18138428e+02 4.22559875e+02 5.41255355e-01</data></hand_left_0>
</opencv_storage>
