<?xml version="1.0"?>
<opencv_storage>
<hand_right_0 type_id="opencv-nd-matrix">
  <sizes>
    1 21 3</sizes>
  <dt>f</dt>
  <data>
    4.56872284e+02 3.92910400e+02 5.45669734e-01 4.75191467e+02
    3.98772552e+02 6.93552613e-01 4.94976196e+02 4.06100220e+02
    6.52090073e-01 5.07433258e+02 4.14160675e+02 8.50627065e-01
    5.19157532e+02 4.23686646e+02 8.62222195e-01 4.84717468e+02
    4.14160675e+02 6.24414444e-01 4.95708984e+02 4.30281555e+02
    8.12845230e-01 5.03036652e+02 4.42738586e+02 8.71220171e-01
    5.07433258e+02 4.53730103e+02 9.33331251e-01 4.69329346e+02
    4.18557251e+02 7.15335846e-01 4.78122559e+02 4.32479858e+02
    6.51299238e-01 4.89114075e+02 4.47867981e+02 8.04731011e-01
    4.95708984e+02 4.60325012e+02 9.09589767e-01 4.54673981e+02
    4.22221100e+02 6.71385050e-01 4.59803345e+02 4.35410919e+02
    6.73077583e-01 4.64932739e+02 4.50066284e+02 7.91868925e-01
    4.67863800e+02 4.61790558e+02 7.09389150e-01 4.39285858e+02
    4.24419403e+02 6.77686810e-01 4.40751404e+02 4.39074768e+02
    7.70036399e-01 4.42949707e+02 4.49333496e+02 8.35551679e-01
    4.47346313e+02 4.59592255e+02 8.03586483e-01</data></hand_right_0>
</opencv_storage>
