<?xml version="1.0"?>
<opencv_storage>
<pose_0 type_id="opencv-nd-matrix">
  <sizes>
    1 18 3</sizes>
  <dt>f</dt>
  <data>
    4.14795990e+02 3.92269211e+01 9.03828442e-01 4.44070618e+02
    8.21979370e+01 7.98414290e-01 3.50276550e+02 8.41905975e+01
    7.66820848e-01 4.08877899e+02 2.46554688e+02 7.75776982e-01
    4.59752197e+02 3.81500031e+02 8.44765365e-01 5.36053223e+02
    8.41757431e+01 6.98620319e-01 5.08750824e+02 2.58196625e+02
    8.86522591e-01 4.91134003e+02 3.97162933e+02 5.99896908e-01
    3.75643616e+02 2.89579346e+02 4.40988392e-01 3.34513214e+02
    4.28536957e+02 6.03497565e-01 3.03240509e+02 4.77436951e+02
    1.44289896e-01 4.75450806e+02 2.93480347e+02 4.57866311e-01
    5.20432007e+02 3.95216309e+02 9.93298143e-02 0. 0. 0. 3.95165771e+02
    1.95349140e+01 8.03253889e-01 4.42142944e+02 1.95138988e+01
    8.51412535e-01 3.65929199e+02 4.83837652e+00 4.98106271e-01
    4.83242798e+02 4.82590246e+00 9.08251584e-01</data></pose_0>
</opencv_storage>
