<?xml version="1.0"?>
<opencv_storage>
<pose_0 type_id="opencv-nd-matrix">
  <sizes>
    1 18 3</sizes>
  <dt>f</dt>
  <data>
    5.06695831e+02 1.36951492e+02 6.41194344e-01 4.71528442e+02
    8.60792923e+01 8.02432239e-01 3.67883179e+02 8.41074905e+01
    6.77275419e-01 4.08903259e+02 2.72022644e+02 7.44505167e-01
    4.57844940e+02 3.99128723e+02 8.84566486e-01 5.73259033e+02
    9.78263016e+01 6.46868289e-01 5.28269287e+02 2.87544708e+02
    6.96756303e-01 4.94982910e+02 4.04982422e+02 6.41221881e-01
    3.77614594e+02 2.95438110e+02 3.97495449e-01 3.20903259e+02
    4.32401581e+02 4.10914868e-01 2.66094910e+02 4.87192444e+02
    7.86608085e-02 4.91041290e+02 3.09146912e+02 4.06991869e-01
    5.24332214e+02 4.05015869e+02 7.17344508e-02 0. 0. 0. 4.95052399e+02
    1.21267380e+02 6.73581302e-01 5.20428040e+02 1.19417496e+02
    3.60252410e-01 4.61712952e+02 8.01977386e+01 3.13142300e-01 0. 0. 0.</data></pose_0>
</opencv_storage>
