<?xml version="1.0"?>
<opencv_storage>
<pose_0 type_id="opencv-nd-matrix">
  <sizes>
    1 18 3</sizes>
  <dt>f</dt>
  <data>
    4.89121063e+02 9.58540802e+01 7.95901656e-01 4.65681030e+02
    6.26216812e+01 7.00563729e-01 3.69757294e+02 6.06379509e+01
    6.16413832e-01 4.18671417e+02 2.48509323e+02 7.07653582e-01
    4.59813660e+02 3.83401398e+02 8.52894783e-01 5.69306885e+02
    7.43815155e+01 6.98974013e-01 5.24419983e+02 2.60233368e+02
    8.14368963e-01 4.93044525e+02 3.97159088e+02 5.66255271e-01
    3.81504089e+02 2.89550079e+02 3.90074641e-01 3.24788940e+02
    4.30399597e+02 3.03141594e-01 0. 0. 0. 4.89120544e+02 3.01280640e+02
    4.14664865e-01 5.22400940e+02 3.93266388e+02 7.22017288e-02 0. 0. 0.
    4.75337616e+02 7.04709320e+01 7.51259565e-01 5.06757050e+02
    7.04487381e+01 8.26470792e-01 4.14825653e+02 4.83920383e+00
    5.60231447e-01 5.37929565e+02 3.72780876e+01 1.01353571e-01</data></pose_0>
</opencv_storage>
