<?xml version="1.0"?>
<opencv_storage>
<hand_right_0 type_id="opencv-nd-matrix">
  <sizes>
    1 21 3</sizes>
  <dt>f</dt>
  <data>
    4.56603912e+02 4.06319183e+02 5.44539034e-01 4.75692902e+02
    4.11268188e+02 6.57265723e-01 4.96902924e+02 4.17631195e+02
    6.83101118e-01 5.07507935e+02 4.27529205e+02 7.41871357e-01
    5.15991943e+02 4.34599213e+02 7.51517236e-01 4.84176910e+02
    4.26822205e+02 6.68173790e-01 4.94781921e+02 4.40962189e+02
    8.15553665e-01 5.02558929e+02 4.55102203e+02 8.31348240e-01
    5.07507935e+02 4.64293213e+02 8.77950490e-01 4.68622925e+02
    4.28943207e+02 7.46592581e-01 4.78520905e+02 4.43790192e+02
    6.46715581e-01 4.87711914e+02 4.57930206e+02 7.32035995e-01
    4.96195923e+02 4.70656219e+02 8.77442360e-01 4.54482910e+02
    4.33185211e+02 6.13990426e-01 4.57310913e+02 4.45204193e+02
    7.01165497e-01 4.62259918e+02 4.60758209e+02 7.95659602e-01
    4.67915924e+02 4.72070221e+02 7.33694792e-01 4.39635895e+02
    4.33892212e+02 6.34938002e-01 4.38221893e+02 4.47325195e+02
    7.68769085e-01 4.39635895e+02 4.57930206e+02 7.68742025e-01
    4.42463898e+02 4.68535217e+02 7.81386614e-01</data></hand_right_0>
</opencv_storage>
