<?xml version="1.0"?>
<opencv_storage>
<hand_left_0 type_id="opencv-nd-matrix">
  <sizes>
    1 21 3</sizes>
  <dt>f</dt>
  <data>
    4.57851563e+02 4.11843933e+02 5.05169749e-01 4.45817932e+02
    4.26709015e+02 6.12016022e-01 4.36615723e+02 4.43697693e+02
    4.19002771e-01 4.28829254e+02 4.52899872e+02 4.28761929e-01
    4.15379883e+02 4.55023468e+02 7.73401082e-01 4.47233643e+02
    4.38034790e+02 4.93405908e-01 4.39447174e+02 4.50068451e+02
    6.82764292e-01 4.41570740e+02 4.61394226e+02 7.64731884e-01
    4.44402191e+02 4.72720001e+02 7.96498001e-01 4.64222321e+02
    4.33787628e+02 6.55243993e-01 4.59267303e+02 4.48652710e+02
    5.19643724e-01 4.64930176e+02 4.62102081e+02 7.23974526e-01
    4.67053772e+02 4.74843597e+02 7.51510024e-01 4.81210999e+02
    4.28832581e+02 6.50330901e-01 4.92536774e+02 4.45113403e+02
    5.86310923e-01 4.98199677e+02 4.57854919e+02 5.73437274e-01
    5.06694000e+02 4.67764984e+02 5.54141760e-01 4.96783936e+02
    4.21753967e+02 7.60002017e-01 5.05986145e+02 4.28124725e+02
    6.71743989e-01 5.12356873e+02 4.33079773e+02 7.91751504e-01
    5.15896179e+02 4.38742645e+02 6.75015152e-01</data></hand_left_0>
</opencv_storage>
