<?xml version="1.0"?>
<opencv_storage>
<pose_0 type_id="opencv-nd-matrix">
  <sizes>
    1 18 3</sizes>
  <dt>f</dt>
  <data>
    4.69571442e+02 1.31143845e+02 7.66458631e-01 4.65672455e+02
    8.21329498e+01 8.04247439e-01 3.65920563e+02 8.21261749e+01
    6.57626212e-01 4.10877502e+02 2.64139069e+02 6.98830426e-01
    4.59682526e+02 3.97077026e+02 8.63071203e-01 5.69390320e+02
    9.00395508e+01 6.67971909e-01 5.26337158e+02 2.83703339e+02
    7.22063303e-01 4.95010864e+02 4.04987915e+02 6.02152884e-01
    3.79518311e+02 2.89600372e+02 4.20719564e-01 3.24784760e+02
    4.32363525e+02 4.28301603e-01 2.81744751e+02 4.83264648e+02
    7.90388957e-02 4.91094391e+02 3.07196075e+02 4.39654112e-01
    5.43889221e+02 4.32403442e+02 1.16573863e-01 0. 0. 0. 4.57843353e+02
    1.15335907e+02 5.82723379e-01 4.87179230e+02 1.15397293e+02
    6.00244403e-01 4.14874146e+02 5.48007317e+01 2.03816697e-01
    5.12632080e+02 3.72119675e+01 4.03495938e-01</data></pose_0>
</opencv_storage>
