<?xml version="1.0"?>
<opencv_storage>
<hand_right_0 type_id="opencv-nd-matrix">
  <sizes>
    1 21 3</sizes>
  <dt>f</dt>
  <data>
    4.59640747e+02 3.85949341e+02 5.96437633e-01 4.76690338e+02
    3.91632538e+02 7.33437002e-01 4.96581543e+02 3.97315735e+02
    7.18615234e-01 5.08658325e+02 4.06550934e+02 7.69813240e-01
    5.18603943e+02 4.14365356e+02 8.13197136e-01 4.84504730e+02
    4.07261353e+02 6.44208252e-01 4.94450348e+02 4.20758942e+02
    7.43071735e-01 5.03685547e+02 4.35677338e+02 7.84107387e-01
    5.07947937e+02 4.45622925e+02 8.30964565e-01 4.70296753e+02
    4.09392548e+02 7.42385745e-01 4.78111145e+02 4.25021332e+02
    6.62788987e-01 4.87346344e+02 4.37808533e+02 7.02073872e-01
    4.95160736e+02 4.49885345e+02 8.62840950e-01 4.54667938e+02
    4.13654938e+02 7.11595893e-01 4.58219940e+02 4.25731750e+02
    6.76033437e-01 4.61771942e+02 4.40650146e+02 7.82054067e-01
    4.66034363e+02 4.53437317e+02 7.53440380e-01 4.38328766e+02
    4.15075745e+02 7.18138158e-01 4.39749542e+02 4.29994141e+02
    7.99019992e-01 4.42591156e+02 4.42070923e+02 7.82251298e-01
    4.47563965e+02 4.53437317e+02 7.97161937e-01</data></hand_right_0>
</opencv_storage>
