<?xml version="1.0"?>
<opencv_storage>
<hand_left_0 type_id="opencv-nd-matrix">
  <sizes>
    1 21 3</sizes>
  <dt>f</dt>
  <data>
    4.63305695e+02 3.89954529e+02 5.77133358e-01 4.49418701e+02
    4.01758453e+02 6.66997254e-01 4.38309113e+02 4.18422852e+02
    5.70873976e-01 4.27893860e+02 4.25366333e+02 4.97635514e-01
    4.17478638e+02 4.30921112e+02 6.82946563e-01 4.52196106e+02
    4.17728485e+02 5.88195562e-01 4.41780853e+02 4.30921112e+02
    5.99330366e-01 4.42475220e+02 4.44113770e+02 7.14636445e-01
    4.45946960e+02 4.55223358e+02 7.65919030e-01 4.68166138e+02
    4.13562378e+02 6.60124898e-01 4.60528290e+02 4.33004181e+02
    4.92152393e-01 4.63305695e+02 4.46891174e+02 6.51018560e-01
    4.60528290e+02 4.59389435e+02 7.19291389e-01 4.84830505e+02
    4.10785004e+02 5.82413733e-01 4.93857056e+02 4.28143738e+02
    6.04228258e-01 4.99411865e+02 4.39947662e+02 4.96043980e-01
    4.88996613e+02 4.55223358e+02 5.87535501e-01 5.01494904e+02
    4.04535858e+02 7.43121088e-01 5.09827087e+02 4.12868042e+02
    5.62040985e-01 5.16076233e+02 4.19117188e+02 7.01526403e-01
    5.17464966e+02 4.23283295e+02 5.51633537e-01</data></hand_left_0>
</opencv_storage>
