<?xml version="1.0"?>
<opencv_storage>
<pose_0 type_id="opencv-nd-matrix">
  <sizes>
    1 18 3</sizes>
  <dt>f</dt>
  <data>
    4.69555603e+02 1.50670410e+02 7.10389495e-01 4.69567749e+02
    9.38891296e+01 8.07819664e-01 3.67826904e+02 8.61101456e+01
    6.72516465e-01 4.14747406e+02 2.81771179e+02 7.47362673e-01
    4.59749542e+02 4.06928040e+02 8.62189770e-01 5.69379700e+02
    1.01810577e+02 6.69929922e-01 5.28230347e+02 2.89642975e+02
    7.64968216e-01 4.95004120e+02 4.14845642e+02 5.71464181e-01
    3.81468689e+02 2.91508026e+02 4.04491365e-01 3.22803497e+02
    4.36304077e+02 3.10222358e-01 2.85651459e+02 4.85210663e+02
    9.70677137e-02 4.91138245e+02 3.07168518e+02 4.11027819e-01
    5.49744263e+02 4.44131104e+02 1.23961493e-01 0. 0. 0. 4.59806793e+02
    1.33083115e+02 6.64453924e-01 4.89107086e+02 1.35065765e+02
    5.06798446e-01 4.26512512e+02 7.43469009e+01 3.89474511e-01
    5.22437317e+02 8.41012192e+01 3.85735244e-01</data></pose_0>
</opencv_storage>
