<?xml version="1.0"?>
<opencv_storage>
<pose_0 type_id="opencv-nd-matrix">
  <sizes>
    1 18 3</sizes>
  <dt>f</dt>
  <data>
    4.24572937e+02 9.38914871e+01 7.47283578e-01 4.42164246e+02
    8.41399689e+01 7.40402877e-01 3.52119781e+02 8.80285110e+01
    7.51861811e-01 4.08895386e+02 2.54351028e+02 7.92311966e-01
    4.59790985e+02 3.85401428e+02 8.26812148e-01 5.36051331e+02
    8.61055374e+01 6.91846907e-01 5.08773102e+02 2.58225037e+02
    8.84287298e-01 4.93001953e+02 3.99160767e+02 5.59917510e-01
    3.73666229e+02 2.91534088e+02 4.40205216e-01 3.34541199e+02
    4.32366974e+02 5.86815238e-01 3.11074921e+02 4.85230499e+02
    1.20478913e-01 4.75420776e+02 2.95445923e+02 4.83428508e-01
    5.16528259e+02 3.99103882e+02 1.12872310e-01 0. 0. 0. 4.01066803e+02
    7.05023651e+01 8.24429274e-01 4.44158844e+02 6.84608154e+01
    8.97807002e-01 3.79551544e+02 6.25974007e+01 1.41876578e-01
    4.85206146e+02 3.71832924e+01 9.01285291e-01</data></pose_0>
</opencv_storage>
