<?xml version="1.0"?>
<opencv_storage>
<pose_0 type_id="opencv-nd-matrix">
  <sizes>
    1 18 3</sizes>
  <dt>f</dt>
  <data>
    4.81319458e+02 1.17524796e+02 8.65633845e-01 4.59822021e+02
    7.04875717e+01 7.92085350e-01 3.65866882e+02 7.04877472e+01
    7.06194103e-01 4.14760468e+02 2.46527527e+02 7.87579715e-01
    4.59685883e+02 3.85427826e+02 8.04940462e-01 5.55675781e+02
    8.21460800e+01 7.05727279e-01 5.18443481e+02 2.60192352e+02
    7.74012983e-01 4.91121643e+02 4.01097443e+02 5.85293591e-01
    3.77570587e+02 2.81739899e+02 4.19317663e-01 3.28702087e+02
    4.32380676e+02 4.89439785e-01 3.01304077e+02 4.89119598e+02
    6.81916848e-02 4.75404602e+02 2.91543762e+02 4.98136431e-01
    5.38022583e+02 4.30425171e+02 1.33932188e-01 0. 0. 0. 4.67600525e+02
    9.78370132e+01 7.74728656e-01 5.02847168e+02 9.97298584e+01
    8.87165904e-01 4.12783966e+02 4.88916512e+01 8.15648675e-01
    5.26367004e+02 4.69286346e+01 1.28797993e-01</data></pose_0>
</opencv_storage>
