<?xml version="1.0"?>
<opencv_storage>
<hand_left_0 type_id="opencv-nd-matrix">
  <sizes>
    1 21 3</sizes>
  <dt>f</dt>
  <data>
    4.61633270e+02 3.89033539e+02 5.30412734e-01 4.49499420e+02
    4.01167389e+02 6.18618309e-01 4.40220642e+02 4.21152496e+02
    5.47180831e-01 4.39506866e+02 4.35427582e+02 4.55955416e-01
    4.44503143e+02 4.51130157e+02 4.23859358e-01 4.51640686e+02
    4.13301208e+02 5.12614846e-01 4.43075653e+02 4.26862518e+02
    5.39364755e-01 4.43789398e+02 4.40423859e+02 6.00635052e-01
    4.45930664e+02 4.51843933e+02 6.43093646e-01 4.66629547e+02
    4.09018677e+02 6.38060987e-01 4.61633270e+02 4.26862518e+02
    5.08305728e-01 4.63060760e+02 4.40423859e+02 6.11576974e-01
    4.63774506e+02 4.53985199e+02 6.91999316e-01 4.83045898e+02
    4.05449890e+02 5.77190578e-01 4.92324677e+02 4.21152496e+02
    5.20603657e-01 4.99462219e+02 4.33286316e+02 5.24091780e-01
    4.92324677e+02 4.48275146e+02 5.59431493e-01 4.95893463e+02
    3.95457336e+02 6.66460574e-01 5.06599762e+02 4.00453613e+02
    8.31173003e-01 5.12309814e+02 4.06163666e+02 8.24159861e-01
    5.18019836e+02 4.12587433e+02 7.78898299e-01</data></hand_left_0>
</opencv_storage>
