<?xml version="1.0"?>
<opencv_storage>
<hand_left_0 type_id="opencv-nd-matrix">
  <sizes>
    1 21 3</sizes>
  <dt>f</dt>
  <data>
    4.63049530e+02 3.88891846e+02 5.69014788e-01 4.48983124e+02
    4.00144989e+02 6.82421684e-01 4.37729980e+02 4.17024689e+02
    6.32114828e-01 4.29290131e+02 4.23354553e+02 4.22422588e-01
    4.22256927e+02 4.28277802e+02 4.94705647e-01 4.51093079e+02
    4.17024689e+02 5.60023487e-01 4.42653229e+02 4.31794403e+02
    5.25848687e-01 4.41949921e+02 4.41640900e+02 6.81935847e-01
    4.46169830e+02 4.54300659e+02 7.73865402e-01 4.67269440e+02
    4.12804749e+02 6.57517374e-01 4.62346191e+02 4.31091095e+02
    5.19484878e-01 4.63049530e+02 4.45157501e+02 7.02502012e-01
    4.62346191e+02 4.57817261e+02 8.05536509e-01 4.82039185e+02
    4.09991486e+02 5.88061929e-01 4.91885651e+02 4.26871155e+02
    6.27123594e-01 4.96808899e+02 4.39530914e+02 5.30522943e-01
    4.88369049e+02 4.55707306e+02 5.83953142e-01 4.99622192e+02
    4.02958252e+02 7.18850136e-01 5.08765350e+02 4.11398102e+02
    7.21120536e-01 5.15095215e+02 4.17024689e+02 7.61107445e-01
    5.19315125e+02 4.22651245e+02 6.89040601e-01</data></hand_left_0>
</opencv_storage>
