<?xml version="1.0"?>
<opencv_storage>
<hand_left_0 type_id="opencv-nd-matrix">
  <sizes>
    1 21 3</sizes>
  <dt>f</dt>
  <data>
    4.62824310e+02 3.88805969e+02 5.80311239e-01 4.49226410e+02
    4.02403870e+02 6.76454008e-01 4.38491211e+02 4.19580200e+02
    6.36937022e-01 4.38491211e+02 4.36040802e+02 3.78989875e-01
    4.18452179e+02 4.31031067e+02 2.62041956e-01 4.51373444e+02
    4.17433136e+02 5.07461190e-01 4.43500977e+02 4.31746735e+02
    4.91600633e-01 4.42785309e+02 4.43913300e+02 6.31581962e-01
    4.45648010e+02 4.55364166e+02 7.65519798e-01 4.67118408e+02
    4.14570435e+02 6.58051431e-01 4.62108643e+02 4.31746735e+02
    5.25867343e-01 4.62108643e+02 4.44628967e+02 6.17943764e-01
    4.63540009e+02 4.58942566e+02 7.68236399e-01 4.84294708e+02
    4.10276367e+02 5.97626984e-01 4.92167175e+02 4.27452667e+02
    6.17532492e-01 4.96461273e+02 4.41050568e+02 5.35169065e-01
    4.87873108e+02 4.56079834e+02 5.59891522e-01 5.00755341e+02
    4.03835236e+02 7.55973816e-01 5.10059174e+02 4.13139069e+02
    6.21397614e-01 5.17215942e+02 4.20295868e+02 7.34613299e-01
    5.19362976e+02 4.25305634e+02 5.71292639e-01</data></hand_left_0>
</opencv_storage>
