<?xml version="1.0"?>
<opencv_storage>
<pose_0 type_id="opencv-nd-matrix">
  <sizes>
    1 18 3</sizes>
  <dt>f</dt>
  <data>
    4.38217865e+02 9.97751770e+01 7.93582320e-01 4.65662872e+02
    6.84554443e+01 7.49239922e-01 3.69802338e+02 6.83981552e+01
    6.87442541e-01 4.14851624e+02 2.52355865e+02 7.16141164e-01
    4.59730682e+02 3.81512177e+02 8.60591531e-01 5.71285889e+02
    8.40769577e+01 6.46063685e-01 5.28311096e+02 2.66118256e+02
    7.30961680e-01 4.95040863e+02 3.89342194e+02 5.79736590e-01
    3.79576721e+02 2.91510742e+02 4.17822242e-01 3.26758331e+02
    4.30438965e+02 3.87513846e-01 0. 0. 0. 4.87181702e+02 3.05191315e+02
    3.98541003e-01 5.22386169e+02 3.85482727e+02 6.35682270e-02 0. 0. 0.
    4.20631287e+02 7.05214310e+01 7.19573319e-01 4.59782471e+02
    7.82776413e+01 7.23710954e-01 3.97247559e+02 5.28784981e+01
    7.77906999e-02 5.10655945e+02 2.54798508e+01 6.94418311e-01</data></pose_0>
</opencv_storage>
