<?xml version="1.0"?>
<opencv_storage>
<hand_right_0 type_id="opencv-nd-matrix">
  <sizes>
    1 21 3</sizes>
  <dt>f</dt>
  <data>
    4.56594727e+02 3.84425415e+02 5.97118556e-01 4.74397583e+02
    3.90122345e+02 7.06981719e-01 4.94336823e+02 3.96531372e+02
    6.81555867e-01 5.05730652e+02 4.05788849e+02 8.43364477e-01
    5.16412354e+02 4.15046356e+02 7.88479507e-01 4.83655090e+02
    4.06500977e+02 6.80712998e-01 4.95048920e+02 4.20743256e+02
    7.50398099e-01 5.02170074e+02 4.33561340e+02 8.03179264e-01
    5.06442749e+02 4.42818817e+02 9.51101005e-01 4.68700684e+02
    4.09349426e+02 7.36836314e-01 4.77958160e+02 4.22879608e+02
    6.35707021e-01 4.87215668e+02 4.37121918e+02 7.64872372e-01
    4.94336823e+02 4.49227844e+02 9.09181297e-01 4.53746277e+02
    4.13622131e+02 6.90361738e-01 4.56594727e+02 4.23591736e+02
    6.51079655e-01 4.61579529e+02 4.37834015e+02 8.71402323e-01
    4.65852234e+02 4.52076324e+02 7.10862815e-01 4.38079742e+02
    4.15046356e+02 7.11461961e-01 4.38791870e+02 4.27864410e+02
    7.95578241e-01 4.38791870e+02 4.37834015e+02 7.44025528e-01
    4.43064545e+02 4.47803619e+02 7.22165346e-01</data></hand_right_0>
</opencv_storage>
