<?xml version="1.0"?>
<opencv_storage>
<pose_0 type_id="opencv-nd-matrix">
  <sizes>
    1 18 3</sizes>
  <dt>f</dt>
  <data>
    4.42163971e+02 1.01815544e+02 8.40197921e-01 4.71517365e+02
    7.23813171e+01 7.30314076e-01 3.79523468e+02 6.84657135e+01
    7.08175719e-01 4.18728424e+02 2.56298981e+02 7.30684757e-01
    4.59817352e+02 3.85418091e+02 8.44070137e-01 5.73310791e+02
    8.61255264e+01 6.31067753e-01 5.32206238e+02 2.71890991e+02
    7.70871103e-01 4.95052155e+02 3.97182617e+02 6.07501566e-01
    3.81513000e+02 2.85662537e+02 4.18316424e-01 3.28675812e+02
    4.30402283e+02 3.80781591e-01 2.85664032e+02 4.81315887e+02
    1.03785895e-01 4.89077179e+02 3.03237732e+02 4.17309344e-01
    5.22394592e+02 3.93276245e+02 6.17900304e-02 0. 0. 0. 4.22600861e+02
    8.40833664e+01 8.01194787e-01 4.61688568e+02 8.40509567e+01
    7.79446900e-01 3.97210419e+02 6.85034485e+01 8.92276913e-02
    5.16503052e+02 2.54673252e+01 7.79861629e-01</data></pose_0>
</opencv_storage>
