<?xml version="1.0"?>
<opencv_storage>
<pose_0 type_id="opencv-nd-matrix">
  <sizes>
    1 18 3</sizes>
  <dt>f</dt>
  <data>
    4.61737701e+02 1.07591141e+02 6.44759774e-01 4.63758331e+02
    7.04738922e+01 7.69456089e-01 3.65911835e+02 6.85149384e+01
    6.95028663e-01 4.12825073e+02 2.58231354e+02 7.73299098e-01
    4.59697052e+02 3.83412537e+02 8.49246144e-01 5.69273499e+02
    8.40625076e+01 6.74877048e-01 5.26318237e+02 2.70006378e+02
    7.66986430e-01 4.94979675e+02 3.91314606e+02 5.41431546e-01
    3.81487946e+02 2.91526215e+02 4.25089210e-01 3.22845428e+02
    4.30466614e+02 4.03010875e-01 0. 0. 0. 4.91049683e+02 3.05186981e+02
    4.27390486e-01 5.22379395e+02 3.95211670e+02 7.14352652e-02 0. 0. 0.
    4.48026062e+02 8.61524429e+01 5.73848009e-01 4.81300568e+02
    8.60578384e+01 6.79414570e-01 0. 0. 0. 5.26336548e+02 4.86072445e+00
    2.85269588e-01</data></pose_0>
</opencv_storage>
