<?xml version="1.0"?>
<opencv_storage>
<hand_left_0 type_id="opencv-nd-matrix">
  <sizes>
    1 21 3</sizes>
  <dt>f</dt>
  <data>
    4.60571381e+02 4.01694977e+02 5.55504262e-01 4.49868347e+02
    4.15742737e+02 6.51741326e-01 4.39834259e+02 4.34473053e+02
    5.50066113e-01 4.27124390e+02 4.43838196e+02 7.80979991e-01
    4.13076660e+02 4.53203369e+02 8.45435143e-01 4.53881989e+02
    4.33135162e+02 5.35413623e-01 4.43847900e+02 4.43838196e+02
    5.48176587e-01 4.43178955e+02 4.58554871e+02 7.77412057e-01
    4.44516815e+02 4.69926849e+02 7.89184630e-01 4.67929718e+02
    4.31128326e+02 6.74475431e-01 4.61909271e+02 4.47851837e+02
    4.80888098e-01 4.61909271e+02 4.61230621e+02 6.26747251e-01
    4.59902435e+02 4.75278381e+02 7.04417527e-01 4.84653229e+02
    4.27114716e+02 6.61376834e-01 4.94018372e+02 4.47182892e+02
    6.79910302e-01 5.00707764e+02 4.59223816e+02 5.72740078e-01
    5.06059296e+02 4.69926849e+02 6.71671689e-01 5.00038849e+02
    4.21094238e+02 7.72445083e-01 5.10072937e+02 4.36479858e+02
    6.86452031e-01 5.14755493e+02 4.39824554e+02 7.01261342e-01
    5.18100220e+02 4.43169250e+02 5.26996553e-01</data></hand_left_0>
</opencv_storage>
