<?xml version="1.0"?>
<opencv_storage>
<pose_0 type_id="opencv-nd-matrix">
  <sizes>
    1 18 3</sizes>
  <dt>f</dt>
  <data>
    4.30388000e+02 1.42822510e+02 8.77558649e-01 4.46129089e+02
    9.58818436e+01 8.01794350e-01 3.54153687e+02 9.97087250e+01
    7.27342784e-01 4.10871674e+02 2.64097778e+02 7.96873987e-01
    4.59796539e+02 3.99153412e+02 8.19154501e-01 5.40087402e+02
    9.78247375e+01 7.12729573e-01 5.10689026e+02 2.73851196e+02
    8.45134437e-01 4.92998230e+02 4.14765594e+02 5.25461674e-01
    3.77626129e+02 2.91536469e+02 4.29657578e-01 3.32551392e+02
    4.46070099e+02 5.30806422e-01 3.03277679e+02 4.93058197e+02
    1.44850463e-01 4.75454803e+02 3.01309692e+02 4.77230579e-01
    5.08663605e+02 4.14745667e+02 1.43595517e-01 0. 0. 0. 4.10901215e+02
    1.19353676e+02 7.72845924e-01 4.48016235e+02 1.19340546e+02
    7.84311533e-01 3.81606903e+02 9.97726593e+01 2.02499241e-01
    4.91128387e+02 5.87374802e+01 6.51309490e-01</data></pose_0>
</opencv_storage>
