<?xml version="1.0"?>
<opencv_storage>
<hand_right_0 type_id="opencv-nd-matrix">
  <sizes>
    1 21 3</sizes>
  <dt>f</dt>
  <data>
    4.59481384e+02 4.17079498e+02 5.79402089e-01 4.76824188e+02
    4.23583038e+02 7.21921325e-01 4.97780090e+02 4.30809235e+02
    6.88545287e-01 5.10064575e+02 4.40203247e+02 8.09069514e-01
    5.18735962e+02 4.49597260e+02 7.15993702e-01 4.86218201e+02
    4.40203247e+02 6.32990003e-01 4.94166992e+02 4.53932953e+02
    7.01337993e-01 5.02838409e+02 4.69107941e+02 7.71759510e-01
    5.06451477e+02 4.80669800e+02 8.55321407e-01 4.69598022e+02
    4.40925873e+02 7.58834779e-01 4.76824188e+02 4.56100830e+02
    7.38407910e-01 4.86940826e+02 4.70553162e+02 7.51914859e-01
    4.94166992e+02 4.85005493e+02 8.89725745e-01 4.53700439e+02
    4.45261566e+02 6.55391693e-01 4.58036133e+02 4.56100830e+02
    6.96785390e-01 4.62371826e+02 4.70553162e+02 7.99786091e-01
    4.65984924e+02 4.83560272e+02 7.33860672e-01 4.40693329e+02
    4.46706787e+02 6.70101285e-01 4.37080231e+02 4.58991272e+02
    7.88304806e-01 4.40693329e+02 4.70553162e+02 7.60891199e-01
    4.45751648e+02 4.81392426e+02 7.72184789e-01</data></hand_right_0>
</opencv_storage>
