<?xml version="1.0"?>
<opencv_storage>
<hand_right_0 type_id="opencv-nd-matrix">
  <sizes>
    1 21 3</sizes>
  <dt>f</dt>
  <data>
    4.59168060e+02 3.97667175e+02 5.84132135e-01 4.76701385e+02
    4.02576508e+02 6.86468542e-01 4.97040039e+02 4.08187164e+02
    6.92055345e-01 5.08962677e+02 4.15200470e+02 8.13223422e-01
    5.21586670e+02 4.22213806e+02 8.55404437e-01 4.86520050e+02
    4.18005829e+02 6.80079639e-01 4.97741364e+02 4.32032471e+02
    7.78291225e-01 5.04754700e+02 4.44656464e+02 8.72176230e-01
    5.10365356e+02 4.53773773e+02 9.42588091e-01 4.71090729e+02
    4.21512482e+02 7.75722980e-01 4.80909363e+02 4.36941803e+02
    7.14026690e-01 4.90026703e+02 4.48864441e+02 6.98413491e-01
    4.99144012e+02 4.60085785e+02 9.23559666e-01 4.54960052e+02
    4.25720490e+02 7.32348502e-01 4.59869385e+02 4.36941803e+02
    6.96495354e-01 4.63376068e+02 4.53072449e+02 7.76625395e-01
    4.66181396e+02 4.64293762e+02 7.71857500e-01 4.39530731e+02
    4.25720490e+02 6.48343325e-01 4.40232086e+02 4.41149780e+02
    7.88328290e-01 4.43037415e+02 4.52371124e+02 8.21694672e-01
    4.47946747e+02 4.62891113e+02 7.91999698e-01</data></hand_right_0>
</opencv_storage>
