<?xml version="1.0"?>
<opencv_storage>
<hand_left_0 type_id="opencv-nd-matrix">
  <sizes>
    1 21 3</sizes>
  <dt>f</dt>
  <data>
    4.58734314e+02 4.03533569e+02 4.68300611e-01 4.46478668e+02
    4.16510132e+02 6.06771708e-01 4.35664856e+02 4.34533142e+02
    4.24566865e-01 4.25571991e+02 4.43184174e+02 4.00662452e-01
    4.18362793e+02 4.46067871e+02 6.45625770e-01 4.48641418e+02
    4.31649475e+02 5.46883464e-01 4.41432220e+02 4.44626007e+02
    6.54806733e-01 4.42153137e+02 4.56160736e+02 7.02303410e-01
    4.45757751e+02 4.64811798e+02 7.59553254e-01 4.65222595e+02
    4.28044861e+02 6.60892963e-01 4.61617981e+02 4.45346954e+02
    5.28794110e-01 4.65222595e+02 4.57602570e+02 7.50765860e-01
    4.65222595e+02 4.69137299e+02 7.39350259e-01 4.82524689e+02
    4.22998413e+02 6.71470344e-01 4.93338470e+02 4.39579590e+02
    5.84072530e-01 4.98384918e+02 4.51835236e+02 5.38957655e-01
    4.95501251e+02 4.64811798e+02 6.04105949e-01 4.96943085e+02
    4.15068298e+02 6.62063420e-01 5.05594116e+02 4.19393829e+02
    7.65475631e-01 5.14245178e+02 4.26603027e+02 7.59657502e-01
    5.20012512e+02 4.33812225e+02 7.20590949e-01</data></hand_left_0>
</opencv_storage>
