<?xml version="1.0"?>
<opencv_storage>
<hand_left_0 type_id="opencv-nd-matrix">
  <sizes>
    1 21 3</sizes>
  <dt>f</dt>
  <data>
    4.60137573e+02 4.13586121e+02 4.75663543e-01 4.47443665e+02
    4.25574799e+02 6.29663765e-01 4.36865417e+02 4.43910431e+02
    5.40724576e-01 4.25581970e+02 4.50257385e+02 4.14255023e-01
    4.13593262e+02 4.53783478e+02 7.43558168e-01 4.50969757e+02
    4.40384338e+02 5.49786150e-01 4.40391510e+02 4.51667816e+02
    5.44900894e-01 4.41096741e+02 4.64361725e+02 6.89468861e-01
    4.43212372e+02 4.74234741e+02 7.48726189e-01 4.65074097e+02
    4.36153046e+02 6.52148485e-01 4.59432373e+02 4.53783478e+02
    4.28762734e-01 4.63663666e+02 4.66477356e+02 5.40788174e-01
    4.65074097e+02 4.79171265e+02 7.62731373e-01 4.81294067e+02
    4.31921753e+02 6.39128685e-01 4.91872345e+02 4.48141724e+02
    5.75341225e-01 4.98219269e+02 4.60835632e+02 6.33243918e-01
    5.04566223e+02 4.72119110e+02 6.39755666e-01 4.97514069e+02
    4.24869568e+02 7.19343007e-01 5.08092316e+02 4.29806091e+02
    7.83995867e-01 5.15144470e+02 4.36153046e+02 8.25169623e-01
    5.20080994e+02 4.43205231e+02 7.81737208e-01</data></hand_left_0>
</opencv_storage>
