<?xml version="1.0"?>
<opencv_storage>
<hand_right_0 type_id="opencv-nd-matrix">
  <sizes>
    1 21 3</sizes>
  <dt>f</dt>
  <data>
    4.56838318e+02 3.86757324e+02 6.36723876e-01 4.74709076e+02
    3.91568665e+02 6.90961123e-01 4.92579803e+02 3.96380035e+02
    7.13206172e-01 5.05639221e+02 4.03940735e+02 7.79605389e-01
    5.17323914e+02 4.12876099e+02 8.01652133e-01 4.82269775e+02
    4.06690063e+02 6.98865294e-01 4.93267151e+02 4.20436798e+02
    7.88699448e-01 5.02202515e+02 4.34183533e+02 8.29018712e-01
    5.07701202e+02 4.45180908e+02 8.67622375e-01 4.68523041e+02
    4.12876099e+02 7.59912610e-01 4.77458405e+02 4.25248169e+02
    6.92105532e-01 4.86393799e+02 4.38307556e+02 7.11683035e-01
    4.96703827e+02 4.50679596e+02 8.07107508e-01 4.53401642e+02
    4.17687469e+02 7.10436106e-01 4.55463654e+02 4.29372162e+02
    7.06978261e-01 4.59587677e+02 4.43118896e+02 8.17090034e-01
    4.63711700e+02 4.55490967e+02 7.00601459e-01 4.38280243e+02
    4.18374786e+02 7.49525964e-01 4.37592896e+02 4.31434174e+02
    8.38466883e-01 4.37592896e+02 4.41056885e+02 8.10055673e-01
    4.38967590e+02 4.51366943e+02 7.29172945e-01</data></hand_right_0>
</opencv_storage>
