<?xml version="1.0"?>
<opencv_storage>
<hand_left_0 type_id="opencv-nd-matrix">
  <sizes>
    1 21 3</sizes>
  <dt>f</dt>
  <data>
    4.61750793e+02 3.95370514e+02 5.65043688e-01 4.48296814e+02
    4.06700195e+02 6.66688442e-01 4.39091461e+02 4.24402802e+02
    5.89129806e-01 4.39799561e+02 4.39981110e+02 6.66111648e-01
    4.46172485e+02 4.54851318e+02 5.91758788e-01 4.56085968e+02
    4.22278503e+02 6.89219654e-01 4.56794067e+02 4.32900055e+02
    3.92745852e-01 4.61750793e+02 4.46354065e+02 4.73457724e-01
    4.56794067e+02 4.58391846e+02 3.93488109e-01 4.70956146e+02
    4.15197449e+02 7.07510829e-01 4.78037201e+02 4.30067657e+02
    7.49788284e-01 4.84410156e+02 4.44229736e+02 3.43519479e-01
    4.71664276e+02 4.59099945e+02 5.72231352e-01 4.85118256e+02
    4.11656921e+02 7.35648632e-01 4.93615509e+02 4.26527130e+02
    6.61159873e-01 5.00696564e+02 4.39273010e+02 6.91530228e-01
    5.06361389e+02 4.49894592e+02 5.88189006e-01 4.99988434e+02
    4.05283997e+02 7.30795801e-01 5.08485718e+02 4.10948822e+02
    7.43454218e-01 5.15566772e+02 4.17321777e+02 8.02205205e-01
    5.19815369e+02 4.23694702e+02 7.26240277e-01</data></hand_left_0>
</opencv_storage>
