<?xml version="1.0"?>
<opencv_storage>
<hand_right_0 type_id="opencv-nd-matrix">
  <sizes>
    1 21 3</sizes>
  <dt>f</dt>
  <data>
    4.56623291e+02 3.82297058e+02 5.81815362e-01 4.75133301e+02
    3.88704376e+02 7.20903873e-01 4.95779083e+02 3.95823608e+02
    6.88492775e-01 5.07169861e+02 4.03654755e+02 8.12818348e-01
    5.18560669e+02 4.13621704e+02 8.17308724e-01 4.84388306e+02
    4.04366699e+02 6.06731057e-01 4.95067169e+02 4.19317078e+02
    7.67390370e-01 5.02898315e+02 4.31419800e+02 8.40941727e-01
    5.07169861e+02 4.42098633e+02 9.13447380e-01 4.69437897e+02
    4.08638245e+02 7.09836721e-01 4.77980988e+02 4.20740936e+02
    6.47951186e-01 4.87947937e+02 4.36403259e+02 7.42119312e-01
    4.95779083e+02 4.48505951e+02 9.11844254e-01 4.54487518e+02
    4.13621704e+02 6.58812463e-01 4.58047119e+02 4.22876709e+02
    6.37290478e-01 4.63030609e+02 4.37827087e+02 8.29821646e-01
    4.66590210e+02 4.50641724e+02 7.03478038e-01 4.38825195e+02
    4.14333618e+02 7.12335944e-01 4.39537109e+02 4.28572083e+02
    7.46885061e-01 4.43096741e+02 4.39962860e+02 7.36719251e-01
    4.47368286e+02 4.49929810e+02 7.17727005e-01</data></hand_right_0>
</opencv_storage>
