<?xml version="1.0"?>
<opencv_storage>
<pose_0 type_id="opencv-nd-matrix">
  <sizes>
    1 18 3</sizes>
  <dt>f</dt>
  <data>
    4.30428650e+02 1.42859573e+02 8.67110848e-01 4.46161530e+02
    9.58702087e+01 7.93849766e-01 3.54173492e+02 9.97519379e+01
    7.26832867e-01 4.10891479e+02 2.64100952e+02 8.00474167e-01
    4.59822113e+02 4.01092468e+02 7.91827857e-01 5.41944153e+02
    9.78564758e+01 7.16586590e-01 5.10718872e+02 2.73873749e+02
    8.36960316e-01 4.92996429e+02 4.14751465e+02 5.32717109e-01
    3.79568970e+02 2.91529449e+02 4.37368274e-01 3.30675629e+02
    4.46062988e+02 5.65478623e-01 3.01316437e+02 4.94993408e+02
    1.07571706e-01 4.75467926e+02 3.01291199e+02 4.70996469e-01
    5.08649933e+02 4.14744385e+02 1.31809205e-01 0. 0. 0. 4.12760712e+02
    1.21275925e+02 7.72106171e-01 4.48054291e+02 1.19355362e+02
    7.81475246e-01 3.81604004e+02 1.01687485e+02 2.15496510e-01
    4.91109589e+02 5.67792244e+01 7.05370605e-01</data></pose_0>
</opencv_storage>
