<?xml version="1.0"?>
<opencv_storage>
<pose_0 type_id="opencv-nd-matrix">
  <sizes>
    1 18 3</sizes>
  <dt>f</dt>
  <data>
    5.04772705e+02 1.62340057e+02 8.08246374e-01 4.71516144e+02
    1.01733078e+02 7.38259017e-01 3.65897186e+02 9.98317795e+01
    6.89479887e-01 4.06984558e+02 2.85665375e+02 6.13968015e-01
    4.59671661e+02 4.12744873e+02 8.62496734e-01 5.71262878e+02
    1.05638573e+02 6.68557763e-01 5.36022217e+02 3.03166962e+02
    7.80910254e-01 4.95042206e+02 4.18701263e+02 6.46198094e-01
    3.77583038e+02 2.87632813e+02 4.29383665e-01 3.24798370e+02
    4.30491791e+02 5.40655732e-01 2.79781921e+02 4.81311279e+02
    1.08898737e-01 4.87181641e+02 3.05202301e+02 4.37672287e-01
    5.43885010e+02 4.53917419e+02 1.89741686e-01 0. 0. 0. 4.91099243e+02
    1.46633194e+02 7.83116102e-01 5.18510254e+02 1.38947495e+02
    5.58331370e-01 4.28449738e+02 8.41118927e+01 7.70011902e-01
    5.40037048e+02 8.81122818e+01 7.02133924e-02</data></pose_0>
</opencv_storage>
