<?xml version="1.0"?>
<opencv_storage>
<hand_right_0 type_id="opencv-nd-matrix">
  <sizes>
    1 21 3</sizes>
  <dt>f</dt>
  <data>
    4.59553314e+02 4.12300812e+02 5.05761981e-01 4.76691681e+02
    4.20155884e+02 6.86699450e-01 4.95258209e+02 4.27296844e+02
    6.60786211e-01 5.06683777e+02 4.36580109e+02 7.79862583e-01
    5.17395264e+02 4.44435211e+02 7.16831088e-01 4.84546753e+02
    4.35866028e+02 5.89570463e-01 4.94544128e+02 4.50147980e+02
    7.36128807e-01 5.03113281e+02 4.65144043e+02 8.05224657e-01
    5.06683777e+02 4.75855499e+02 8.51783156e-01 4.69550690e+02
    4.37294220e+02 7.08028853e-01 4.77405762e+02 4.53004364e+02
    7.06207335e-01 4.87403137e+02 4.67286316e+02 7.22523034e-01
    4.94544128e+02 4.80140076e+02 8.47969055e-01 4.54554657e+02
    4.42292908e+02 6.41620576e-01 4.58125122e+02 4.53004364e+02
    6.89840496e-01 4.62409729e+02 4.68714508e+02 7.87190795e-01
    4.68122498e+02 4.79425995e+02 6.72626257e-01 4.40272675e+02
    4.43006989e+02 6.56398714e-01 4.37416290e+02 4.56574860e+02
    7.85490155e-01 4.41700897e+02 4.68000427e+02 7.09810078e-01
    4.45271362e+02 4.77997803e+02 7.36660480e-01</data></hand_right_0>
</opencv_storage>
