<?xml version="1.0"?>
<opencv_storage>
<hand_left_0 type_id="opencv-nd-matrix">
  <sizes>
    1 21 3</sizes>
  <dt>f</dt>
  <data>
    4.61171265e+02 4.08006836e+02 5.31244993e-01 4.49479767e+02
    4.20347870e+02 6.32143795e-01 4.39736847e+02 4.39184174e+02
    5.69732726e-01 4.26746277e+02 4.45679443e+02 6.45363092e-01
    4.15054779e+02 4.53473785e+02 7.06909001e-01 4.55325531e+02
    4.39833710e+02 5.54621279e-01 4.43634003e+02 4.49576630e+02
    4.93223637e-01 4.42334961e+02 4.61268127e+02 7.44526803e-01
    4.42984467e+02 4.72959656e+02 7.10843742e-01 4.69615143e+02
    4.35936523e+02 7.28790522e-01 4.80007599e+02 4.56071899e+02
    4.09765154e-01 4.63769379e+02 4.66464355e+02 5.63164115e-01
    4.59222687e+02 4.81403503e+02 6.99101388e-01 4.85203827e+02
    4.32688904e+02 7.27741838e-01 4.94946747e+02 4.50875671e+02
    7.32870877e-01 5.00792480e+02 4.63866241e+02 7.08569348e-01
    5.05339203e+02 4.75557770e+02 7.78081417e-01 5.00142975e+02
    4.25544098e+02 7.82541931e-01 5.09236359e+02 4.40483246e+02
    6.95820510e-01 5.14432556e+02 4.45029938e+02 6.92616999e-01
    5.17680237e+02 4.48927094e+02 5.29137135e-01</data></hand_left_0>
</opencv_storage>
