<?xml version="1.0"?>
<opencv_storage>
<hand_left_0 type_id="opencv-nd-matrix">
  <sizes>
    1 21 3</sizes>
  <dt>f</dt>
  <data>
    4.61658081e+02 3.89287689e+02 5.40722013e-01 4.50148224e+02
    4.02076416e+02 6.31561875e-01 4.40556671e+02 4.21259491e+02
    5.82004488e-01 4.27128510e+02 4.31490479e+02 7.46675611e-01
    4.15618652e+02 4.38524292e+02 8.42101753e-01 4.56542572e+02
    4.18701752e+02 5.84197044e-01 4.43114410e+02 4.27653870e+02
    4.54595298e-01 4.43114410e+02 4.42360901e+02 6.66458905e-01
    4.45672180e+02 4.54510193e+02 7.18837082e-01 4.71249634e+02
    4.14225708e+02 6.76611125e-01 4.78283417e+02 4.32769348e+02
    4.92322832e-01 4.62936951e+02 4.46197510e+02 6.62438810e-01
    4.57821442e+02 4.60904572e+02 7.04080105e-01 4.85956665e+02
    4.11667969e+02 6.30527616e-01 4.94269318e+02 4.29572174e+02
    6.61807895e-01 5.01303131e+02 4.42360901e+02 5.73300540e-01
    5.04500305e+02 4.53231323e+02 7.46458769e-01 5.00024261e+02
    4.06552460e+02 7.50737190e-01 5.08336914e+02 4.16144012e+02
    6.73336983e-01 5.13452393e+02 4.21259491e+02 6.92674041e-01
    5.16649597e+02 4.24456696e+02 6.23250008e-01</data></hand_left_0>
</opencv_storage>
