<?xml version="1.0"?>
<opencv_storage>
<pose_0 type_id="opencv-nd-matrix">
  <sizes>
    1 18 3</sizes>
  <dt>f</dt>
  <data>
    4.87174408e+02 1.19350555e+02 6.63726449e-01 4.67585602e+02
    7.04041138e+01 8.08727324e-01 3.67802185e+02 6.84332504e+01
    6.66173041e-01 4.14803040e+02 2.58194580e+02 7.75465727e-01
    4.59754211e+02 3.83538513e+02 8.69883120e-01 5.69255798e+02
    8.21180191e+01 6.70380473e-01 5.24441956e+02 2.68044220e+02
    7.91987777e-01 4.91094666e+02 3.99086761e+02 5.68407834e-01
    3.77625549e+02 2.83710632e+02 3.72586370e-01 3.22833649e+02
    4.30454956e+02 4.68314022e-01 0. 0. 0. 4.85208282e+02 2.97403931e+02
    4.17437345e-01 5.24343628e+02 3.97145691e+02 8.57000574e-02 0. 0. 0.
    4.77408386e+02 1.03656151e+02 6.13861322e-01 5.00865723e+02
    1.05636589e+02 4.29945201e-01 4.46066498e+02 6.26267891e+01
    2.63514966e-01 5.26396790e+02 6.25976219e+01 1.53102547e-01</data></pose_0>
</opencv_storage>
