<?xml version="1.0"?>
<opencv_storage>
<pose_0 type_id="opencv-nd-matrix">
  <sizes>
    1 18 3</sizes>
  <dt>f</dt>
  <data>
    4.98893707e+02 1.33018631e+02 7.99460769e-01 4.63735901e+02
    8.41842117e+01 7.69201219e-01 3.65914246e+02 8.40907288e+01
    6.82009757e-01 4.08912567e+02 2.68002808e+02 6.71138704e-01
    4.59694855e+02 3.97240387e+02 8.95376563e-01 5.71240967e+02
    9.38953857e+01 6.60689890e-01 5.24431580e+02 2.89534271e+02
    7.39309669e-01 4.94974701e+02 4.08932312e+02 5.96000612e-01
    3.77605804e+02 2.89603424e+02 4.25666362e-01 3.26766327e+02
    4.30421906e+02 4.98652488e-01 2.75883453e+02 4.85229828e+02
    9.70394462e-02 4.91020844e+02 3.11078583e+02 4.28324699e-01
    5.47820007e+02 4.46106628e+02 1.53619602e-01 0. 0. 0. 4.89091888e+02
    1.15355377e+02 7.48277962e-01 5.12627625e+02 1.15359230e+02
    6.15735531e-01 4.30408936e+02 5.87366867e+01 4.74270105e-01
    5.39855713e+02 6.26166077e+01 5.76174483e-02</data></pose_0>
</opencv_storage>
