<?xml version="1.0"?>
<opencv_storage>
<hand_left_0 type_id="opencv-nd-matrix">
  <sizes>
    1 21 3</sizes>
  <dt>f</dt>
  <data>
    4.58980408e+02 3.91108215e+02 5.41245401e-01 4.47110229e+02
    4.05073151e+02 6.28005862e-01 4.36636505e+02 4.21831085e+02
    4.67643976e-01 4.25464569e+02 4.28115326e+02 3.72513354e-01
    4.16387360e+02 4.32304779e+02 5.78434944e-01 4.47110229e+02
    4.16245117e+02 5.52251101e-01 4.40825989e+02 4.29511810e+02
    6.70126319e-01 4.41524231e+02 4.44174988e+02 7.43236303e-01
    4.43618988e+02 4.55346954e+02 7.56114006e-01 4.63868134e+02
    4.14150360e+02 6.32761657e-01 4.58282166e+02 4.30908295e+02
    5.73036253e-01 4.58980408e+02 4.44873230e+02 6.30482733e-01
    4.58980408e+02 4.59536407e+02 7.34796345e-01 4.81324310e+02
    4.10659149e+02 6.52206123e-01 4.92496277e+02 4.27417053e+02
    5.35560250e-01 4.86910278e+02 4.42778503e+02 5.00350475e-01
    5.03668213e+02 4.49760956e+02 5.31541109e-01 4.97384003e+02
    4.03676666e+02 6.99851215e-01 5.04366455e+02 4.07866150e+02
    7.40310013e-01 5.11348938e+02 4.14848633e+02 7.34455884e-01
    5.17633179e+02 4.21831085e+02 7.10632563e-01</data></hand_left_0>
</opencv_storage>
