<?xml version="1.0"?>
<opencv_storage>
<hand_left_0 type_id="opencv-nd-matrix">
  <sizes>
    1 21 3</sizes>
  <dt>f</dt>
  <data>
    4.62573120e+02 4.32831909e+02 5.55716157e-01 4.49654358e+02
    4.43289948e+02 6.47135258e-01 4.39811493e+02 4.58054260e+02
    6.27975225e-01 4.37350769e+02 4.72203369e+02 5.12685061e-01
    4.40426666e+02 4.83276611e+02 3.44600916e-01 4.55806152e+02
    4.58054260e+02 6.31080449e-01 4.57036499e+02 4.67281952e+02
    2.54953682e-01 4.44117737e+02 4.82046234e+02 2.57483035e-01
    4.43502563e+02 4.92504272e+02 3.72626156e-01 4.71185638e+02
    4.54363190e+02 7.26226330e-01 4.82258850e+02 4.77124817e+02
    4.90053415e-01 4.63803497e+02 4.82661407e+02 4.19427663e-01
    4.63188293e+02 4.90658752e+02 4.82219636e-01 4.86565125e+02
    4.53747986e+02 6.53010249e-01 4.93947266e+02 4.72203369e+02
    6.74652457e-01 4.98253510e+02 4.83276611e+02 6.28494084e-01
    5.02559753e+02 4.93734650e+02 7.42895722e-01 5.00099060e+02
    4.48826569e+02 7.43167043e-01 5.08711548e+02 4.63590881e+02
    7.08158076e-01 5.13017822e+02 4.67897125e+02 5.06098092e-01
    5.16708862e+02 4.71588196e+02 3.08641821e-01</data></hand_left_0>
</opencv_storage>
