<?xml version="1.0"?>
<opencv_storage>
<hand_right_0 type_id="opencv-nd-matrix">
  <sizes>
    1 21 3</sizes>
  <dt>f</dt>
  <data>
    4.56365540e+02 4.19408783e+02 5.62115073e-01 4.74744293e+02
    4.24356903e+02 6.71284795e-01 4.93829895e+02 4.30011902e+02
    6.78480148e-01 5.05139893e+02 4.37787506e+02 7.42130935e-01
    5.15742981e+02 4.46270020e+02 7.39148736e-01 4.83226776e+02
    4.39201263e+02 6.52853072e-01 4.93829895e+02 4.53338745e+02
    7.77810454e-01 5.02312378e+02 4.66769379e+02 7.89653480e-01
    5.06553619e+02 4.77372498e+02 8.18339050e-01 4.67675537e+02
    4.42028778e+02 7.30520844e-01 4.76158020e+02 4.55459381e+02
    7.14273691e-01 4.86761139e+02 4.70303741e+02 7.72633791e-01
    4.95243652e+02 4.83027496e+02 8.37118924e-01 4.52831177e+02
    4.46976898e+02 6.59260035e-01 4.56365540e+02 4.57580017e+02
    6.72192216e-01 4.60606781e+02 4.73131256e+02 7.72687793e-01
    4.64848022e+02 4.86561859e+02 7.18996108e-01 4.37279938e+02
    4.47683746e+02 6.73978984e-01 4.36573059e+02 4.62528137e+02
    8.36321115e-01 4.40107422e+02 4.74544983e+02 7.29302108e-01
    4.42228058e+02 4.83734375e+02 7.57497132e-01</data></hand_right_0>
</opencv_storage>
