<?xml version="1.0"?>
<opencv_storage>
<pose_0 type_id="opencv-nd-matrix">
  <sizes>
    1 18 3</sizes>
  <dt>f</dt>
  <data>
    4.44066254e+02 1.11476807e+02 8.04532886e-01 4.61779816e+02
    7.23724136e+01 7.78443933e-01 3.67824066e+02 7.04939880e+01
    7.29135275e-01 4.14712006e+02 2.60265808e+02 7.64178813e-01
    4.59738037e+02 3.87365875e+02 8.43580425e-01 5.69356873e+02
    8.40898361e+01 6.72415137e-01 5.32155212e+02 2.71895508e+02
    7.61178255e-01 4.96928955e+02 3.97115631e+02 5.92610300e-01
    3.81475098e+02 2.89568604e+02 4.51192081e-01 3.22860779e+02
    4.30385559e+02 5.03798246e-01 2.81733551e+02 4.83266022e+02
    6.59825951e-02 4.89099274e+02 3.05199615e+02 4.30758297e-01
    5.22390808e+02 3.93273682e+02 6.79991692e-02 0. 0. 0. 4.26504761e+02
    8.60147247e+01 7.50091374e-01 4.61806335e+02 8.80706329e+01
    7.39153206e-01 4.01101440e+02 5.47939568e+01 1.69500977e-01
    5.08657013e+02 3.91068115e+01 5.25527179e-01</data></pose_0>
</opencv_storage>
