<?xml version="1.0"?>
<opencv_storage>
<pose_0 type_id="opencv-nd-matrix">
  <sizes>
    1 18 3</sizes>
  <dt>f</dt>
  <data>
    4.63687805e+02 1.35047272e+02 7.33349323e-01 4.67631042e+02
    8.21813889e+01 7.85876095e-01 3.67886688e+02 7.63346252e+01
    6.65816307e-01 4.14701050e+02 2.70026825e+02 7.30332673e-01
    4.59781006e+02 3.99122406e+02 8.87964249e-01 5.71340454e+02
    9.39350052e+01 6.56634450e-01 5.26336853e+02 2.87586121e+02
    7.38407552e-01 4.93080109e+02 4.12779449e+02 5.54623961e-01
    3.81458466e+02 2.89572266e+02 4.21225190e-01 3.30631348e+02
    4.30503479e+02 4.75038320e-01 2.85652588e+02 4.85214081e+02
    1.18083954e-01 4.89150208e+02 3.05251678e+02 4.29967076e-01
    5.41935730e+02 4.34342896e+02 1.19627982e-01 0. 0. 0. 4.55824402e+02
    1.17380455e+02 6.16474330e-01 4.83299805e+02 1.19351349e+02
    5.85738659e-01 4.12854340e+02 4.30618896e+01 4.97565776e-01
    5.20433105e+02 6.06450806e+01 2.21498832e-01</data></pose_0>
</opencv_storage>
