<?xml version="1.0"?>
<opencv_storage>
<hand_right_0 type_id="opencv-nd-matrix">
  <sizes>
    1 21 3</sizes>
  <dt>f</dt>
  <data>
    4.56867310e+02 3.81960968e+02 6.08974159e-01 4.73750916e+02
    3.87588837e+02 7.17548907e-01 4.94151917e+02 3.93216705e+02
    6.44250751e-01 5.06111115e+02 4.01658478e+02 8.23189020e-01
    5.18070313e+02 4.10100281e+02 8.24074686e-01 4.83599670e+02
    4.03065460e+02 6.88474417e-01 4.94151917e+02 4.17838593e+02
    7.56919086e-01 5.01186737e+02 4.31204773e+02 8.46742153e-01
    5.06111115e+02 4.41053528e+02 9.03775036e-01 4.68123047e+02
    4.08693329e+02 7.57567644e-01 4.77268311e+02 4.20652527e+02
    6.56985760e-01 4.86413605e+02 4.35425690e+02 6.88629866e-01
    4.94855408e+02 4.47384888e+02 8.51339400e-01 4.53349884e+02
    4.12914215e+02 6.36253238e-01 4.56163818e+02 4.22762970e+02
    7.01335192e-01 4.61791687e+02 4.37536133e+02 8.66235971e-01
    4.66012604e+02 4.50198822e+02 6.77094758e-01 4.38576752e+02
    4.14321198e+02 7.12366581e-01 4.38576752e+02 4.26280396e+02
    8.46905053e-01 4.39280243e+02 4.36832642e+02 7.91125894e-01
    4.42094177e+02 4.46681396e+02 7.10835874e-01</data></hand_right_0>
</opencv_storage>
