<?xml version="1.0"?>
<opencv_storage>
<hand_left_0 type_id="opencv-nd-matrix">
  <sizes>
    1 21 3</sizes>
  <dt>f</dt>
  <data>
    4.56578186e+02 3.98651825e+02 5.46547890e-01 4.44174805e+02
    4.13244019e+02 6.33290827e-01 4.33960297e+02 4.33673065e+02
    5.02065599e-01 4.31771454e+02 4.44617218e+02 4.40882921e-01
    4.13531219e+02 4.42428375e+02 6.24654472e-01 4.50011688e+02
    4.29295410e+02 5.68877816e-01 4.39067535e+02 4.40969147e+02
    5.13902187e-01 4.40526764e+02 4.54102142e+02 5.96911013e-01
    4.43445190e+02 4.64316650e+02 7.27244139e-01 4.66063080e+02
    4.25647369e+02 6.28457129e-01 4.59496613e+02 4.42428375e+02
    4.15073484e-01 4.63144653e+02 4.56290955e+02 6.61349535e-01
    4.59496613e+02 4.69423920e+02 7.28552282e-01 4.80655273e+02
    4.20540100e+02 6.16560102e-01 4.91599426e+02 4.35132294e+02
    5.55817842e-01 4.88680969e+02 4.50454071e+02 5.09786427e-01
    4.93788239e+02 4.62857452e+02 5.66186607e-01 4.95247467e+02
    4.09595947e+02 6.48021162e-01 5.04002777e+02 4.13973602e+02
    8.02917242e-01 5.10569275e+02 4.18351288e+02 7.84149051e-01
    5.16406128e+02 4.25647369e+02 7.18644321e-01</data></hand_left_0>
</opencv_storage>
