<?xml version="1.0"?>
<opencv_storage>
<hand_left_0 type_id="opencv-nd-matrix">
  <sizes>
    1 21 3</sizes>
  <dt>f</dt>
  <data>
    4.63037079e+02 4.31681122e+02 5.52900851e-01 4.51177948e+02
    4.42354340e+02 6.21835709e-01 4.42283630e+02 4.56585266e+02
    6.02892280e-01 4.28645630e+02 4.67258484e+02 6.77413344e-01
    4.10856934e+02 4.72002136e+02 8.01488161e-01 4.56514557e+02
    4.55992310e+02 6.42163813e-01 4.44062500e+02 4.66072571e+02
    3.61356676e-01 4.45248413e+02 4.77931702e+02 4.62648392e-01
    4.42876587e+02 4.89790802e+02 5.73993325e-01 4.71338470e+02
    4.52434570e+02 6.65987611e-01 4.62444122e+02 4.67851440e+02
    2.79919147e-01 4.64222992e+02 4.80896484e+02 5.39596975e-01
    4.52956818e+02 4.95127411e+02 5.72990596e-01 4.86162384e+02
    4.52434570e+02 6.58100188e-01 4.95056702e+02 4.70816223e+02
    5.76457560e-01 4.99800354e+02 4.82675354e+02 4.33470041e-01
    5.03358093e+02 4.93348541e+02 5.34275591e-01 5.00986267e+02
    4.48283875e+02 7.18846679e-01 5.09287659e+02 4.61328918e+02
    6.55426919e-01 5.14031311e+02 4.65479614e+02 7.26967752e-01
    5.18182007e+02 4.65479614e+02 5.70835769e-01</data></hand_left_0>
</opencv_storage>
