<?xml version="1.0"?>
<opencv_storage>
<hand_left_0 type_id="opencv-nd-matrix">
  <sizes>
    1 21 3</sizes>
  <dt>f</dt>
  <data>
    4.61053162e+02 4.14981354e+02 4.99161243e-01 4.46633484e+02
    4.26517090e+02 6.28410220e-01 4.36539703e+02 4.45262665e+02
    5.96193910e-01 4.29329865e+02 4.53914459e+02 5.06212473e-01
    4.12747253e+02 4.53914459e+02 7.34682620e-01 4.50959381e+02
    4.44541687e+02 5.52041113e-01 4.40144623e+02 4.54635468e+02
    3.39740038e-01 4.41586609e+02 4.66892181e+02 5.33506930e-01
    4.44470520e+02 4.78427917e+02 7.33394504e-01 4.66821014e+02
    4.39494781e+02 6.76804245e-01 4.73309875e+02 4.56798401e+02
    4.29578900e-01 4.83403656e+02 4.71939056e+02 4.09239829e-01
    4.63216095e+02 4.83474792e+02 6.92014515e-01 4.80519714e+02
    4.36610870e+02 6.30651116e-01 4.90613495e+02 4.53914459e+02
    6.93885148e-01 4.97102325e+02 4.66892181e+02 7.00111330e-01
    5.02870209e+02 4.79869873e+02 6.58602715e-01 4.96381348e+02
    4.30842987e+02 7.81846285e-01 5.04312164e+02 4.35889862e+02
    7.76536345e-01 5.12242981e+02 4.41657745e+02 8.29310119e-01
    5.15847900e+02 4.48867584e+02 7.38659263e-01</data></hand_left_0>
</opencv_storage>
