<?xml version="1.0"?>
<opencv_storage>
<hand_right_0 type_id="opencv-nd-matrix">
  <sizes>
    1 21 3</sizes>
  <dt>f</dt>
  <data>
    4.56713196e+02 4.04352661e+02 5.79446256e-01 4.76065674e+02
    4.09881958e+02 6.92747772e-01 4.97491638e+02 4.17484711e+02
    6.87566638e-01 5.07859039e+02 4.24396301e+02 7.37281740e-01
    5.16152954e+02 4.29925568e+02 7.49406457e-01 4.82286102e+02
    4.23705139e+02 6.47610128e-01 4.93344666e+02 4.39601807e+02
    8.05810928e-01 5.02329742e+02 4.52042694e+02 8.31696749e-01
    5.07859039e+02 4.63101257e+02 8.86330605e-01 4.68462921e+02
    4.29234436e+02 7.11871326e-01 4.77447998e+02 4.43748779e+02
    6.84149683e-01 4.87124237e+02 4.56880829e+02 7.23249376e-01
    4.96800476e+02 4.68630554e+02 8.77281427e-01 4.53948547e+02
    4.32690216e+02 6.34282887e-01 4.57404358e+02 4.44439941e+02
    6.55205488e-01 4.61551300e+02 4.58954315e+02 7.84102023e-01
    4.66389435e+02 4.72086334e+02 7.70836055e-01 4.38743042e+02
    4.34072540e+02 6.65714025e-01 4.38051880e+02 4.47895752e+02
    8.26262653e-01 4.38743042e+02 4.57571991e+02 8.16001654e-01
    4.42198822e+02 4.68630554e+02 8.49303126e-01</data></hand_right_0>
</opencv_storage>
