<?xml version="1.0"?>
<opencv_storage>
<hand_left_0 type_id="opencv-nd-matrix">
  <sizes>
    1 21 3</sizes>
  <dt>f</dt>
  <data>
    4.61935394e+02 4.24396362e+02 5.74394405e-01 4.46937164e+02
    4.37251984e+02 6.59011304e-01 4.35509918e+02 4.55107025e+02
    5.83772004e-01 4.24082703e+02 4.59392242e+02 5.61189473e-01
    4.12655487e+02 4.63677460e+02 8.05512428e-01 4.51222351e+02
    4.54392822e+02 5.25646508e-01 4.40509338e+02 4.64391663e+02
    5.60358524e-01 4.40509338e+02 4.77247284e+02 7.60815501e-01
    4.44080353e+02 4.88674500e+02 7.74840891e-01 4.65506409e+02
    4.50821808e+02 6.43424749e-01 4.59078583e+02 4.67962646e+02
    4.43023711e-01 4.61221191e+02 4.80818298e+02 5.14881074e-01
    4.63363800e+02 4.93673920e+02 7.95223653e-01 4.81218842e+02
    4.46536621e+02 6.65992558e-01 4.90503448e+02 4.62249054e+02
    6.36180639e-01 4.97645477e+02 4.75818878e+02 6.52061701e-01
    5.04073273e+02 4.87960297e+02 6.06549323e-01 4.96931274e+02
    4.37966187e+02 6.68982506e-01 5.04787476e+02 4.41537201e+02
    8.13003182e-01 5.12643677e+02 4.48679199e+02 8.03575635e-01
    5.19071533e+02 4.57249634e+02 7.54284859e-01</data></hand_left_0>
</opencv_storage>
