<?xml version="1.0"?>
<opencv_storage>
<hand_left_0 type_id="opencv-nd-matrix">
  <sizes>
    1 21 3</sizes>
  <dt>f</dt>
  <data>
    4.63499756e+02 4.35536804e+02 4.87550110e-01 4.52496368e+02
    4.44802826e+02 5.28724730e-01 4.44388611e+02 4.55227112e+02
    5.89844525e-01 4.38597321e+02 4.69705261e+02 6.79951549e-01
    4.18327911e+02 4.74338287e+02 6.68046355e-01 4.57708496e+02
    4.54647980e+02 3.53897333e-01 4.54233734e+02 4.73180023e+02
    4.64611471e-01 4.56550262e+02 4.84762573e+02 5.47139764e-01
    4.56550262e+02 4.89395569e+02 4.92136329e-01 4.73924042e+02
    4.52331482e+02 5.61635077e-01 4.72765778e+02 4.72021790e+02
    4.70507056e-01 4.72765778e+02 4.77813049e+02 4.79870886e-01
    4.84927429e+02 4.92291199e+02 5.40404320e-01 4.90139587e+02
    4.50594116e+02 6.16503954e-01 4.99984741e+02 4.64493134e+02
    4.85593826e-01 5.08092499e+02 4.76654785e+02 5.70694208e-01
    4.99984741e+02 4.87658203e+02 6.31899357e-01 5.03459473e+02
    4.47698486e+02 7.52007842e-01 5.13304626e+02 4.56964478e+02
    6.94076300e-01 5.18516785e+02 4.62176636e+02 7.49518871e-01
    5.23728882e+02 4.66809631e+02 7.36344218e-01</data></hand_left_0>
</opencv_storage>
