<?xml version="1.0"?>
<opencv_storage>
<hand_right_0 type_id="opencv-nd-matrix">
  <sizes>
    1 21 3</sizes>
  <dt>f</dt>
  <data>
    4.62420349e+02 4.29761383e+02 6.60426021e-01 4.79668671e+02
    4.35921478e+02 6.82081044e-01 4.99997040e+02 4.45161652e+02
    7.61134982e-01 5.08005188e+02 4.59329926e+02 7.36140847e-01
    5.17861389e+02 4.68570099e+02 8.33341002e-01 4.87676819e+02
    4.52553802e+02 7.20647752e-01 4.96300964e+02 4.69186096e+02
    8.02620590e-01 5.01845093e+02 4.83354370e+02 8.12968731e-01
    5.03693115e+02 4.93826569e+02 9.27143633e-01 4.72892548e+02
    4.54401825e+02 7.52871633e-01 4.81516693e+02 4.73498199e+02
    5.28097391e-01 4.86444794e+02 4.87050446e+02 6.09962881e-01
    4.87676819e+02 4.95058594e+02 5.11559665e-01 4.58108276e+02
    4.58713898e+02 7.42996693e-01 4.59956299e+02 4.75962219e+02
    4.27373290e-01 4.62420349e+02 4.84586395e+02 4.77283925e-01
    4.57492249e+02 4.98138641e+02 5.84119558e-01 4.43324005e+02
    4.57481903e+02 6.87333941e-01 4.40859955e+02 4.67954071e+02
    7.29593992e-01 4.39011902e+02 4.74730194e+02 7.09989846e-01
    4.38395905e+02 4.84586395e+02 7.82576799e-01</data></hand_right_0>
</opencv_storage>
