<?xml version="1.0"?>
<opencv_storage>
<hand_left_0 type_id="opencv-nd-matrix">
  <sizes>
    1 21 3</sizes>
  <dt>f</dt>
  <data>
    4.59873322e+02 4.21602905e+02 5.25527954e-01 4.47113953e+02
    4.33653381e+02 6.31023467e-01 4.35772308e+02 4.50665863e+02
    5.13409436e-01 4.24430664e+02 4.56336670e+02 6.37212634e-01
    4.13797882e+02 4.60589783e+02 8.16428900e-01 4.47113953e+02
    4.49248138e+02 4.82357204e-01 4.40734283e+02 4.61298645e+02
    6.59180880e-01 4.40734283e+02 4.74766846e+02 7.98345208e-01
    4.42860840e+02 4.85399628e+02 7.96408117e-01 4.63417572e+02
    4.46412750e+02 6.20830417e-01 4.58455597e+02 4.63425201e+02
    5.51285446e-01 4.59873322e+02 4.77602264e+02 5.98085642e-01
    4.61999878e+02 4.90361603e+02 8.00100207e-01 4.81138885e+02
    4.43577332e+02 5.99791288e-01 4.89645111e+02 4.59172089e+02
    6.10912025e-01 4.97442505e+02 4.72640289e+02 6.24307036e-01
    5.03113312e+02 4.84690796e+02 5.67200303e-01 4.96733643e+02
    4.35779938e+02 6.73591018e-01 5.04531036e+02 4.39324219e+02
    8.20981443e-01 5.11619568e+02 4.45703888e+02 8.09431076e-01
    5.17290405e+02 4.54210114e+02 7.26453364e-01</data></hand_left_0>
</opencv_storage>
