<?xml version="1.0"?>
<opencv_storage>
<hand_right_0 type_id="opencv-nd-matrix">
  <sizes>
    1 21 3</sizes>
  <dt>f</dt>
  <data>
    4.60283661e+02 4.13616486e+02 5.40440917e-01 4.78193512e+02
    4.19347626e+02 6.78830385e-01 4.99685303e+02 4.25795166e+02
    7.05263197e-01 5.11147614e+02 4.34391907e+02 7.19870389e-01
    5.17595154e+02 4.42272247e+02 7.58897245e-01 4.87506622e+02
    4.34391907e+02 6.76688731e-01 4.96819733e+02 4.48719788e+02
    7.55991518e-01 5.05416473e+02 4.60898468e+02 8.31981599e-01
    5.11147614e+02 4.71644379e+02 9.10026371e-01 4.71029572e+02
    4.37257477e+02 7.45366931e-01 4.80342682e+02 4.50152557e+02
    6.56351924e-01 4.89655792e+02 4.65196838e+02 7.84964919e-01
    4.98968933e+02 4.77375519e+02 8.99911463e-01 4.55268921e+02
    4.40839447e+02 5.92637300e-01 4.60283661e+02 4.53018127e+02
    7.10698843e-01 4.65298431e+02 4.66629608e+02 7.78824091e-01
    4.67447601e+02 4.78091919e+02 7.11861134e-01 4.42373810e+02
    4.42272247e+02 6.68829322e-01 4.40941040e+02 4.55167328e+02
    7.87192166e-01 4.42373810e+02 4.65913239e+02 7.98816860e-01
    4.45239410e+02 4.76659119e+02 7.68878102e-01</data></hand_right_0>
</opencv_storage>
