<?xml version="1.0"?>
<opencv_storage>
<hand_right_0 type_id="opencv-nd-matrix">
  <sizes>
    1 21 3</sizes>
  <dt>f</dt>
  <data>
    4.59404205e+02 4.15623077e+02 5.75747013e-01 4.76798706e+02
    4.23595581e+02 7.03161001e-01 4.97092316e+02 4.32292847e+02
    6.60762429e-01 5.07239105e+02 4.40990082e+02 7.72935092e-01
    5.18110657e+02 4.51861664e+02 8.08931708e-01 4.84046417e+02
    4.40265320e+02 6.03753805e-01 4.93468445e+02 4.56210297e+02
    7.30700135e-01 4.99991394e+02 4.69980957e+02 8.27738047e-01
    5.04340027e+02 4.80852509e+02 8.68498862e-01 4.69550995e+02
    4.43164398e+02 6.88724518e-01 4.76798706e+02 4.57659821e+02
    6.60510361e-01 4.83321655e+02 4.73604797e+02 7.63524115e-01
    4.89844604e+02 4.85925903e+02 8.73722792e-01 4.54330780e+02
    4.46063477e+02 7.18284905e-01 4.57954651e+02 4.57659821e+02
    6.72914803e-01 4.60853729e+02 4.74329590e+02 8.42668295e-01
    4.64477600e+02 4.85925903e+02 7.98448265e-01 4.38385834e+02
    4.46788269e+02 6.75338924e-01 4.36936279e+02 4.61283691e+02
    8.16839695e-01 4.38385834e+02 4.70705719e+02 7.29496241e-01
    4.42009674e+02 4.80852509e+02 7.21551120e-01</data></hand_right_0>
</opencv_storage>
