<?xml version="1.0"?>
<opencv_storage>
<pose_0 type_id="opencv-nd-matrix">
  <sizes>
    1 18 3</sizes>
  <dt>f</dt>
  <data>
    5.00906219e+02 1.01738335e+02 8.01521420e-01 4.61757355e+02
    7.04910126e+01 7.06990004e-01 3.67768799e+02 7.04409256e+01
    6.44813359e-01 4.12811829e+02 2.58246735e+02 7.41343439e-01
    4.57847961e+02 3.83570404e+02 8.35798204e-01 5.69322693e+02
    8.21347351e+01 6.63468361e-01 5.24412170e+02 2.71878448e+02
    7.61406541e-01 4.95028442e+02 3.91317810e+02 5.95305681e-01
    3.79578918e+02 2.93472839e+02 4.28003967e-01 3.24794098e+02
    4.28474091e+02 5.30617476e-01 2.19126999e+02 4.93042145e+02
    1.19598828e-01 4.91034363e+02 3.09126343e+02 4.09320623e-01
    5.22395569e+02 3.99120789e+02 7.33775347e-02 0. 0. 0. 4.91045685e+02
    8.21639252e+01 7.06380963e-01 5.20434631e+02 7.82590408e+01
    6.25069261e-01 4.34360687e+02 3.32660828e+01 3.23175341e-01 0. 0. 0.</data></pose_0>
</opencv_storage>
