<?xml version="1.0"?>
<opencv_storage>
<pose_0 type_id="opencv-nd-matrix">
  <sizes>
    1 18 3</sizes>
  <dt>f</dt>
  <data>
    4.98932861e+02 1.01773918e+02 8.06278825e-01 4.61737701e+02
    6.85077057e+01 7.17095256e-01 3.67790436e+02 6.85369873e+01
    6.53049052e-01 4.14713074e+02 2.56274353e+02 7.28593826e-01
    4.59718353e+02 3.81559784e+02 8.42236757e-01 5.69291687e+02
    7.82412262e+01 6.60904586e-01 5.24401978e+02 2.71889984e+02
    7.82554209e-01 4.96950531e+02 3.87388550e+02 5.67703724e-01
    3.81481720e+02 2.93483337e+02 4.28711742e-01 3.28675690e+02
    4.30410553e+02 5.28473139e-01 0. 0. 0. 4.91061157e+02 3.05210754e+02
    4.20876324e-01 5.22417480e+02 3.89369141e+02 6.76986426e-02 0. 0. 0.
    4.89070007e+02 8.21925659e+01 7.31934369e-01 5.16536499e+02
    8.02352524e+01 6.64494812e-01 4.36298706e+02 4.10811348e+01
    2.63890445e-01 0. 0. 0.</data></pose_0>
</opencv_storage>
