<?xml version="1.0"?>
<opencv_storage>
<hand_right_0 type_id="opencv-nd-matrix">
  <sizes>
    1 21 3</sizes>
  <dt>f</dt>
  <data>
    4.61950989e+02 4.14072906e+02 6.85111165e-01 4.79760284e+02
    4.22341522e+02 7.16320753e-01 4.99477722e+02 4.31882202e+02
    7.63124764e-01 5.07746338e+02 4.44603149e+02 7.66412139e-01
    5.17287048e+02 4.53507782e+02 7.78551340e-01 4.87392853e+02
    4.38878723e+02 7.85835087e-01 4.96297485e+02 4.57324066e+02
    7.77570426e-01 5.00749817e+02 4.69408966e+02 8.06433797e-01
    5.03294006e+02 4.80221741e+02 9.25185382e-01 4.72127716e+02
    4.40786865e+02 7.99526274e-01 4.80396332e+02 4.59868256e+02
    6.76581860e-01 4.84848663e+02 4.73861298e+02 6.10462904e-01
    4.87392853e+02 4.82765930e+02 5.23237169e-01 4.57498657e+02
    4.43967102e+02 7.71029890e-01 4.59406799e+02 4.58596161e+02
    5.77764869e-01 4.61314941e+02 4.71317108e+02 6.85177922e-01
    4.58770752e+02 4.85946167e+02 7.29186118e-01 4.42233551e+02
    4.43331055e+02 6.42106831e-01 4.41597504e+02 4.55415924e+02
    7.46003866e-01 4.41597504e+02 4.65592682e+02 7.84241974e-01
    4.41597504e+02 4.75769440e+02 7.26005793e-01</data></hand_right_0>
</opencv_storage>
