<?xml version="1.0"?>
<opencv_storage>
<pose_0 type_id="opencv-nd-matrix">
  <sizes>
    1 18 3</sizes>
  <dt>f</dt>
  <data>
    4.03035156e+02 1.46784424e+02 8.35614562e-01 4.38246735e+02
    1.05633087e+02 7.00577796e-01 3.52166595e+02 1.11537804e+02
    7.75580645e-01 4.12806458e+02 2.71988342e+02 8.41986954e-01
    4.59830170e+02 4.12814819e+02 8.28429937e-01 5.39976807e+02
    1.09574661e+02 6.80551887e-01 5.10686859e+02 2.85657440e+02
    8.28891873e-01 4.91128632e+02 4.28477264e+02 5.97093999e-01
    3.73707794e+02 3.11099731e+02 3.95522714e-01 3.20945435e+02
    4.61769562e+02 3.70140910e-01 2.79774292e+02 5.04783020e+02
    7.14050978e-02 4.73464752e+02 3.15005341e+02 4.35489267e-01
    5.10655945e+02 4.18728424e+02 1.00686871e-01 0. 0. 0. 3.83491089e+02
    1.27144997e+02 8.12351763e-01 4.20670776e+02 1.25234138e+02
    7.38699138e-01 3.65827118e+02 1.01779495e+02 5.59499003e-02
    4.73433838e+02 7.04191818e+01 9.21742260e-01</data></pose_0>
</opencv_storage>
