<?xml version="1.0"?>
<opencv_storage>
<hand_left_0 type_id="opencv-nd-matrix">
  <sizes>
    2 21 3</sizes>
  <dt>f</dt>
  <data>
    4.59187195e+02 4.03596497e+02 5.34341991e-01 4.46672821e+02
    4.16806122e+02 6.12617254e-01 4.36939423e+02 4.35577667e+02
    4.46706653e-01 4.30682251e+02 4.47396790e+02 4.50506091e-01
    4.13996429e+02 4.48092041e+02 7.62906849e-01 4.48758545e+02
    4.32101440e+02 5.23805737e-01 4.39720398e+02 4.46006287e+02
    6.17229164e-01 4.40415619e+02 4.57825409e+02 6.68313503e-01
    4.43891846e+02 4.66863586e+02 7.36555815e-01 4.64053894e+02
    4.27929993e+02 6.42826378e-01 4.57796692e+02 4.43225342e+02
    5.06922722e-01 4.63358643e+02 4.59215912e+02 6.47117019e-01
    4.62663391e+02 4.71035034e+02 7.59890020e-01 4.80739685e+02
    4.23758545e+02 5.96518695e-01 4.91863586e+02 4.39749115e+02
    5.71712852e-01 5.00206482e+02 4.52958740e+02 5.76987803e-01
    5.05073181e+02 4.64082611e+02 6.27060056e-01 4.96035034e+02
    4.14720398e+02 7.18539357e-01 5.06463684e+02 4.20977570e+02
    7.89808571e-01 5.13416077e+02 4.27234741e+02 8.19813848e-01
    5.18978027e+02 4.34882416e+02 7.37272739e-01 0. 0. 0. 0. 0. 0. 0. 0.
    0. 0. 0. 0. 0. 0. 0. 0. 0. 0. 0. 0. 0. 0. 0. 0. 0. 0. 0. 0. 0. 0. 0.
    0. 0. 0. 0. 0. 0. 0. 0. 0. 0. 0. 0. 0. 0. 0. 0. 0. 0. 0. 0. 0. 0. 0.
    0. 0. 0. 0. 0. 0. 0. 0. 0.</data></hand_left_0>
</opencv_storage>
