<?xml version="1.0"?>
<opencv_storage>
<pose_0 type_id="opencv-nd-matrix">
  <sizes>
    1 18 3</sizes>
  <dt>f</dt>
  <data>
    4.98934601e+02 1.21300362e+02 7.75785148e-01 4.61822144e+02
    8.02035675e+01 7.37320423e-01 3.65835876e+02 8.01992264e+01
    6.63425148e-01 4.10865570e+02 2.66065063e+02 7.24737048e-01
    4.59680023e+02 3.95178192e+02 8.50773633e-01 5.69386597e+02
    8.80354309e+01 6.81451797e-01 5.24453674e+02 2.83686035e+02
    7.36256301e-01 4.96936523e+02 3.99177155e+02 6.49397790e-01
    3.77621002e+02 3.01286041e+02 4.13283348e-01 3.24792572e+02
    4.30501312e+02 4.20112848e-01 2.79782593e+02 4.85219910e+02
    9.86332893e-02 4.93002380e+02 3.13061218e+02 4.06444043e-01
    5.45851196e+02 4.30439392e+02 6.97268248e-02 0. 0. 0. 4.85223785e+02
    1.01679268e+02 7.41299570e-01 5.16536011e+02 9.97792664e+01
    7.21817076e-01 4.28414459e+02 5.27549515e+01 5.82545042e-01 0. 0. 0.</data></pose_0>
</opencv_storage>
