<?xml version="1.0"?>
<opencv_storage>
<pose_0 type_id="opencv-nd-matrix">
  <sizes>
    1 18 3</sizes>
  <dt>f</dt>
  <data>
    4.65670685e+02 1.50720078e+02 6.85500205e-01 4.67599274e+02
    9.77856369e+01 7.99392581e-01 3.65926880e+02 9.78131256e+01
    6.63324058e-01 4.10893707e+02 2.87525421e+02 7.37887979e-01
    4.59698944e+02 4.10813568e+02 8.80578101e-01 5.69419128e+02
    1.01781059e+02 6.93633914e-01 5.32154724e+02 2.91541565e+02
    7.28213549e-01 4.96966827e+02 4.12867462e+02 6.73385262e-01
    3.77614716e+02 2.93482605e+02 3.98247927e-01 3.22880249e+02
    4.30480469e+02 4.22049493e-01 2.85669464e+02 4.77410522e+02
    1.28043890e-01 4.91097046e+02 3.05227478e+02 3.82716328e-01
    5.45856445e+02 4.48039764e+02 1.01952381e-01 0. 0. 0. 4.53901215e+02
    1.33121826e+02 6.36674047e-01 4.83263275e+02 1.33131332e+02
    5.91612577e-01 4.14726776e+02 7.24356613e+01 2.89603829e-01
    5.10672943e+02 7.04589462e+01 2.36071825e-01</data></pose_0>
</opencv_storage>
