<?xml version="1.0"?>
<opencv_storage>
<hand_left_0 type_id="opencv-nd-matrix">
  <sizes>
    1 21 3</sizes>
  <dt>f</dt>
  <data>
    4.62454681e+02 4.28597565e+02 5.69535136e-01 4.49826569e+02
    4.39962860e+02 6.29263103e-01 4.40355469e+02 4.55116608e+02
    6.06778085e-01 4.27095947e+02 4.66481903e+02 5.16338944e-01
    4.13836426e+02 4.72164551e+02 6.87406719e-01 4.55509216e+02
    4.57642242e+02 5.88384211e-01 4.42249695e+02 4.67113312e+02
    4.96957988e-01 4.40986877e+02 4.77847229e+02 6.66936338e-01
    4.37198456e+02 4.85424072e+02 6.81449652e-01 4.71294373e+02
    4.53853790e+02 7.37639189e-01 4.80134033e+02 4.72795959e+02
    4.26621556e-01 4.61823273e+02 4.83529877e+02 5.49173594e-01
    4.54877808e+02 4.98052216e+02 5.22309005e-01 4.87079498e+02
    4.52590973e+02 6.98212385e-01 4.94024963e+02 4.69007538e+02
    7.37555861e-01 5.01601837e+02 4.82898468e+02 7.02951431e-01
    5.04758881e+02 4.93632355e+02 8.05457592e-01 5.00970428e+02
    4.46908325e+02 7.57967412e-01 5.08547302e+02 4.58905060e+02
    7.25682139e-01 5.14229980e+02 4.63956299e+02 7.60150254e-01
    5.17386963e+02 4.67744720e+02 6.70339227e-01</data></hand_left_0>
</opencv_storage>
