<?xml version="1.0"?>
<opencv_storage>
<hand_right_0 type_id="opencv-nd-matrix">
  <sizes>
    1 21 3</sizes>
  <dt>f</dt>
  <data>
    4.56996002e+02 3.90673096e+02 5.79853177e-01 4.73753448e+02
    3.95560699e+02 7.05682039e-01 4.93303833e+02 4.01146515e+02
    6.89647675e-01 5.05173706e+02 4.08128815e+02 8.57880592e-01
    5.17043579e+02 4.17903992e+02 8.86940956e-01 4.82830414e+02
    4.10921722e+02 6.93880141e-01 4.94002075e+02 4.24886292e+02
    7.87644684e-01 5.02380798e+02 4.38850830e+02 8.03065062e-01
    5.05871948e+02 4.48626038e+02 9.26815271e-01 4.67469421e+02
    4.14412872e+02 7.11605787e-01 4.77244598e+02 4.29075653e+02
    6.12498581e-01 4.86321564e+02 4.43040192e+02 7.44833827e-01
    4.94002075e+02 4.55608307e+02 8.82276237e-01 4.53504852e+02
    4.18602234e+02 6.85791910e-01 4.56996002e+02 4.30472107e+02
    6.75213814e-01 4.62581818e+02 4.46531342e+02 8.29472184e-01
    4.66771179e+02 4.57703003e+02 7.68103063e-01 4.38842072e+02
    4.20696899e+02 6.90354288e-01 4.38842072e+02 4.35359711e+02
    8.51698220e-01 4.43031433e+02 4.46531342e+02 7.69927740e-01
    4.47919037e+02 4.57703003e+02 7.88397133e-01</data></hand_right_0>
</opencv_storage>
