<?xml version="1.0"?>
<opencv_storage>
<pose_0 type_id="opencv-nd-matrix">
  <sizes>
    1 18 3</sizes>
  <dt>f</dt>
  <data>
    4.93075439e+02 1.62470795e+02 6.30243719e-01 4.71509735e+02
    9.58697433e+01 7.70148993e-01 3.69819794e+02 9.00067673e+01
    6.30129993e-01 4.12873291e+02 2.79795868e+02 7.04638481e-01
    4.59751984e+02 4.10894287e+02 8.82433176e-01 5.71255432e+02
    1.01791962e+02 6.65817380e-01 5.30208374e+02 2.95430817e+02
    7.22287893e-01 4.91151337e+02 4.26523071e+02 5.66531360e-01
    3.79568420e+02 2.85651520e+02 3.91686410e-01 3.22842224e+02
    4.30378296e+02 4.51122701e-01 0. 0. 0. 4.89116577e+02 3.03255066e+02
    4.07760262e-01 5.40055542e+02 4.42178223e+02 1.13971613e-01 0. 0. 0.
    4.89100403e+02 1.48676392e+02 6.00103915e-01 5.10621307e+02
    1.48781357e+02 2.64085352e-01 4.30429565e+02 8.61315155e+01
    3.17538798e-01 5.38046143e+02 9.97422714e+01 1.00366756e-01</data></pose_0>
</opencv_storage>
