<?xml version="1.0"?>
<opencv_storage>
<pose_0 type_id="opencv-nd-matrix">
  <sizes>
    1 18 3</sizes>
  <dt>f</dt>
  <data>
    4.44148682e+02 1.44709946e+02 7.64002025e-01 4.63705750e+02
    9.00189590e+01 8.09510887e-01 3.67800110e+02 8.80480270e+01
    7.08584487e-01 4.12848145e+02 2.77811890e+02 7.74801791e-01
    4.59739746e+02 3.99217041e+02 8.85218799e-01 5.71292175e+02
    9.97634888e+01 6.96190417e-01 5.36009460e+02 2.87591309e+02
    8.09229791e-01 4.98906769e+02 4.08923706e+02 6.19494677e-01
    3.79572632e+02 2.93484192e+02 4.23742920e-01 3.22857086e+02
    4.30376099e+02 5.05389392e-01 2.85643585e+02 4.79349121e+02
    9.97420624e-02 4.89146790e+02 3.07206207e+02 4.14339006e-01
    5.40001404e+02 4.38261841e+02 5.52094765e-02 0. 0. 0. 4.28516785e+02
    1.17447800e+02 6.77906811e-01 4.61817627e+02 1.27160706e+02
    6.36442602e-01 4.10824921e+02 8.21102905e+01 1.35047004e-01
    5.04802734e+02 5.86727066e+01 4.60937768e-01</data></pose_0>
</opencv_storage>
