<?xml version="1.0"?>
<opencv_storage>
<hand_left_0 type_id="opencv-nd-matrix">
  <sizes>
    1 21 3</sizes>
  <dt>f</dt>
  <data>
    4.58904175e+02 4.20794159e+02 5.83207786e-01 4.46654083e+02
    4.35206024e+02 6.57278299e-01 4.37286346e+02 4.53220886e+02
    6.79632127e-01 4.38006958e+02 4.64750366e+02 5.84914804e-01
    4.14947937e+02 4.61147400e+02 6.20125175e-01 4.56742401e+02
    4.49617889e+02 7.11794317e-01 4.60345367e+02 4.64750366e+02
    5.99233627e-01 4.63948334e+02 4.72676910e+02 6.45003676e-01
    4.68992493e+02 4.83485809e+02 6.61739290e-01 4.71154266e+02
    4.42411957e+02 7.60075212e-01 4.79801392e+02 4.59706207e+02
    8.26007724e-01 4.86286743e+02 4.73397491e+02 7.27222383e-01
    4.92051483e+02 4.84206421e+02 6.65499091e-01 4.86286743e+02
    4.38088409e+02 7.31865466e-01 4.94213287e+02 4.53941467e+02
    6.99459910e-01 5.01419220e+02 4.68353333e+02 7.16989577e-01
    5.05022186e+02 4.80603455e+02 7.46463478e-01 4.97816254e+02
    4.30882446e+02 8.04888785e-01 5.06463379e+02 4.35926605e+02
    7.95336127e-01 5.13669312e+02 4.41691376e+02 8.42668295e-01
    5.16551697e+02 4.47456116e+02 7.51294732e-01</data></hand_left_0>
</opencv_storage>
