<?xml version="1.0"?>
<opencv_storage>
<pose_0 type_id="opencv-nd-matrix">
  <sizes>
    1 18 3</sizes>
  <dt>f</dt>
  <data>
    4.46089661e+02 1.60395248e+02 7.71388352e-01 4.71496918e+02
    1.03738304e+02 7.97832191e-01 3.73695129e+02 9.97565155e+01
    7.14129448e-01 4.16711731e+02 2.87622040e+02 7.56432712e-01
    4.59790527e+02 4.12770630e+02 8.75943661e-01 5.73286438e+02
    1.17377930e+02 6.41323507e-01 5.36074463e+02 2.99338562e+02
    7.77085423e-01 4.93104767e+02 4.20642334e+02 5.83423913e-01
    3.81476013e+02 2.93494293e+02 4.25939262e-01 3.28710815e+02
    4.30434387e+02 4.37350601e-01 2.89572357e+02 4.81306793e+02
    1.42365262e-01 4.89152954e+02 3.13031860e+02 4.50348943e-01
    5.38075806e+02 4.59778259e+02 8.30575824e-02 0. 0. 0. 4.30379761e+02
    1.33044342e+02 7.14315891e-01 4.71486511e+02 1.40872238e+02
    6.76190436e-01 4.05009155e+02 1.01779144e+02 1.34662166e-01
    5.12628540e+02 8.21989212e+01 4.22909290e-01</data></pose_0>
</opencv_storage>
