<?xml version="1.0"?>
<opencv_storage>
<pose_0 type_id="opencv-nd-matrix">
  <sizes>
    1 18 3</sizes>
  <dt>f</dt>
  <data>
    4.83250366e+02 1.60351700e+02 7.03680396e-01 4.63659393e+02
    8.41927490e+01 8.22818339e-01 3.67790527e+02 8.21462402e+01
    6.54216230e-01 4.14710205e+02 2.73979919e+02 8.25700164e-01
    4.59697540e+02 4.01050140e+02 8.74379635e-01 5.55727722e+02
    8.61431351e+01 6.70896828e-01 5.22324036e+02 2.85605835e+02
    7.85103321e-01 4.91086273e+02 4.16749420e+02 5.79726219e-01
    3.79513885e+02 2.77831360e+02 3.98822814e-01 3.26722839e+02
    4.28495575e+02 5.43101192e-01 2.89579956e+02 4.79349243e+02
    8.08765516e-02 4.83270721e+02 2.95439178e+02 4.17213559e-01
    5.40014038e+02 4.42135925e+02 1.69275314e-01 0. 0. 0. 4.73459015e+02
    1.44807175e+02 7.55106688e-01 4.95079163e+02 1.44781906e+02
    4.91375685e-01 4.14848236e+02 7.82444839e+01 3.09671700e-01
    5.22314758e+02 8.02060318e+01 7.02074841e-02</data></pose_0>
</opencv_storage>
