<?xml version="1.0"?>
<opencv_storage>
<hand_right_0 type_id="opencv-nd-matrix">
  <sizes>
    1 21 3</sizes>
  <dt>f</dt>
  <data>
    4.58322327e+02 4.14937134e+02 5.50287008e-01 4.76566437e+02
    4.21018494e+02 6.74272120e-01 4.95486267e+02 4.28451294e+02
    6.82442307e-01 5.05621887e+02 4.35884064e+02 7.72984445e-01
    5.16433167e+02 4.45343994e+02 7.93877244e-01 4.83323517e+02
    4.35208374e+02 6.54292941e-01 4.94134827e+02 4.50073944e+02
    7.94329643e-01 5.01567627e+02 4.62912384e+02 8.31722498e-01
    5.05621887e+02 4.73723694e+02 8.93515706e-01 4.68457947e+02
    4.39262604e+02 7.18965173e-01 4.77917847e+02 4.52776764e+02
    7.81037092e-01 4.87377777e+02 4.67642334e+02 7.46058702e-01
    4.94134827e+02 4.79129364e+02 9.10690308e-01 4.55619507e+02
    4.42641144e+02 6.81644559e-01 4.56970917e+02 4.54803894e+02
    6.50273383e-01 4.62376587e+02 4.69669464e+02 7.48895288e-01
    4.65079407e+02 4.80480774e+02 5.91834307e-01 4.40078217e+02
    4.45343994e+02 7.20043063e-01 4.38051086e+02 4.56155304e+02
    7.95906484e-01 4.39402527e+02 4.66966644e+02 7.26831436e-01
    4.40753937e+02 4.75750824e+02 7.84662426e-01</data></hand_right_0>
</opencv_storage>
