<?xml version="1.0"?>
<opencv_storage>
<hand_right_0 type_id="opencv-nd-matrix">
  <sizes>
    1 21 3</sizes>
  <dt>f</dt>
  <data>
    4.59572235e+02 4.04210083e+02 5.31383872e-01 4.77379608e+02
    4.09196136e+02 6.87384784e-01 4.98748444e+02 4.16319092e+02
    6.99388385e-01 5.09432861e+02 4.24866608e+02 7.18484819e-01
    5.19404968e+02 4.31277252e+02 7.74493098e-01 4.85214844e+02
    4.24154327e+02 6.48683667e-01 4.95899261e+02 4.39112518e+02
    8.22403789e-01 5.04446808e+02 4.52646088e+02 8.41803253e-01
    5.09432861e+02 4.61193634e+02 8.56394589e-01 4.70968964e+02
    4.27715790e+02 7.34125972e-01 4.79516479e+02 4.43386261e+02
    7.36501753e-01 4.89488617e+02 4.56919861e+02 7.11765468e-01
    4.98748444e+02 4.67604279e+02 8.88971806e-01 4.54586182e+02
    4.31989563e+02 7.09280133e-01 4.59572235e+02 4.44098572e+02
    7.25337088e-01 4.62421417e+02 4.59769043e+02 8.34152102e-01
    4.66695190e+02 4.71878052e+02 8.01636815e-01 4.39627991e+02
    4.31989563e+02 6.42308891e-01 4.38915710e+02 4.47660034e+02
    8.12949479e-01 4.41764893e+02 4.58344452e+02 7.22556531e-01
    4.44614075e+02 4.68316589e+02 7.60883152e-01</data></hand_right_0>
</opencv_storage>
