<?xml version="1.0"?>
<opencv_storage>
<hand_right_0 type_id="opencv-nd-matrix">
  <sizes>
    1 21 3</sizes>
  <dt>f</dt>
  <data>
    4.60706268e+02 3.87200500e+02 6.04360104e-01 4.77600159e+02
    3.94943542e+02 7.30099797e-01 4.98013611e+02 4.01982666e+02
    7.20393419e-01 5.09276184e+02 4.11837402e+02 8.20951700e-01
    5.20538757e+02 4.20284363e+02 8.46489906e-01 4.86047089e+02
    4.11133514e+02 6.62658274e-01 4.93790131e+02 4.24507813e+02
    7.57023215e-01 5.02237061e+02 4.37882141e+02 8.04889083e-01
    5.05052704e+02 4.48440826e+02 8.99716139e-01 4.70561035e+02
    4.13245239e+02 7.51661420e-01 4.76896240e+02 4.27323486e+02
    7.31558859e-01 4.84639282e+02 4.41401703e+02 7.28956938e-01
    4.92382294e+02 4.54072113e+02 8.23040128e-01 4.54371063e+02
    4.15356964e+02 6.39093995e-01 4.57186707e+02 4.27323486e+02
    6.81005120e-01 4.60002380e+02 4.42105621e+02 8.48170996e-01
    4.64225830e+02 4.54776031e+02 7.65110791e-01 4.39588928e+02
    4.16764801e+02 6.88053071e-01 4.40292847e+02 4.30843048e+02
    8.27329874e-01 4.41700653e+02 4.42105621e+02 7.63769031e-01
    4.46628052e+02 4.54072113e+02 7.57164598e-01</data></hand_right_0>
</opencv_storage>
