<?xml version="1.0"?>
<opencv_storage>
<hand_left_0 type_id="opencv-nd-matrix">
  <sizes>
    1 21 3</sizes>
  <dt>f</dt>
  <data>
    4.58808136e+02 4.17196991e+02 5.16051888e-01 4.46261353e+02
    4.30481812e+02 6.30012870e-01 4.35190674e+02 4.46718842e+02
    5.67660332e-01 4.24119995e+02 4.52623199e+02 5.45300841e-01
    4.12311249e+02 4.55575378e+02 8.52388084e-01 4.46261353e+02
    4.43766632e+02 4.33409572e-01 4.38880890e+02 4.57051483e+02
    6.25550151e-01 4.41095032e+02 4.70336304e+02 7.52223790e-01
    4.42571136e+02 4.79930908e+02 7.99689531e-01 4.63974457e+02
    4.42290558e+02 6.27302647e-01 4.59546173e+02 4.57051483e+02
    5.10176182e-01 4.61760315e+02 4.72550446e+02 6.07352555e-01
    4.63974457e+02 4.85097229e+02 7.89987266e-01 4.80949524e+02
    4.37862274e+02 5.88750601e-01 4.89806061e+02 4.54837341e+02
    6.87965453e-01 4.96448486e+02 4.68122162e+02 5.82058132e-01
    5.01614807e+02 4.80668945e+02 5.96843839e-01 4.94972382e+02
    4.31219879e+02 7.30622411e-01 5.05305023e+02 4.37124237e+02
    8.25613022e-01 5.11947449e+02 4.43028595e+02 8.92382503e-01
    5.17113770e+02 4.49671021e+02 7.56815255e-01</data></hand_left_0>
</opencv_storage>
