<?xml version="1.0"?>
<opencv_storage>
<pose_0 type_id="opencv-nd-matrix">
  <sizes>
    1 18 3</sizes>
  <dt>f</dt>
  <data>
    5.02787933e+02 1.64354889e+02 8.21727455e-01 4.69547638e+02
    1.03752617e+02 7.62798131e-01 3.65887726e+02 1.01809128e+02
    6.47330999e-01 4.10804321e+02 2.93483276e+02 7.16573894e-01
    4.57851990e+02 4.14846771e+02 8.57361197e-01 5.71269287e+02
    1.11495316e+02 6.49019301e-01 5.28276306e+02 3.03239868e+02
    7.30017722e-01 4.95055573e+02 4.16766541e+02 6.57210946e-01
    3.77603333e+02 2.89572998e+02 4.16168928e-01 3.24793213e+02
    4.30500092e+02 5.04516542e-01 2.85646851e+02 4.79368469e+02
    1.25626087e-01 4.89071045e+02 3.03291138e+02 4.39258963e-01
    5.43887512e+02 4.51960327e+02 1.83937281e-01 0. 0. 0. 4.89120422e+02
    1.48611847e+02 8.40125263e-01 5.16557373e+02 1.46710129e+02
    6.16741717e-01 4.24550720e+02 8.61553879e+01 5.15048623e-01
    5.39968079e+02 9.78130035e+01 9.86367390e-02</data></pose_0>
</opencv_storage>
