<?xml version="1.0"?>
<opencv_storage>
<pose_0 type_id="opencv-nd-matrix">
  <sizes>
    1 18 3</sizes>
  <dt>f</dt>
  <data>
    4.28438873e+02 1.70242050e+02 8.56951237e-01 4.44125092e+02
    1.46745575e+02 7.64781833e-01 3.52243134e+02 1.46774185e+02
    7.75879622e-01 4.12765137e+02 2.91555878e+02 8.06375325e-01
    4.59787415e+02 4.28549377e+02 8.20451617e-01 5.34126648e+02
    1.52613403e+02 6.96531355e-01 5.08673157e+02 3.14975189e+02
    8.37252557e-01 4.91061188e+02 4.44091949e+02 5.26702642e-01
    3.67786407e+02 3.38497284e+02 4.53789085e-01 3.24795471e+02
    4.89133728e+02 5.78868389e-01 0. 0. 0. 4.67607727e+02 3.44371979e+02
    4.57454532e-01 5.10642853e+02 4.40224609e+02 1.12238504e-01 0. 0. 0.
    4.10860840e+02 1.46750656e+02 8.30190659e-01 4.49985962e+02
    1.48763611e+02 8.76982391e-01 3.81491333e+02 9.96961975e+01
    6.97372556e-01 4.93053772e+02 1.13490089e+02 7.97450542e-01</data></pose_0>
</opencv_storage>
