<?xml version="1.0"?>
<opencv_storage>
<hand_right_0 type_id="opencv-nd-matrix">
  <sizes>
    1 21 3</sizes>
  <dt>f</dt>
  <data>
    4.61697845e+02 4.08809723e+02 6.31759763e-01 4.78522705e+02
    4.15927948e+02 7.21799850e-01 4.98583099e+02 4.25634583e+02
    7.66634822e-01 5.08289734e+02 4.39223877e+02 7.84481764e-01
    5.17996399e+02 4.48283417e+02 7.70246625e-01 4.86288025e+02
    4.34046997e+02 7.42182314e-01 4.94700439e+02 4.50224731e+02
    8.32925975e-01 5.00524445e+02 4.65108246e+02 8.24177861e-01
    5.04407074e+02 4.75462006e+02 9.45627928e-01 4.72698730e+02
    4.35988342e+02 7.96992838e-01 4.79816925e+02 4.54754517e+02
    6.80015028e-01 4.84993805e+02 4.67049591e+02 6.10605180e-01
    4.86288025e+02 4.76756226e+02 4.24001932e-01 4.57815216e+02
    4.39223877e+02 7.35330343e-01 4.59109436e+02 4.53460297e+02
    6.30163074e-01 4.61697845e+02 4.66402466e+02 7.03963697e-01
    4.59109436e+02 4.81285980e+02 7.30983377e-01 4.42284576e+02
    4.38576752e+02 6.47484958e-01 4.41637451e+02 4.50871857e+02
    7.72316456e-01 4.41637451e+02 4.61225586e+02 8.16436648e-01
    4.42284576e+02 4.72226471e+02 7.18512774e-01</data></hand_right_0>
</opencv_storage>
