<?xml version="1.0"?>
<opencv_storage>
<pose_0 type_id="opencv-nd-matrix">
  <sizes>
    1 18 3</sizes>
  <dt>f</dt>
  <data>
    4.49996796e+02 1.46672241e+02 6.96122587e-01 4.63674774e+02
    8.80237350e+01 8.28096271e-01 3.65909088e+02 8.61287537e+01
    7.01837599e-01 4.12724426e+02 2.75856537e+02 7.21282125e-01
    4.59697876e+02 4.01073700e+02 8.66762578e-01 5.71246765e+02
    9.58450775e+01 6.55587614e-01 5.36040710e+02 2.87615448e+02
    7.90269852e-01 4.98897308e+02 4.05005310e+02 6.15201652e-01
    3.77625641e+02 2.91522064e+02 4.18227106e-01 3.24769562e+02
    4.30482513e+02 4.68537718e-01 2.85663208e+02 4.79383636e+02
    9.19506699e-02 4.91062012e+02 3.11074768e+02 4.03894901e-01
    5.41957275e+02 4.42179688e+02 6.89575151e-02 0. 0. 0. 4.44033386e+02
    1.29122070e+02 5.50526917e-01 4.63741119e+02 1.31130722e+02
    4.97535110e-01 4.14765228e+02 7.03887711e+01 1.50998443e-01
    5.04759430e+02 6.26042061e+01 3.30816001e-01</data></pose_0>
</opencv_storage>
