<?xml version="1.0"?>
<opencv_storage>
<hand_right_0 type_id="opencv-nd-matrix">
  <sizes>
    1 21 3</sizes>
  <dt>f</dt>
  <data>
    4.57825928e+02 3.89913879e+02 5.91056645e-01 4.74867767e+02
    3.94884430e+02 6.86266184e-01 4.94749939e+02 3.99854980e+02
    6.32494509e-01 5.06821228e+02 4.06245667e+02 7.81187654e-01
    5.18892517e+02 4.14056519e+02 7.78148651e-01 4.85518921e+02
    4.10506134e+02 6.69633806e-01 4.97590240e+02 4.23997589e+02
    6.96391106e-01 5.03980927e+02 4.36068878e+02 8.53112757e-01
    5.08951477e+02 4.46009979e+02 9.10012960e-01 4.69187164e+02
    4.14766571e+02 7.02162743e-01 4.79128235e+02 4.28258057e+02
    6.21745884e-01 4.89069305e+02 4.41039429e+02 6.90932691e-01
    4.98300323e+02 4.52400665e+02 9.11670208e-01 4.52855408e+02
    4.18316956e+02 6.80570662e-01 4.57825928e+02 4.30388275e+02
    6.51551843e-01 4.62796478e+02 4.46009979e+02 7.68414259e-01
    4.65636780e+02 4.57371185e+02 6.90049648e-01 4.37943787e+02
    4.19737122e+02 6.40700817e-01 4.39363922e+02 4.34648743e+02
    7.85035133e-01 4.41494171e+02 4.46009979e+02 7.98792839e-01
    4.45754639e+02 4.55951050e+02 8.02456021e-01</data></hand_right_0>
</opencv_storage>
