<?xml version="1.0"?>
<opencv_storage>
<pose_0 type_id="opencv-nd-matrix">
  <sizes>
    1 18 3</sizes>
  <dt>f</dt>
  <data>
    4.20655212e+02 1.05639740e+02 7.89976299e-01 4.42166901e+02
    8.21342163e+01 7.85205126e-01 3.52117950e+02 8.41967773e+01
    7.85668135e-01 4.08943024e+02 2.44612442e+02 7.94971585e-01
    4.59789307e+02 3.81525513e+02 8.55558634e-01 5.30251465e+02
    8.41857910e+01 7.32667267e-01 5.06764740e+02 2.58201294e+02
    8.61080945e-01 4.92974518e+02 3.97219116e+02 6.39032900e-01
    3.77580627e+02 2.79787415e+02 4.43508536e-01 3.34513580e+02
    4.30384430e+02 5.99623442e-01 3.05204376e+02 4.79382172e+02
    1.11856684e-01 4.73447571e+02 2.85673798e+02 4.84835416e-01
    5.22412354e+02 3.99120941e+02 1.03445880e-01 0. 0. 0. 4.06953186e+02
    8.20946350e+01 7.50348508e-01 4.46127655e+02 8.61729813e+01
    8.51990521e-01 3.79574707e+02 2.14312820e+01 7.34595895e-01
    4.93091187e+02 5.28013878e+01 6.26950145e-01</data></pose_0>
</opencv_storage>
