<?xml version="1.0"?>
<opencv_storage>
<hand_right_0 type_id="opencv-nd-matrix">
  <sizes>
    1 21 3</sizes>
  <dt>f</dt>
  <data>
    4.58801636e+02 4.12749023e+02 5.58359325e-01 4.77363739e+02
    4.22743988e+02 7.03418970e-01 4.98781555e+02 4.30597198e+02
    6.70031607e-01 5.06634735e+02 4.39878235e+02 7.77224123e-01
    5.14487915e+02 4.50587158e+02 7.81081557e-01 4.83789093e+02
    4.39164307e+02 6.57047749e-01 4.90214417e+02 4.52728912e+02
    7.07606554e-01 4.98067627e+02 4.68435303e+02 8.57781112e-01
    5.02351196e+02 4.79858154e+02 8.51292312e-01 4.68082703e+02
    4.40592163e+02 7.35764265e-01 4.73794098e+02 4.55584625e+02
    6.04814291e-01 4.83075165e+02 4.71291016e+02 7.62914836e-01
    4.89500488e+02 4.84141693e+02 8.65986109e-01 4.54518097e+02
    4.44875732e+02 7.70663798e-01 4.57373810e+02 4.56298553e+02
    6.21101856e-01 4.60943420e+02 4.71291016e+02 8.06144953e-01
    4.61657349e+02 4.83427765e+02 7.97536671e-01 4.38811707e+02
    4.44875732e+02 7.04654813e-01 4.38097778e+02 4.57726410e+02
    8.54650438e-01 4.38811707e+02 4.68435303e+02 8.09863508e-01
    4.40239563e+02 4.78430298e+02 7.62442470e-01</data></hand_right_0>
</opencv_storage>
