<?xml version="1.0"?>
<opencv_storage>
<pose_0 type_id="opencv-nd-matrix">
  <sizes>
    1 18 3</sizes>
  <dt>f</dt>
  <data>
    5.06765411e+02 9.97864532e+01 8.53590369e-01 4.69572540e+02
    6.84795532e+01 6.81145310e-01 3.69797699e+02 6.84008255e+01
    6.41952038e-01 4.16742615e+02 2.52383575e+02 7.47145176e-01
    4.59758575e+02 3.81593781e+02 8.66790175e-01 5.73272949e+02
    8.21804886e+01 6.74000919e-01 5.26295227e+02 2.71925812e+02
    7.63209105e-01 5.00845551e+02 3.85490387e+02 5.82688868e-01
    3.83428284e+02 2.89558899e+02 4.23408657e-01 3.28683167e+02
    4.28463257e+02 4.26161498e-01 2.73924408e+02 4.81349243e+02
    6.13869578e-02 4.91099640e+02 3.03252655e+02 4.01447982e-01
    5.22417419e+02 3.89363708e+02 6.56370819e-02 0. 0. 0. 4.91034363e+02
    8.20984344e+01 7.52857924e-01 5.24387207e+02 7.24370804e+01
    7.23931313e-01 4.32379791e+02 2.14978771e+01 5.62545180e-01 0. 0. 0.</data></pose_0>
</opencv_storage>
