<?xml version="1.0"?>
<opencv_storage>
<pose_0 type_id="opencv-nd-matrix">
  <sizes>
    1 18 3</sizes>
  <dt>f</dt>
  <data>
    3.99086578e+02 1.66394638e+02 8.97368848e-01 4.36328156e+02
    1.46675201e+02 7.11229563e-01 3.50234009e+02 1.46722168e+02
    7.99708307e-01 4.12888062e+02 2.91533264e+02 7.93986976e-01
    4.61685760e+02 4.28465790e+02 8.16795349e-01 5.32145386e+02
    1.50646103e+02 6.86079621e-01 5.08756927e+02 3.11053986e+02
    8.36187124e-01 4.93012360e+02 4.44060120e+02 4.83215094e-01
    3.67844818e+02 3.36536896e+02 4.38502640e-01 3.24763489e+02
    4.91049194e+02 5.59631228e-01 2.09380096e+02 5.47812805e+02
    7.75143579e-02 4.71500824e+02 3.40447052e+02 4.83287543e-01
    5.22395325e+02 4.57800354e+02 1.35284483e-01 0. 0. 0. 3.81523224e+02
    1.46806213e+02 9.80190456e-01 4.18706635e+02 1.48647278e+02
    7.91665733e-01 3.63841309e+02 1.31154633e+02 6.38702363e-02
    4.69579254e+02 1.05619553e+02 8.21864724e-01</data></pose_0>
</opencv_storage>
