<?xml version="1.0"?>
<opencv_storage>
<pose_0 type_id="opencv-nd-matrix">
  <sizes>
    1 18 3</sizes>
  <dt>f</dt>
  <data>
    4.24579163e+02 1.03708801e+02 8.18066597e-01 4.44078461e+02
    8.21287308e+01 7.80551553e-01 3.52145203e+02 8.41964340e+01
    7.80606091e-01 4.10804260e+02 2.44624588e+02 7.87714958e-01
    4.59781982e+02 3.81507355e+02 8.46310616e-01 5.34136414e+02
    8.60348358e+01 7.31609344e-01 5.06805298e+02 2.56374725e+02
    8.77915204e-01 4.91153992e+02 3.97196655e+02 6.30690157e-01
    3.73724243e+02 2.85657166e+02 4.33912873e-01 3.34524261e+02
    4.28524628e+02 6.06862724e-01 2.99348602e+02 4.77392181e+02
    1.38506472e-01 4.73448273e+02 2.89537476e+02 4.78746325e-01
    5.22378174e+02 3.99115479e+02 9.13846642e-02 0. 0. 0. 4.10875153e+02
    7.82423248e+01 7.46990323e-01 4.48064667e+02 8.61031647e+01
    8.42961907e-01 3.81475922e+02 2.15261650e+01 7.77172089e-01
    4.96924866e+02 4.89236107e+01 6.99841738e-01</data></pose_0>
</opencv_storage>
