<?xml version="1.0"?>
<opencv_storage>
<pose_0 type_id="opencv-nd-matrix">
  <sizes>
    1 18 3</sizes>
  <dt>f</dt>
  <data>
    5.04789001e+02 1.56519638e+02 7.60299087e-01 4.73498657e+02
    9.97630692e+01 7.87285209e-01 3.69767487e+02 9.77788010e+01
    6.38199925e-01 4.06979919e+02 2.79810303e+02 6.79715872e-01
    4.57797577e+02 4.10841370e+02 8.51675332e-01 5.73245483e+02
    1.07611191e+02 6.37860358e-01 5.26337952e+02 3.01255280e+02
    7.47411489e-01 4.93081055e+02 4.14756653e+02 6.81537211e-01
    3.69815521e+02 2.95425629e+02 4.06041414e-01 3.18901642e+02
    4.40244843e+02 3.67796063e-01 2.11287552e+02 4.93097290e+02
    5.61622605e-02 4.85205261e+02 3.09118195e+02 4.24840808e-01
    5.45859558e+02 4.48029999e+02 1.98561504e-01 0. 0. 0. 4.93060028e+02
    1.36960556e+02 7.47954845e-01 5.22326416e+02 1.36961227e+02
    4.55390841e-01 4.36312836e+02 8.41250153e+01 3.71048898e-01
    5.40050659e+02 8.60416794e+01 8.85733813e-02</data></pose_0>
</opencv_storage>
