<?xml version="1.0"?>
<opencv_storage>
<hand_right_0 type_id="opencv-nd-matrix">
  <sizes>
    1 21 3</sizes>
  <dt>f</dt>
  <data>
    4.57782440e+02 4.14059479e+02 5.34215927e-01 4.76117371e+02
    4.17585419e+02 6.69999123e-01 4.95862640e+02 4.24637299e+02
    6.82484269e-01 5.05735291e+02 4.32394379e+02 7.84806132e-01
    5.16313110e+02 4.38741089e+02 7.72426903e-01 4.83169250e+02
    4.32394379e+02 6.61042631e-01 4.94452271e+02 4.47908539e+02
    8.03322911e-01 5.02209351e+02 4.60601929e+02 8.55646014e-01
    5.07145660e+02 4.71179749e+02 8.56861532e-01 4.69065460e+02
    4.37330719e+02 7.39531815e-01 4.77527740e+02 4.52139679e+02
    7.45863199e-01 4.88105560e+02 4.65538239e+02 7.99991488e-01
    4.95862640e+02 4.76821259e+02 9.10013676e-01 4.54256500e+02
    4.41561829e+02 6.32048607e-01 4.58487640e+02 4.53550049e+02
    6.83564842e-01 4.62013580e+02 4.69064209e+02 7.47731626e-01
    4.66244720e+02 4.79642029e+02 6.74231350e-01 4.38742340e+02
    4.42972229e+02 6.65462196e-01 4.37331970e+02 4.55665619e+02
    8.23735416e-01 4.38742340e+02 4.66243439e+02 7.75511444e-01
    4.42268311e+02 4.76821259e+02 8.10428739e-01</data></hand_right_0>
</opencv_storage>
