<?xml version="1.0"?>
<opencv_storage>
<hand_right_0 type_id="opencv-nd-matrix">
  <sizes>
    1 21 3</sizes>
  <dt>f</dt>
  <data>
    4.61417542e+02 4.03723114e+02 6.48446143e-01 4.79158081e+02
    4.10692596e+02 7.18424678e-01 4.98799377e+02 4.18295685e+02
    7.45546103e-01 5.08303253e+02 4.31601105e+02 8.03022385e-01
    5.17807129e+02 4.41738556e+02 8.15689325e-01 4.87394745e+02
    4.27165955e+02 7.57475257e-01 4.94997833e+02 4.43639313e+02
    7.87717164e-01 5.01333740e+02 4.57578308e+02 8.24349225e-01
    5.04501709e+02 4.68982941e+02 8.94415379e-01 4.72822174e+02
    4.30333923e+02 8.10546279e-01 4.79791656e+02 4.47440857e+02
    7.35571980e-01 4.85493988e+02 4.62647034e+02 6.17820144e-01
    4.88661926e+02 4.72150909e+02 5.23872375e-01 4.57615997e+02
    4.32234680e+02 7.79956400e-01 4.60150360e+02 4.47440857e+02
    7.13280141e-01 4.62051117e+02 4.61379852e+02 7.36624837e-01
    4.61417542e+02 4.73418091e+02 7.18509138e-01 4.42409821e+02
    4.32234680e+02 6.73092067e-01 4.41776215e+02 4.44272919e+02
    7.38631845e-01 4.41776215e+02 4.55677551e+02 7.56317198e-01
    4.42409821e+02 4.65815002e+02 7.59061158e-01</data></hand_right_0>
</opencv_storage>
