<?xml version="1.0"?>
<opencv_storage>
<hand_right_0 type_id="opencv-nd-matrix">
  <sizes>
    1 21 3</sizes>
  <dt>f</dt>
  <data>
    4.56209106e+02 3.85711578e+02 5.93506396e-01 4.73745605e+02
    3.90621796e+02 6.93126738e-01 4.92684998e+02 3.95532013e+02
    5.94347775e-01 5.06012756e+02 4.03248077e+02 8.64765882e-01
    5.17236084e+02 4.12367065e+02 8.19673955e-01 4.82864563e+02
    4.05352448e+02 6.90302253e-01 4.94789398e+02 4.20083099e+02
    7.96247244e-01 5.01102539e+02 4.32007935e+02 8.42595041e-01
    5.06012756e+02 4.43231293e+02 9.35917199e-01 4.67432465e+02
    4.10262665e+02 7.24088073e-01 4.77954346e+02 4.24291870e+02
    6.86163127e-01 4.87073334e+02 4.36918152e+02 7.66076565e-01
    4.96192322e+02 4.49544434e+02 9.01590049e-01 4.53403259e+02
    4.15172882e+02 6.71633244e-01 4.56209106e+02 4.27097717e+02
    7.26780117e-01 4.61119324e+02 4.42529816e+02 8.32415223e-01
    4.66029541e+02 4.54454651e+02 7.66244650e-01 4.37971130e+02
    4.16575806e+02 6.91788614e-01 4.39374054e+02 4.31306458e+02
    8.46909821e-01 4.43582825e+02 4.43231293e+02 7.52000511e-01
    4.49194489e+02 4.54454651e+02 8.08291852e-01</data></hand_right_0>
</opencv_storage>
