<?xml version="1.0"?>
<opencv_storage>
<hand_right_0 type_id="opencv-nd-matrix">
  <sizes>
    1 21 3</sizes>
  <dt>f</dt>
  <data>
    4.62369293e+02 4.28950287e+02 6.72086179e-01 4.79686005e+02
    4.35753265e+02 6.57380164e-01 4.98858032e+02 4.43174713e+02
    7.23276675e-01 5.07516388e+02 4.56780670e+02 7.68987775e-01
    5.17411621e+02 4.66675934e+02 8.70908558e-01 4.87107422e+02
    4.51214600e+02 7.28250265e-01 4.96384216e+02 4.67912842e+02
    8.06978524e-01 5.01331848e+02 4.82137268e+02 8.37083697e-01
    5.03805664e+02 4.93269409e+02 8.53400648e-01 4.72264557e+02
    4.53688416e+02 7.62952566e-01 4.81541351e+02 4.71623566e+02
    5.91356874e-01 4.87107422e+02 4.86466431e+02 6.06499135e-01
    4.87725891e+02 4.95124756e+02 4.74672258e-01 4.58040131e+02
    4.57399139e+02 7.74791896e-01 4.59895508e+02 4.72242004e+02
    4.76168960e-01 4.64224670e+02 4.82137268e+02 5.90848088e-01
    4.59277039e+02 4.96361664e+02 5.77472210e-01 4.43197266e+02
    4.56780670e+02 7.39795208e-01 4.40723450e+02 4.66675934e+02
    7.47052908e-01 4.38868103e+02 4.75952728e+02 6.97305620e-01
    4.38249634e+02 4.85229523e+02 8.03784370e-01</data></hand_right_0>
</opencv_storage>
