<?xml version="1.0"?>
<opencv_storage>
<hand_right_0 type_id="opencv-nd-matrix">
  <sizes>
    1 21 3</sizes>
  <dt>f</dt>
  <data>
    4.60315521e+02 3.85881744e+02 6.31753743e-01 4.77334381e+02
    3.92008514e+02 7.67603636e-01 4.97757019e+02 4.00177582e+02
    7.04224706e-01 5.09329834e+02 4.09027374e+02 8.07443976e-01
    5.20902649e+02 4.18557953e+02 8.61833036e-01 4.85503418e+02
    4.08346619e+02 6.91215098e-01 4.95033997e+02 4.24003967e+02
    7.67655551e-01 5.03203033e+02 4.36257538e+02 7.87757397e-01
    5.05926056e+02 4.46468872e+02 8.83915484e-01 4.70526825e+02
    4.11750397e+02 7.92381465e-01 4.77334381e+02 4.25365479e+02
    6.93013370e-01 4.86184174e+02 4.39661316e+02 7.22034097e-01
    4.92991730e+02 4.53276398e+02 9.00549173e-01 4.54869476e+02
    4.14473419e+02 6.97812080e-01 4.57592499e+02 4.26046234e+02
    6.62098587e-01 4.60996277e+02 4.41022827e+02 8.30273747e-01
    4.63719299e+02 4.53276398e+02 6.44009650e-01 4.39212128e+02
    4.17196442e+02 7.36364484e-01 4.39892883e+02 4.29450012e+02
    8.32793117e-01 4.40573639e+02 4.39661316e+02 7.49976337e-01
    4.43977417e+02 4.50553406e+02 6.62699461e-01</data></hand_right_0>
</opencv_storage>
