<?xml version="1.0"?>
<opencv_storage>
<hand_right_0 type_id="opencv-nd-matrix">
  <sizes>
    1 21 3</sizes>
  <dt>f</dt>
  <data>
    4.61133759e+02 3.80243256e+02 6.93594158e-01 4.77891663e+02
    3.86688599e+02 7.30185747e-01 4.96583191e+02 3.97001190e+02
    7.56743193e-01 5.03028564e+02 4.11180969e+02 7.84475446e-01
    5.13985657e+02 4.17626312e+02 8.74212384e-01 4.83692474e+02
    4.07313751e+02 7.35376358e-01 4.92715973e+02 4.26005280e+02
    7.30562329e-01 4.98516815e+02 4.37606903e+02 7.94128656e-01
    5.00450409e+02 4.48564026e+02 9.09524083e-01 4.69512695e+02
    4.11825500e+02 7.82459319e-01 4.79180725e+02 4.33739685e+02
    6.86921895e-01 4.81114349e+02 4.47274933e+02 6.80955648e-01
    4.72735382e+02 4.53720306e+02 7.04708874e-01 4.55977448e+02
    4.14403625e+02 7.88859308e-01 4.59200134e+02 4.31161560e+02
    4.74365771e-01 4.58555603e+02 4.42763184e+02 6.61449909e-01
    4.54688385e+02 4.54364838e+02 7.06293523e-01 4.41153137e+02
    4.13114563e+02 6.78697348e-01 4.40508606e+02 4.22782593e+02
    7.59751081e-01 4.39864075e+02 4.32450623e+02 7.84364462e-01
    4.39219543e+02 4.42763184e+02 7.57743597e-01</data></hand_right_0>
</opencv_storage>
