<?xml version="1.0"?>
<opencv_storage>
<pose_0 type_id="opencv-nd-matrix">
  <sizes>
    1 18 3</sizes>
  <dt>f</dt>
  <data>
    4.20680847e+02 1.32998886e+02 8.68128300e-01 4.40179077e+02
    9.19435501e+01 7.91574895e-01 3.50152710e+02 9.78456192e+01
    7.59681284e-01 4.05035583e+02 2.58300323e+02 8.26867938e-01
    4.59783691e+02 3.97117188e+02 8.45004678e-01 5.37966492e+02
    8.80840607e+01 7.16204941e-01 5.08742828e+02 2.69973358e+02
    8.47365379e-01 4.93003143e+02 4.12836914e+02 6.38690054e-01
    3.77629547e+02 2.91548706e+02 4.50317264e-01 3.34507355e+02
    4.40246002e+02 5.46067774e-01 3.07200134e+02 4.89147583e+02
    9.92650986e-02 4.75467102e+02 2.97389648e+02 4.66569364e-01
    5.22393494e+02 4.14787354e+02 1.37322485e-01 0. 0. 0. 3.99177307e+02
    1.13492859e+02 7.83559442e-01 4.42173370e+02 1.09578308e+02
    7.67281175e-01 3.73691559e+02 8.41488037e+01 1.93671644e-01
    4.83230713e+02 5.47691193e+01 7.10849226e-01</data></pose_0>
</opencv_storage>
