<?xml version="1.0"?>
<opencv_storage>
<pose_0 type_id="opencv-nd-matrix">
  <sizes>
    1 18 3</sizes>
  <dt>f</dt>
  <data>
    4.94994080e+02 1.19405487e+02 7.69299030e-01 4.65689911e+02
    7.24354553e+01 7.31777310e-01 3.65893402e+02 7.23860474e+01
    6.37871087e-01 4.12761932e+02 2.60187744e+02 7.25421965e-01
    4.57856384e+02 3.85488617e+02 8.29304814e-01 5.71239380e+02
    8.60924530e+01 6.95594668e-01 5.24381531e+02 2.73981140e+02
    7.68564045e-01 4.93106750e+02 3.95161255e+02 5.63425958e-01
    3.77628326e+02 2.99356567e+02 4.00787413e-01 3.22829407e+02
    4.32386963e+02 3.99251938e-01 2.79784668e+02 4.83287354e+02
    9.01749209e-02 4.93056274e+02 3.13052643e+02 3.80041450e-01
    5.24303406e+02 3.97167694e+02 6.30248711e-02 0. 0. 0. 4.87201447e+02
    9.98165741e+01 7.04615116e-01 5.10683228e+02 1.01746544e+02
    4.90527809e-01 4.28465027e+02 4.69745789e+01 3.20483685e-01 0. 0. 0.</data></pose_0>
</opencv_storage>
