<?xml version="1.0"?>
<opencv_storage>
<hand_right_0 type_id="opencv-nd-matrix">
  <sizes>
    1 21 3</sizes>
  <dt>f</dt>
  <data>
    4.58012970e+02 4.18131439e+02 5.44984818e-01 4.76608826e+02
    4.23138000e+02 6.73885822e-01 4.95204712e+02 4.30290253e+02
    7.21058488e-01 5.06648315e+02 4.36727295e+02 7.79219985e-01
    5.18091919e+02 4.43879547e+02 7.52158880e-01 4.83761108e+02
    4.37442505e+02 6.22138798e-01 4.95204712e+02 4.52462250e+02
    8.07471395e-01 5.03787415e+02 4.64621094e+02 8.74130726e-01
    5.10224426e+02 4.75349457e+02 8.65470827e-01 4.69456573e+02
    4.41733856e+02 7.36894369e-01 4.78754517e+02 4.56753601e+02
    7.30531752e-01 4.89482910e+02 4.69627655e+02 7.86043882e-01
    4.98780823e+02 4.81071259e+02 9.32785153e-01 4.54436859e+02
    4.46025208e+02 6.58298790e-01 4.58728210e+02 4.57468811e+02
    7.04985023e-01 4.62304321e+02 4.71773346e+02 8.23040962e-01
    4.66595673e+02 4.83932159e+02 7.39015162e-01 4.39417114e+02
    4.47455658e+02 6.95990443e-01 4.37986664e+02 4.61044952e+02
    8.08691621e-01 4.40847565e+02 4.70342896e+02 7.74895668e-01
    4.44423706e+02 4.81071259e+02 7.90179610e-01</data></hand_right_0>
</opencv_storage>
