<?xml version="1.0"?>
<opencv_storage>
<hand_left_0 type_id="opencv-nd-matrix">
  <sizes>
    1 21 3</sizes>
  <dt>f</dt>
  <data>
    4.58262177e+02 4.21187897e+02 5.56602836e-01 4.45747375e+02
    4.35175018e+02 6.35031760e-01 4.34704895e+02 4.54315308e+02
    5.13560951e-01 4.24398590e+02 4.60204651e+02 4.70941365e-01
    4.14828430e+02 4.61676971e+02 7.54159749e-01 4.47955872e+02
    4.47689850e+02 4.98827845e-01 4.39121887e+02 4.60204651e+02
    6.83305383e-01 4.40594208e+02 4.73455597e+02 7.71637022e-01
    4.46483521e+02 4.84498077e+02 8.42169762e-01 4.64151489e+02
    4.44009003e+02 6.52453184e-01 4.58262177e+02 4.60204651e+02
    4.96566355e-01 4.63415314e+02 4.73455597e+02 6.79174244e-01
    4.64887665e+02 4.86706573e+02 7.79238105e-01 4.81083282e+02
    4.39592010e+02 6.03129089e-01 4.92125763e+02 4.55051483e+02
    5.87468386e-01 4.98751251e+02 4.67566284e+02 5.88492990e-01
    5.06112885e+02 4.79344940e+02 5.98239779e-01 4.95806580e+02
    4.32230377e+02 6.92631721e-01 5.05376740e+02 4.37383514e+02
    7.40028381e-01 5.11266052e+02 4.41064362e+02 7.69052327e-01
    5.16419189e+02 4.46953674e+02 7.12383270e-01</data></hand_left_0>
</opencv_storage>
