<?xml version="1.0"?>
<opencv_storage>
<hand_right_0 type_id="opencv-nd-matrix">
  <sizes>
    1 21 3</sizes>
  <dt>f</dt>
  <data>
    4.60074768e+02 3.82940613e+02 6.36776924e-01 4.77486115e+02
    3.89208710e+02 7.44045019e-01 4.97683289e+02 3.96869690e+02
    7.04750896e-01 5.09522980e+02 4.05923584e+02 8.49427104e-01
    5.20666260e+02 4.15673950e+02 8.80837500e-01 4.85843567e+02
    4.05923584e+02 6.83205485e-01 4.95593903e+02 4.21245575e+02
    7.38326430e-01 5.03254913e+02 4.33781769e+02 8.54008913e-01
    5.06040710e+02 4.44228577e+02 8.60272408e-01 4.70521576e+02
    4.09405853e+02 7.27312982e-01 4.77486115e+02 4.22638489e+02
    6.73814535e-01 4.86540009e+02 4.37264038e+02 6.86904967e-01
    4.93504547e+02 4.49103760e+02 8.49672675e-01 4.53806671e+02
    4.11495239e+02 6.40798748e-01 4.57288940e+02 4.24031403e+02
    7.14881539e-01 4.60771210e+02 4.39353394e+02 7.98547268e-01
    4.64253479e+02 4.51889557e+02 6.49799705e-01 4.40574036e+02
    4.14977509e+02 7.20838666e-01 4.41270508e+02 4.27513672e+02
    7.75637984e-01 4.41966949e+02 4.38656921e+02 7.63930619e-01
    4.46842133e+02 4.50496643e+02 7.27884233e-01</data></hand_right_0>
</opencv_storage>
