<?xml version="1.0"?>
<opencv_storage>
<hand_left_0 type_id="opencv-nd-matrix">
  <sizes>
    1 21 3</sizes>
  <dt>f</dt>
  <data>
    4.59909485e+02 4.16942810e+02 5.36001444e-01 4.47390076e+02
    4.28766663e+02 6.28429949e-01 4.38348297e+02 4.46154724e+02
    5.42985201e-01 4.34870667e+02 4.57283081e+02 5.76701701e-01
    4.16091583e+02 4.56587585e+02 7.44709969e-01 4.55040833e+02
    4.45459229e+02 6.12544358e-01 4.40434845e+02 4.55196533e+02
    3.60775113e-01 4.41130371e+02 4.67020416e+02 4.39882070e-01
    4.43912476e+02 4.78148773e+02 5.82612932e-01 4.69646790e+02
    4.39895020e+02 7.18348920e-01 4.79384094e+02 4.56587585e+02
    6.42266929e-01 4.84252747e+02 4.67715942e+02 4.69124198e-01
    4.64082611e+02 4.80930847e+02 4.71033931e-01 4.84252747e+02
    4.35026367e+02 7.21433818e-01 4.93294556e+02 4.51023376e+02
    7.11826026e-01 5.00945313e+02 4.63542786e+02 6.92150235e-01
    5.06509460e+02 4.74671143e+02 7.16941893e-01 4.96772156e+02
    4.28071167e+02 7.59544373e-01 5.06509460e+02 4.34330872e+02
    7.94862628e-01 5.12769165e+02 4.39895020e+02 8.56752455e-01
    5.17637817e+02 4.46154724e+02 7.78555214e-01</data></hand_left_0>
</opencv_storage>
