<?xml version="1.0"?>
<opencv_storage>
<hand_right_0 type_id="opencv-nd-matrix">
  <sizes>
    1 21 3</sizes>
  <dt>f</dt>
  <data>
    4.59528076e+02 4.17031738e+02 5.94638050e-01 4.76732971e+02
    4.22766693e+02 7.32359111e-01 4.96088470e+02 4.29935394e+02
    6.99595094e-01 5.06841553e+02 4.38537842e+02 8.31049085e-01
    5.19745239e+02 4.44989685e+02 8.10919166e-01 4.83184814e+02
    4.37104095e+02 6.31160915e-01 4.94654755e+02 4.51441528e+02
    7.75581598e-01 5.02540314e+02 4.67212677e+02 7.84608245e-01
    5.06124664e+02 4.77965729e+02 8.62212658e-01 4.69564270e+02
    4.39254730e+02 7.38512337e-01 4.77449860e+02 4.52875244e+02
    7.22674072e-01 4.87486023e+02 4.68646423e+02 7.52372146e-01
    4.93937866e+02 4.82983826e+02 8.85164142e-01 4.54509979e+02
    4.43555939e+02 6.59680426e-01 4.58094330e+02 4.55025879e+02
    6.65322781e-01 4.61678680e+02 4.70797028e+02 7.72724450e-01
    4.65979919e+02 4.83700684e+02 6.78172350e-01 4.39455688e+02
    4.44989685e+02 6.94960773e-01 4.37305084e+02 4.57893341e+02
    8.55365217e-01 4.38738831e+02 4.67929535e+02 7.76633680e-01
    4.42323181e+02 4.79399475e+02 7.72474885e-01</data></hand_right_0>
</opencv_storage>
