<?xml version="1.0"?>
<opencv_storage>
<hand_left_0 type_id="opencv-nd-matrix">
  <sizes>
    1 21 3</sizes>
  <dt>f</dt>
  <data>
    4.58202148e+02 3.86134918e+02 5.73220074e-01 4.47216492e+02
    3.98412994e+02 6.56363726e-01 4.38815704e+02 4.16507019e+02
    5.54846168e-01 4.26537628e+02 4.26846466e+02 7.58983314e-01
    4.15551971e+02 4.35247253e+02 8.40575278e-01 4.53032440e+02
    4.13922150e+02 5.19565940e-01 4.42046783e+02 4.25554016e+02
    5.16702414e-01 4.42692993e+02 4.39770752e+02 6.62721992e-01
    4.45924072e+02 4.52048828e+02 6.64324045e-01 4.68541595e+02
    4.10044861e+02 6.80263400e-01 4.62079437e+02 4.25554016e+02
    5.15936077e-01 4.63371857e+02 4.39770752e+02 6.82572901e-01
    4.57555939e+02 4.56572327e+02 5.48460543e-01 4.83404541e+02
    4.08106232e+02 6.59974098e-01 4.93097748e+02 4.24261597e+02
    6.63270414e-01 4.98267456e+02 4.35247253e+02 5.85941076e-01
    5.04083405e+02 4.46232910e+02 6.06959820e-01 4.98267456e+02
    4.02936493e+02 7.21992970e-01 5.06022034e+02 4.11337311e+02
    5.97146630e-01 5.11837982e+02 4.15860809e+02 7.29627013e-01
    5.14422852e+02 4.18445679e+02 6.40506208e-01</data></hand_left_0>
</opencv_storage>
