<?xml version="1.0"?>
<opencv_storage>
<hand_left_0 type_id="opencv-nd-matrix">
  <sizes>
    1 21 3</sizes>
  <dt>f</dt>
  <data>
    4.60776520e+02 3.99834381e+02 5.51104069e-01 4.48611877e+02
    4.12674866e+02 6.40862525e-01 4.39150452e+02 4.29570221e+02
    5.63704193e-01 4.26309998e+02 4.40383240e+02 8.44528973e-01
    4.14821136e+02 4.49168823e+02 8.54108810e-01 4.52666748e+02
    4.30246033e+02 4.99744952e-01 4.42529541e+02 4.39031616e+02
    5.66510320e-01 4.42529541e+02 4.52547913e+02 8.30896735e-01
    4.43881165e+02 4.66064178e+02 7.29973793e-01 4.69562103e+02
    4.26191132e+02 6.94450974e-01 4.64155609e+02 4.45789764e+02
    4.66782749e-01 4.63479797e+02 4.57954407e+02 6.81897342e-01
    4.58749084e+02 4.73498138e+02 7.60912597e-01 4.85781647e+02
    4.24163696e+02 7.29503751e-01 4.94567230e+02 4.41059052e+02
    7.12086380e-01 5.00649567e+02 4.55251160e+02 5.18984973e-01
    5.06056091e+02 4.66739990e+02 6.45844758e-01 5.00649567e+02
    4.17405548e+02 7.62787342e-01 5.08759338e+02 4.30246033e+02
    7.30777144e-01 5.14165833e+02 4.35652527e+02 6.89644516e-01
    5.18220764e+02 4.39707428e+02 5.42820454e-01</data></hand_left_0>
</opencv_storage>
