<?xml version="1.0"?>
<opencv_storage>
<hand_left_0 type_id="opencv-nd-matrix">
  <sizes>
    1 21 3</sizes>
  <dt>f</dt>
  <data>
    4.63553986e+02 4.21830139e+02 5.72607517e-01 4.50026611e+02
    4.33221619e+02 6.53502285e-01 4.38635132e+02 4.51020844e+02
    5.85764647e-01 4.35075287e+02 4.60276428e+02 6.01246357e-01
    4.15852142e+02 4.57428528e+02 6.98550463e-01 4.55722351e+02
    4.47460999e+02 6.41713619e-01 4.57858246e+02 4.62412323e+02
    5.30673623e-01 4.62130066e+02 4.73091827e+02 4.42742229e-01
    4.45754791e+02 4.79499542e+02 5.25234163e-01 4.70673676e+02
    4.42477203e+02 7.12934136e-01 4.79217285e+02 4.58852478e+02
    6.61345959e-01 4.84201080e+02 4.72379883e+02 6.13354266e-01
    4.90608795e+02 4.85195282e+02 4.95505393e-01 4.85625000e+02
    4.38917389e+02 7.03261256e-01 4.93456665e+02 4.54580658e+02
    6.42464817e-01 5.02000275e+02 4.67396088e+02 7.26179838e-01
    5.06272064e+02 4.79499542e+02 7.22439229e-01 4.97728455e+02
    4.32509674e+02 7.22517073e-01 5.04848145e+02 4.36069489e+02
    8.09194088e-01 5.13391785e+02 4.41765259e+02 8.27960610e-01
    5.18375549e+02 4.50308868e+02 7.93540657e-01</data></hand_left_0>
</opencv_storage>
