<?xml version="1.0"?>
<opencv_storage>
<pose_0 type_id="opencv-nd-matrix">
  <sizes>
    2 18 3</sizes>
  <dt>f</dt>
  <data>
    4.96946625e+02 1.35029785e+02 7.49548376e-01 4.65673553e+02
    8.61303406e+01 7.63910174e-01 3.67806458e+02 8.41709137e+01
    7.02588439e-01 4.12742920e+02 2.73856750e+02 7.88377285e-01
    4.59699951e+02 3.97203918e+02 8.84474635e-01 5.73232971e+02
    9.97173691e+01 6.59514546e-01 5.30249390e+02 2.85670349e+02
    7.47106612e-01 4.95039734e+02 4.03065796e+02 6.04041517e-01
    3.77611145e+02 2.97394440e+02 4.05925900e-01 3.28665985e+02
    4.34342285e+02 3.70710701e-01 2.85653595e+02 4.89085754e+02
    1.02602445e-01 4.91046753e+02 3.11089020e+02 4.22371835e-01
    5.45870056e+02 4.48044434e+02 9.27852318e-02 0. 0. 0. 4.85216644e+02
    1.17329346e+02 7.66843855e-01 5.10734741e+02 1.17369827e+02
    5.89927018e-01 4.30491058e+02 6.65126953e+01 5.14523745e-01
    5.39929871e+02 7.03800201e+01 9.43427086e-02 0. 0. 0. 0. 0. 0. 0. 0.
    0. 0. 0. 0. 0. 0. 0. 0. 0. 0. 0. 0. 0. 0. 0. 0. 0. 0. 0. 0. 0. 0. 0.
    0. 0. 6.88714050e+02 4.83268097e+02 5.11115119e-02 9.66509705e+02
    5.22418457e+02 1.27280056e-01 1.12108618e+03 5.28249878e+02
    3.21521729e-01 0. 0. 0. 0. 0. 0. 0. 0. 0. 0. 0. 0.</data></pose_0>
</opencv_storage>
