<?xml version="1.0"?>
<opencv_storage>
<hand_right_0 type_id="opencv-nd-matrix">
  <sizes>
    1 21 3</sizes>
  <dt>f</dt>
  <data>
    4.60390839e+02 3.97419525e+02 6.51747286e-01 4.79676208e+02
    4.03640625e+02 7.40417600e-01 4.98961578e+02 4.12350159e+02
    8.07697892e-01 5.08915344e+02 4.25414429e+02 7.84277439e-01
    5.19491211e+02 4.34746063e+02 8.34794700e-01 4.86519409e+02
    4.21059662e+02 7.15405822e-01 4.95228943e+02 4.37234497e+02
    8.31525326e-01 5.00205811e+02 4.50920898e+02 8.27268600e-01
    5.04560577e+02 4.62118866e+02 9.40927446e-01 4.72210907e+02
    4.22925995e+02 8.07715476e-01 4.80298340e+02 4.40345062e+02
    7.08992004e-01 4.85275208e+02 4.52787231e+02 6.99505925e-01
    4.89629974e+02 4.64607300e+02 5.86617053e-01 4.58524506e+02
    4.26658661e+02 6.78606808e-01 4.60390839e+02 4.38478729e+02
    7.39806592e-01 4.62879272e+02 4.53409332e+02 7.65166938e-01
    4.59768738e+02 4.67717834e+02 7.00299621e-01 4.42971802e+02
    4.26658661e+02 6.63304806e-01 4.41727570e+02 4.37856598e+02
    7.56019473e-01 4.41105469e+02 4.48432465e+02 7.58793652e-01
    4.41105469e+02 4.58386200e+02 7.64687717e-01</data></hand_right_0>
</opencv_storage>
