<?xml version="1.0"?>
<opencv_storage>
<pose_0 type_id="opencv-nd-matrix">
  <sizes>
    1 18 3</sizes>
  <dt>f</dt>
  <data>
    4.61824615e+02 1.07593910e+02 7.43402839e-01 4.63749939e+02
    7.04494019e+01 7.44782567e-01 3.65917908e+02 7.04110794e+01
    6.83469296e-01 4.12864807e+02 2.58246521e+02 7.58852959e-01
    4.59691132e+02 3.83516876e+02 8.44404638e-01 5.69268250e+02
    8.40694656e+01 6.78329408e-01 5.26276367e+02 2.69997101e+02
    7.72083998e-01 4.95016846e+02 3.93242493e+02 5.65500617e-01
    3.81506775e+02 2.89573578e+02 4.29687768e-01 3.24776428e+02
    4.30404236e+02 4.19847608e-01 2.13300644e+02 4.94977264e+02
    1.16061330e-01 4.91101349e+02 3.03258911e+02 4.18839216e-01
    5.24357605e+02 3.99110046e+02 7.88441002e-02 0. 0. 0. 4.46134949e+02
    8.60862503e+01 6.59340262e-01 4.83254517e+02 8.41133499e+01
    7.40539730e-01 0. 0. 0. 5.32183167e+02 3.89159203e+00 4.91799563e-01</data></pose_0>
</opencv_storage>
