<?xml version="1.0"?>
<opencv_storage>
<hand_left_0 type_id="opencv-nd-matrix">
  <sizes>
    1 21 3</sizes>
  <dt>f</dt>
  <data>
    4.57162567e+02 3.92592041e+02 5.50714254e-01 4.44464996e+02
    4.05289612e+02 6.21942878e-01 4.37410797e+02 4.22219696e+02
    5.85856557e-01 4.38821655e+02 4.34917267e+02 6.73301280e-01
    4.45875854e+02 4.51847351e+02 6.11774921e-01 4.54340881e+02
    4.18692596e+02 6.26094341e-01 4.59278839e+02 4.32800995e+02
    6.68804288e-01 4.64922180e+02 4.44087738e+02 6.89793468e-01
    4.66333038e+02 4.54669037e+02 5.48671484e-01 4.70565552e+02
    4.12343811e+02 7.24204302e-01 4.80441437e+02 4.27863068e+02
    7.51369417e-01 4.86790222e+02 4.39855194e+02 5.90885222e-01
    4.93844421e+02 4.50436523e+02 6.09109998e-01 4.83263123e+02
    4.05995026e+02 6.75419688e-01 4.94549835e+02 4.22219696e+02
    5.87647676e-01 5.02309479e+02 4.32800995e+02 6.69181824e-01
    5.09363678e+02 4.44087738e+02 6.99378729e-01 4.96666107e+02
    3.98235413e+02 6.99981332e-01 5.05131165e+02 4.03173340e+02
    7.74326980e-01 5.12185364e+02 4.08816711e+02 7.92918205e-01
    5.17828735e+02 4.15870911e+02 7.47803390e-01</data></hand_left_0>
</opencv_storage>
