<?xml version="1.0"?>
<opencv_storage>
<hand_right_0 type_id="opencv-nd-matrix">
  <sizes>
    1 21 3</sizes>
  <dt>f</dt>
  <data>
    4.60431580e+02 4.00623596e+02 6.64019525e-01 4.79094757e+02
    4.06844635e+02 7.25383818e-01 4.99002136e+02 4.14932007e+02
    8.10353756e-01 5.08955811e+02 4.27996246e+02 7.84382463e-01
    5.18909485e+02 4.37327820e+02 8.15252841e-01 4.86560028e+02
    4.24263611e+02 7.24977434e-01 4.95269501e+02 4.39816254e+02
    8.37597728e-01 5.00246338e+02 4.53502563e+02 8.31909418e-01
    5.04601074e+02 4.64700470e+02 9.41001534e-01 4.72251587e+02
    4.26129913e+02 7.98917592e-01 4.80338959e+02 4.44170990e+02
    7.09731877e-01 4.85315796e+02 4.55990997e+02 6.76566660e-01
    4.89048431e+02 4.67811005e+02 6.39617562e-01 4.58565277e+02
    4.29240448e+02 6.56151950e-01 4.60431580e+02 4.41060455e+02
    7.08918273e-01 4.62297913e+02 4.56613098e+02 7.23076522e-01
    4.59809479e+02 4.70921509e+02 6.93833530e-01 4.41768402e+02
    4.29240448e+02 6.51988447e-01 4.41146301e+02 4.40438354e+02
    7.60169268e-01 4.41146301e+02 4.51014130e+02 7.62269020e-01
    4.40524200e+02 4.60967834e+02 7.79944897e-01</data></hand_right_0>
</opencv_storage>
