<?xml version="1.0"?>
<opencv_storage>
<pose_0 type_id="opencv-nd-matrix">
  <sizes>
    1 18 3</sizes>
  <dt>f</dt>
  <data>
    4.30375977e+02 8.40360184e+01 8.25773716e-01 4.42203979e+02
    8.21270370e+01 7.25472808e-01 3.52140869e+02 8.41352310e+01
    7.60286748e-01 4.10822845e+02 2.44586487e+02 8.05395365e-01
    4.59744995e+02 3.81496460e+02 8.52351546e-01 5.32171570e+02
    8.42018051e+01 6.98164821e-01 5.08642517e+02 2.56339905e+02
    8.81743670e-01 4.92976746e+02 3.99063416e+02 5.91749251e-01
    3.73684143e+02 2.89561005e+02 4.33479130e-01 3.34540283e+02
    4.30387756e+02 6.17885113e-01 2.99351501e+02 4.79330597e+02
    1.23523600e-01 4.73441620e+02 2.91552460e+02 4.60901082e-01
    5.18477478e+02 3.97152985e+02 8.72289985e-02 0. 0. 0. 4.10881958e+02
    5.67148743e+01 8.60797048e-01 4.53948242e+02 6.06630821e+01
    8.06228876e-01 0. 0. 0. 4.93116241e+02 2.54572678e+01 7.78542697e-01</data></pose_0>
</opencv_storage>
