<?xml version="1.0"?>
<opencv_storage>
<pose_0 type_id="opencv-nd-matrix">
  <sizes>
    1 18 3</sizes>
  <dt>f</dt>
  <data>
    4.61807526e+02 1.29080200e+02 7.44468033e-01 4.63701782e+02
    7.24515381e+01 8.42378914e-01 3.65909393e+02 7.04134674e+01
    6.92847252e-01 4.14803314e+02 2.62188965e+02 7.49390006e-01
    4.59740723e+02 3.89375885e+02 8.54216158e-01 5.69352966e+02
    8.60587387e+01 6.85380042e-01 5.26280396e+02 2.73874268e+02
    8.03389132e-01 4.95013489e+02 3.97166534e+02 5.29493749e-01
    3.81526733e+02 2.95432739e+02 3.91593099e-01 3.22862183e+02
    4.44127716e+02 2.52984256e-01 0. 0. 0. 4.93042969e+02 3.07187897e+02
    4.09997821e-01 5.22400757e+02 3.95228058e+02 7.02425763e-02 0. 0. 0.
    4.55845673e+02 1.03716431e+02 5.88798463e-01 4.79403961e+02
    1.11526649e+02 5.81996799e-01 4.14838287e+02 3.71749840e+01
    3.78932476e-01 5.20444641e+02 6.45608215e+01 2.17406869e-01</data></pose_0>
</opencv_storage>
