<?xml version="1.0"?>
<opencv_storage>
<hand_left_0 type_id="opencv-nd-matrix">
  <sizes>
    1 21 3</sizes>
  <dt>f</dt>
  <data>
    4.59173706e+02 4.24683380e+02 5.19672394e-01 4.46293732e+02
    4.36132233e+02 6.26478612e-01 4.36276001e+02 4.53305511e+02
    4.81925964e-01 4.26258240e+02 4.58314392e+02 5.98322749e-01
    4.16240509e+02 4.61892151e+02 8.28248024e-01 4.52018188e+02
    4.50443298e+02 5.37157297e-01 4.40569305e+02 4.59745483e+02
    7.05188274e-01 4.42715973e+02 4.72625458e+02 7.53304958e-01
    4.46293732e+02 4.82643219e+02 8.29629362e-01 4.67760345e+02
    4.46149963e+02 6.35791779e-01 4.62751495e+02 4.59745483e+02
    4.71319556e-01 4.65613708e+02 4.74056580e+02 6.62646234e-01
    4.66329254e+02 4.86220978e+02 7.61336446e-01 4.83502533e+02
    4.41141113e+02 6.03181183e-01 4.94235840e+02 4.56167725e+02
    5.74726462e-01 5.02106934e+02 4.69047699e+02 6.27675653e-01
    5.08546906e+02 4.79781006e+02 6.44691288e-01 4.97813599e+02
    4.33270020e+02 6.96015120e-01 5.07115814e+02 4.36847778e+02
    8.18410873e-01 5.14271362e+02 4.41856659e+02 8.82809222e-01
    5.19995789e+02 4.48296631e+02 7.85987496e-01</data></hand_left_0>
</opencv_storage>
