<?xml version="1.0"?>
<opencv_storage>
<hand_left_0 type_id="opencv-nd-matrix">
  <sizes>
    1 21 3</sizes>
  <dt>f</dt>
  <data>
    4.60742554e+02 4.19830505e+02 5.84057033e-01 4.48891052e+02
    4.33773468e+02 6.92918122e-01 4.38433807e+02 4.50505005e+02
    5.97439468e-01 4.37039520e+02 4.62356537e+02 5.81638217e-01
    4.15427917e+02 4.58870789e+02 6.68710947e-01 4.55165375e+02
    4.47716431e+02 6.39982581e-01 4.58651123e+02 4.62356537e+02
    6.26918316e-01 4.62136871e+02 4.72813751e+02 6.20395958e-01
    4.64925446e+02 4.83270966e+02 6.35798812e-01 4.70502625e+02
    4.42139252e+02 7.32547998e-01 4.78171265e+02 4.58173645e+02
    7.47581303e-01 4.85142761e+02 4.72813751e+02 6.61851645e-01
    4.92114227e+02 4.84665283e+02 7.37656534e-01 4.83051300e+02
    4.38653503e+02 7.05152154e-01 4.92811371e+02 4.53293610e+02
    6.62676036e-01 5.00480011e+02 4.67236572e+02 7.06117511e-01
    5.06057190e+02 4.79088104e+02 7.77823448e-01 4.96994263e+02
    4.30287720e+02 7.00315416e-01 5.05360046e+02 4.35167755e+02
    8.44654620e-01 5.12331543e+02 4.41442078e+02 8.29962432e-01
    5.19302979e+02 4.50505005e+02 7.70911813e-01</data></hand_left_0>
</opencv_storage>
