<?xml version="1.0"?>
<opencv_storage>
<hand_right_0 type_id="opencv-nd-matrix">
  <sizes>
    1 21 3</sizes>
  <dt>f</dt>
  <data>
    4.61812744e+02 3.85051971e+02 6.18800700e-01 4.79322174e+02
    3.93806702e+02 7.51441479e-01 4.97561157e+02 4.01102295e+02
    7.13986278e-01 5.09963684e+02 4.11316132e+02 8.63495350e-01
    5.21636597e+02 4.21529968e+02 8.98711920e-01 4.85888214e+02
    4.11316132e+02 6.88370585e-01 4.93183807e+02 4.25907318e+02
    8.03954720e-01 4.99749847e+02 4.40498505e+02 8.93803954e-01
    5.04127197e+02 4.52171448e+02 9.03619647e-01 4.70567444e+02
    4.13504791e+02 7.41474748e-01 4.76403931e+02 4.28825562e+02
    6.36844754e-01 4.82969971e+02 4.44146301e+02 6.87095523e-01
    4.90995117e+02 4.57278381e+02 8.20240259e-01 4.56705841e+02
    4.17152588e+02 7.23193526e-01 4.58894501e+02 4.29555115e+02
    6.04903102e-01 4.62542297e+02 4.44875854e+02 8.14567327e-01
    4.64001434e+02 4.58737488e+02 8.24321330e-01 4.39925964e+02
    4.17152588e+02 7.30110705e-01 4.40655518e+02 4.31743805e+02
    8.42731833e-01 4.42114624e+02 4.41957611e+02 7.76458740e-01
    4.46492004e+02 4.53630585e+02 8.31590235e-01</data></hand_right_0>
</opencv_storage>
