<?xml version="1.0"?>
<opencv_storage>
<pose_0 type_id="opencv-nd-matrix">
  <sizes>
    1 18 3</sizes>
  <dt>f</dt>
  <data>
    5.06734009e+02 1.50637802e+02 7.94450164e-01 4.71489227e+02
    9.97328186e+01 7.52535284e-01 3.67832306e+02 9.77705383e+01
    6.64508283e-01 4.10786469e+02 2.81733887e+02 7.16143072e-01
    4.59692719e+02 4.08878601e+02 8.63418162e-01 5.71367859e+02
    1.03667580e+02 6.60587430e-01 5.36034119e+02 2.91557526e+02
    7.67492652e-01 4.98921387e+02 4.12815430e+02 6.94750547e-01
    3.75664673e+02 2.89599762e+02 4.19669211e-01 3.24755096e+02
    4.30455139e+02 5.10928929e-01 2.75888794e+02 4.83267303e+02
    1.07194960e-01 4.89085876e+02 3.05213959e+02 4.02698219e-01
    5.43901123e+02 4.57821106e+02 9.21725854e-02 0. 0. 0. 4.91137787e+02
    1.33087982e+02 7.99761415e-01 5.20453735e+02 1.31139877e+02
    6.63401484e-01 4.30414246e+02 7.82741776e+01 6.54581785e-01
    5.42057983e+02 8.41955185e+01 7.35957697e-02</data></pose_0>
</opencv_storage>
