<?xml version="1.0"?>
<opencv_storage>
<hand_right_0 type_id="opencv-nd-matrix">
  <sizes>
    1 21 3</sizes>
  <dt>f</dt>
  <data>
    4.56493256e+02 4.08584381e+02 5.71849346e-01 4.75804688e+02
    4.14306274e+02 6.70577526e-01 4.96546600e+02 4.20743408e+02
    7.08470225e-01 5.07275177e+02 4.30041504e+02 7.93568730e-01
    5.17288513e+02 4.37193909e+02 7.97556937e-01 4.85102783e+02
    4.30041504e+02 7.06891894e-01 4.96546600e+02 4.45776764e+02
    8.01697910e-01 5.05129456e+02 4.59366272e+02 8.23154688e-01
    5.09420868e+02 4.70094849e+02 8.57956588e-01 4.69367554e+02
    4.32187225e+02 7.24577725e-01 4.79380890e+02 4.47922455e+02
    7.14995682e-01 4.89394226e+02 4.62227234e+02 7.92917132e-01
    4.96546600e+02 4.75816742e+02 9.17603612e-01 4.55062775e+02
    4.36478668e+02 7.06514835e-01 4.60069458e+02 4.48637695e+02
    6.91325903e-01 4.65076111e+02 4.63657715e+02 8.03293824e-01
    4.70082794e+02 4.76531982e+02 8.18875074e-01 4.39327545e+02
    4.38624359e+02 6.62176609e-01 4.38612305e+02 4.53644379e+02
    8.32932711e-01 4.42903717e+02 4.65088196e+02 7.42639780e-01
    4.45049438e+02 4.73671051e+02 7.72996902e-01</data></hand_right_0>
</opencv_storage>
