<?xml version="1.0"?>
<opencv_storage>
<hand_right_0 type_id="opencv-nd-matrix">
  <sizes>
    1 21 3</sizes>
  <dt>f</dt>
  <data>
    4.57061401e+02 4.04382721e+02 5.80278516e-01 4.74701294e+02
    4.08616302e+02 6.59194469e-01 4.93752411e+02 4.14966675e+02
    6.95551693e-01 5.05041931e+02 4.22022614e+02 8.07326019e-01
    5.16331482e+02 4.30489777e+02 8.40553284e-01 4.82462860e+02
    4.24845001e+02 6.72626793e-01 4.93752411e+02 4.38956940e+02
    8.35045695e-01 5.01513947e+02 4.51657654e+02 8.12035203e-01
    5.05747528e+02 4.61536011e+02 8.78764868e-01 4.69056549e+02
    4.29078583e+02 6.92550600e-01 4.78229279e+02 4.44601685e+02
    6.75485492e-01 4.87402039e+02 4.58008026e+02 6.88643515e-01
    4.95163574e+02 4.69297546e+02 8.68402541e-01 4.53533447e+02
    4.32606567e+02 7.15868056e-01 4.57766998e+02 4.45307281e+02
    6.11153662e-01 4.61294983e+02 4.60830414e+02 7.67569065e-01
    4.65528564e+02 4.72119934e+02 7.01137125e-01 4.38010315e+02
    4.32606567e+02 6.38831377e-01 4.37304718e+02 4.48129669e+02
    8.24713111e-01 4.38010315e+02 4.56596832e+02 7.52081215e-01
    4.40127106e+02 4.67180756e+02 7.71919787e-01</data></hand_right_0>
</opencv_storage>
