<?xml version="1.0"?>
<opencv_storage>
<pose_0 type_id="opencv-nd-matrix">
  <sizes>
    1 18 3</sizes>
  <dt>f</dt>
  <data>
    4.79368134e+02 1.46804321e+02 7.29692161e-01 4.71532135e+02
    9.00014877e+01 8.11492443e-01 3.67851318e+02 8.61430817e+01
    6.70295358e-01 4.12752563e+02 2.75921082e+02 7.57310331e-01
    4.57852356e+02 4.01130432e+02 8.51329267e-01 5.71361145e+02
    1.01755371e+02 6.72721148e-01 5.32188965e+02 2.87669434e+02
    7.72334576e-01 4.96950043e+02 4.10822113e+02 5.79264164e-01
    3.79507935e+02 2.91544861e+02 3.99598658e-01 3.22846710e+02
    4.36304474e+02 3.47770810e-01 2.77818329e+02 4.83261566e+02
    1.01286598e-01 4.93029236e+02 3.13049744e+02 3.65696937e-01
    5.45875427e+02 4.55862244e+02 7.22151101e-02 0. 0. 0. 4.71484314e+02
    1.31084381e+02 5.88521540e-01 4.95081390e+02 1.31061127e+02
    5.63739896e-01 4.14867462e+02 6.26346169e+01 5.91815531e-01
    5.24313538e+02 5.48441582e+01 3.51420134e-01</data></pose_0>
</opencv_storage>
