<?xml version="1.0"?>
<opencv_storage>
<hand_left_0 type_id="opencv-nd-matrix">
  <sizes>
    1 21 3</sizes>
  <dt>f</dt>
  <data>
    4.63077148e+02 3.89740295e+02 5.79639971e-01 4.48596588e+02
    4.02152191e+02 6.44700408e-01 4.40321991e+02 4.18701385e+02
    5.97054064e-01 4.37563782e+02 4.31802856e+02 5.97358227e-01
    4.41701080e+02 4.47662506e+02 3.84139538e-01 4.54113007e+02
    4.15943207e+02 6.35200381e-01 4.42390656e+02 4.26286438e+02
    3.06812584e-01 4.43080200e+02 4.41456543e+02 4.23681080e-01
    4.45838379e+02 4.53178894e+02 5.26979744e-01 4.69283112e+02
    4.11116333e+02 6.87629938e-01 4.78936798e+02 4.27665558e+02
    5.60414016e-01 4.63077148e+02 4.43525208e+02 3.76923233e-01
    4.58939850e+02 4.54558014e+02 5.52700162e-01 4.85142761e+02
    4.07668579e+02 6.48130059e-01 4.94106903e+02 4.24907349e+02
    6.57165825e-01 5.01002411e+02 4.36629700e+02 6.26685441e-01
    5.05829254e+02 4.46972961e+02 6.96429670e-01 4.99623322e+02
    4.00773102e+02 7.16108859e-01 5.07897919e+02 4.08358154e+02
    7.70594358e-01 5.14103882e+02 4.14564087e+02 8.46698284e-01
    5.18241150e+02 4.20080505e+02 7.80995369e-01</data></hand_left_0>
</opencv_storage>
