<?xml version="1.0"?>
<opencv_storage>
<hand_left_0 type_id="opencv-nd-matrix">
  <sizes>
    1 21 3</sizes>
  <dt>f</dt>
  <data>
    4.58169403e+02 3.96556824e+02 4.76152986e-01 4.46243561e+02
    4.09885681e+02 6.18006825e-01 4.35019257e+02 4.27423676e+02
    4.54656720e-01 4.24496490e+02 4.34438873e+02 6.83095872e-01
    4.14675201e+02 4.40051025e+02 8.05660486e-01 4.49049652e+02
    4.23214539e+02 5.25976300e-01 4.40631409e+02 4.35841888e+02
    6.75389111e-01 4.43437500e+02 4.49872284e+02 7.85214186e-01
    4.45542053e+02 4.59693542e+02 7.92896628e-01 4.65886108e+02
    4.19706970e+02 6.23121560e-01 4.62378510e+02 4.36543427e+02
    5.73963583e-01 4.66587646e+02 4.50573792e+02 6.96109653e-01
    4.67990662e+02 4.62499634e+02 7.74660230e-01 4.80618011e+02
    4.14094818e+02 6.43090487e-01 4.92543854e+02 4.28826721e+02
    6.26724720e-01 5.00260559e+02 4.41454041e+02 5.32228470e-01
    5.05872711e+02 4.51275330e+02 5.73009491e-01 4.95349915e+02
    4.04975067e+02 7.02300310e-01 5.03768158e+02 4.08482635e+02
    7.25740433e-01 5.12186401e+02 4.14094818e+02 7.59082973e-01
    5.17798523e+02 4.22513031e+02 7.36214221e-01</data></hand_left_0>
</opencv_storage>
