<?xml version="1.0"?>
<opencv_storage>
<hand_left_0 type_id="opencv-nd-matrix">
  <sizes>
    1 21 3</sizes>
  <dt>f</dt>
  <data>
    4.61612152e+02 3.89263336e+02 5.71587563e-01 4.49421539e+02
    4.01453918e+02 6.66455150e-01 4.40099335e+02 4.17947052e+02
    5.80129504e-01 4.39382263e+02 4.30854736e+02 4.59652543e-01
    4.20737823e+02 4.29420532e+02 3.40946943e-01 4.55158295e+02
    4.13644501e+02 5.73255062e-01 4.44401917e+02 4.25117981e+02
    6.06980443e-01 4.44401917e+02 4.37308563e+02 6.80343509e-01
    4.46553192e+02 4.48782074e+02 7.60032117e-01 4.70217255e+02
    4.10059021e+02 6.05264723e-01 4.62329224e+02 4.25117981e+02
    5.22605658e-01 4.63763428e+02 4.39459839e+02 6.11128986e-01
    4.61612152e+02 4.53801697e+02 7.49053240e-01 4.84559113e+02
    4.05756470e+02 6.27122641e-01 4.95315521e+02 4.20098328e+02
    5.35880506e-01 5.00335175e+02 4.31571838e+02 5.47110140e-01
    4.98183899e+02 4.47347870e+02 6.20748580e-01 5.00335175e+02
    3.97151367e+02 7.04385817e-01 5.07506104e+02 4.01453918e+02
    8.07910085e-01 5.13959961e+02 4.06473572e+02 8.20019960e-01
    5.19696655e+02 4.12927399e+02 7.50227988e-01</data></hand_left_0>
</opencv_storage>
