<?xml version="1.0"?>
<opencv_storage>
<hand_right_0 type_id="opencv-nd-matrix">
  <sizes>
    1 21 3</sizes>
  <dt>f</dt>
  <data>
    4.56474731e+02 4.15318909e+02 5.83080053e-01 4.73649414e+02
    4.21043793e+02 6.94370508e-01 4.94402161e+02 4.27484314e+02
    6.23321176e-01 5.05851959e+02 4.35356049e+02 7.80217707e-01
    5.16586121e+02 4.41796539e+02 8.16726089e-01 4.83667999e+02
    4.36787262e+02 6.81603789e-01 4.95117767e+02 4.52530731e+02
    7.67485559e-01 5.01558289e+02 4.64696136e+02 8.42022061e-01
    5.06567566e+02 4.75430298e+02 9.48601305e-01 4.67924530e+02
    4.40365326e+02 7.70400286e-01 4.77943085e+02 4.53961945e+02
    7.24188089e-01 4.87246033e+02 4.68989807e+02 7.66667128e-01
    4.95833374e+02 4.81155212e+02 9.01836216e-01 4.54327881e+02
    4.44658997e+02 6.55063748e-01 4.57190338e+02 4.56108795e+02
    6.88265264e-01 4.62199615e+02 4.71136627e+02 8.07890594e-01
    4.67208923e+02 4.82586426e+02 6.28889561e-01 4.38584442e+02
    4.46090210e+02 6.86769605e-01 4.37868835e+02 4.58255615e+02
    8.52318525e-01 4.38584442e+02 4.69705414e+02 8.22521865e-01
    4.40015656e+02 4.79723969e+02 7.91917562e-01</data></hand_right_0>
</opencv_storage>
