<?xml version="1.0"?>
<opencv_storage>
<hand_right_0 type_id="opencv-nd-matrix">
  <sizes>
    1 21 3</sizes>
  <dt>f</dt>
  <data>
    4.56468079e+02 4.14300110e+02 5.99209011e-01 4.74278198e+02
    4.20711761e+02 6.99933887e-01 4.94225525e+02 4.27123383e+02
    6.59161687e-01 5.04911621e+02 4.33535034e+02 7.59808362e-01
    5.15597656e+02 4.40659088e+02 7.81295240e-01 4.83539459e+02
    4.34247437e+02 6.54209554e-01 4.94937927e+02 4.49920349e+02
    7.87793279e-01 5.02061981e+02 4.62743622e+02 8.75728965e-01
    5.07048828e+02 4.73429718e+02 9.51266944e-01 4.67866547e+02
    4.38521881e+02 7.51800179e-01 4.78552643e+02 4.52769958e+02
    7.00368881e-01 4.87813904e+02 4.67730469e+02 7.62575209e-01
    4.96362762e+02 4.79128937e+02 9.09068346e-01 4.54330872e+02
    4.43508698e+02 6.37739301e-01 4.57180481e+02 4.54907196e+02
    6.93021595e-01 4.62879730e+02 4.69867676e+02 8.14545333e-01
    4.67154144e+02 4.81266144e+02 6.60151839e-01 4.39370361e+02
    4.44221100e+02 7.07348347e-01 4.37945557e+02 4.57044403e+02
    8.41385305e-01 4.38657959e+02 4.67730469e+02 8.25966120e-01
    4.40082764e+02 4.78416534e+02 8.33981216e-01</data></hand_right_0>
</opencv_storage>
