<?xml version="1.0"?>
<opencv_storage>
<hand_right_0 type_id="opencv-nd-matrix">
  <sizes>
    1 21 3</sizes>
  <dt>f</dt>
  <data>
    4.60292572e+02 4.01334961e+02 6.14213467e-01 4.77464478e+02
    4.07774445e+02 7.35946178e-01 4.97498413e+02 4.14929413e+02
    6.34029567e-01 5.07515381e+02 4.23515381e+02 7.76821971e-01
    5.17532349e+02 4.32816864e+02 7.58876145e-01 4.83903961e+02
    4.22799896e+02 5.82499862e-01 4.93920929e+02 4.36394348e+02
    7.39173114e-01 5.02506897e+02 4.52135284e+02 8.31941009e-01
    5.06084381e+02 4.62152222e+02 8.17149878e-01 4.69594025e+02
    4.24946381e+02 6.91882372e-01 4.77464478e+02 4.40687317e+02
    6.94149792e-01 4.87481445e+02 4.54281769e+02 6.58280551e-01
    4.95351929e+02 4.67160706e+02 8.31284404e-01 4.54568573e+02
    4.29239349e+02 7.05723464e-01 4.58861572e+02 4.40687317e+02
    6.44970715e-01 4.61723541e+02 4.56428253e+02 7.97021031e-01
    4.66016541e+02 4.69307220e+02 7.42204905e-01 4.39543152e+02
    4.29954865e+02 6.61541045e-01 4.38112152e+02 4.43549316e+02
    7.80967653e-01 4.39543152e+02 4.53566254e+02 7.30747283e-01
    4.43120636e+02 4.65014221e+02 7.68420935e-01</data></hand_right_0>
</opencv_storage>
