<?xml version="1.0"?>
<opencv_storage>
<hand_left_0 type_id="opencv-nd-matrix">
  <sizes>
    1 21 3</sizes>
  <dt>f</dt>
  <data>
    4.60850555e+02 3.97390594e+02 5.08316636e-01 4.47380981e+02
    4.09442291e+02 6.43105090e-01 4.36747131e+02 4.25747559e+02
    4.65301514e-01 4.24695404e+02 4.31418945e+02 3.67864162e-01
    4.16188324e+02 4.36381409e+02 5.40170193e-01 4.50925598e+02
    4.23620789e+02 5.46036780e-01 4.41000671e+02 4.35672485e+02
    6.35503531e-01 4.42418518e+02 4.48433136e+02 7.14247644e-01
    4.45963135e+02 4.59066986e+02 7.97545433e-01 4.66521942e+02
    4.19367249e+02 6.52688444e-01 4.60850555e+02 4.37090332e+02
    5.04456818e-01 4.62977325e+02 4.49142059e+02 6.24705732e-01
    4.64395172e+02 4.61902679e+02 7.83685684e-01 4.82118256e+02
    4.15113708e+02 5.86646974e-01 4.92043213e+02 4.31418945e+02
    6.10342264e-01 4.97005676e+02 4.44179596e+02 5.25767446e-01
    5.04803833e+02 4.54104523e+02 5.76849580e-01 4.97005676e+02
    4.08024445e+02 7.34648943e-01 5.07639526e+02 4.14404785e+02
    7.23640978e-01 5.14019836e+02 4.20785095e+02 7.53447413e-01
    5.18982300e+02 4.26456482e+02 6.95095658e-01</data></hand_left_0>
</opencv_storage>
