<?xml version="1.0"?>
<opencv_storage>
<pose_0 type_id="opencv-nd-matrix">
  <sizes>
    1 18 3</sizes>
  <dt>f</dt>
  <data>
    4.20630249e+02 1.32978226e+02 8.77864242e-01 4.38271942e+02
    9.19358826e+01 7.87542760e-01 3.50160828e+02 9.78393631e+01
    7.59177625e-01 4.05017212e+02 2.58279816e+02 8.29101682e-01
    4.59788666e+02 3.97115631e+02 8.42914104e-01 5.36119446e+02
    8.80710678e+01 7.12548852e-01 5.08724976e+02 2.69969177e+02
    8.49388361e-01 4.93030579e+02 4.12824036e+02 6.26239896e-01
    3.77606720e+02 2.93469818e+02 4.47305739e-01 3.34486908e+02
    4.42159302e+02 5.17472148e-01 3.03225647e+02 4.91081848e+02
    7.45072141e-02 4.75451019e+02 2.99338013e+02 4.71698165e-01
    5.22370972e+02 4.14797760e+02 1.36238262e-01 0. 0. 0. 3.99144867e+02
    1.13474289e+02 7.80269742e-01 4.40238068e+02 1.09541946e+02
    7.53318429e-01 3.75575623e+02 8.60623627e+01 1.59516066e-01
    4.81273590e+02 5.48097954e+01 7.23884046e-01</data></pose_0>
</opencv_storage>
