<?xml version="1.0"?>
<opencv_storage>
<hand_left_0 type_id="opencv-nd-matrix">
  <sizes>
    1 21 3</sizes>
  <dt>f</dt>
  <data>
    4.57832733e+02 3.93604675e+02 5.44984579e-01 4.45660950e+02
    4.07208435e+02 6.49305224e-01 4.37069092e+02 4.25108093e+02
    5.47383308e-01 4.34921143e+02 4.37279877e+02 4.18039352e-01
    4.16305481e+02 4.35131927e+02 4.47820991e-01 4.51388855e+02
    4.22244141e+02 5.54044664e-01 4.40649048e+02 4.32267975e+02
    5.03340244e-01 4.42081024e+02 4.44439758e+02 6.12711966e-01
    4.44944977e+02 4.55895569e+02 7.13478327e-01 4.67856567e+02
    4.16516266e+02 6.59336746e-01 4.61412689e+02 4.32983978e+02
    4.05092418e-01 4.63560638e+02 4.48735687e+02 6.17573619e-01
    4.62128662e+02 4.61623444e+02 6.95993602e-01 4.81460327e+02
    4.11504333e+02 6.36922777e-01 4.92200134e+02 4.26540070e+02
    5.73391676e-01 4.96496063e+02 4.38711853e+02 5.31530142e-01
    5.05803894e+02 4.49451660e+02 5.94645798e-01 4.96496063e+02
    4.02912506e+02 7.47087121e-01 5.04371918e+02 4.07924408e+02
    7.71351218e-01 5.11531799e+02 4.12936310e+02 8.03829789e-01
    5.16543701e+02 4.18664215e+02 7.23877668e-01</data></hand_left_0>
</opencv_storage>
