<?xml version="1.0"?>
<opencv_storage>
<pose_0 type_id="opencv-nd-matrix">
  <sizes>
    1 18 3</sizes>
  <dt>f</dt>
  <data>
    5.08703949e+02 9.97495956e+01 8.53059053e-01 4.63761841e+02
    7.03827286e+01 6.98025048e-01 3.67877319e+02 6.85212555e+01
    6.67018712e-01 4.12876709e+02 2.54340897e+02 7.00637817e-01
    4.59728546e+02 3.81532440e+02 8.61246884e-01 5.71285950e+02
    8.01799927e+01 6.59098804e-01 5.28272644e+02 2.70022400e+02
    7.34519839e-01 4.95041992e+02 3.89351257e+02 5.74191630e-01
    3.81442474e+02 2.91529816e+02 4.22773063e-01 3.24789185e+02
    4.30402191e+02 4.69106108e-01 2.73933350e+02 4.81335785e+02
    8.24630484e-02 4.91059937e+02 3.05197021e+02 4.10241425e-01
    5.22437622e+02 3.89364563e+02 6.11004420e-02 0. 0. 0. 4.92988342e+02
    8.20807724e+01 7.68588841e-01 5.26272217e+02 7.04846954e+01
    7.02789485e-01 4.32358948e+02 3.12794743e+01 5.66005588e-01 0. 0. 0.</data></pose_0>
</opencv_storage>
