<?xml version="1.0"?>
<opencv_storage>
<hand_right_0 type_id="opencv-nd-matrix">
  <sizes>
    2 21 3</sizes>
  <dt>f</dt>
  <data>
    4.58032928e+02 4.01437439e+02 5.47625482e-01 4.77341125e+02
    4.06443268e+02 6.81711614e-01 4.99509766e+02 4.14309570e+02
    6.93284988e-01 5.10951660e+02 4.24321228e+02 6.86004877e-01
    5.17387756e+02 4.32187531e+02 6.15621388e-01 4.84492310e+02
    4.22175873e+02 6.72111332e-01 4.94503967e+02 4.36478241e+02
    8.03472817e-01 5.02370239e+02 4.50780609e+02 8.29111218e-01
    5.06660950e+02 4.60077118e+02 8.64510715e-01 4.68759705e+02
    4.23606110e+02 7.25699425e-01 4.78056244e+02 4.40053833e+02
    6.60542309e-01 4.86637665e+02 4.53641083e+02 7.15987802e-01
    4.95219086e+02 4.66513184e+02 8.63830805e-01 4.54457336e+02
    4.28611938e+02 6.88251913e-01 4.59463165e+02 4.40768951e+02
    7.20341086e-01 4.64468994e+02 4.56501556e+02 7.56371558e-01
    4.68044586e+02 4.68658539e+02 8.16697240e-01 4.38724731e+02
    4.29327057e+02 6.40335083e-01 4.38724731e+02 4.44344543e+02
    7.93803453e-01 4.41585205e+02 4.55071320e+02 7.27553487e-01
    4.43730560e+02 4.64367828e+02 8.59038174e-01 0. 0. 0. 0. 0. 0. 0. 0.
    0. 0. 0. 0. 0. 0. 0. 0. 0. 0. 0. 0. 0. 0. 0. 0. 0. 0. 0. 0. 0. 0. 0.
    0. 0. 0. 0. 0. 0. 0. 0. 0. 0. 0. 0. 0. 0. 0. 0. 0. 0. 0. 0. 0. 0. 0.
    0. 0. 0. 0. 0. 0. 0. 0. 0.</data></hand_right_0>
</opencv_storage>
