<?xml version="1.0"?>
<opencv_storage>
<pose_0 type_id="opencv-nd-matrix">
  <sizes>
    1 18 3</sizes>
  <dt>f</dt>
  <data>
    4.67611511e+02 9.98620758e+01 7.82418847e-01 4.77356781e+02
    6.84923553e+01 7.49741435e-01 3.79563629e+02 6.84252930e+01
    6.91076040e-01 4.28397797e+02 2.54359238e+02 7.33989596e-01
    4.61683411e+02 3.83433258e+02 8.32238257e-01 5.73304565e+02
    8.40476456e+01 6.81692660e-01 5.28295288e+02 2.71861847e+02
    7.69247949e-01 4.95036896e+02 3.95184875e+02 5.41070819e-01
    3.83431885e+02 2.91514923e+02 4.11316723e-01 3.20935181e+02
    4.46089417e+02 2.44626731e-01 0. 0. 0. 4.89133484e+02 3.03258545e+02
    4.28374469e-01 5.22409790e+02 3.93269104e+02 6.33943379e-02 0. 0. 0.
    4.48028229e+02 8.20933228e+01 6.79525018e-01 4.89106445e+02
    7.43810120e+01 7.73757100e-01 4.10906525e+02 2.34274464e+01
    4.08197194e-01 5.34112000e+02 4.84248257e+00 5.23524880e-01</data></pose_0>
</opencv_storage>
