<?xml version="1.0"?>
<opencv_storage>
<hand_right_0 type_id="opencv-nd-matrix">
  <sizes>
    1 21 3</sizes>
  <dt>f</dt>
  <data>
    4.60236328e+02 3.84435547e+02 5.86603403e-01 4.76622986e+02
    3.89214996e+02 7.42690086e-01 4.95740723e+02 3.94677216e+02
    6.99625373e-01 5.09396271e+02 4.02187744e+02 8.48043084e-01
    5.21003479e+02 4.10381073e+02 8.62718105e-01 4.86181854e+02
    4.04918854e+02 6.45384431e-01 4.95057953e+02 4.17208832e+02
    7.40290105e-01 5.03934052e+02 4.31547150e+02 8.32948387e-01
    5.08713470e+02 4.41788818e+02 8.68660152e-01 4.70477997e+02
    4.07649963e+02 7.23833442e-01 4.77988525e+02 4.20622711e+02
    6.56664312e-01 4.88230194e+02 4.34278259e+02 7.11824596e-01
    4.97106293e+02 4.47251007e+02 8.27929616e-01 4.54774109e+02
    4.11746613e+02 6.69175923e-01 4.57505219e+02 4.21988281e+02
    6.87581003e-01 4.61601898e+02 4.34961029e+02 8.12118888e-01
    4.66381317e+02 4.48616577e+02 8.07371020e-01 4.39753021e+02
    4.13112183e+02 6.85727000e-01 4.39753021e+02 4.25402161e+02
    7.59939849e-01 4.41801361e+02 4.35643799e+02 7.15536058e-01
    4.44532471e+02 4.45202698e+02 7.26046383e-01</data></hand_right_0>
</opencv_storage>
