<?xml version="1.0"?>
<opencv_storage>
<pose_0 type_id="opencv-nd-matrix">
  <sizes>
    1 18 3</sizes>
  <dt>f</dt>
  <data>
    4.18663361e+02 1.19384300e+02 8.49884093e-01 4.38240662e+02
    8.60760498e+01 7.80732632e-01 3.50193756e+02 9.39040680e+01
    7.22938180e-01 4.05009033e+02 2.56257721e+02 8.27510893e-01
    4.59816223e+02 3.89335205e+02 8.11231136e-01 5.36083984e+02
    8.61416626e+01 7.09605753e-01 5.08764374e+02 2.62156097e+02
    8.40435386e-01 4.91145355e+02 4.03029022e+02 5.60403883e-01
    3.73720764e+02 2.89541809e+02 4.57579672e-01 3.34507690e+02
    4.34335571e+02 5.73575795e-01 3.11088684e+02 4.91094727e+02
    8.93118158e-02 4.75437347e+02 2.93500610e+02 4.91661519e-01
    5.34106018e+02 4.16740997e+02 1.64751023e-01 0. 0. 0. 3.99110046e+02
    9.98474045e+01 8.42972755e-01 4.40255219e+02 9.97241516e+01
    8.12837005e-01 3.69773193e+02 8.21376801e+01 1.81550428e-01
    4.77480194e+02 5.47367401e+01 6.64279640e-01</data></pose_0>
</opencv_storage>
