<?xml version="1.0"?>
<opencv_storage>
<hand_right_0 type_id="opencv-nd-matrix">
  <sizes>
    1 21 3</sizes>
  <dt>f</dt>
  <data>
    4.62794464e+02 3.87240112e+02 5.93038678e-01 4.80425171e+02
    3.94292419e+02 7.57479608e-01 4.98055878e+02 4.00639465e+02
    7.02146828e-01 5.09339539e+02 4.11217896e+02 8.62495720e-01
    5.21328430e+02 4.21091064e+02 8.08519363e-01 4.86772217e+02
    4.10512665e+02 7.07294166e-01 4.95940186e+02 4.23911987e+02
    7.10080862e-01 5.03697693e+02 4.38721771e+02 8.27538252e-01
    5.07929077e+02 4.47184509e+02 8.30347121e-01 4.71257202e+02
    4.11923126e+02 7.73379982e-01 4.79014709e+02 4.26027679e+02
    6.19922340e-01 4.86772217e+02 4.40132233e+02 6.88284874e-01
    4.94529724e+02 4.52826355e+02 7.56804526e-01 4.57857880e+02
    4.16154480e+02 7.00887740e-01 4.59268311e+02 4.26732910e+02
    6.07541084e-01 4.63499695e+02 4.40837463e+02 8.36786926e-01
    4.64204926e+02 4.54942047e+02 7.39411294e-01 4.41637634e+02
    4.16859711e+02 7.37711906e-01 4.41637634e+02 4.29553802e+02
    8.46429884e-01 4.42342834e+02 4.40132233e+02 8.09619009e-01
    4.46574219e+02 4.51415894e+02 8.23174894e-01</data></hand_right_0>
</opencv_storage>
