<?xml version="1.0"?>
<opencv_storage>
<hand_left_0 type_id="opencv-nd-matrix">
  <sizes>
    1 21 3</sizes>
  <dt>f</dt>
  <data>
    4.61094635e+02 3.95130981e+02 5.51592290e-01 4.47538696e+02
    4.06546539e+02 6.78748727e-01 4.39690491e+02 4.25096802e+02
    5.66034198e-01 4.39690491e+02 4.40079712e+02 7.05687046e-01
    4.46111755e+02 4.57203003e+02 6.54316783e-01 4.54673401e+02
    4.22242920e+02 6.56262696e-01 4.58954224e+02 4.40079712e+02
    5.36333799e-01 4.59667694e+02 4.50781769e+02 3.37480754e-01
    4.48252167e+02 4.58629944e+02 4.14251715e-01 4.69656311e+02
    4.17248596e+02 7.15249181e-01 4.78931427e+02 4.35798859e+02
    6.17781162e-01 4.71083252e+02 4.51495239e+02 3.90581399e-01
    4.66088959e+02 4.62197327e+02 5.75849652e-01 4.83212250e+02
    4.12254303e+02 6.47382855e-01 4.94627808e+02 4.29377625e+02
    5.84335625e-01 5.00335571e+02 4.40793182e+02 6.24284029e-01
    5.05329895e+02 4.52208710e+02 6.75564647e-01 4.98195160e+02
    4.05833069e+02 7.45458722e-01 5.06756836e+02 4.10827362e+02
    7.37563491e-01 5.14605042e+02 4.15821655e+02 7.65404224e-01
    5.21026245e+02 4.22956390e+02 7.67098665e-01</data></hand_left_0>
</opencv_storage>
