<?xml version="1.0"?>
<opencv_storage>
<hand_right_0 type_id="opencv-nd-matrix">
  <sizes>
    1 21 3</sizes>
  <dt>f</dt>
  <data>
    4.62304535e+02 4.30853027e+02 6.58375740e-01 4.79615417e+02
    4.37653717e+02 6.72920465e-01 5.00635773e+02 4.47545654e+02
    7.74829388e-01 5.08672974e+02 4.60528809e+02 7.11681128e-01
    5.17328430e+02 4.68566010e+02 7.59027123e-01 4.87652618e+02
    4.53728119e+02 7.35828936e-01 4.95071564e+02 4.69184265e+02
    7.60209322e-01 5.01254028e+02 4.83403900e+02 7.87002802e-01
    5.03108765e+02 4.93914093e+02 9.43026781e-01 4.72814728e+02
    4.54964600e+02 7.63729274e-01 4.81470154e+02 4.74130219e+02
    4.83489960e-01 4.86416138e+02 4.88349884e+02 6.28558040e-01
    4.86416138e+02 4.95150574e+02 4.74061191e-01 4.57976837e+02
    4.58674072e+02 7.70831108e-01 4.63541046e+02 4.82167419e+02
    3.95726144e-01 4.61068054e+02 4.87731628e+02 4.96430516e-01
    4.56740326e+02 4.98241791e+02 5.95148623e-01 4.43757172e+02
    4.58055817e+02 7.25965202e-01 4.40665955e+02 4.66093018e+02
    6.77169919e-01 4.38811218e+02 4.74130219e+02 7.34840930e-01
    4.38192963e+02 4.83403900e+02 7.96237409e-01</data></hand_right_0>
</opencv_storage>
