<?xml version="1.0"?>
<opencv_storage>
<pose_0 type_id="opencv-nd-matrix">
  <sizes>
    1 18 3</sizes>
  <dt>f</dt>
  <data>
    4.30425354e+02 8.81085739e+01 8.06182027e-01 4.44092499e+02
    8.02406845e+01 7.13977218e-01 3.52143127e+02 8.41751404e+01
    7.57152140e-01 4.10798981e+02 2.44613800e+02 7.92920947e-01
    4.59745697e+02 3.81504608e+02 8.46503437e-01 5.32195618e+02
    8.60360870e+01 6.99102402e-01 5.08629089e+02 2.56354553e+02
    8.79451334e-01 4.92973419e+02 3.99070282e+02 5.97020447e-01
    3.73677490e+02 2.89569061e+02 4.34851289e-01 3.34551971e+02
    4.30404968e+02 6.05602562e-01 2.99343323e+02 4.77441467e+02
    1.43653125e-01 4.71517090e+02 2.91550323e+02 4.63524908e-01
    5.18471436e+02 3.97160736e+02 8.65806118e-02 0. 0. 0. 4.12846222e+02
    6.45876999e+01 8.80483627e-01 4.57791260e+02 6.85263672e+01
    8.43848765e-01 3.77591675e+02 2.14308224e+01 7.45621026e-01
    4.95044098e+02 3.51951256e+01 7.74306953e-01</data></pose_0>
</opencv_storage>
