<?xml version="1.0"?>
<opencv_storage>
<hand_right_0 type_id="opencv-nd-matrix">
  <sizes>
    1 21 3</sizes>
  <dt>f</dt>
  <data>
    4.56463043e+02 3.84651062e+02 5.40001154e-01 4.73666687e+02
    3.90385590e+02 6.94419384e-01 4.92303955e+02 3.95403320e+02
    5.82620740e-01 5.05923492e+02 4.04005157e+02 8.57991219e-01
    5.18109436e+02 4.13323792e+02 8.42050910e-01 4.82985321e+02
    4.04721954e+02 6.74445570e-01 4.94454407e+02 4.20491974e+02
    7.21882641e-01 5.01622589e+02 4.33394684e+02 8.49241197e-01
    5.06640320e+02 4.44146973e+02 9.37666535e-01 4.67215302e+02
    4.09739685e+02 7.53216088e-01 4.77250763e+02 4.21925598e+02
    6.81591332e-01 4.86569397e+02 4.37695618e+02 7.46459782e-01
    4.95171234e+02 4.49881531e+02 9.09993470e-01 4.53595764e+02
    4.14040588e+02 6.50182128e-01 4.55746216e+02 4.24792877e+02
    7.25890160e-01 4.61480774e+02 4.39129242e+02 8.56623232e-01
    4.65781677e+02 4.52748779e+02 7.45143712e-01 4.37825775e+02
    4.15474243e+02 7.35824108e-01 4.38542572e+02 4.28376984e+02
    8.00778210e-01 4.39259399e+02 4.39129242e+02 7.76441574e-01
    4.43560303e+02 4.49881531e+02 7.43507147e-01</data></hand_right_0>
</opencv_storage>
