<?xml version="1.0"?>
<opencv_storage>
<hand_left_0 type_id="opencv-nd-matrix">
  <sizes>
    1 21 3</sizes>
  <dt>f</dt>
  <data>
    4.60475372e+02 3.99137695e+02 5.58814585e-01 4.48451385e+02
    4.12497711e+02 6.34812474e-01 4.39099365e+02 4.30533722e+02
    5.85192621e-01 4.26407349e+02 4.40553741e+02 7.55211174e-01
    4.14383331e+02 4.47901733e+02 8.34829390e-01 4.53127380e+02
    4.29197723e+02 5.16860187e-01 4.43107361e+02 4.36545715e+02
    5.39178252e-01 4.42439362e+02 4.51909729e+02 8.38541806e-01
    4.43107361e+02 4.63933746e+02 7.65905499e-01 4.69159393e+02
    4.25857727e+02 7.18959093e-01 4.63147400e+02 4.42557739e+02
    4.61935014e-01 4.63815399e+02 4.57253754e+02 6.92094326e-01
    4.58471375e+02 4.72617767e+02 7.25953758e-01 4.85191406e+02
    4.21849701e+02 7.19578266e-01 4.95211426e+02 4.41221741e+02
    6.88405395e-01 5.00555420e+02 4.53913727e+02 5.39946198e-01
    5.06567413e+02 4.64601746e+02 6.76910877e-01 4.99887421e+02
    4.15169708e+02 7.67976224e-01 5.08571411e+02 4.28529724e+02
    7.10021377e-01 5.13915405e+02 4.33873718e+02 6.56688571e-01
    5.17923462e+02 4.38549713e+02 5.37029207e-01</data></hand_left_0>
</opencv_storage>
