<?xml version="1.0"?>
<opencv_storage>
<hand_right_0 type_id="opencv-nd-matrix">
  <sizes>
    1 21 3</sizes>
  <dt>f</dt>
  <data>
    4.55880707e+02 3.86104645e+02 5.57846546e-01 4.73691650e+02
    3.91804138e+02 6.99056864e-01 4.94352325e+02 3.99640961e+02
    6.88562691e-01 5.06463776e+02 4.08902649e+02 8.59814525e-01
    5.17150330e+02 4.18876770e+02 8.60035658e-01 4.83665771e+02
    4.08902649e+02 6.60547793e-01 4.95064789e+02 4.23863831e+02
    7.64582813e-01 5.02189148e+02 4.36687714e+02 8.32380414e-01
    5.06463776e+02 4.47374298e+02 9.43234026e-01 4.69417023e+02
    4.13177277e+02 7.42926538e-01 4.77966278e+02 4.26713593e+02
    6.71091735e-01 4.87940399e+02 4.41674774e+02 7.55774260e-01
    4.95064789e+02 4.53073792e+02 9.36700642e-01 4.54455841e+02
    4.17451904e+02 6.98091805e-01 4.58018005e+02 4.28138458e+02
    6.44222319e-01 4.62292633e+02 4.42387207e+02 8.04684281e-01
    4.67279694e+02 4.55211090e+02 6.87981427e-01 4.38782196e+02
    4.18876770e+02 7.23647714e-01 4.38782196e+02 4.33125519e+02
    7.79474556e-01 4.41631958e+02 4.43099670e+02 7.07493901e-01
    4.45906586e+02 4.53073792e+02 6.98020220e-01</data></hand_right_0>
</opencv_storage>
