<?xml version="1.0"?>
<opencv_storage>
<hand_left_0 type_id="opencv-nd-matrix">
  <sizes>
    1 21 3</sizes>
  <dt>f</dt>
  <data>
    4.60026001e+02 4.08754974e+02 5.12775004e-01 4.48666138e+02
    4.21534821e+02 6.15588665e-01 4.38726227e+02 4.38574615e+02
    4.80136544e-01 4.32336304e+02 4.47804504e+02 4.91668701e-01
    4.16716492e+02 4.48514496e+02 7.96377659e-01 4.52926086e+02
    4.35024658e+02 5.29627860e-01 4.42276215e+02 4.46384521e+02
    6.03171408e-01 4.42986206e+02 4.58454376e+02 6.99060738e-01
    4.47246155e+02 4.69104248e+02 7.76924431e-01 4.68545898e+02
    4.29344727e+02 6.35034025e-01 4.60735992e+02 4.44254547e+02
    4.77409273e-01 4.65705933e+02 4.59164368e+02 6.82761431e-01
    4.65705933e+02 4.71234222e+02 7.99860716e-01 4.84165710e+02
    4.25084778e+02 6.25765860e-01 4.95525574e+02 4.40704590e+02
    5.73281229e-01 5.02625488e+02 4.53484436e+02 5.70450068e-01
    5.02625488e+02 4.65554291e+02 6.43562555e-01 5.00495514e+02
    4.18694855e+02 7.12379217e-01 5.10435394e+02 4.22954803e+02
    7.14830041e-01 5.16115356e+02 4.28634735e+02 8.15382540e-01
    5.19665283e+02 4.35734650e+02 6.87895536e-01</data></hand_left_0>
</opencv_storage>
