<?xml version="1.0"?>
<opencv_storage>
<pose_0 type_id="opencv-nd-matrix">
  <sizes>
    1 18 3</sizes>
  <dt>f</dt>
  <data>
    3.95195465e+02 1.64359314e+02 8.88755322e-01 4.34367157e+02
    1.33020050e+02 6.27947986e-01 3.48273438e+02 1.34979630e+02
    7.52127528e-01 4.10886536e+02 2.89608582e+02 8.17088783e-01
    4.59764801e+02 4.26504425e+02 7.93980896e-01 5.32187866e+02
    1.35060242e+02 6.45171881e-01 5.10615204e+02 3.03242310e+02
    8.52125883e-01 4.91095306e+02 4.44147064e+02 6.23629928e-01
    3.71747711e+02 3.30662231e+02 4.11401242e-01 3.22826050e+02
    4.79374146e+02 4.09381539e-01 0. 0. 0. 4.73469147e+02 3.34573273e+02
    4.62253511e-01 5.08733795e+02 4.34362885e+02 8.97573456e-02 0. 0. 0.
    3.75633484e+02 1.46726242e+02 8.12097430e-01 4.12750092e+02
    1.42819458e+02 7.82632470e-01 0. 0. 0. 4.59732910e+02 9.00045319e+01
    8.95204425e-01</data></pose_0>
</opencv_storage>
