<?xml version="1.0"?>
<opencv_storage>
<pose_0 type_id="opencv-nd-matrix">
  <sizes>
    1 18 3</sizes>
  <dt>f</dt>
  <data>
    4.91039368e+02 9.39157944e+01 7.79796600e-01 4.69550598e+02
    6.45564117e+01 7.12691963e-01 3.69792480e+02 5.86895866e+01
    6.17293298e-01 4.20645905e+02 2.52403900e+02 7.12671697e-01
    4.59812439e+02 3.83449615e+02 8.58215868e-01 5.69375183e+02
    7.82497864e+01 6.98204637e-01 5.24428528e+02 2.60227875e+02
    8.11303258e-01 4.93068634e+02 3.97196045e+02 5.44354200e-01
    3.81528473e+02 2.85664795e+02 3.97546083e-01 3.24808075e+02
    4.28506409e+02 3.79234105e-01 0. 0. 0. 4.91035248e+02 3.01285950e+02
    4.22056377e-01 5.22405029e+02 3.95208221e+02 7.06787258e-02 0. 0. 0.
    4.75431976e+02 7.04547653e+01 7.54542351e-01 5.08692657e+02
    7.04355087e+01 8.01889598e-01 4.14837341e+02 4.83499908e+00
    6.32783830e-01 5.38153137e+02 3.72858467e+01 1.02360800e-01</data></pose_0>
</opencv_storage>
