<?xml version="1.0"?>
<opencv_storage>
<pose_0 type_id="opencv-nd-matrix">
  <sizes>
    1 18 3</sizes>
  <dt>f</dt>
  <data>
    4.65683594e+02 1.11507317e+02 8.18180442e-01 4.48080566e+02
    7.23834305e+01 7.56738007e-01 3.63912628e+02 7.23773270e+01
    7.22718894e-01 4.14804596e+02 2.40612808e+02 8.21791649e-01
    4.59775574e+02 3.77574860e+02 7.79879630e-01 5.45840820e+02
    8.21089401e+01 6.86832368e-01 5.10728363e+02 2.54356995e+02
    8.09376538e-01 4.93085663e+02 3.93264618e+02 5.73921919e-01
    3.79516449e+02 2.75862671e+02 4.20887053e-01 3.32624756e+02
    4.32386963e+02 4.87258911e-01 3.05198975e+02 4.91096863e+02
    5.76443486e-02 4.73482941e+02 2.79782013e+02 4.64827895e-01
    5.10672302e+02 3.85440002e+02 9.87767354e-02 0. 0. 0. 4.49982849e+02
    8.61333694e+01 7.68828034e-01 4.89166565e+02 8.60516205e+01
    9.04718339e-01 3.99055695e+02 4.11013031e+01 8.21694255e-01
    5.14550720e+02 4.49989395e+01 2.20005348e-01</data></pose_0>
</opencv_storage>
