<?xml version="1.0"?>
<opencv_storage>
<hand_right_0 type_id="opencv-nd-matrix">
  <sizes>
    1 21 3</sizes>
  <dt>f</dt>
  <data>
    4.55961395e+02 3.82348480e+02 5.98740041e-01 4.74391388e+02
    3.87310394e+02 6.97957933e-01 4.94239105e+02 3.92981171e+02
    6.91986382e-01 5.06289490e+02 4.02196198e+02 8.60168338e-01
    5.18339905e+02 4.09993500e+02 8.05152357e-01 4.84315247e+02
    4.03613892e+02 6.82095647e-01 4.94947968e+02 4.19208496e+02
    7.67547786e-01 5.02036407e+02 4.30550049e+02 8.39615464e-01
    5.06998352e+02 4.41182770e+02 8.60174954e-01 4.69429474e+02
    4.08575806e+02 7.56816089e-01 4.77226776e+02 4.19917358e+02
    7.10904717e-01 4.86441803e+02 4.34094299e+02 7.33975530e-01
    4.96365631e+02 4.46853516e+02 8.52402866e-01 4.54543701e+02
    4.13537720e+02 6.66511834e-01 4.55961395e+02 4.24170441e+02
    7.50032902e-01 4.60923309e+02 4.37638519e+02 8.11608791e-01
    4.64467560e+02 4.51106598e+02 6.86018527e-01 4.38240204e+02
    4.14246582e+02 7.24085391e-01 4.38240204e+02 4.25588135e+02
    8.34481835e-01 4.38240204e+02 4.36220825e+02 7.90359139e-01
    4.39657898e+02 4.45435822e+02 7.17666805e-01</data></hand_right_0>
</opencv_storage>
