<?xml version="1.0"?>
<opencv_storage>
<pose_0 type_id="opencv-nd-matrix">
  <sizes>
    1 18 3</sizes>
  <dt>f</dt>
  <data>
    4.06919128e+02 1.46804092e+02 8.35799038e-01 4.36336151e+02
    1.05624733e+02 7.10397720e-01 3.52171326e+02 1.11509987e+02
    7.75097191e-01 4.12787872e+02 2.72030823e+02 8.35137784e-01
    4.59813843e+02 4.12767487e+02 8.24451923e-01 5.39972107e+02
    1.09559380e+02 6.85199857e-01 5.10688660e+02 2.85647430e+02
    8.25486898e-01 4.92998749e+02 4.28451477e+02 5.88055849e-01
    3.75618591e+02 3.09129425e+02 4.00319606e-01 3.20911530e+02
    4.61691254e+02 3.68529648e-01 0. 0. 0. 4.73504303e+02 3.15023560e+02
    4.56184924e-01 5.12625244e+02 4.20653564e+02 1.06675252e-01 0. 0. 0.
    3.83570190e+02 1.27174911e+02 8.10143352e-01 4.24583435e+02
    1.27121582e+02 7.57271171e-01 3.65825928e+02 1.01829094e+02
    6.07590526e-02 4.73495300e+02 7.04233398e+01 9.30007219e-01</data></pose_0>
</opencv_storage>
