<?xml version="1.0"?>
<opencv_storage>
<pose_0 type_id="opencv-nd-matrix">
  <sizes>
    1 18 3</sizes>
  <dt>f</dt>
  <data>
    4.42200745e+02 9.38998642e+01 7.65956879e-01 4.65670410e+02
    6.84624634e+01 7.13569522e-01 3.67856720e+02 6.83970413e+01
    6.69597208e-01 4.14842224e+02 2.56269867e+02 7.50506341e-01
    4.59760010e+02 3.81468750e+02 8.63433957e-01 5.69320068e+02
    8.21389847e+01 6.45176351e-01 5.28257324e+02 2.67996338e+02
    7.22167730e-01 4.96972229e+02 3.93271851e+02 5.77096939e-01
    3.81487549e+02 2.87584961e+02 4.31381226e-01 3.24804962e+02
    4.28493408e+02 5.11509061e-01 2.83700562e+02 4.81298187e+02
    6.95418864e-02 4.91029541e+02 3.01295990e+02 4.42164510e-01
    5.22394470e+02 3.85451202e+02 6.96440488e-02 0. 0. 0. 4.24511230e+02
    6.85287094e+01 8.01482499e-01 4.61775513e+02 7.24224930e+01
    7.88484395e-01 3.99138000e+02 5.28249893e+01 8.22895989e-02
    5.22307251e+02 3.88310456e+00 7.57829428e-01</data></pose_0>
</opencv_storage>
