<?xml version="1.0"?>
<opencv_storage>
<pose_0 type_id="opencv-nd-matrix">
  <sizes>
    1 18 3</sizes>
  <dt>f</dt>
  <data>
    4.10805695e+02 1.46806961e+02 8.59980702e-01 4.36313904e+02
    1.03702477e+02 7.21903026e-01 3.52152069e+02 1.09598869e+02
    7.68784583e-01 4.12814911e+02 2.72014984e+02 8.38704765e-01
    4.59810486e+02 4.12747681e+02 8.20784450e-01 5.39978577e+02
    1.05692390e+02 6.96854472e-01 5.10686462e+02 2.83714813e+02
    8.14169824e-01 4.92985809e+02 4.28440735e+02 5.86217105e-01
    3.75628113e+02 3.09123474e+02 3.93890560e-01 3.24767975e+02
    4.59775299e+02 3.52096856e-01 0. 0. 0. 4.75366394e+02 3.15003662e+02
    4.53076780e-01 5.14552979e+02 4.20655975e+02 1.12057067e-01 0. 0. 0.
    3.87418488e+02 1.29051163e+02 7.78226972e-01 4.28399506e+02
    1.25225693e+02 8.03469300e-01 3.65907471e+02 1.03726517e+02
    8.84863660e-02 4.75380219e+02 7.04193192e+01 9.29652512e-01</data></pose_0>
</opencv_storage>
