<?xml version="1.0"?>
<opencv_storage>
<hand_right_0 type_id="opencv-nd-matrix">
  <sizes>
    1 21 3</sizes>
  <dt>f</dt>
  <data>
    4.56920532e+02 3.87749084e+02 5.67969918e-01 4.75116669e+02
    3.91948181e+02 6.56281531e-01 4.94012665e+02 3.97546997e+02
    6.47856653e-01 5.06609985e+02 4.05245361e+02 8.31715345e-01
    5.18507507e+02 4.15043304e+02 7.81769693e-01 4.83514893e+02
    4.06645081e+02 6.62190497e-01 4.95412384e+02 4.22041809e+02
    8.02822828e-01 5.03810577e+02 4.34639160e+02 8.42030227e-01
    5.08709564e+02 4.45136932e+02 9.08607006e-01 4.68817993e+02
    4.11544037e+02 7.58913457e-01 4.78615936e+02 4.27640625e+02
    7.26792216e-01 4.88413849e+02 4.40237976e+02 6.94415152e-01
    4.96812073e+02 4.51435577e+02 8.65655422e-01 4.54820953e+02
    4.16442993e+02 7.09293425e-01 4.57620361e+02 4.28340485e+02
    6.70012951e-01 4.62519348e+02 4.44437073e+02 7.91008830e-01
    4.67418304e+02 4.56334564e+02 7.50556529e-01 4.38724365e+02
    4.17142853e+02 7.36227751e-01 4.39424225e+02 4.32539581e+02
    8.35262418e-01 4.42223633e+02 4.44437073e+02 7.50695348e-01
    4.45023041e+02 4.55634705e+02 8.12004507e-01</data></hand_right_0>
</opencv_storage>
