<?xml version="1.0"?>
<opencv_storage>
<hand_left_0 type_id="opencv-nd-matrix">
  <sizes>
    1 21 3</sizes>
  <dt>f</dt>
  <data>
    4.62183990e+02 3.93198334e+02 5.90330124e-01 4.48818939e+02
    4.05156555e+02 6.62972093e-01 4.39674408e+02 4.21335297e+02
    6.38472378e-01 4.38267548e+02 4.36810638e+02 5.24414420e-01
    4.43894958e+02 4.51582550e+02 3.75526577e-01 4.54446320e+02
    4.19928467e+02 5.68291366e-01 4.43894958e+02 4.31183258e+02
    3.79566550e-01 4.43894958e+02 4.43844879e+02 5.50520062e-01
    4.45301788e+02 4.54396271e+02 6.86824262e-01 4.69921661e+02
    4.15707916e+02 7.18950272e-01 4.77659332e+02 4.32590088e+02
    4.24912125e-01 4.62887421e+02 4.48065430e+02 4.50326204e-01
    4.60073700e+02 4.58616791e+02 6.66067660e-01 4.83286713e+02
    4.10783936e+02 6.51625514e-01 4.93838074e+02 4.29072968e+02
    6.08154893e-01 4.98762054e+02 4.41031189e+02 5.77654898e-01
    5.05092865e+02 4.50175720e+02 5.74658215e-01 4.98762054e+02
    4.05156555e+02 7.73888171e-01 5.07906586e+02 4.12894226e+02
    7.39970446e-01 5.14940796e+02 4.19225037e+02 8.08737874e-01
    5.19161377e+02 4.24852417e+02 7.26867735e-01</data></hand_left_0>
</opencv_storage>
