<?xml version="1.0"?>
<opencv_storage>
<pose_0 type_id="opencv-nd-matrix">
  <sizes>
    1 18 3</sizes>
  <dt>f</dt>
  <data>
    4.16756744e+02 1.25235382e+02 8.58047724e-01 4.36328003e+02
    8.61224670e+01 7.81431675e-01 3.50151337e+02 9.58595810e+01
    7.20854640e-01 4.04978882e+02 2.56376740e+02 8.33975911e-01
    4.59783234e+02 3.93226349e+02 8.22617292e-01 5.36080994e+02
    8.61729660e+01 7.06482768e-01 5.08755707e+02 2.62197723e+02
    8.42001677e-01 4.93016144e+02 4.06953003e+02 5.41528106e-01
    3.73668365e+02 2.91539703e+02 4.43047017e-01 3.34479523e+02
    4.40238678e+02 5.44867635e-01 3.03228241e+02 4.91113190e+02
    7.22619742e-02 4.75403625e+02 2.97407471e+02 4.69140500e-01
    5.14574585e+02 4.03038666e+02 1.21821091e-01 0. 0. 0. 3.99072540e+02
    1.03658302e+02 8.09597433e-01 4.38243469e+02 1.01758812e+02
    7.83345044e-01 3.71700195e+02 8.40649796e+01 1.58944726e-01
    4.77444458e+02 5.67557678e+01 6.84435189e-01</data></pose_0>
</opencv_storage>
