<?xml version="1.0"?>
<opencv_storage>
<hand_left_0 type_id="opencv-nd-matrix">
  <sizes>
    1 21 3</sizes>
  <dt>f</dt>
  <data>
    4.64220184e+02 4.35635345e+02 4.63534564e-01 4.52482422e+02
    4.43851776e+02 5.07359445e-01 4.46026642e+02 4.56176453e+02
    6.03051007e-01 4.40744659e+02 4.70261780e+02 6.99776471e-01
    4.18442902e+02 4.74956879e+02 5.95130920e-01 4.58351318e+02
    4.55589569e+02 3.41630459e-01 4.56003754e+02 4.76130676e+02
    4.92895871e-01 4.58351318e+02 4.87281555e+02 5.69096088e-01
    4.58351318e+02 4.90216003e+02 4.44238305e-01 4.73610413e+02
    4.53828888e+02 5.36244571e-01 4.74197296e+02 4.74956879e+02
    6.24790192e-01 4.75371094e+02 4.83173340e+02 3.45813066e-01
    4.87108856e+02 4.93150421e+02 5.21843851e-01 4.88869507e+02
    4.52068237e+02 5.70917666e-01 5.00607300e+02 4.65566681e+02
    5.11320174e-01 5.07649963e+02 4.77304443e+02 4.72487926e-01
    5.01781067e+02 4.89042206e+02 6.16100490e-01 5.02367950e+02
    4.47960022e+02 7.34202802e-01 5.12345093e+02 4.56176453e+02
    6.47702098e-01 5.19387756e+02 4.62045349e+02 7.21939027e-01
    5.25256592e+02 4.67914215e+02 7.58918881e-01</data></hand_left_0>
</opencv_storage>
