<?xml version="1.0"?>
<opencv_storage>
<pose_0 type_id="opencv-nd-matrix">
  <sizes>
    1 18 3</sizes>
  <dt>f</dt>
  <data>
    4.93105469e+02 1.29067627e+02 7.00752854e-01 4.67646820e+02
    7.43830490e+01 7.97460675e-01 3.69844513e+02 7.04587479e+01
    6.65895879e-01 4.16732422e+02 2.64114136e+02 7.43398011e-01
    4.59755707e+02 3.97079803e+02 8.78718674e-01 5.71264099e+02
    8.80390472e+01 6.75615251e-01 5.26320374e+02 2.75886169e+02
    7.85228670e-01 4.93073975e+02 4.12745270e+02 6.20373487e-01
    3.81474945e+02 2.87621674e+02 4.01345044e-01 3.22846252e+02
    4.30476685e+02 4.02635247e-01 0. 0. 0. 4.87153534e+02 3.03269836e+02
    4.09892529e-01 5.30206482e+02 4.14788544e+02 9.09723788e-02 0. 0. 0.
    4.87194366e+02 1.09532516e+02 6.17504835e-01 5.08739899e+02
    1.13412048e+02 4.84068722e-01 4.28426086e+02 5.08414726e+01
    5.32150745e-01 0. 0. 0.</data></pose_0>
</opencv_storage>
