<?xml version="1.0"?>
<opencv_storage>
<hand_right_0 type_id="opencv-nd-matrix">
  <sizes>
    1 21 3</sizes>
  <dt>f</dt>
  <data>
    4.56695862e+02 4.11166565e+02 5.87018251e-01 4.73663971e+02
    4.16115601e+02 6.79804742e-01 4.94167084e+02 4.21771637e+02
    6.24372005e-01 5.06186127e+02 4.30962677e+02 7.67586052e-01
    5.16791199e+02 4.37325714e+02 8.19713950e-01 4.82855011e+02
    4.31669678e+02 6.94199860e-01 4.94874084e+02 4.47223755e+02
    7.87851751e-01 5.01944122e+02 4.59949829e+02 8.43158841e-01
    5.06893127e+02 4.70554901e+02 9.20977533e-01 4.67300934e+02
    4.35911713e+02 7.37750947e-01 4.77905975e+02 4.49344788e+02
    7.22553670e-01 4.87097046e+02 4.64191864e+02 7.27184653e-01
    4.95581085e+02 4.76917908e+02 8.92366529e-01 4.53160858e+02
    4.38739716e+02 6.47027016e-01 4.56695862e+02 4.51465790e+02
    6.73514426e-01 4.62351898e+02 4.66312866e+02 8.20027709e-01
    4.67300934e+02 4.77624908e+02 6.63019359e-01 4.39020782e+02
    4.42274750e+02 6.94015741e-01 4.38313782e+02 4.54293793e+02
    8.43213081e-01 4.39020782e+02 4.64898865e+02 7.82164395e-01
    4.40434784e+02 4.74089905e+02 7.91665196e-01</data></hand_right_0>
</opencv_storage>
