<?xml version="1.0"?>
<opencv_storage>
<hand_right_0 type_id="opencv-nd-matrix">
  <sizes>
    1 21 3</sizes>
  <dt>f</dt>
  <data>
    4.59576599e+02 4.16121246e+02 5.81263244e-01 4.77507324e+02
    4.24010773e+02 7.18590975e-01 4.97589691e+02 4.32617493e+02
    6.71316147e-01 5.07630890e+02 4.40507019e+02 7.79111147e-01
    5.18389282e+02 4.50548187e+02 7.90984035e-01 4.83962372e+02
    4.39072540e+02 6.18029833e-01 4.94003540e+02 4.55568787e+02
    7.65613258e-01 4.99741364e+02 4.69196136e+02 8.45461905e-01
    5.04761963e+02 4.80671783e+02 8.61885786e-01 4.69617798e+02
    4.41224243e+02 7.00641334e-01 4.77507324e+02 4.57003235e+02
    7.05025613e-01 4.83962372e+02 4.72782257e+02 7.73432553e-01
    4.90417419e+02 4.85692383e+02 8.71211529e-01 4.54556030e+02
    4.45527588e+02 7.12862313e-01 4.58142151e+02 4.57720490e+02
    6.59273148e-01 4.60293823e+02 4.73499481e+02 8.45565200e-01
    4.63162750e+02 4.86409607e+02 7.84538925e-01 4.39494232e+02
    4.45527588e+02 6.69085503e-01 4.38059784e+02 4.60589386e+02
    8.06442201e-01 4.38059784e+02 4.69913361e+02 7.75893629e-01
    4.41645905e+02 4.79954529e+02 7.73107052e-01</data></hand_right_0>
</opencv_storage>
