<?xml version="1.0"?>
<opencv_storage>
<hand_right_0 type_id="opencv-nd-matrix">
  <sizes>
    1 21 3</sizes>
  <dt>f</dt>
  <data>
    4.56846405e+02 3.95691345e+02 5.86790740e-01 4.73684082e+02
    4.00602325e+02 7.08139598e-01 4.94731171e+02 4.06916443e+02
    6.96145177e-01 5.05956268e+02 4.14633728e+02 8.42626631e-01
    5.17882996e+02 4.23052551e+02 9.13160205e-01 4.83506042e+02
    4.16738434e+02 7.15064168e-01 4.94731171e+02 4.30769806e+02
    8.06478620e-01 5.02448425e+02 4.44801208e+02 8.31302524e-01
    5.06657837e+02 4.55324768e+02 9.38392520e-01 4.68071503e+02
    4.20246277e+02 7.24217653e-01 4.77893494e+02 4.34979248e+02
    6.44768417e-01 4.87013885e+02 4.49712189e+02 7.20293641e-01
    4.94731171e+02 4.62340454e+02 8.79956007e-01 4.54040131e+02
    4.23754120e+02 6.62204862e-01 4.57547974e+02 4.36382385e+02
    6.65923715e-01 4.63160522e+02 4.51816925e+02 8.11467230e-01
    4.67369934e+02 4.63042023e+02 7.84977078e-01 4.39307159e+02
    4.24455688e+02 6.75036788e-01 4.39307159e+02 4.39188660e+02
    8.17019582e-01 4.40008728e+02 4.50413757e+02 7.82797754e-01
    4.44218140e+02 4.61638885e+02 8.22938800e-01</data></hand_right_0>
</opencv_storage>
