<?xml version="1.0"?>
<opencv_storage>
<pose_0 type_id="opencv-nd-matrix">
  <sizes>
    1 18 3</sizes>
  <dt>f</dt>
  <data>
    4.96950012e+02 1.35067764e+02 7.62424350e-01 4.63757141e+02
    8.61416550e+01 7.73139954e-01 3.65898315e+02 8.41954880e+01
    6.95793390e-01 4.10802826e+02 2.73847015e+02 7.36587524e-01
    4.59674194e+02 3.99057739e+02 8.76520574e-01 5.69355042e+02
    9.58958130e+01 6.74581170e-01 5.32192749e+02 2.85656677e+02
    7.44496167e-01 4.98934540e+02 4.04991058e+02 6.09991193e-01
    3.75628418e+02 2.97386993e+02 4.16909218e-01 3.24808563e+02
    4.30462982e+02 4.81813520e-01 2.73943634e+02 4.85225525e+02
    1.03845328e-01 4.87181274e+02 3.13032135e+02 4.00859475e-01
    5.49764709e+02 4.55858978e+02 7.68903345e-02 0. 0. 0. 4.85210480e+02
    1.17348885e+02 7.51863122e-01 5.10683472e+02 1.17414063e+02
    6.98830366e-01 4.28488098e+02 6.06345940e+01 6.49884582e-01
    5.38035889e+02 7.04167023e+01 6.52102083e-02</data></pose_0>
</opencv_storage>
