<?xml version="1.0"?>
<opencv_storage>
<pose_0 type_id="opencv-nd-matrix">
  <sizes>
    1 18 3</sizes>
  <dt>f</dt>
  <data>
    4.67606384e+02 1.52641357e+02 6.90933049e-01 4.71539795e+02
    9.19981155e+01 8.13953459e-01 3.67854889e+02 8.80852280e+01
    6.74058616e-01 4.14696350e+02 2.85630524e+02 7.38561869e-01
    4.59728973e+02 4.06988800e+02 8.63399148e-01 5.71374390e+02
    1.03759758e+02 6.60175085e-01 5.30227417e+02 2.91541412e+02
    7.39830136e-01 4.95026154e+02 4.16709351e+02 5.80445290e-01
    3.79569702e+02 2.95438782e+02 3.98763776e-01 3.24799622e+02
    4.40200775e+02 3.51896137e-01 2.83705292e+02 4.87184784e+02
    1.03551894e-01 4.91077026e+02 3.13027435e+02 4.14835066e-01
    5.43938110e+02 4.48040649e+02 1.16786301e-01 0. 0. 0. 4.57859039e+02
    1.33154907e+02 6.28636658e-01 4.87182312e+02 1.37006699e+02
    4.66915309e-01 4.22583527e+02 6.84610519e+01 4.69098985e-01
    5.22338989e+02 7.23848114e+01 3.63359153e-01</data></pose_0>
</opencv_storage>
