<?xml version="1.0"?>
<opencv_storage>
<hand_right_0 type_id="opencv-nd-matrix">
  <sizes>
    1 21 3</sizes>
  <dt>f</dt>
  <data>
    4.62506195e+02 4.26899231e+02 6.66597068e-01 4.79669128e+02
    4.34254761e+02 7.03371346e-01 4.99896881e+02 4.43449188e+02
    7.46339738e-01 5.07865356e+02 4.55708435e+02 7.18119442e-01
    5.17059814e+02 4.64902863e+02 8.48640323e-01 4.87637634e+02
    4.50191772e+02 7.47892141e-01 4.96832062e+02 4.67967651e+02
    8.13939929e-01 5.01735748e+02 4.81452820e+02 7.83465207e-01
    5.03574646e+02 4.93099091e+02 9.05707836e-01 4.72926544e+02
    4.53869537e+02 7.56479859e-01 4.81508026e+02 4.71032471e+02
    6.27875865e-01 4.86411713e+02 4.84517639e+02 6.32049561e-01
    4.87024658e+02 4.93712036e+02 4.80463356e-01 4.58215485e+02
    4.55095459e+02 7.44913399e-01 4.58828430e+02 4.71032471e+02
    5.95665455e-01 4.62506195e+02 4.82678741e+02 5.77292800e-01
    4.58215485e+02 4.96163910e+02 6.02743268e-01 4.42891418e+02
    4.54482513e+02 7.10479915e-01 4.40439575e+02 4.65515808e+02
    7.18723774e-01 4.38600708e+02 4.74097290e+02 7.55997419e-01
    4.37987732e+02 4.83904663e+02 8.46893489e-01</data></hand_right_0>
</opencv_storage>
