<?xml version="1.0"?>
<opencv_storage>
<pose_0 type_id="opencv-nd-matrix">
  <sizes>
    1 18 3</sizes>
  <dt>f</dt>
  <data>
    4.65625641e+02 1.01696503e+02 7.82502234e-01 4.61765137e+02
    6.85256577e+01 7.45919287e-01 3.63855835e+02 6.85380020e+01
    6.76539719e-01 4.12828705e+02 2.56322266e+02 7.37149298e-01
    4.59674255e+02 3.81551178e+02 8.40097129e-01 5.67374573e+02
    8.02182465e+01 6.66923523e-01 5.26328674e+02 2.68011536e+02
    7.58296430e-01 4.94998779e+02 3.91309967e+02 5.39243519e-01
    3.81454041e+02 2.93474274e+02 4.31096852e-01 3.24757660e+02
    4.30413086e+02 4.71592963e-01 2.87627441e+02 4.81306793e+02
    8.56268033e-02 4.91055359e+02 3.05187927e+02 4.40932959e-01
    5.40014587e+02 4.22597839e+02 7.74369761e-02 0. 0. 0. 4.46111176e+02
    8.21261749e+01 7.43634820e-01 4.85249634e+02 7.82733765e+01
    7.29372084e-01 3.93258209e+02 1.56397715e+01 5.61093092e-01
    5.24302307e+02 4.84943247e+00 4.02412325e-01</data></pose_0>
</opencv_storage>
