<?xml version="1.0"?>
<opencv_storage>
<hand_right_0 type_id="opencv-nd-matrix">
  <sizes>
    1 21 3</sizes>
  <dt>f</dt>
  <data>
    4.60633759e+02 4.02761536e+02 5.85051239e-01 4.78129791e+02
    4.09060120e+02 7.08012640e-01 4.99125000e+02 4.18158051e+02
    7.03181744e-01 5.10322479e+02 4.26556122e+02 6.97899520e-01
    5.16621033e+02 4.35654083e+02 7.70944953e-01 4.85128204e+02
    4.24456604e+02 6.56872749e-01 4.94226135e+02 4.38453430e+02
    7.61275232e-01 5.01224548e+02 4.52450256e+02 8.40705216e-01
    5.05423584e+02 4.62947876e+02 8.77591431e-01 4.71131378e+02
    4.25856293e+02 7.62502551e-01 4.77429932e+02 4.41252808e+02
    7.13108480e-01 4.85128204e+02 4.54549774e+02 6.64040983e-01
    4.93526276e+02 4.68546600e+02 8.21006775e-01 4.55035034e+02
    4.30055328e+02 6.62073731e-01 4.58534241e+02 4.41252808e+02
    6.79786801e-01 4.60633759e+02 4.57349152e+02 8.13918948e-01
    4.64132965e+02 4.69946289e+02 7.32064307e-01 4.39638519e+02
    4.30055328e+02 6.70750976e-01 4.38238831e+02 4.44052155e+02
    8.31358254e-01 4.38938660e+02 4.53849945e+02 7.77325094e-01
    4.43137726e+02 4.65047394e+02 7.68489778e-01</data></hand_right_0>
</opencv_storage>
