<?xml version="1.0"?>
<opencv_storage>
<hand_left_0 type_id="opencv-nd-matrix">
  <sizes>
    1 21 3</sizes>
  <dt>f</dt>
  <data>
    4.60075317e+02 4.21210815e+02 5.91212273e-01 4.48127777e+02
    4.35266754e+02 6.55196965e-01 4.37585846e+02 4.52836639e+02
    5.90111852e-01 4.26341095e+02 4.59161804e+02 5.77046037e-01
    4.14393555e+02 4.62675812e+02 7.81757712e-01 4.53750153e+02
    4.48619873e+02 6.01961851e-01 4.40397034e+02 4.58459015e+02
    4.69964325e-01 4.41802612e+02 4.70406555e+02 6.30124211e-01
    4.43208191e+02 4.81651306e+02 7.32014358e-01 4.69914459e+02
    4.43700287e+02 6.56187236e-01 4.80456390e+02 4.59864624e+02
    4.53837335e-01 4.64292084e+02 4.73217743e+02 4.40756053e-01
    4.64292084e+02 4.85165283e+02 6.82731569e-01 4.83267578e+02
    4.39483521e+02 6.33233130e-01 4.93809540e+02 4.57053436e+02
    5.97788930e-01 5.02243073e+02 4.69703766e+02 6.27419591e-01
    5.07162659e+02 4.80948486e+02 6.76367164e-01 4.97323517e+02
    4.31049957e+02 6.33035421e-01 5.05054260e+02 4.35969543e+02
    8.44462395e-01 5.11379425e+02 4.42294708e+02 8.22570026e-01
    5.16299011e+02 4.51431061e+02 7.70133436e-01</data></hand_left_0>
</opencv_storage>
