<?xml version="1.0"?>
<opencv_storage>
<pose_0 type_id="opencv-nd-matrix">
  <sizes>
    1 18 3</sizes>
  <dt>f</dt>
  <data>
    5.06724670e+02 9.38798218e+01 8.03543329e-01 4.61786194e+02
    7.23793411e+01 7.19166160e-01 3.65919342e+02 6.85278015e+01
    6.64591670e-01 4.12834412e+02 2.56283051e+02 7.54761636e-01
    4.57854645e+02 3.83450989e+02 8.53708148e-01 5.67374939e+02
    8.21249161e+01 6.52424097e-01 5.24294556e+02 2.71996521e+02
    7.51175106e-01 4.93113983e+02 3.93269623e+02 6.22624993e-01
    3.77623108e+02 2.93502777e+02 4.12368119e-01 3.24789581e+02
    4.32385468e+02 4.60530162e-01 3.01282074e+02 4.87176788e+02
    1.02949291e-01 4.89095276e+02 3.07157471e+02 3.96422267e-01
    5.22402588e+02 3.95234039e+02 6.88439235e-02 0. 0. 0. 4.85194122e+02
    7.24015350e+01 7.57840812e-01 5.24314453e+02 6.65270157e+01
    7.59062469e-01 4.22584503e+02 2.14885635e+01 7.13571787e-01 0. 0. 0.</data></pose_0>
</opencv_storage>
