<?xml version="1.0"?>
<opencv_storage>
<hand_left_0 type_id="opencv-nd-matrix">
  <sizes>
    1 21 3</sizes>
  <dt>f</dt>
  <data>
    4.59666199e+02 3.84180054e+02 5.51137269e-01 4.48795715e+02
    3.96968842e+02 6.19312286e-01 4.39843567e+02 4.12315399e+02
    6.15227103e-01 4.27694214e+02 4.23825287e+02 6.62374794e-01
    4.16184296e+02 4.33416901e+02 7.85503328e-01 4.53911224e+02
    4.11036499e+02 5.65651774e-01 4.43680206e+02 4.22546417e+02
    5.65802097e-01 4.43040771e+02 4.34056335e+02 6.95118546e-01
    4.43680206e+02 4.45566254e+02 6.48360789e-01 4.68618347e+02
    4.07199860e+02 6.56689763e-01 4.60945068e+02 4.23185852e+02
    4.43785369e-01 4.63502838e+02 4.37892975e+02 6.38484001e-01
    4.56468994e+02 4.53878937e+02 6.36455119e-01 4.84604340e+02
    4.04642120e+02 5.64859986e-01 4.92277588e+02 4.21906982e+02
    6.23199403e-01 4.94195923e+02 4.33416901e+02 4.80972290e-01
    4.90998718e+02 4.45566254e+02 5.90139151e-01 4.98032562e+02
    4.00805481e+02 6.86209381e-01 5.06984711e+02 4.09757629e+02
    5.65676510e-01 5.12100220e+02 4.13594269e+02 7.20329106e-01
    5.15297424e+02 4.15512573e+02 6.05671883e-01</data></hand_left_0>
</opencv_storage>
