<?xml version="1.0"?>
<opencv_storage>
<hand_left_0 type_id="opencv-nd-matrix">
  <sizes>
    1 21 3</sizes>
  <dt>f</dt>
  <data>
    4.59789642e+02 3.98916168e+02 5.11173368e-01 4.46944672e+02
    4.11047516e+02 6.54742360e-01 4.36954132e+02 4.26746918e+02
    4.91903484e-01 4.27677216e+02 4.36023834e+02 3.86847168e-01
    4.14118652e+02 4.41019104e+02 7.22598553e-01 4.51226318e+02
    4.26033325e+02 5.48358858e-01 4.41235809e+02 4.40305511e+02
    6.35195792e-01 4.41949402e+02 4.52436859e+02 7.08146274e-01
    4.46231049e+02 4.63140991e+02 7.73909211e-01 4.65498505e+02
    4.23178864e+02 6.48673892e-01 4.59789642e+02 4.41019104e+02
    4.93034214e-01 4.64071289e+02 4.54577667e+02 5.77508450e-01
    4.64784912e+02 4.66709045e+02 7.57560432e-01 4.81911530e+02
    4.18183624e+02 6.32265687e-01 4.93329254e+02 4.34596619e+02
    5.39240479e-01 4.99038147e+02 4.47441589e+02 5.54029763e-01
    4.91188446e+02 4.63140991e+02 5.75349152e-01 4.99038147e+02
    4.11047516e+02 7.06808507e-01 5.09028687e+02 4.16042786e+02
    6.87707543e-01 5.16164734e+02 4.22465271e+02 7.62596250e-01
    5.21160034e+02 4.28887756e+02 6.56467199e-01</data></hand_left_0>
</opencv_storage>
