<?xml version="1.0"?>
<opencv_storage>
<hand_right_0 type_id="opencv-nd-matrix">
  <sizes>
    1 21 3</sizes>
  <dt>f</dt>
  <data>
    4.58043640e+02 3.83434631e+02 5.61534464e-01 4.75254120e+02
    3.88454346e+02 7.17434764e-01 4.93898773e+02 3.92039856e+02
    6.47530675e-01 5.06089508e+02 4.01362183e+02 8.52163672e-01
    5.17563171e+02 4.09250305e+02 8.42155576e-01 4.83142242e+02
    4.02079285e+02 6.89665675e-01 4.93898773e+02 4.17138428e+02
    7.30082989e-01 5.01069794e+02 4.30046295e+02 8.54333818e-01
    5.06089508e+02 4.40085724e+02 8.91820610e-01 4.68083069e+02
    4.07098999e+02 7.39737272e-01 4.76688324e+02 4.19289734e+02
    7.39031315e-01 4.86727753e+02 4.33631805e+02 7.00469017e-01
    4.96050079e+02 4.46539642e+02 8.96606922e-01 4.53741028e+02
    4.12835815e+02 7.20493555e-01 4.55892334e+02 4.22875275e+02
    6.89204395e-01 4.60912048e+02 4.37217316e+02 8.68267655e-01
    4.65214661e+02 4.50125153e+02 7.13506222e-01 4.38681885e+02
    4.14987122e+02 6.62263811e-01 4.38681885e+02 4.26460785e+02
    7.82842159e-01 4.40833191e+02 4.36500214e+02 7.36352444e-01
    4.43701599e+02 4.47973846e+02 6.94397151e-01</data></hand_right_0>
</opencv_storage>
