<?xml version="1.0"?>
<opencv_storage>
<hand_left_0 type_id="opencv-nd-matrix">
  <sizes>
    1 21 3</sizes>
  <dt>f</dt>
  <data>
    4.58982788e+02 4.18916504e+02 5.34689486e-01 4.46466064e+02
    4.31433228e+02 6.30072415e-01 4.36158203e+02 4.49103882e+02
    5.84821165e-01 4.26586578e+02 4.55730377e+02 4.94534254e-01
    4.12597321e+02 4.58675476e+02 7.76506662e-01 4.50883728e+02
    4.48367584e+02 4.99423116e-01 4.39839569e+02 4.58675476e+02
    5.51060379e-01 4.40575867e+02 4.71192200e+02 6.96255684e-01
    4.42784698e+02 4.82236359e+02 7.65814006e-01 4.65609283e+02
    4.43949921e+02 6.49695516e-01 4.59719055e+02 4.60148041e+02
    4.28036332e-01 4.61927887e+02 4.73401031e+02 5.48791945e-01
    4.64873016e+02 4.85917725e+02 7.79362440e-01 4.81807373e+02
    4.41741089e+02 6.38997197e-01 4.90642700e+02 4.55730377e+02
    6.78224087e-01 4.98005493e+02 4.71192200e+02 6.53233528e-01
    5.03159424e+02 4.82972626e+02 6.13358617e-01 4.95060364e+02
    4.32169495e+02 6.78615093e-01 5.05368256e+02 4.38059723e+02
    8.64425004e-01 5.11994751e+02 4.43949921e+02 8.76227796e-01
    5.17148682e+02 4.52785248e+02 7.54219294e-01</data></hand_left_0>
</opencv_storage>
