<?xml version="1.0"?>
<opencv_storage>
<hand_left_0 type_id="opencv-nd-matrix">
  <sizes>
    1 21 3</sizes>
  <dt>f</dt>
  <data>
    4.61044067e+02 3.87923492e+02 5.54603875e-01 4.48570190e+02
    4.00397369e+02 6.90534472e-01 4.38175293e+02 4.17722198e+02
    5.57781339e-01 4.27087402e+02 4.24652130e+02 4.01315242e-01
    4.17385498e+02 4.29503082e+02 5.12482166e-01 4.52035156e+02
    4.14257233e+02 5.38720846e-01 4.43026245e+02 4.27424103e+02
    5.75033784e-01 4.43026245e+02 4.41283966e+02 6.76361203e-01
    4.44412231e+02 4.51678864e+02 7.24737942e-01 4.66588013e+02
    4.10099274e+02 6.41914666e-01 4.59658081e+02 4.27424103e+02
    5.03618598e-01 4.61044067e+02 4.42669952e+02 5.88979244e-01
    4.59658081e+02 4.55143829e+02 6.98849678e-01 4.82526855e+02
    4.06634308e+02 6.32739604e-01 4.92921753e+02 4.23266144e+02
    4.73012865e-01 4.88070801e+02 4.38511993e+02 5.15508890e-01
    4.89456787e+02 4.49599884e+02 5.65229118e-01 4.98465698e+02
    3.99704376e+02 7.19631433e-01 5.06088623e+02 4.05248322e+02
    7.70041049e-01 5.12325562e+02 4.11485260e+02 7.64810264e-01
    5.16483521e+02 4.17722198e+02 7.42875695e-01</data></hand_left_0>
</opencv_storage>
