<?xml version="1.0"?>
<opencv_storage>
<hand_left_0 type_id="opencv-nd-matrix">
  <sizes>
    1 21 3</sizes>
  <dt>f</dt>
  <data>
    4.60602478e+02 4.24840424e+02 5.84074914e-01 4.47202545e+02
    4.37535095e+02 6.30869448e-01 4.36623657e+02 4.56577118e+02
    6.57957196e-01 4.30981567e+02 4.63629700e+02 4.75298047e-01
    4.14055359e+02 4.62924438e+02 6.93040490e-01 4.54255157e+02
    4.50935028e+02 6.97130859e-01 4.57781433e+02 4.65745483e+02
    5.54763496e-01 4.61307739e+02 4.76324371e+02 5.74759901e-01
    4.62013000e+02 4.87608521e+02 4.46836233e-01 4.70476105e+02
    4.45292969e+02 7.32010841e-01 4.77528717e+02 4.61513916e+02
    8.06618810e-01 4.84581299e+02 4.74913849e+02 6.51364982e-01
    4.91633911e+02 4.86903259e+02 6.56245828e-01 4.83876038e+02
    4.41061401e+02 7.88587630e-01 4.93749664e+02 4.57282379e+02
    6.40679777e-01 5.00097015e+02 4.69271790e+02 7.48334050e-01
    5.05739105e+02 4.81261200e+02 7.60682762e-01 4.95160187e+02
    4.34008820e+02 7.01826274e-01 5.05033844e+02 4.37535095e+02
    7.95696378e-01 5.11381165e+02 4.42471924e+02 8.61915052e-01
    5.17023254e+02 4.51640289e+02 7.89441526e-01</data></hand_left_0>
</opencv_storage>
