<?xml version="1.0"?>
<opencv_storage>
<hand_right_0 type_id="opencv-nd-matrix">
  <sizes>
    1 21 3</sizes>
  <dt>f</dt>
  <data>
    4.56143188e+02 3.90390045e+02 5.91891289e-01 4.73025421e+02
    3.95314056e+02 6.83936834e-01 4.92017944e+02 4.00238037e+02
    6.13126516e-01 5.05383026e+02 4.07272308e+02 8.77688885e-01
    5.17341309e+02 4.17823700e+02 8.74917507e-01 4.83576813e+02
    4.10789429e+02 6.91980362e-01 4.94831635e+02 4.24857971e+02
    7.58112669e-01 5.02569336e+02 4.38223083e+02 7.91244328e-01
    5.06789886e+02 4.47367615e+02 8.93268883e-01 4.68804840e+02
    4.15713409e+02 7.12916136e-01 4.77949402e+02 4.28375092e+02
    6.60233736e-01 4.87797363e+02 4.41740204e+02 7.51431465e-01
    4.95535065e+02 4.53698456e+02 8.89585614e-01 4.54736328e+02
    4.18527130e+02 7.09001064e-01 4.56846588e+02 4.30485382e+02
    6.90560997e-01 4.61770599e+02 4.46664185e+02 8.28154922e-01
    4.65991150e+02 4.58622437e+02 6.89390004e-01 4.38557526e+02
    4.19230560e+02 7.17095315e-01 4.38557526e+02 4.34002502e+02
    8.35557282e-01 4.39260925e+02 4.43850494e+02 7.77326882e-01
    4.43481506e+02 4.55105316e+02 7.54495502e-01</data></hand_right_0>
</opencv_storage>
