<?xml version="1.0"?>
<opencv_storage>
<hand_left_0 type_id="opencv-nd-matrix">
  <sizes>
    1 21 3</sizes>
  <dt>f</dt>
  <data>
    4.61671509e+02 4.06654877e+02 5.22859514e-01 4.48240723e+02
    4.17965027e+02 6.27601385e-01 4.37637482e+02 4.39171509e+02
    5.01443803e-01 4.33396210e+02 4.46947205e+02 5.06409883e-01
    4.14310364e+02 4.46240326e+02 7.52601027e-01 4.53188904e+02
    4.34930206e+02 6.38946652e-01 4.39758148e+02 4.45533447e+02
    3.98042619e-01 4.41878784e+02 4.58257324e+02 5.20502865e-01
    4.44706329e+02 4.68860565e+02 6.67978466e-01 4.68033447e+02
    4.28568268e+02 6.88690305e-01 4.77929810e+02 4.46240326e+02
    4.28051144e-01 4.65912811e+02 4.61791748e+02 4.06331718e-01
    4.65205933e+02 4.73101868e+02 6.71528816e-01 4.84291748e+02
    4.23620087e+02 6.45662367e-01 4.92774353e+02 4.40585266e+02
    6.57477677e-01 5.00550049e+02 4.52602264e+02 6.62591338e-01
    5.05498230e+02 4.63912384e+02 6.58824742e-01 4.99136292e+02
    4.17965027e+02 7.48507440e-01 5.08325775e+02 4.22913177e+02
    7.87183523e-01 5.15394592e+02 4.29275146e+02 8.12551558e-01
    5.19635864e+02 4.35637085e+02 7.01375604e-01</data></hand_left_0>
</opencv_storage>
