<?xml version="1.0"?>
<opencv_storage>
<pose_0 type_id="opencv-nd-matrix">
  <sizes>
    1 18 3</sizes>
  <dt>f</dt>
  <data>
    4.65628265e+02 1.25189796e+02 6.49934292e-01 4.75377014e+02
    8.21160889e+01 8.01827490e-01 3.73707703e+02 7.63151779e+01
    6.64803088e-01 4.14883209e+02 2.60278259e+02 7.44952381e-01
    4.59769989e+02 3.95145142e+02 8.63745570e-01 5.71336792e+02
    9.00078888e+01 6.73406661e-01 5.28281555e+02 2.73986359e+02
    7.55337059e-01 4.96957214e+02 3.99103577e+02 5.90714931e-01
    3.81531250e+02 2.97399139e+02 3.82268608e-01 3.20851654e+02
    4.53906830e+02 1.92096278e-01 0. 0. 0. 4.91120483e+02 3.07161926e+02
    4.48129445e-01 5.22397156e+02 3.97163269e+02 7.33215883e-02 0. 0. 0.
    4.46103729e+02 1.01787376e+02 6.72768056e-01 4.81336304e+02
    1.01690056e+02 7.05551505e-01 4.12717438e+02 7.04169083e+01
    1.45246357e-01 5.22405518e+02 2.93628521e+01 8.41710865e-01</data></pose_0>
</opencv_storage>
