<?xml version="1.0"?>
<opencv_storage>
<pose_0 type_id="opencv-nd-matrix">
  <sizes>
    1 18 3</sizes>
  <dt>f</dt>
  <data>
    4.55836334e+02 1.17462769e+02 6.57715380e-01 4.63696930e+02
    7.43355255e+01 7.89846301e-01 3.65919342e+02 7.04524231e+01
    6.82304204e-01 4.12772278e+02 2.62177002e+02 7.74658918e-01
    4.59666138e+02 3.87382507e+02 8.31873536e-01 5.69271973e+02
    8.41641922e+01 6.72797143e-01 5.26323608e+02 2.73913208e+02
    7.66516507e-01 4.96959747e+02 3.93255219e+02 6.03268147e-01
    3.81458344e+02 2.97388947e+02 4.06510770e-01 3.24766144e+02
    4.30480286e+02 3.90507221e-01 0. 0. 0. 4.92994812e+02 3.09141785e+02
    3.92931819e-01 5.24302490e+02 3.89382782e+02 6.29303604e-02 0. 0. 0.
    4.44114044e+02 9.98389053e+01 5.21462321e-01 4.73509155e+02
    9.98356705e+01 5.48885286e-01 4.12813873e+02 4.30392342e+01
    1.56618938e-01 5.26271362e+02 2.15284863e+01 3.18482041e-01</data></pose_0>
</opencv_storage>
