<?xml version="1.0"?>
<opencv_storage>
<hand_left_0 type_id="opencv-nd-matrix">
  <sizes>
    1 21 3</sizes>
  <dt>f</dt>
  <data>
    4.59518311e+02 3.91709198e+02 5.70200980e-01 4.46764679e+02
    4.04462830e+02 6.36801958e-01 4.36136658e+02 4.21467682e+02
    5.38134158e-01 4.33302521e+02 4.31387177e+02 3.67546201e-01
    4.17714722e+02 4.31387177e+02 5.04492939e-01 4.51724426e+02
    4.17216461e+02 5.77168047e-01 4.41804932e+02 4.30678619e+02
    5.89755058e-01 4.43222015e+02 4.42723724e+02 6.83712661e-01
    4.46056152e+02 4.54060303e+02 7.84247756e-01 4.68020752e+02
    4.12256714e+02 6.66825354e-01 4.60935394e+02 4.27844482e+02
    4.81449157e-01 4.62352448e+02 4.42723724e+02 6.62852168e-01
    4.61643921e+02 4.55477356e+02 7.90347278e-01 4.82191437e+02
    4.06588440e+02 6.23897016e-01 4.93528015e+02 4.22884735e+02
    5.36226213e-01 4.99904816e+02 4.32804230e+02 5.09172320e-01
    4.93528015e+02 4.49100555e+02 5.58422029e-01 4.96362152e+02
    3.97377472e+02 7.33001769e-01 5.06281647e+02 4.02337219e+02
    7.67895460e-01 5.12658447e+02 4.06588440e+02 7.89770603e-01
    5.16909668e+02 4.13673767e+02 7.13202059e-01</data></hand_left_0>
</opencv_storage>
