<?xml version="1.0"?>
<opencv_storage>
<pose_0 type_id="opencv-nd-matrix">
  <sizes>
    1 18 3</sizes>
  <dt>f</dt>
  <data>
    5.04771759e+02 1.29108093e+02 7.63141036e-01 4.73425903e+02
    7.63456345e+01 7.41229236e-01 3.69831665e+02 7.43653488e+01
    6.18590176e-01 4.14726959e+02 2.60197235e+02 7.63903379e-01
    4.59742310e+02 3.95197144e+02 8.72458875e-01 5.73287292e+02
    8.80856476e+01 6.58634543e-01 5.26267212e+02 2.85648956e+02
    7.19686270e-01 4.95037872e+02 3.99159790e+02 5.94090164e-01
    3.75664673e+02 2.99358002e+02 4.05589372e-01 3.22827362e+02
    4.34332489e+02 3.67918223e-01 2.83685425e+02 4.81310486e+02
    9.05635804e-02 4.89118652e+02 3.09141876e+02 4.10702616e-01
    5.43905090e+02 4.26515961e+02 6.05084486e-02 0. 0. 0. 4.93052032e+02
    1.09540611e+02 7.34208465e-01 5.20427246e+02 1.09568336e+02
    4.87275362e-01 4.55868042e+02 6.64963074e+01 2.90109068e-01 0. 0. 0.</data></pose_0>
</opencv_storage>
