<?xml version="1.0"?>
<opencv_storage>
<hand_right_0 type_id="opencv-nd-matrix">
  <sizes>
    1 21 3</sizes>
  <dt>f</dt>
  <data>
    4.61717346e+02 3.89134766e+02 6.29358053e-01 4.79343750e+02
    3.96479095e+02 7.72069871e-01 4.99173492e+02 4.06761169e+02
    6.88277602e-01 5.07252258e+02 4.17043243e+02 7.22682655e-01
    5.16065430e+02 4.25856445e+02 8.38608086e-01 4.85219238e+02
    4.13371063e+02 7.06795394e-01 4.93298004e+02 4.30263062e+02
    7.87709653e-01 4.99173492e+02 4.42748444e+02 8.60061884e-01
    5.03580078e+02 4.54499390e+02 8.99386287e-01 4.69796112e+02
    4.14839935e+02 7.55648136e-01 4.76406036e+02 4.30997498e+02
    5.81371188e-01 4.83015930e+02 4.47155029e+02 7.55291879e-01
    4.88891418e+02 4.59640411e+02 8.76027226e-01 4.55841888e+02
    4.18512115e+02 7.22760797e-01 4.59514038e+02 4.32466370e+02
    6.34949446e-01 4.63186218e+02 4.47889465e+02 8.08553755e-01
    4.64655090e+02 4.60374847e+02 7.84781635e-01 4.39684326e+02
    4.18512115e+02 7.35236406e-01 4.41153198e+02 4.35404083e+02
    8.56528878e-01 4.44090942e+02 4.46420593e+02 7.75151253e-01
    4.47028687e+02 4.57437103e+02 7.92027771e-01</data></hand_right_0>
</opencv_storage>
