<?xml version="1.0"?>
<opencv_storage>
<hand_left_0 type_id="opencv-nd-matrix">
  <sizes>
    1 21 3</sizes>
  <dt>f</dt>
  <data>
    4.57778961e+02 3.88004272e+02 5.97210705e-01 4.45615662e+02
    4.01598541e+02 6.36030316e-01 4.38460785e+02 4.20201233e+02
    6.49058878e-01 4.38460785e+02 4.36657471e+02 6.37761652e-01
    4.40607239e+02 4.50251740e+02 6.01210773e-01 4.51339569e+02
    4.15908325e+02 5.48453689e-01 4.40607239e+02 4.28071594e+02
    4.27349150e-01 4.40607239e+02 4.41665894e+02 4.74936843e-01
    4.42038208e+02 4.53113678e+02 5.24179578e-01 4.67080292e+02
    4.11615387e+02 6.49321914e-01 4.75666138e+02 4.25925140e+02
    4.38503325e-01 4.59925415e+02 4.41665894e+02 5.14593482e-01
    4.57778961e+02 4.57406616e+02 6.33635104e-01 4.80674561e+02
    4.06606964e+02 6.78171277e-01 4.92122375e+02 4.21632202e+02
    5.85998297e-01 4.97846283e+02 4.31649048e+02 5.76288104e-01
    5.05001160e+02 4.42381378e+02 6.28886700e-01 4.95699829e+02
    3.96590149e+02 6.93746626e-01 5.04285675e+02 4.01598541e+02
    8.35381627e-01 5.10725067e+02 4.06606964e+02 8.30763698e-01
    5.15018005e+02 4.13046356e+02 7.67449081e-01</data></hand_left_0>
</opencv_storage>
