<?xml version="1.0"?>
<opencv_storage>
<hand_left_0 type_id="opencv-nd-matrix">
  <sizes>
    1 21 3</sizes>
  <dt>f</dt>
  <data>
    4.59434448e+02 3.90040649e+02 5.82217574e-01 4.48232910e+02
    4.04042572e+02 6.58740640e-01 4.39131683e+02 4.22245056e+02
    5.87734103e-01 4.40531860e+02 4.34846802e+02 6.69818580e-01
    4.46832733e+02 4.50949005e+02 6.67097747e-01 4.55233887e+02
    4.16644287e+02 6.17659450e-01 4.59434448e+02 4.30646210e+02
    5.63466728e-01 4.63635040e+02 4.41847748e+02 5.12850165e-01
    4.66435425e+02 4.51649109e+02 3.54527026e-01 4.70635986e+02
    4.11043518e+02 7.18871534e-01 4.80437347e+02 4.27845825e+02
    6.68130219e-01 4.86738190e+02 4.39047363e+02 4.72518265e-01
    4.72036194e+02 4.53749390e+02 4.99476820e-01 4.83937805e+02
    4.06142853e+02 6.85008347e-01 4.95839447e+02 4.22945160e+02
    6.09957278e-01 5.02140320e+02 4.33446594e+02 6.44183755e-01
    5.09141266e+02 4.44648132e+02 6.74606979e-01 4.97939728e+02
    3.99141907e+02 7.04341471e-01 5.05640778e+02 4.01942291e+02
    7.74394393e-01 5.12641724e+02 4.08243134e+02 7.60662854e-01
    5.18242493e+02 4.16644287e+02 7.40002036e-01</data></hand_left_0>
</opencv_storage>
