<?xml version="1.0"?>
<opencv_storage>
<hand_left_0 type_id="opencv-nd-matrix">
  <sizes>
    1 21 3</sizes>
  <dt>f</dt>
  <data>
    4.63113525e+02 3.89182404e+02 5.87838054e-01 4.49217804e+02
    4.01688538e+02 6.94660008e-01 4.39490814e+02 4.19058167e+02
    6.59034014e-01 4.39490814e+02 4.35733032e+02 6.47114813e-01
    4.43659546e+02 4.51713104e+02 5.57996571e-01 4.54776093e+02
    4.17668610e+02 6.25164747e-01 4.58250031e+02 4.34343445e+02
    3.83828163e-01 4.59639587e+02 4.45460022e+02 2.80670643e-01
    4.49217804e+02 4.56576599e+02 3.62817645e-01 4.70061371e+02
    4.12805115e+02 7.18444884e-01 4.77009247e+02 4.30174744e+02
    6.20383143e-01 4.67282257e+02 4.45460022e+02 3.45196605e-01
    4.68671814e+02 4.57271393e+02 5.46566010e-01 4.83262299e+02
    4.08636383e+02 6.40648723e-01 4.92989319e+02 4.26006042e+02
    6.76443875e-01 4.98547607e+02 4.39901733e+02 7.11174667e-01
    5.04105865e+02 4.51018311e+02 6.67430103e-01 4.98547607e+02
    4.04467682e+02 7.78351009e-01 5.07579803e+02 4.12110321e+02
    7.21881688e-01 5.14527649e+02 4.17668610e+02 7.73618698e-01
    5.19391174e+02 4.23226898e+02 6.90094709e-01</data></hand_left_0>
</opencv_storage>
