<?xml version="1.0"?>
<opencv_storage>
<pose_0 type_id="opencv-nd-matrix">
  <sizes>
    1 18 3</sizes>
  <dt>f</dt>
  <data>
    4.91037750e+02 1.01825897e+02 8.04241598e-01 4.69553619e+02
    6.84270096e+01 7.13688254e-01 3.67870605e+02 6.64729080e+01
    6.39507949e-01 4.16721100e+02 2.48497986e+02 6.93971157e-01
    4.59792236e+02 3.83427979e+02 8.46138179e-01 5.71315918e+02
    8.21601868e+01 6.92987800e-01 5.24449280e+02 2.68051300e+02
    7.81395555e-01 4.93111542e+02 3.99106415e+02 5.28076887e-01
    3.81459534e+02 2.89573975e+02 3.98263395e-01 3.28712463e+02
    4.30457611e+02 3.43817502e-01 0. 0. 0. 4.89110474e+02 3.03279358e+02
    3.89179200e-01 5.24292969e+02 3.97146484e+02 6.17113672e-02 0. 0. 0.
    4.77329865e+02 8.40926743e+01 7.34171152e-01 5.08677429e+02
    8.41375351e+01 7.62299180e-01 0. 0. 0. 5.40040649e+02 4.69084625e+01
    1.13416962e-01</data></pose_0>
</opencv_storage>
