<?xml version="1.0"?>
<opencv_storage>
<hand_right_0 type_id="opencv-nd-matrix">
  <sizes>
    1 21 3</sizes>
  <dt>f</dt>
  <data>
    4.56683685e+02 3.83097015e+02 5.59332669e-01 4.73726807e+02
    3.88067932e+02 7.07068205e-01 4.92190186e+02 3.92328705e+02
    5.95801771e-01 5.05682648e+02 4.02270508e+02 8.67775798e-01
    5.17754883e+02 4.10792084e+02 8.39549780e-01 4.82958496e+02
    4.02980652e+02 6.90984607e-01 4.94320557e+02 4.17893372e+02
    7.44739413e-01 5.01421875e+02 4.30675720e+02 8.52937102e-01
    5.06392761e+02 4.41327667e+02 9.39638972e-01 4.68045746e+02
    4.07951569e+02 7.69804299e-01 4.77277435e+02 4.20023773e+02
    7.30122149e-01 4.86509125e+02 4.35646606e+02 7.25581586e-01
    4.95030701e+02 4.47718842e+02 9.29910064e-01 4.53843170e+02
    4.13632599e+02 6.91715181e-01 4.55973541e+02 4.24284546e+02
    7.17457175e-01 4.61654602e+02 4.38487152e+02 8.40675592e-01
    4.65915375e+02 4.51979614e+02 7.28924751e-01 4.38220306e+02
    4.14342712e+02 7.30244279e-01 4.38220306e+02 4.27835205e+02
    8.11827064e-01 4.39640564e+02 4.37777008e+02 7.60098934e-01
    4.43191223e+02 4.48428955e+02 7.15309441e-01</data></hand_right_0>
</opencv_storage>
