<?xml version="1.0"?>
<opencv_storage>
<hand_right_0 type_id="opencv-nd-matrix">
  <sizes>
    1 21 3</sizes>
  <dt>f</dt>
  <data>
    4.60365295e+02 4.01093903e+02 6.78743243e-01 4.79101807e+02
    4.07339386e+02 7.17672348e-01 4.99087372e+02 4.15458527e+02
    7.77000606e-01 5.09080170e+02 4.29198639e+02 7.74492025e-01
    5.18448425e+02 4.39191406e+02 7.89403737e-01 4.86596375e+02
    4.24826782e+02 7.38793552e-01 4.95340088e+02 4.40440521e+02
    8.28133881e-01 5.00336487e+02 4.54805145e+02 8.51931870e-01
    5.04708313e+02 4.65422485e+02 9.33315933e-01 4.72856293e+02
    4.27324982e+02 7.71413445e-01 4.80350891e+02 4.45436920e+02
    7.47771382e-01 4.85347290e+02 4.59801544e+02 6.18986607e-01
    4.89094574e+02 4.68545258e+02 4.78778630e-01 4.58491669e+02
    4.30447723e+02 7.23285913e-01 4.60365295e+02 4.44812378e+02
    6.51601315e-01 4.61614410e+02 4.59177002e+02 7.18647122e-01
    4.59740753e+02 4.71667999e+02 6.76198006e-01 4.42253357e+02
    4.29823181e+02 6.54489338e-01 4.41628815e+02 4.41689606e+02
    7.47388542e-01 4.41004272e+02 4.52931519e+02 7.40000069e-01
    4.40379730e+02 4.62299744e+02 7.64566600e-01</data></hand_right_0>
</opencv_storage>
