<?xml version="1.0"?>
<opencv_storage>
<hand_left_0 type_id="opencv-nd-matrix">
  <sizes>
    1 21 3</sizes>
  <dt>f</dt>
  <data>
    4.56199646e+02 3.93033752e+02 5.57449341e-01 4.44007416e+02
    4.08094727e+02 6.08700991e-01 4.36118317e+02 4.26024506e+02
    5.35800934e-01 4.36835510e+02 4.40368286e+02 5.06408036e-01
    4.44724609e+02 4.56146484e+02 4.17602688e-01 4.50462128e+02
    4.20286957e+02 5.78265488e-01 4.40421478e+02 4.33196381e+02
    4.82854187e-01 4.41138641e+02 4.46822998e+02 5.09994626e-01
    4.45441803e+02 4.58298035e+02 5.83196640e-01 4.66957489e+02
    4.15983826e+02 6.36152804e-01 4.58351227e+02 4.33196381e+02
    4.13766950e-01 4.63371552e+02 4.48257385e+02 5.96818864e-01
    4.62654358e+02 4.60449615e+02 7.62045801e-01 4.82735687e+02
    4.09529114e+02 5.90290487e-01 4.92059143e+02 4.26024506e+02
    5.04951179e-01 4.96362305e+02 4.38216736e+02 5.00875652e-01
    4.95645111e+02 4.53994904e+02 6.10761106e-01 4.97079498e+02
    4.01640015e+02 6.21440947e-01 5.04251373e+02 4.03791595e+02
    8.18816185e-01 5.10706085e+02 4.08811920e+02 7.88308620e-01
    5.16443604e+02 4.14549438e+02 7.47488678e-01</data></hand_left_0>
</opencv_storage>
