<?xml version="1.0"?>
<opencv_storage>
<hand_left_0 type_id="opencv-nd-matrix">
  <sizes>
    1 21 3</sizes>
  <dt>f</dt>
  <data>
    4.57665253e+02 4.01213165e+02 5.41574478e-01 4.45521576e+02
    4.13356812e+02 6.27201796e-01 4.36076508e+02 4.32921631e+02
    3.89728785e-01 4.28655365e+02 4.43041351e+02 5.63778996e-01
    4.15162415e+02 4.45065308e+02 8.28344882e-01 4.50244141e+02
    4.28873749e+02 5.32752395e-01 4.40124390e+02 4.40342773e+02
    6.23563766e-01 4.40799042e+02 4.52486450e+02 6.88967407e-01
    4.44172302e+02 4.62606171e+02 7.45887101e-01 4.65761047e+02
    4.23476563e+02 6.14296734e-01 4.60363861e+02 4.41692078e+02
    4.89920139e-01 4.63737091e+02 4.55859680e+02 6.89131558e-01
    4.63737091e+02 4.66654053e+02 7.31464207e-01 4.82627258e+02
    4.18079376e+02 6.25029564e-01 4.93421631e+02 4.36294861e+02
    5.20517707e-01 4.98818817e+02 4.47763916e+02 5.41984141e-01
    5.06239960e+02 4.56534332e+02 5.54690003e-01 4.98144165e+02
    4.11332886e+02 6.59887612e-01 5.05565308e+02 4.16730072e+02
    7.09329605e-01 5.12986450e+02 4.22801910e+02 7.44114399e-01
    5.17034363e+02 4.28199097e+02 6.21763349e-01</data></hand_left_0>
</opencv_storage>
