<?xml version="1.0"?>
<opencv_storage>
<pose_0 type_id="opencv-nd-matrix">
  <sizes>
    1 18 3</sizes>
  <dt>f</dt>
  <data>
    4.14763367e+02 3.92328606e+01 9.10456955e-01 4.44096863e+02
    8.21792603e+01 7.97671854e-01 3.52141785e+02 8.41570740e+01
    7.59505630e-01 4.08937225e+02 2.44579468e+02 7.96402574e-01
    4.59713440e+02 3.81461060e+02 8.40029955e-01 5.36055847e+02
    8.41838608e+01 6.98814988e-01 5.08737579e+02 2.56367188e+02
    8.74600410e-01 4.92978302e+02 3.99063385e+02 5.93337238e-01
    3.77597839e+02 2.87612793e+02 4.38110292e-01 3.34519928e+02
    4.30415771e+02 6.15705669e-01 3.01267334e+02 4.79328003e+02
    1.35361955e-01 4.77357452e+02 2.91512268e+02 4.52437460e-01
    5.18451904e+02 3.95211731e+02 9.20856893e-02 0. 0. 0. 3.95170868e+02
    1.95541973e+01 7.99488187e-01 4.42128204e+02 1.95649147e+01
    8.56622100e-01 3.67762970e+02 4.83865499e+00 4.32144612e-01
    4.83236115e+02 3.88835740e+00 9.08858657e-01</data></pose_0>
</opencv_storage>
