<?xml version="1.0"?>
<opencv_storage>
<hand_left_0 type_id="opencv-nd-matrix">
  <sizes>
    1 21 3</sizes>
  <dt>f</dt>
  <data>
    4.60102264e+02 3.86741547e+02 6.16924107e-01 4.48471527e+02
    4.00424774e+02 6.69853687e-01 4.38209137e+02 4.18212921e+02
    5.44178128e-01 4.27946716e+02 4.25054535e+02 4.28713709e-01
    4.16316010e+02 4.29843658e+02 5.56971788e-01 4.51208191e+02
    4.14107971e+02 5.09195685e-01 4.42314087e+02 4.25738708e+02
    5.70227742e-01 4.42314087e+02 4.40790222e+02 7.01041818e-01
    4.44366577e+02 4.52420959e+02 7.37100005e-01 4.66259705e+02
    4.10687164e+02 6.43708110e-01 4.59418121e+02 4.27791168e+02
    5.33858180e-01 4.60102264e+02 4.41474396e+02 5.89509249e-01
    4.59418121e+02 4.55841766e+02 6.59440756e-01 4.81995392e+02
    4.07266357e+02 6.43170476e-01 4.94994446e+02 4.24370392e+02
    5.81814349e-01 4.99099426e+02 4.35316956e+02 5.13498604e-01
    5.05941010e+02 4.44895203e+02 5.61844826e-01 4.98415253e+02
    3.99056427e+02 7.21971750e-01 5.07993500e+02 4.06582214e+02
    6.83308065e-01 5.14150940e+02 4.12739655e+02 7.85235465e-01
    5.18255920e+02 4.18897095e+02 7.19638824e-01</data></hand_left_0>
</opencv_storage>
