<?xml version="1.0"?>
<opencv_storage>
<pose_0 type_id="opencv-nd-matrix">
  <sizes>
    1 18 3</sizes>
  <dt>f</dt>
  <data>
    4.89094269e+02 1.81930283e+02 7.32493818e-01 4.63694794e+02
    9.97477264e+01 7.74945199e-01 3.67769165e+02 9.58340378e+01
    6.37482285e-01 4.14715210e+02 2.95414673e+02 7.76318669e-01
    4.59668091e+02 4.14778076e+02 8.72420549e-01 5.61504395e+02
    1.05631538e+02 6.31386995e-01 5.22355408e+02 3.01272003e+02
    8.03785920e-01 4.91053772e+02 4.28479492e+02 6.10042095e-01
    3.75646637e+02 2.83707581e+02 3.70565474e-01 3.22848816e+02
    4.30491150e+02 4.99299884e-01 2.79783966e+02 4.79328339e+02
    6.89700171e-02 4.87149017e+02 3.03278564e+02 4.37250137e-01
    5.40010315e+02 4.46056854e+02 2.03782067e-01 0. 0. 0. 4.77374786e+02
    1.68236511e+02 7.66278684e-01 4.95058350e+02 1.74104370e+02
    2.72442698e-01 4.18683441e+02 1.15474319e+02 2.21571445e-01
    5.22434937e+02 9.97398529e+01 1.26423284e-01</data></pose_0>
</opencv_storage>
