<?xml version="1.0"?>
<opencv_storage>
<hand_right_0 type_id="opencv-nd-matrix">
  <sizes>
    1 21 3</sizes>
  <dt>f</dt>
  <data>
    4.60051331e+02 4.17963318e+02 5.88510573e-01 4.78119049e+02
    4.24467712e+02 7.02637732e-01 4.98354858e+02 4.32417480e+02
    6.65723801e-01 5.07750092e+02 4.40367279e+02 8.07244956e-01
    5.17867981e+02 4.50485199e+02 7.56698966e-01 4.85346130e+02
    4.39644562e+02 6.63877249e-01 4.95464050e+02 4.55544159e+02
    7.83395529e-01 5.04136536e+02 4.69275604e+02 8.30119550e-01
    5.07750092e+02 4.80116241e+02 8.69965672e-01 4.70891968e+02
    4.41089996e+02 7.47279823e-01 4.78119049e+02 4.56266846e+02
    7.27224827e-01 4.88236969e+02 4.71443726e+02 7.94309437e-01
    4.95464050e+02 4.85175171e+02 9.29484308e-01 4.54992371e+02
    4.45426239e+02 7.18048334e-01 4.59328644e+02 4.56989563e+02
    6.94944143e-01 4.62219452e+02 4.73611847e+02 7.72740126e-01
    4.67278412e+02 4.85175171e+02 6.76501453e-01 4.40538208e+02
    4.46871643e+02 6.73539877e-01 4.37647400e+02 4.59880402e+02
    8.41446400e-01 4.38370087e+02 4.69998322e+02 7.72806406e-01
    4.41983643e+02 4.80838928e+02 7.71304786e-01</data></hand_right_0>
</opencv_storage>
