<?xml version="1.0"?>
<opencv_storage>
<hand_right_0 type_id="opencv-nd-matrix">
  <sizes>
    1 21 3</sizes>
  <dt>f</dt>
  <data>
    4.55413055e+02 3.96263672e+02 6.10322535e-01 4.73262695e+02
    4.01261566e+02 6.67912304e-01 4.93254272e+02 4.06259460e+02
    6.45429492e-01 5.04678040e+02 4.12685333e+02 8.55397999e-01
    5.16815796e+02 4.21967133e+02 8.48010182e-01 4.82544495e+02
    4.14827271e+02 6.94789827e-01 4.94682251e+02 4.29820953e+02
    8.14897001e-01 5.03250092e+02 4.41958710e+02 8.65339935e-01
    5.08247986e+02 4.51954498e+02 8.66845548e-01 4.67550812e+02
    4.19825165e+02 6.77726269e-01 4.77546600e+02 4.34818878e+02
    6.21706784e-01 4.88256378e+02 4.47670593e+02 6.89732254e-01
    4.98252167e+02 4.59094360e+02 9.07466412e-01 4.53271118e+02
    4.24109100e+02 6.60954833e-01 4.57555023e+02 4.36246826e+02
    6.90611184e-01 4.61124939e+02 4.52668488e+02 7.66491294e-01
    4.66122833e+02 4.64092255e+02 7.04269350e-01 4.37563446e+02
    4.26965027e+02 6.19246662e-01 4.37563446e+02 4.40530762e+02
    8.00367475e-01 4.38277405e+02 4.51240540e+02 7.31917322e-01
    4.41847351e+02 4.61950317e+02 7.96674371e-01</data></hand_right_0>
</opencv_storage>
