<?xml version="1.0"?>
<opencv_storage>
<pose_0 type_id="opencv-nd-matrix">
  <sizes>
    1 18 3</sizes>
  <dt>f</dt>
  <data>
    4.42203613e+02 9.19799500e+01 7.75646091e-01 4.67571167e+02
    6.84755478e+01 7.11025238e-01 3.67859741e+02 6.65500793e+01
    6.71926022e-01 4.14848145e+02 2.56298920e+02 7.63850689e-01
    4.59768677e+02 3.81492188e+02 8.68793547e-01 5.69336121e+02
    8.21365967e+01 6.49095178e-01 5.28253052e+02 2.66060883e+02
    7.24370301e-01 4.96945313e+02 3.93257050e+02 5.54251790e-01
    3.81501190e+02 2.85651825e+02 4.39656347e-01 3.24782166e+02
    4.28451691e+02 5.04306018e-01 2.81735107e+02 4.79369446e+02
    7.36189187e-02 4.91039581e+02 3.01278046e+02 4.46638703e-01
    5.22439209e+02 3.87409637e+02 6.90560415e-02 0. 0. 0. 4.24508453e+02
    6.85136795e+01 8.13911736e-01 4.61791168e+02 7.23923798e+01
    7.95835316e-01 3.99140961e+02 5.28225822e+01 8.04615170e-02
    5.22316772e+02 3.88900924e+00 7.51767278e-01</data></pose_0>
</opencv_storage>
