<?xml version="1.0"?>
<opencv_storage>
<hand_right_0 type_id="opencv-nd-matrix">
  <sizes>
    1 21 3</sizes>
  <dt>f</dt>
  <data>
    4.57761017e+02 4.09389313e+02 5.77369452e-01 4.74283325e+02
    4.14896759e+02 6.85914218e-01 4.92182495e+02 4.20404175e+02
    6.26379192e-01 5.03197388e+02 4.27976929e+02 7.73193300e-01
    5.14900696e+02 4.34172791e+02 7.96621680e-01 4.83232910e+02
    4.29353790e+02 6.41045392e-01 4.94247803e+02 4.44499237e+02
    7.79874742e-01 5.01820526e+02 4.56890961e+02 8.64868045e-01
    5.07327972e+02 4.67217407e+02 9.43454146e-01 4.68775879e+02
    4.33484344e+02 7.37646580e-01 4.77037048e+02 4.47941376e+02
    6.55118406e-01 4.86675079e+02 4.61021545e+02 7.77761400e-01
    4.96313080e+02 4.73413300e+02 8.71426463e-01 4.52942017e+02
    4.37614929e+02 6.44597232e-01 4.57072571e+02 4.49318237e+02
    7.00192809e-01 4.61203156e+02 4.63775269e+02 7.76096642e-01
    4.65333740e+02 4.76167023e+02 7.52462804e-01 4.39861847e+02
    4.39680237e+02 6.80501223e-01 4.37108124e+02 4.52071960e+02
    7.99068093e-01 4.38484985e+02 4.61709991e+02 7.69945621e-01
    4.41927124e+02 4.72036438e+02 8.71243179e-01</data></hand_right_0>
</opencv_storage>
