<?xml version="1.0"?>
<opencv_storage>
<hand_right_0 type_id="opencv-nd-matrix">
  <sizes>
    1 21 3</sizes>
  <dt>f</dt>
  <data>
    4.60278381e+02 3.84462524e+02 5.90173602e-01 4.77298218e+02
    3.89908875e+02 7.42729127e-01 4.96360474e+02 3.96716797e+02
    6.73222780e-01 5.08614746e+02 4.06928711e+02 8.51957977e-01
    5.19507446e+02 4.17140625e+02 8.53593230e-01 4.84106171e+02
    4.05567139e+02 7.10874319e-01 4.94318085e+02 4.19863800e+02
    7.94206381e-01 5.03168396e+02 4.34160492e+02 8.39053333e-01
    5.05891571e+02 4.44372375e+02 8.78349066e-01 4.70490295e+02
    4.10332703e+02 7.39368379e-01 4.77298218e+02 4.23267761e+02
    7.02469110e-01 4.86148560e+02 4.36883667e+02 6.86377525e-01
    4.93637299e+02 4.49818726e+02 8.53053987e-01 4.54832031e+02
    4.13736664e+02 7.03069925e-01 4.56193604e+02 4.25990936e+02
    6.40179396e-01 4.60278381e+02 4.39606842e+02 7.99553752e-01
    4.61639984e+02 4.53222717e+02 6.84761405e-01 4.39173767e+02
    4.16459839e+02 7.24904418e-01 4.40535370e+02 4.28714111e+02
    7.96590388e-01 4.40535370e+02 4.40287628e+02 7.52874017e-01
    4.43939331e+02 4.51180328e+02 6.73274100e-01</data></hand_right_0>
</opencv_storage>
