<?xml version="1.0"?>
<opencv_storage>
<hand_right_0 type_id="opencv-nd-matrix">
  <sizes>
    1 21 3</sizes>
  <dt>f</dt>
  <data>
    4.57122894e+02 3.87376709e+02 5.87426603e-01 4.74835388e+02
    3.91627716e+02 7.24148452e-01 4.92547913e+02 3.95170227e+02
    6.50432348e-01 5.05300903e+02 4.04380707e+02 7.88951635e-01
    5.17345398e+02 4.10757202e+02 8.11334968e-01 4.81211914e+02
    4.05089233e+02 6.87323213e-01 4.92547913e+02 4.18550720e+02
    7.41420090e-01 5.02466888e+02 4.33429199e+02 8.43766093e-01
    5.08134888e+02 4.44056702e+02 8.73110712e-01 4.68458893e+02
    4.10757202e+02 7.23316431e-01 4.76252411e+02 4.23510223e+02
    6.57998860e-01 4.86879883e+02 4.38388702e+02 7.14952826e-01
    4.96798889e+02 4.50433228e+02 8.24795008e-01 4.52871887e+02
    4.15716705e+02 7.26608038e-01 4.57831390e+02 4.27761230e+02
    6.73694074e-01 4.62082397e+02 4.43348206e+02 7.40906835e-01
    4.64916412e+02 4.55392700e+02 7.12684155e-01 4.37993408e+02
    4.16425232e+02 7.05253363e-01 4.39410400e+02 4.32012207e+02
    8.14529538e-01 4.41535889e+02 4.43348206e+02 8.03831220e-01
    4.46495392e+02 4.54684204e+02 8.12939048e-01</data></hand_right_0>
</opencv_storage>
