<?xml version="1.0"?>
<opencv_storage>
<pose_0 type_id="opencv-nd-matrix">
  <sizes>
    1 18 3</sizes>
  <dt>f</dt>
  <data>
    4.01110352e+02 1.48663025e+02 8.62562597e-01 4.38248657e+02
    1.07613838e+02 6.88214004e-01 3.52130737e+02 1.13459145e+02
    7.74932027e-01 4.12836304e+02 2.72033569e+02 8.31755698e-01
    4.61667297e+02 4.14796265e+02 8.03483486e-01 5.39938354e+02
    1.13494705e+02 6.93880320e-01 5.10679657e+02 2.89490143e+02
    8.49959433e-01 4.91081421e+02 4.28468719e+02 5.84962845e-01
    3.73684021e+02 3.13038513e+02 4.01595742e-01 3.22849274e+02
    4.63702240e+02 4.76079702e-01 2.11338074e+02 5.22391541e+02
    9.65018421e-02 4.73442841e+02 3.18886169e+02 4.69372243e-01
    5.16501526e+02 4.26530029e+02 1.01179563e-01 0. 0. 0. 3.83451111e+02
    1.29136200e+02 8.44490349e-01 4.16792603e+02 1.29081451e+02
    7.68132985e-01 3.65757141e+02 1.03691093e+02 5.70270456e-02
    4.71522064e+02 7.04075012e+01 9.09790874e-01</data></pose_0>
</opencv_storage>
