<?xml version="1.0"?>
<opencv_storage>
<pose_0 type_id="opencv-nd-matrix">
  <sizes>
    1 18 3</sizes>
  <dt>f</dt>
  <data>
    4.73499725e+02 1.64358749e+02 7.66545236e-01 4.71491119e+02
    1.01797966e+02 8.10206056e-01 3.67828156e+02 9.78533249e+01
    6.69318080e-01 4.14720276e+02 2.87657684e+02 7.70277619e-01
    4.59771484e+02 4.12828094e+02 8.85183930e-01 5.71329468e+02
    1.13494781e+02 6.79004371e-01 5.26349426e+02 3.01303650e+02
    7.64606953e-01 4.93005707e+02 4.28508545e+02 5.57563901e-01
    3.77626678e+02 2.91513245e+02 4.00041968e-01 3.20849243e+02
    4.40199554e+02 2.89842010e-01 0. 0. 0. 4.89148712e+02 3.07180939e+02
    4.18170303e-01 5.41931641e+02 4.49992035e+02 1.15405090e-01 0. 0. 0.
    4.61755615e+02 1.46807281e+02 7.43379056e-01 4.92969452e+02
    1.48741318e+02 5.34619689e-01 4.24573486e+02 8.60781250e+01
    4.34527606e-01 5.24409180e+02 9.58581009e+01 4.72214013e-01</data></pose_0>
</opencv_storage>
