<?xml version="1.0"?>
<opencv_storage>
<pose_0 type_id="opencv-nd-matrix">
  <sizes>
    1 18 3</sizes>
  <dt>f</dt>
  <data>
    4.65690826e+02 1.01856033e+02 7.90185750e-01 4.75452728e+02
    7.04514160e+01 7.40175605e-01 3.77624390e+02 6.85032425e+01
    6.95929050e-01 4.26486511e+02 2.56313995e+02 7.23822713e-01
    4.59874725e+02 3.87364563e+02 8.22886944e-01 5.73260376e+02
    8.60437317e+01 6.90699816e-01 5.26366333e+02 2.71969391e+02
    8.03473890e-01 4.95033417e+02 3.99083527e+02 5.52733898e-01
    3.81532379e+02 2.89589783e+02 4.16123211e-01 3.22831665e+02
    4.46102173e+02 2.56944507e-01 0. 0. 0. 4.87187744e+02 3.05184082e+02
    4.22276556e-01 5.22415649e+02 3.99102417e+02 6.88300356e-02 0. 0. 0.
    4.46105652e+02 8.40797272e+01 7.91115999e-01 4.87190186e+02
    8.21167755e+01 8.19949031e-01 4.06928894e+02 3.71453896e+01
    3.16546857e-01 5.24327148e+02 1.95109997e+01 5.41204870e-01</data></pose_0>
</opencv_storage>
