<?xml version="1.0"?>
<opencv_storage>
<pose_0 type_id="opencv-nd-matrix">
  <sizes>
    1 18 3</sizes>
  <dt>f</dt>
  <data>
    4.95031372e+02 9.98090057e+01 8.28841329e-01 4.61735565e+02
    6.65345230e+01 7.25213051e-01 3.65848480e+02 6.83948822e+01
    6.52437389e-01 4.12888702e+02 2.54303497e+02 6.94543004e-01
    4.59695587e+02 3.81503632e+02 8.42217445e-01 5.69319702e+02
    7.63271637e+01 6.78931475e-01 5.24365234e+02 2.68047485e+02
    7.59995699e-01 4.96951172e+02 3.85427094e+02 5.86302638e-01
    3.79586670e+02 2.97405090e+02 4.07668352e-01 3.20937988e+02
    4.32390167e+02 3.48459542e-01 2.71985260e+02 4.81315552e+02
    8.67874995e-02 4.91137421e+02 3.09141968e+02 3.77375364e-01
    5.22401489e+02 3.87454712e+02 5.40524460e-02 0. 0. 0. 4.77437683e+02
    8.21103516e+01 7.65406668e-01 5.12602600e+02 7.43757401e+01
    7.23117650e-01 4.22628113e+02 2.15601368e+01 4.14817363e-01
    5.39972168e+02 3.71624184e+01 5.14627844e-02</data></pose_0>
</opencv_storage>
