<?xml version="1.0"?>
<opencv_storage>
<pose_0 type_id="opencv-nd-matrix">
  <sizes>
    1 18 3</sizes>
  <dt>f</dt>
  <data>
    4.77424561e+02 1.64373291e+02 7.92789400e-01 4.71495392e+02
    1.03676575e+02 8.13535750e-01 3.65900421e+02 1.01762947e+02
    6.91825628e-01 4.12817566e+02 2.91511932e+02 7.60557711e-01
    4.59746826e+02 4.12869751e+02 8.64773750e-01 5.73244019e+02
    1.11546204e+02 6.52849317e-01 5.30229675e+02 3.03207245e+02
    7.64004469e-01 4.95022705e+02 4.18708435e+02 6.33823633e-01
    3.75622162e+02 2.95423340e+02 3.96533370e-01 3.22851593e+02
    4.32444366e+02 4.87462759e-01 2.87599335e+02 4.77367737e+02
    1.45209834e-01 4.89127350e+02 3.05254974e+02 4.22806203e-01
    5.41995544e+02 4.53918854e+02 1.24657154e-01 0. 0. 0. 4.61787231e+02
    1.48618057e+02 7.24623144e-01 4.95078827e+02 1.46805679e+02
    6.35862231e-01 4.12843628e+02 8.41414261e+01 5.44044495e-01
    5.24390564e+02 8.40696564e+01 4.01187032e-01</data></pose_0>
</opencv_storage>
