<?xml version="1.0"?>
<opencv_storage>
<pose_0 type_id="opencv-nd-matrix">
  <sizes>
    1 18 3</sizes>
  <dt>f</dt>
  <data>
    4.30504456e+02 1.01720840e+02 8.66781890e-01 4.65638306e+02
    7.23713608e+01 7.16897249e-01 3.71749176e+02 6.85161819e+01
    7.24336028e-01 4.16781586e+02 2.58266174e+02 7.42922962e-01
    4.59779266e+02 3.83475494e+02 8.62673163e-01 5.71256287e+02
    8.61061249e+01 6.12823904e-01 5.28252991e+02 2.71965454e+02
    7.84383774e-01 4.95002747e+02 3.97129211e+02 5.69047034e-01
    3.81484100e+02 2.89547272e+02 4.34752315e-01 3.26734650e+02
    4.30406525e+02 4.60999608e-01 2.83682373e+02 4.81291260e+02
    1.00532673e-01 4.87197815e+02 3.03264130e+02 4.29678649e-01
    5.22383545e+02 3.93278748e+02 6.59638643e-02 0. 0. 0. 4.12882446e+02
    7.82406311e+01 8.41173947e-01 4.57797424e+02 8.02448044e+01
    7.52184629e-01 3.95199219e+02 5.68239250e+01 8.07052478e-02
    5.08657990e+02 3.32476959e+01 8.02418888e-01</data></pose_0>
</opencv_storage>
