<?xml version="1.0"?>
<opencv_storage>
<hand_right_0 type_id="opencv-nd-matrix">
  <sizes>
    1 21 3</sizes>
  <dt>f</dt>
  <data>
    4.56265442e+02 4.01672058e+02 5.44051409e-01 4.75042938e+02
    4.07449768e+02 6.60428941e-01 4.95987061e+02 4.13949646e+02
    7.12224066e-01 5.06820251e+02 4.23338409e+02 7.93968558e-01
    5.17653442e+02 4.30560516e+02 8.42670858e-01 4.84431671e+02
    4.23338409e+02 6.92899525e-01 4.95987061e+02 4.37782623e+02
    8.57832551e-01 5.04653595e+02 4.52226868e+02 8.15471053e-01
    5.08264679e+02 4.61615631e+02 8.66603613e-01 4.69987457e+02
    4.26227264e+02 7.08826244e-01 4.78653992e+02 4.41393707e+02
    7.33532429e-01 4.89487152e+02 4.55115723e+02 7.83339500e-01
    4.96709290e+02 4.68115509e+02 9.14160848e-01 4.54821014e+02
    4.30560516e+02 7.15067506e-01 4.59876495e+02 4.42115906e+02
    7.22532272e-01 4.64931976e+02 4.58004547e+02 8.04884434e-01
    4.69265259e+02 4.70282166e+02 8.17832291e-01 4.38932373e+02
    4.31282745e+02 6.42940104e-01 4.38932373e+02 4.47171387e+02
    8.06463897e-01 4.41821198e+02 4.58004547e+02 7.24102318e-01
    4.44710052e+02 4.67393311e+02 7.73535550e-01</data></hand_right_0>
</opencv_storage>
