<?xml version="1.0"?>
<opencv_storage>
<hand_left_0 type_id="opencv-nd-matrix">
  <sizes>
    1 21 3</sizes>
  <dt>f</dt>
  <data>
    4.60863800e+02 4.22593628e+02 5.67913175e-01 4.49350983e+02
    4.34106476e+02 6.18175626e-01 4.39756958e+02 4.49456909e+02
    5.57027042e-01 4.25685730e+02 4.59690521e+02 7.09217310e-01
    4.14172882e+02 4.66726135e+02 7.56176353e-01 4.51909393e+02
    4.53294525e+02 4.45832670e-01 4.41675751e+02 4.62888550e+02
    6.09227002e-01 4.40396545e+02 4.74401367e+02 8.83836687e-01
    4.38477753e+02 4.83995392e+02 6.82060480e-01 4.68539032e+02
    4.49456909e+02 6.73367679e-01 4.61503418e+02 4.68644958e+02
    4.88707125e-01 4.60863800e+02 4.81436981e+02 6.56237960e-01
    4.55107391e+02 4.96147827e+02 6.07345402e-01 4.85808289e+02
    4.48177704e+02 6.47261560e-01 4.94123108e+02 4.65446930e+02
    6.62656069e-01 5.00519104e+02 4.78878571e+02 5.90955734e-01
    5.05635925e+02 4.90391418e+02 7.24371493e-01 5.01158722e+02
    4.42421295e+02 7.51860499e-01 5.08833923e+02 4.55852905e+02
    6.49626076e-01 5.13950745e+02 4.60330139e+02 6.73098385e-01
    5.17788330e+02 4.64807343e+02 5.17436743e-01</data></hand_left_0>
</opencv_storage>
