<?xml version="1.0"?>
<opencv_storage>
<hand_left_0 type_id="opencv-nd-matrix">
  <sizes>
    1 21 3</sizes>
  <dt>f</dt>
  <data>
    4.55796326e+02 4.24819946e+02 6.28870845e-01 4.44343231e+02
    4.39852112e+02 6.63174152e-01 4.33605957e+02 4.58463409e+02
    5.93032897e-01 4.25016113e+02 4.64189941e+02 5.87697685e-01
    4.13563019e+02 4.64905762e+02 7.83354461e-01 4.52933044e+02
    4.53452667e+02 6.31758749e-01 4.38616669e+02 4.63474121e+02
    4.51308548e-01 4.40764130e+02 4.76358856e+02 5.55529535e-01
    4.44343231e+02 4.87096130e+02 6.82272851e-01 4.67965240e+02
    4.47726135e+02 6.90489888e-01 4.77986694e+02 4.63474121e+02
    6.42585754e-01 4.85860687e+02 4.75643036e+02 4.47959691e-01
    4.62954498e+02 4.89959412e+02 6.12575769e-01 4.83713226e+02
    4.42715393e+02 7.04243660e-01 4.93734680e+02 4.57747589e+02
    7.33188033e-01 5.00892883e+02 4.69916504e+02 6.79317832e-01
    5.06619415e+02 4.81369598e+02 7.02252924e-01 4.95166321e+02
    4.34841400e+02 7.71183729e-01 5.04471954e+02 4.39852112e+02
    7.36274362e-01 5.10914337e+02 4.41999573e+02 8.11542630e-01
    5.15209229e+02 4.48441956e+02 7.13274717e-01</data></hand_left_0>
</opencv_storage>
