<?xml version="1.0"?>
<opencv_storage>
<pose_0 type_id="opencv-nd-matrix">
  <sizes>
    1 18 3</sizes>
  <dt>f</dt>
  <data>
    4.61686523e+02 1.15427498e+02 7.58535266e-01 4.71552673e+02
    7.43402481e+01 7.82580078e-01 3.73714447e+02 7.04128418e+01
    7.05169678e-01 4.16780090e+02 2.58261047e+02 7.23883688e-01
    4.59821289e+02 3.89341095e+02 8.29880655e-01 5.71302185e+02
    8.61421127e+01 6.79463565e-01 5.26352539e+02 2.73859528e+02
    7.84822047e-01 4.96946533e+02 3.97165741e+02 5.82834244e-01
    3.81544189e+02 2.91525818e+02 3.97142589e-01 3.22854248e+02
    4.48034180e+02 1.92884773e-01 0. 0. 0. 4.91020386e+02 3.03273193e+02
    4.39734697e-01 5.24316406e+02 3.97175964e+02 7.42205679e-02 0. 0. 0.
    4.42174255e+02 9.19405823e+01 6.72640920e-01 4.77431000e+02
    9.19713440e+01 7.17998207e-01 4.10789825e+02 6.45862656e+01
    1.57397032e-01 5.22308228e+02 2.35301037e+01 8.15158665e-01</data></pose_0>
</opencv_storage>
