<?xml version="1.0"?>
<opencv_storage>
<hand_right_0 type_id="opencv-nd-matrix">
  <sizes>
    1 21 3</sizes>
  <dt>f</dt>
  <data>
    4.59433655e+02 4.02915588e+02 6.02656186e-01 4.77505432e+02
    4.12312897e+02 7.34552860e-01 4.99191528e+02 4.20264496e+02
    6.79150343e-01 5.07143127e+02 4.30384674e+02 6.92654848e-01
    5.14371826e+02 4.38336243e+02 7.62033463e-01 4.83288391e+02
    4.27493195e+02 6.07866108e-01 4.89794220e+02 4.42673462e+02
    6.84741914e-01 4.99191528e+02 4.59299500e+02 7.89884388e-01
    5.02805908e+02 4.70142578e+02 7.97370434e-01 4.67385223e+02
    4.29661804e+02 7.09126890e-01 4.74613922e+02 4.43396362e+02
    6.35169804e-01 4.82565521e+02 4.60745239e+02 8.15380573e-01
    4.89071350e+02 4.73756927e+02 8.56248438e-01 4.53650696e+02
    4.32553284e+02 7.03660488e-01 4.57265045e+02 4.45564972e+02
    6.80386066e-01 4.60156525e+02 4.60745239e+02 8.47817242e-01
    4.63770874e+02 4.73756927e+02 8.20162058e-01 4.39193268e+02
    4.33276154e+02 6.30213320e-01 4.37024658e+02 4.47733582e+02
    8.09575677e-01 4.37747528e+02 4.57130890e+02 7.81643689e-01
    4.40639008e+02 4.67251068e+02 7.77055204e-01</data></hand_right_0>
</opencv_storage>
