<?xml version="1.0"?>
<opencv_storage>
<pose_0 type_id="opencv-nd-matrix">
  <sizes>
    1 18 3</sizes>
  <dt>f</dt>
  <data>
    3.97084198e+02 1.64296829e+02 8.98102880e-01 4.34362213e+02
    1.29125900e+02 6.37197018e-01 3.50176208e+02 1.33024460e+02
    7.74259567e-01 4.10901215e+02 2.89517212e+02 8.24777782e-01
    4.59804535e+02 4.26461121e+02 7.76552558e-01 5.34134644e+02
    1.33054504e+02 6.76212847e-01 5.10626038e+02 3.03191772e+02
    8.34857821e-01 4.91035889e+02 4.44041290e+02 5.49429774e-01
    3.71737061e+02 3.28702881e+02 4.07125324e-01 3.22797150e+02
    4.77444946e+02 4.33292538e-01 0. 0. 0. 4.75383789e+02 3.34552094e+02
    4.59086627e-01 5.18464417e+02 4.46090088e+02 8.38611498e-02 0. 0. 0.
    3.77623383e+02 1.46639465e+02 8.00294101e-01 4.12817627e+02
    1.42788849e+02 8.13924611e-01 0. 0. 0. 4.59846161e+02 8.80171432e+01
    9.40959513e-01</data></pose_0>
</opencv_storage>
