<?xml version="1.0"?>
<opencv_storage>
<hand_left_0 type_id="opencv-nd-matrix">
  <sizes>
    1 21 3</sizes>
  <dt>f</dt>
  <data>
    4.56382996e+02 4.15714752e+02 5.22635162e-01 4.44154205e+02
    4.28662872e+02 6.24832213e-01 4.34802795e+02 4.47365723e+02
    4.76950228e-01 4.26170685e+02 4.53839783e+02 4.54871118e-01
    4.13941895e+02 4.56717163e+02 7.69237101e-01 4.49908936e+02
    4.43049683e+02 5.26342392e-01 4.39118835e+02 4.53839783e+02
    6.58606112e-01 4.40557495e+02 4.66068573e+02 7.30619311e-01
    4.44154205e+02 4.76858704e+02 8.48287702e-01 4.66453766e+02
    4.37294952e+02 6.74889982e-01 4.59979706e+02 4.53839783e+02
    4.15559262e-01 4.62857056e+02 4.67507263e+02 6.24568462e-01
    4.62857056e+02 4.80455414e+02 7.07931995e-01 4.81559906e+02
    4.31540253e+02 6.37457728e-01 4.91630676e+02 4.47365723e+02
    6.27640128e-01 5.00262787e+02 4.59594513e+02 6.23107672e-01
    5.05298157e+02 4.71103973e+02 6.01977229e-01 4.95946747e+02
    4.24346832e+02 7.20102668e-01 5.03859467e+02 4.29382202e+02
    7.04461753e-01 5.11772217e+02 4.34417603e+02 7.58791327e-01
    5.15368958e+02 4.40172333e+02 6.63049877e-01</data></hand_left_0>
</opencv_storage>
