<?xml version="1.0"?>
<opencv_storage>
<hand_left_0 type_id="opencv-nd-matrix">
  <sizes>
    1 21 3</sizes>
  <dt>f</dt>
  <data>
    4.60115662e+02 4.03073547e+02 5.51798344e-01 4.45834076e+02
    4.15100128e+02 6.62445664e-01 4.36814117e+02 4.32388367e+02
    5.80965877e-01 4.34559113e+02 4.46669952e+02 3.08480382e-01
    4.14264221e+02 4.43663300e+02 3.94482672e-01 4.50344025e+02
    4.32388367e+02 4.81224626e-01 4.40572418e+02 4.44414978e+02
    5.06235719e-01 4.42075745e+02 4.57193237e+02 6.47841215e-01
    4.44330750e+02 4.67716522e+02 7.70308673e-01 4.66880615e+02
    4.28630066e+02 6.54300869e-01 4.63873962e+02 4.45166626e+02
    4.56376076e-01 4.63122314e+02 4.57944885e+02 5.53117931e-01
    4.65377289e+02 4.72226501e+02 7.62743771e-01 4.81913849e+02
    4.25623413e+02 6.04749203e-01 4.90933807e+02 4.40656647e+02
    6.97944880e-01 4.96947113e+02 4.55689911e+02 6.53221667e-01
    5.02960419e+02 4.66964844e+02 5.62679708e-01 4.97698792e+02
    4.18858459e+02 7.70881176e-01 5.06718719e+02 4.26375061e+02
    8.23552489e-01 5.13483704e+02 4.31636719e+02 8.54694605e-01
    5.17242004e+02 4.38401672e+02 7.36137152e-01</data></hand_left_0>
</opencv_storage>
