<?xml version="1.0"?>
<opencv_storage>
<pose_0 type_id="opencv-nd-matrix">
  <sizes>
    1 18 3</sizes>
  <dt>f</dt>
  <data>
    4.61779083e+02 1.35060699e+02 6.96278691e-01 4.67609741e+02
    8.41300888e+01 8.04960191e-01 3.67845612e+02 8.21836166e+01
    6.90769911e-01 4.12904968e+02 2.73847229e+02 7.48535097e-01
    4.59737152e+02 3.99075775e+02 8.86785805e-01 5.71316711e+02
    9.78238144e+01 6.78233743e-01 5.28295166e+02 2.85650787e+02
    7.32823849e-01 4.93083893e+02 4.12772705e+02 5.01243770e-01
    3.81497040e+02 2.93485443e+02 4.12307024e-01 3.26753387e+02
    4.36322754e+02 4.32631671e-01 2.83688354e+02 4.89129181e+02
    8.51216540e-02 4.91089722e+02 3.09130341e+02 4.30773586e-01
    5.41978027e+02 4.46090576e+02 1.18978254e-01 0. 0. 0. 4.57761780e+02
    1.17445961e+02 5.95183790e-01 4.79327789e+02 1.25238052e+02
    4.66318339e-01 4.14780518e+02 4.30736122e+01 4.98738050e-01
    5.12610413e+02 5.47386131e+01 2.05027625e-01</data></pose_0>
</opencv_storage>
