<?xml version="1.0"?>
<opencv_storage>
<hand_left_0 type_id="opencv-nd-matrix">
  <sizes>
    1 21 3</sizes>
  <dt>f</dt>
  <data>
    4.58572937e+02 3.87834991e+02 5.86232066e-01 4.45692047e+02
    4.02147095e+02 6.61741197e-01 4.39251587e+02 4.20752838e+02
    6.88188076e-01 4.39967194e+02 4.35780548e+02 7.43909478e-01
    4.44976440e+02 4.50092651e+02 7.02865303e-01 4.54279297e+02
    4.15027985e+02 6.23502910e-01 4.56426117e+02 4.28624481e+02
    5.03043711e-01 4.61435364e+02 4.42220978e+02 3.88623327e-01
    4.47838867e+02 4.52239441e+02 3.68508607e-01 4.70022614e+02
    4.09303131e+02 7.17413187e-01 4.79325500e+02 4.25762054e+02
    6.90034270e-01 4.72169434e+02 4.42936584e+02 3.62328708e-01
    4.72169434e+02 4.50808258e+02 5.56822300e-01 4.84334717e+02
    4.04293915e+02 7.23577678e-01 4.93637604e+02 4.20752838e+02
    7.08983243e-01 5.00793640e+02 4.31486908e+02 6.07557714e-01
    5.06518494e+02 4.42936584e+02 6.22316718e-01 4.96500000e+02
    3.97137848e+02 7.72561967e-01 5.05802887e+02 4.01431488e+02
    7.42098749e-01 5.12958923e+02 4.05725128e+02 8.22658420e-01
    5.16536987e+02 4.11449951e+02 7.20156312e-01</data></hand_left_0>
</opencv_storage>
