<?xml version="1.0"?>
<opencv_storage>
<hand_right_0 type_id="opencv-nd-matrix">
  <sizes>
    1 21 3</sizes>
  <dt>f</dt>
  <data>
    4.61735291e+02 4.09467865e+02 6.80063486e-01 4.78555634e+02
    4.15937256e+02 7.32789159e-01 4.99257629e+02 4.24994354e+02
    7.61955082e-01 5.08314728e+02 4.38580017e+02 7.34948635e-01
    5.17371826e+02 4.47637146e+02 7.58392453e-01 4.86318878e+02
    4.32757599e+02 7.42937148e-01 4.94729065e+02 4.49577942e+02
    8.46040368e-01 5.00551483e+02 4.64457489e+02 8.28260899e-01
    5.04433105e+02 4.74808502e+02 9.21105802e-01 4.72086273e+02
    4.35345337e+02 8.13904166e-01 4.80496460e+02 4.55400391e+02
    5.87683439e-01 4.85671936e+02 4.68339111e+02 5.60611308e-01
    4.85671936e+02 4.77396240e+02 4.49186832e-01 4.57206726e+02
    4.38580017e+02 7.39784598e-01 4.60441406e+02 4.52165710e+02
    5.86001158e-01 4.62382233e+02 4.65751373e+02 7.18567073e-01
    4.60441406e+02 4.80630920e+02 7.03112900e-01 4.42327179e+02
    4.37933105e+02 6.60863936e-01 4.41680237e+02 4.50224884e+02
    8.12967539e-01 4.41680237e+02 4.60575897e+02 8.15770805e-01
    4.42327179e+02 4.70926880e+02 7.93173432e-01</data></hand_right_0>
</opencv_storage>
