<?xml version="1.0"?>
<opencv_storage>
<pose_0 type_id="opencv-nd-matrix">
  <sizes>
    1 18 3</sizes>
  <dt>f</dt>
  <data>
    4.94974304e+02 1.19379379e+02 7.90683687e-01 4.67611694e+02
    7.05157928e+01 7.62023151e-01 3.67847565e+02 7.04502335e+01
    6.65320039e-01 4.14845215e+02 2.60250580e+02 7.59536266e-01
    4.59737427e+02 3.91334717e+02 8.52438211e-01 5.71285400e+02
    8.41660767e+01 6.77836299e-01 5.26270386e+02 2.73942413e+02
    7.94604480e-01 4.94970276e+02 4.01108582e+02 5.12861550e-01
    3.79573486e+02 2.99338531e+02 3.85885954e-01 3.20914368e+02
    4.36299377e+02 3.89155507e-01 2.73928040e+02 4.85243469e+02
    7.81684592e-02 4.91130737e+02 3.09126312e+02 4.21955168e-01
    5.24321838e+02 4.01093628e+02 7.01831207e-02 0. 0. 0. 4.87139130e+02
    9.98050308e+01 7.29182661e-01 5.10668060e+02 1.01774078e+02
    6.17887914e-01 4.30487701e+02 5.08869820e+01 3.57136667e-01 0. 0. 0.</data></pose_0>
</opencv_storage>
