<?xml version="1.0"?>
<opencv_storage>
<hand_right_0 type_id="opencv-nd-matrix">
  <sizes>
    1 21 3</sizes>
  <dt>f</dt>
  <data>
    4.57537964e+02 3.83350494e+02 5.94045281e-01 4.75832916e+02
    3.87572418e+02 7.04691529e-01 4.94127869e+02 3.92497986e+02
    6.97530985e-01 5.06089935e+02 4.00238159e+02 8.08719814e-01
    5.18052063e+02 4.09385620e+02 8.54710698e-01 4.84276733e+02
    4.03756409e+02 6.83804631e-01 4.95535156e+02 4.19236755e+02
    7.14943290e-01 5.03979004e+02 4.31902496e+02 8.48242760e-01
    5.08200897e+02 4.40346313e+02 8.22597146e-01 4.69500031e+02
    4.09385620e+02 7.38384843e-01 4.78647522e+02 4.21347717e+02
    6.57304943e-01 4.88498657e+02 4.36124390e+02 6.98722720e-01
    4.98349762e+02 4.46679169e+02 8.49087536e-01 4.54723358e+02
    4.13607544e+02 6.62366450e-01 4.56130646e+02 4.24162323e+02
    6.93303764e-01 4.61056213e+02 4.37531708e+02 8.39647114e-01
    4.65981781e+02 4.49493805e+02 7.24049628e-01 4.39243011e+02
    4.15014832e+02 7.01833367e-01 4.39243011e+02 4.26976929e+02
    7.94947088e-01 4.39243011e+02 4.36828064e+02 7.49881089e-01
    4.41353973e+02 4.45975525e+02 6.19508862e-01</data></hand_right_0>
</opencv_storage>
