<?xml version="1.0"?>
<opencv_storage>
<hand_right_0 type_id="opencv-nd-matrix">
  <sizes>
    1 21 3</sizes>
  <dt>f</dt>
  <data>
    4.59669159e+02 4.21117554e+02 6.17115378e-01 4.77644836e+02
    4.29356415e+02 7.71245718e-01 4.99365448e+02 4.39093231e+02
    7.19850719e-01 5.08353271e+02 4.47332092e+02 7.14610040e-01
    5.17341125e+02 4.57817902e+02 7.79857039e-01 4.83636719e+02
    4.45085114e+02 5.94620943e-01 4.90377594e+02 4.58566895e+02
    7.21356273e-01 4.98616455e+02 4.75793579e+02 8.24075699e-01
    5.02361389e+02 4.87777374e+02 8.10774446e-01 4.67159027e+02
    4.45834106e+02 7.41669536e-01 4.74648895e+02 4.59315887e+02
    6.34487748e-01 4.82887726e+02 4.76542572e+02 8.35554242e-01
    4.89628632e+02 4.89275330e+02 8.72629046e-01 4.53677246e+02
    4.48081085e+02 6.84564352e-01 4.57422180e+02 4.62311829e+02
    7.48653889e-01 4.60418121e+02 4.77291565e+02 8.57750773e-01
    4.64912048e+02 4.90024323e+02 8.17372620e-01 4.40195496e+02
    4.51826019e+02 7.01990664e-01 4.37199554e+02 4.64558777e+02
    8.00868094e-01 4.40195496e+02 4.76542572e+02 7.88012147e-01
    4.43940430e+02 4.87028381e+02 7.64786780e-01</data></hand_right_0>
</opencv_storage>
