<?xml version="1.0"?>
<opencv_storage>
<hand_right_0 type_id="opencv-nd-matrix">
  <sizes>
    1 21 3</sizes>
  <dt>f</dt>
  <data>
    4.60317261e+02 3.99222809e+02 6.00132942e-01 4.77426697e+02
    4.05382202e+02 7.17336059e-01 4.97958008e+02 4.13594727e+02
    7.04590917e-01 5.08908051e+02 4.23176025e+02 7.89590895e-01
    5.19858093e+02 4.33441681e+02 8.29727590e-01 4.85639221e+02
    4.22491638e+02 6.40183091e-01 4.94536133e+02 4.37547943e+02
    7.68063366e-01 5.02748657e+02 4.49866730e+02 8.25630307e-01
    5.05486176e+02 4.60132416e+02 8.67778838e-01 4.70582916e+02
    4.26597900e+02 7.69230604e-01 4.78111084e+02 4.41654205e+02
    7.15461254e-01 4.87007965e+02 4.54657379e+02 7.26937175e-01
    4.93167389e+02 4.66291809e+02 8.65639746e-01 4.54842224e+02
    4.27966644e+02 6.70033753e-01 4.58948486e+02 4.40285461e+02
    6.29482687e-01 4.61686005e+02 4.55341766e+02 8.13499928e-01
    4.65792267e+02 4.67660553e+02 7.14378774e-01 4.39101563e+02
    4.27966644e+02 6.46014392e-01 4.39101563e+02 4.43022949e+02
    8.09939146e-01 4.41839050e+02 4.53972992e+02 7.65872240e-01
    4.45260956e+02 4.64923035e+02 7.38869846e-01</data></hand_right_0>
</opencv_storage>
