<?xml version="1.0"?>
<opencv_storage>
<hand_right_0 type_id="opencv-nd-matrix">
  <sizes>
    1 21 3</sizes>
  <dt>f</dt>
  <data>
    4.58939301e+02 4.18058441e+02 6.30922973e-01 4.77369690e+02
    4.23020477e+02 7.13882387e-01 4.97217834e+02 4.28691376e+02
    7.06837237e-01 5.07141907e+02 4.38615448e+02 7.94431210e-01
    5.17774841e+02 4.44995209e+02 7.93242812e-01 4.85167175e+02
    4.37906586e+02 6.64290190e-01 4.95091248e+02 4.53501526e+02
    7.47770548e-01 5.02179871e+02 4.67678772e+02 8.01503956e-01
    5.06433044e+02 4.79020569e+02 9.10002947e-01 4.70281097e+02
    4.39324310e+02 7.55422294e-01 4.78078552e+02 4.54919250e+02
    7.21832752e-01 4.88002625e+02 4.70514221e+02 7.83906460e-01
    4.95091248e+02 4.83982605e+02 9.28656578e-01 4.55394989e+02
    4.44286346e+02 6.80542469e-01 4.59648163e+02 4.54919250e+02
    7.01892018e-01 4.64610199e+02 4.71223083e+02 7.47767389e-01
    4.70281097e+02 4.83273743e+02 7.36661315e-01 4.39800018e+02
    4.44995209e+02 6.66859925e-01 4.38382294e+02 4.57045837e+02
    8.25345278e-01 4.41217743e+02 4.68387634e+02 7.25931704e-01
    4.44053192e+02 4.79020569e+02 8.42199922e-01</data></hand_right_0>
</opencv_storage>
