<?xml version="1.0"?>
<opencv_storage>
<pose_0 type_id="opencv-nd-matrix">
  <sizes>
    1 18 3</sizes>
  <dt>f</dt>
  <data>
    4.08872711e+02 1.70207199e+02 8.35846007e-01 4.40233063e+02
    1.46740326e+02 7.43036985e-01 3.52245544e+02 1.46787537e+02
    7.78623462e-01 4.14704163e+02 2.91570557e+02 7.89682806e-01
    4.61671021e+02 4.28536804e+02 8.14620137e-01 5.34132996e+02
    1.52599579e+02 6.84399664e-01 5.08771240e+02 3.11084534e+02
    8.26201797e-01 4.93006073e+02 4.42121948e+02 4.65967238e-01
    3.67818878e+02 3.38482086e+02 4.40896809e-01 3.22897278e+02
    4.91070679e+02 5.28829217e-01 2.11302399e+02 5.49767700e+02
    8.20211396e-02 4.71505829e+02 3.42372833e+02 4.71457571e-01
    5.10634735e+02 4.34385651e+02 1.25293389e-01 0. 0. 0. 3.87389618e+02
    1.48670090e+02 8.66037965e-01 4.28493378e+02 1.48722916e+02
    8.51009607e-01 0. 0. 0. 4.75437134e+02 1.15442589e+02 8.95647824e-01</data></pose_0>
</opencv_storage>
