<?xml version="1.0"?>
<opencv_storage>
<pose_0 type_id="opencv-nd-matrix">
  <sizes>
    1 18 3</sizes>
  <dt>f</dt>
  <data>
    4.32427521e+02 1.44761688e+02 8.42117429e-01 4.46155304e+02
    9.77893066e+01 7.85969973e-01 3.54108734e+02 1.01673721e+02
    7.38642216e-01 4.12715302e+02 2.68000854e+02 8.20949733e-01
    4.59818634e+02 4.03069916e+02 7.93278754e-01 5.41986633e+02
    9.97083282e+01 7.00688064e-01 5.10735901e+02 2.73955383e+02
    8.12769413e-01 4.91124115e+02 4.14742279e+02 5.53454399e-01
    3.81468781e+02 2.93500763e+02 4.31700259e-01 3.30614655e+02
    4.48065277e+02 4.95031029e-01 3.03266388e+02 5.04807617e+02
    8.67467299e-02 4.77430084e+02 3.01327942e+02 4.65413839e-01
    5.10683411e+02 4.12839294e+02 1.45668864e-01 0. 0. 0. 4.12808167e+02
    1.23262688e+02 7.49928832e-01 4.51982147e+02 1.19330635e+02
    7.61422992e-01 3.81483154e+02 1.01676392e+02 2.53556669e-01
    4.91009888e+02 5.48051414e+01 6.67390347e-01</data></pose_0>
</opencv_storage>
