<?xml version="1.0"?>
<opencv_storage>
<hand_right_0 type_id="opencv-nd-matrix">
  <sizes>
    1 21 3</sizes>
  <dt>f</dt>
  <data>
    4.60140808e+02 4.18554321e+02 6.18464291e-01 4.77485535e+02
    4.25058594e+02 7.45154440e-01 4.98443756e+02 4.32285583e+02
    6.89656675e-01 5.10006897e+02 4.40235229e+02 7.96762466e-01
    5.18679260e+02 4.50352997e+02 7.15844512e-01 4.85435211e+02
    4.40235229e+02 5.92927873e-01 4.94830261e+02 4.55411896e+02
    7.65925944e-01 5.02779938e+02 4.69865814e+02 8.22674513e-01
    5.07116119e+02 4.80706268e+02 8.42506289e-01 4.70258545e+02
    4.41680634e+02 7.42969811e-01 4.78208221e+02 4.56857269e+02
    7.24301755e-01 4.87603302e+02 4.71311218e+02 7.34728932e-01
    4.94830261e+02 4.85765167e+02 9.04685378e-01 4.54359222e+02
    4.46739502e+02 7.34564722e-01 4.59418091e+02 4.57579987e+02
    6.87954009e-01 4.63031586e+02 4.72756622e+02 7.65451550e-01
    4.66645081e+02 4.85765167e+02 6.86941564e-01 4.41350677e+02
    4.49630310e+02 6.83025301e-01 4.37737183e+02 4.59025360e+02
    8.07610095e-01 4.39905273e+02 4.69865814e+02 7.69858778e-01
    4.42796082e+02 4.81428986e+02 8.32887113e-01</data></hand_right_0>
</opencv_storage>
