<?xml version="1.0"?>
<opencv_storage>
<pose_0 type_id="opencv-nd-matrix">
  <sizes>
    1 18 3</sizes>
  <dt>f</dt>
  <data>
    5.04777252e+02 1.01690552e+02 8.53198469e-01 4.61693542e+02
    7.04550400e+01 7.09930956e-01 3.65833038e+02 6.85290985e+01
    6.70141578e-01 4.10826721e+02 2.50409256e+02 6.86943769e-01
    4.57824982e+02 3.83417450e+02 8.47830474e-01 5.69329651e+02
    8.21737747e+01 6.78730547e-01 5.24366211e+02 2.71923370e+02
    7.56245434e-01 4.93061676e+02 3.89317413e+02 6.00159764e-01
    3.77636169e+02 2.99353088e+02 3.98532033e-01 3.24758728e+02
    4.38244080e+02 3.14624608e-01 2.85620941e+02 4.81305328e+02
    9.06100348e-02 4.91037170e+02 3.09150757e+02 3.82507861e-01
    5.22370667e+02 3.95236816e+02 6.12050928e-02 0. 0. 0. 4.89069794e+02
    8.40178909e+01 7.88111389e-01 5.20441101e+02 7.82780991e+01
    7.29843974e-01 4.28438751e+02 2.93709927e+01 6.69879556e-01 0. 0. 0.</data></pose_0>
</opencv_storage>
