<?xml version="1.0"?>
<opencv_storage>
<hand_right_0 type_id="opencv-nd-matrix">
  <sizes>
    1 21 3</sizes>
  <dt>f</dt>
  <data>
    4.59323456e+02 3.92868011e+02 5.82043052e-01 4.77474182e+02
    4.00128296e+02 7.32390463e-01 4.97076965e+02 4.08840668e+02
    6.63603425e-01 5.07967407e+02 4.16826965e+02 7.45952606e-01
    5.20309937e+02 4.25539337e+02 7.90734887e-01 4.83282410e+02
    4.16100952e+02 6.22996569e-01 4.93446838e+02 4.31347565e+02
    7.73207545e-01 4.99981079e+02 4.45868164e+02 8.62450719e-01
    5.04337280e+02 4.56758575e+02 8.64445329e-01 4.69487854e+02
    4.19005066e+02 6.88541889e-01 4.76748169e+02 4.34251678e+02
    6.62338555e-01 4.83282410e+02 4.50224335e+02 7.16975451e-01
    4.91268738e+02 4.62566833e+02 8.11923027e-01 4.54241241e+02
    4.22635223e+02 7.21307516e-01 4.58597412e+02 4.35703735e+02
    6.81655109e-01 4.62227570e+02 4.51676392e+02 8.39005470e-01
    4.65131683e+02 4.64018890e+02 7.97534823e-01 4.38268616e+02
    4.22635223e+02 6.53918803e-01 4.39720673e+02 4.38607849e+02
    7.83897519e-01 4.41898743e+02 4.50224335e+02 8.10292065e-01
    4.44802856e+02 4.61114777e+02 7.82976925e-01</data></hand_right_0>
</opencv_storage>
