<?xml version="1.0"?>
<opencv_storage>
<hand_right_0 type_id="opencv-nd-matrix">
  <sizes>
    1 21 3</sizes>
  <dt>f</dt>
  <data>
    4.59725708e+02 3.87195496e+02 6.73269987e-01 4.78539551e+02
    3.94980530e+02 6.91865265e-01 4.96055878e+02 4.02765564e+02
    6.71681345e-01 5.06435944e+02 4.13145630e+02 7.97044098e-01
    5.19411011e+02 4.22876923e+02 8.52680087e-01 4.86324585e+02
    4.11848114e+02 7.19857812e-01 4.96055878e+02 4.28066956e+02
    8.30017447e-01 5.01245911e+02 4.41690765e+02 8.11430156e-01
    5.05138428e+02 4.52719574e+02 8.99107635e-01 4.72700775e+02
    4.13794373e+02 7.66601980e-01 4.80485809e+02 4.31959473e+02
    6.67462528e-01 4.85675812e+02 4.44934540e+02 6.51474893e-01
    4.86973328e+02 4.54665833e+02 4.92906541e-01 4.58428192e+02
    4.17686890e+02 7.37794757e-01 4.60374451e+02 4.30013214e+02
    6.33480370e-01 4.63618225e+02 4.44934540e+02 7.53964663e-01
    4.59725708e+02 4.59855865e+02 7.39875019e-01 4.43506866e+02
    4.18335663e+02 7.09889531e-01 4.42858124e+02 4.31959473e+02
    7.02320397e-01 4.42858124e+02 4.41690765e+02 7.59021640e-01
    4.46750641e+02 4.53368347e+02 6.55883133e-01</data></hand_right_0>
</opencv_storage>
