<?xml version="1.0"?>
<opencv_storage>
<pose_0 type_id="opencv-nd-matrix">
  <sizes>
    1 18 3</sizes>
  <dt>f</dt>
  <data>
    4.93067383e+02 1.23265511e+02 7.80941784e-01 4.63714966e+02
    8.02018051e+01 7.46198535e-01 3.67767090e+02 8.01790543e+01
    6.57682478e-01 4.10888763e+02 2.60213104e+02 7.43626535e-01
    4.57863739e+02 3.91309418e+02 8.31480503e-01 5.71287292e+02
    9.00099945e+01 6.56196475e-01 5.26369385e+02 2.75888672e+02
    7.36121118e-01 4.93024750e+02 3.97209167e+02 5.67659914e-01
    3.77630524e+02 3.03252747e+02 4.13797736e-01 3.26760315e+02
    4.34360107e+02 3.64396125e-01 2.79787994e+02 4.89101410e+02
    7.98307359e-02 4.91130127e+02 3.14985016e+02 3.96782249e-01
    5.40006897e+02 4.24548920e+02 5.98921813e-02 0. 0. 0. 4.79399628e+02
    1.01750450e+02 7.64165282e-01 5.08786957e+02 1.01838036e+02
    6.88882828e-01 4.30449463e+02 5.47825928e+01 4.63545710e-01
    5.38127686e+02 6.06667480e+01 7.47981146e-02</data></pose_0>
</opencv_storage>
