<?xml version="1.0"?>
<opencv_storage>
<hand_left_0 type_id="opencv-nd-matrix">
  <sizes>
    1 21 3</sizes>
  <dt>f</dt>
  <data>
    4.58365601e+02 4.24553772e+02 6.26415133e-01 4.46228302e+02
    4.36691040e+02 6.45223320e-01 4.35518951e+02 4.54539978e+02
    5.76168358e-01 4.24095612e+02 4.60965607e+02 5.41698098e-01
    4.13386261e+02 4.64535400e+02 7.48393416e-01 4.51939972e+02
    4.49542297e+02 5.63286602e-01 4.39802704e+02 4.59537689e+02
    5.69375753e-01 4.41230621e+02 4.72388916e+02 7.22605586e-01
    4.44086426e+02 4.83098297e+02 7.65160382e-01 4.67647034e+02
    4.44544586e+02 6.75170660e-01 4.77642456e+02 4.59537689e+02
    4.72089589e-01 4.64077240e+02 4.75244751e+02 5.62317908e-01
    4.64791199e+02 4.87382050e+02 7.05709517e-01 4.81926208e+02
    4.40974792e+02 7.04138517e-01 4.93349518e+02 4.55253937e+02
    6.29175603e-01 5.01203064e+02 4.68105194e+02 6.19555652e-01
    5.07628662e+02 4.79528503e+02 6.56317651e-01 4.96919312e+02
    4.33121246e+02 7.05404103e-01 5.06200745e+02 4.37404999e+02
    6.38266265e-01 5.13340332e+02 4.41688751e+02 7.18011260e-01
    5.15482178e+02 4.46686462e+02 6.14867985e-01</data></hand_left_0>
</opencv_storage>
