<?xml version="1.0"?>
<opencv_storage>
<pose_0 type_id="opencv-nd-matrix">
  <sizes>
    1 18 3</sizes>
  <dt>f</dt>
  <data>
    4.26522400e+02 1.01826836e+02 8.47000957e-01 4.44091370e+02
    8.21247330e+01 7.74741530e-01 3.52156677e+02 8.60223389e+01
    7.81777084e-01 4.10801117e+02 2.44617752e+02 7.88318157e-01
    4.59784027e+02 3.81515076e+02 8.46822739e-01 5.34161926e+02
    8.60402451e+01 7.30951488e-01 5.06807800e+02 2.56360626e+02
    8.83093715e-01 4.91149109e+02 3.97214264e+02 6.23483777e-01
    3.73707153e+02 2.87577362e+02 4.34327453e-01 3.34524445e+02
    4.28534790e+02 6.03371501e-01 2.99359497e+02 4.77399750e+02
    1.38720915e-01 4.73430481e+02 2.89561554e+02 4.69687551e-01
    5.20415527e+02 3.97175568e+02 8.55545774e-02 0. 0. 0. 4.10878418e+02
    7.63249817e+01 7.45057821e-01 4.49973297e+02 8.60253754e+01
    8.39790821e-01 3.81461395e+02 2.14943256e+01 7.58420885e-01
    4.96976593e+02 4.69555321e+01 7.04445839e-01</data></pose_0>
</opencv_storage>
