<?xml version="1.0"?>
<opencv_storage>
<hand_right_0 type_id="opencv-nd-matrix">
  <sizes>
    1 21 3</sizes>
  <dt>f</dt>
  <data>
    4.57387146e+02 3.87211945e+02 5.71853220e-01 4.75854095e+02
    3.92183807e+02 7.13068426e-01 4.95031311e+02 3.97865936e+02
    6.98652208e-01 5.06395569e+02 4.06389130e+02 8.42063248e-01
    5.17049561e+02 4.16332886e+02 8.66824031e-01 4.84377289e+02
    4.08519928e+02 6.99123442e-01 4.95031311e+02 4.22015015e+02
    7.57662892e-01 5.02133972e+02 4.34089539e+02 8.18920672e-01
    5.07105835e+02 4.44743561e+02 9.53009844e-01 4.68751434e+02
    4.10650757e+02 7.81349003e-01 4.77984894e+02 4.26276611e+02
    6.74471617e-01 4.87218353e+02 4.39061401e+02 7.52059758e-01
    4.95031311e+02 4.51846222e+02 9.27182794e-01 4.54546082e+02
    4.15622620e+02 7.10144281e-01 4.56676880e+02 4.26276611e+02
    6.79941654e-01 4.61648773e+02 4.39771667e+02 8.47807348e-01
    4.66620636e+02 4.53977020e+02 7.40847468e-01 4.38209961e+02
    4.16332886e+02 7.23329186e-01 4.38209961e+02 4.29827942e+02
    7.97678351e-01 4.41051025e+02 4.41192200e+02 7.48474777e-01
    4.44602356e+02 4.51135956e+02 7.03403652e-01</data></hand_right_0>
</opencv_storage>
