<?xml version="1.0"?>
<opencv_storage>
<hand_left_0 type_id="opencv-nd-matrix">
  <sizes>
    1 21 3</sizes>
  <dt>f</dt>
  <data>
    4.62042114e+02 4.28310028e+02 5.52900493e-01 4.49533386e+02
    4.38942444e+02 6.23450816e-01 4.39526428e+02 4.53952911e+02
    5.63623190e-01 4.26392273e+02 4.63959869e+02 5.99278450e-01
    4.13883545e+02 4.71465118e+02 7.59328187e-01 4.53911438e+02
    4.57705505e+02 5.20571947e-01 4.42028168e+02 4.65836182e+02
    5.85465252e-01 4.40151855e+02 4.78344910e+02 7.54043579e-01
    4.37650116e+02 4.85224701e+02 6.56476080e-01 4.68921906e+02
    4.53952911e+02 6.62829757e-01 4.62042114e+02 4.70839661e+02
    3.81274849e-01 4.62042114e+02 4.83348389e+02 6.29948735e-01
    4.55162323e+02 4.98358856e+02 5.04650533e-01 4.86434113e+02
    4.52076599e+02 6.32739663e-01 4.95190216e+02 4.69588806e+02
    7.30396569e-01 5.01444580e+02 4.82722961e+02 6.72834337e-01
    5.05197174e+02 4.93980804e+02 7.68058181e-01 5.01444580e+02
    4.46447662e+02 7.46451914e-01 5.08949799e+02 4.59581818e+02
    6.97032452e-01 5.14578735e+02 4.63959869e+02 7.43769586e-01
    5.17705872e+02 4.67087067e+02 6.19621217e-01</data></hand_left_0>
</opencv_storage>
