<?xml version="1.0"?>
<opencv_storage>
<hand_right_0 type_id="opencv-nd-matrix">
  <sizes>
    1 21 3</sizes>
  <dt>f</dt>
  <data>
    4.60308838e+02 4.08013397e+02 5.80431819e-01 4.78235962e+02
    4.15184265e+02 7.10105836e-01 4.98314331e+02 4.22355103e+02
    6.52107179e-01 5.06919342e+02 4.29525940e+02 7.55238354e-01
    5.16958557e+02 4.35979706e+02 7.70308673e-01 4.84689728e+02
    4.28808868e+02 5.80043554e-01 4.94728912e+02 4.43867645e+02
    7.27272749e-01 5.03333923e+02 4.58209351e+02 8.34040105e-01
    5.06919342e+02 4.68965607e+02 8.51010799e-01 4.70348022e+02
    4.31677216e+02 6.99750900e-01 4.78235962e+02 4.46735992e+02
    6.94712043e-01 4.88275146e+02 4.62511841e+02 6.98339462e-01
    4.95445984e+02 4.74702301e+02 8.68604422e-01 4.54572144e+02
    4.35262634e+02 7.15266228e-01 4.58874664e+02 4.46735992e+02
    6.85525775e-01 4.63177185e+02 4.62511841e+02 7.67071903e-01
    4.66762604e+02 4.74702301e+02 7.36116648e-01 4.40947540e+02
    4.35979706e+02 6.46486402e-01 4.38079193e+02 4.49604309e+02
    7.66121686e-01 4.40230469e+02 4.59643524e+02 7.15392351e-01
    4.43098785e+02 4.71116882e+02 7.94550955e-01</data></hand_right_0>
</opencv_storage>
