<?xml version="1.0"?>
<opencv_storage>
<hand_left_0 type_id="opencv-nd-matrix">
  <sizes>
    1 21 3</sizes>
  <dt>f</dt>
  <data>
    4.61696259e+02 4.05479034e+02 5.47605217e-01 4.49890411e+02
    4.17940796e+02 6.50383830e-01 4.40052185e+02 4.35649597e+02
    5.94910681e-01 4.25622772e+02 4.43520172e+02 7.25432813e-01
    4.14472778e+02 4.51390747e+02 8.15335333e-01 4.55137451e+02
    4.35649597e+02 5.65903425e-01 4.43331573e+02 4.46143707e+02
    4.71115828e-01 4.43331573e+02 4.58605438e+02 7.52884507e-01
    4.44643341e+02 4.71723083e+02 7.48951733e-01 4.70222717e+02
    4.32370178e+02 6.84383035e-01 4.78093323e+02 4.50078979e+02
    4.38240737e-01 4.63008026e+02 4.63196625e+02 5.94601512e-01
    4.60384521e+02 4.78281891e+02 6.27082646e-01 4.85308014e+02
    4.28434906e+02 6.61094248e-01 4.94490356e+02 4.47455475e+02
    7.26950169e-01 5.01049164e+02 4.60573090e+02 6.20945632e-01
    5.05640350e+02 4.73034851e+02 7.15525627e-01 4.99081512e+02
    4.22531952e+02 7.54341781e-01 5.09575623e+02 4.36961365e+02
    6.76465511e-01 5.14822693e+02 4.41552521e+02 6.90710008e-01
    5.18102112e+02 4.44176056e+02 5.33558428e-01</data></hand_left_0>
</opencv_storage>
