<?xml version="1.0"?>
<opencv_storage>
<pose_0 type_id="opencv-nd-matrix">
  <sizes>
    1 18 3</sizes>
  <dt>f</dt>
  <data>
    3.91319702e+02 1.64428879e+02 8.73971939e-01 4.34318909e+02
    1.40858948e+02 6.24829769e-01 3.48256287e+02 1.42804031e+02
    7.41850376e-01 4.12730225e+02 2.89576508e+02 8.22771490e-01
    4.59850403e+02 4.24535919e+02 7.75385380e-01 5.28238220e+02
    1.44801834e+02 6.58649027e-01 5.08758942e+02 3.05172180e+02
    8.81893575e-01 4.94990723e+02 4.42174255e+02 5.80210507e-01
    3.67849945e+02 3.30652161e+02 4.43579584e-01 3.26735779e+02
    4.83261932e+02 6.09750569e-01 0. 0. 0. 4.69558899e+02 3.38468109e+02
    4.50796694e-01 5.06774597e+02 4.34380341e+02 1.03777029e-01 0. 0. 0.
    3.69831665e+02 1.46800323e+02 8.68248105e-01 4.10878082e+02
    1.44779617e+02 7.94048190e-01 0. 0. 0. 4.59678131e+02 9.77796402e+01
    9.08266544e-01</data></pose_0>
</opencv_storage>
