<?xml version="1.0"?>
<opencv_storage>
<hand_left_0 type_id="opencv-nd-matrix">
  <sizes>
    1 21 3</sizes>
  <dt>f</dt>
  <data>
    4.62169495e+02 3.92793365e+02 5.54371417e-01 4.47969513e+02
    4.04153351e+02 6.49888754e-01 4.38739502e+02 4.20483337e+02
    5.47040641e-01 4.28799530e+02 4.28293335e+02 3.51340353e-01
    4.17439545e+02 4.32553314e+02 5.52303135e-01 4.47969513e+02
    4.20483337e+02 4.67768133e-01 4.41579529e+02 4.33973328e+02
    6.45097673e-01 4.42999512e+02 4.47463287e+02 7.33218729e-01
    4.45839508e+02 4.57403290e+02 8.08598340e-01 4.64299500e+02
    4.16933350e+02 6.70010030e-01 4.60749481e+02 4.34683319e+02
    5.73260307e-01 4.63589478e+02 4.49593292e+02 6.53927982e-01
    4.62169495e+02 4.62373291e+02 7.42535949e-01 4.80629456e+02
    4.13383331e+02 6.29500628e-01 4.90569458e+02 4.29003326e+02
    6.03775501e-01 4.96249451e+02 4.43203308e+02 5.11278093e-01
    5.04769440e+02 4.54563293e+02 5.57589531e-01 4.97669434e+02
    4.06283356e+02 7.47874558e-01 5.07609436e+02 4.14093323e+02
    7.73017228e-01 5.13999390e+02 4.20483337e+02 8.25159669e-01
    5.19679443e+02 4.26873322e+02 7.33566701e-01</data></hand_left_0>
</opencv_storage>
