<?xml version="1.0"?>
<opencv_storage>
<pose_0 type_id="opencv-nd-matrix">
  <sizes>
    1 18 3</sizes>
  <dt>f</dt>
  <data>
    3.99223663e+02 1.56498138e+02 8.58881176e-01 4.38259674e+02
    1.17441765e+02 6.73788607e-01 3.52132050e+02 1.23244591e+02
    7.68791914e-01 4.10854614e+02 2.77814301e+02 7.77795196e-01
    4.59836121e+02 4.20683807e+02 7.47717559e-01 5.38087280e+02
    1.25233528e+02 6.64496124e-01 5.12634766e+02 2.95447357e+02
    7.67528951e-01 4.89128021e+02 4.32425201e+02 4.90695596e-01
    3.67885529e+02 3.22834106e+02 4.21853632e-01 3.24822968e+02
    4.71533051e+02 5.63520491e-01 0. 0. 0. 4.71487518e+02 3.28714569e+02
    4.75025922e-01 5.36085876e+02 4.75421814e+02 1.50965780e-01 0. 0. 0.
    3.81587036e+02 1.33136719e+02 8.76179516e-01 4.18693054e+02
    1.33050247e+02 7.88750708e-01 3.63874420e+02 1.15354355e+02
    5.13388477e-02 4.69584473e+02 8.02093811e+01 8.46116304e-01</data></pose_0>
</opencv_storage>
