<?xml version="1.0"?>
<opencv_storage>
<hand_left_0 type_id="opencv-nd-matrix">
  <sizes>
    1 21 3</sizes>
  <dt>f</dt>
  <data>
    4.59423065e+02 3.84142090e+02 5.10223627e-01 4.47397064e+02
    3.94902191e+02 6.49765849e-01 4.37902832e+02 4.10092957e+02
    6.26876414e-01 4.27142731e+02 4.22118958e+02 6.39502645e-01
    4.17015564e+02 4.30980225e+02 7.12412357e-01 4.51194733e+02
    4.08827057e+02 5.04165411e-01 4.42333466e+02 4.19587158e+02
    5.86402714e-01 4.42333466e+02 4.30980225e+02 7.68791795e-01
    4.42966431e+02 4.42373291e+02 7.16551304e-01 4.66385498e+02
    4.06295258e+02 6.79013312e-01 4.60056030e+02 4.21485992e+02
    4.61365223e-01 4.63220764e+02 4.36676758e+02 7.30595589e-01
    4.57524231e+02 4.52500458e+02 6.81718349e-01 4.82842133e+02
    4.05029358e+02 6.70219958e-01 4.92336365e+02 4.20853058e+02
    6.46658421e-01 4.83475098e+02 4.37309692e+02 5.70477724e-01
    4.77778564e+02 4.49968658e+02 6.13392472e-01 4.98032898e+02
    3.99965790e+02 7.26026893e-01 5.06261230e+02 4.08827057e+02
    5.55228174e-01 5.10691864e+02 4.11991791e+02 6.68000281e-01
    5.13856567e+02 4.13890625e+02 5.63409507e-01</data></hand_left_0>
</opencv_storage>
