<?xml version="1.0"?>
<opencv_storage>
<hand_right_0 type_id="opencv-nd-matrix">
  <sizes>
    1 21 3</sizes>
  <dt>f</dt>
  <data>
    4.62209137e+02 4.19550995e+02 6.71353102e-01 4.80273132e+02
    4.26402832e+02 7.07375407e-01 5.00205811e+02 4.36369202e+02
    7.90479362e-01 5.08926361e+02 4.50695801e+02 7.34445751e-01
    5.18269836e+02 4.59416351e+02 7.93513954e-01 4.87747894e+02
    4.43843964e+02 7.50247478e-01 4.95845551e+02 4.61907959e+02
    8.40669453e-01 5.00205811e+02 4.74988770e+02 8.63310754e-01
    5.03943207e+02 4.87446716e+02 8.89261186e-01 4.73421265e+02
    4.46958435e+02 7.66195297e-01 4.80273132e+02 4.64399536e+02
    7.42628098e-01 4.84633392e+02 4.79971954e+02 6.40238047e-01
    4.78404449e+02 4.89938293e+02 4.55046266e-01 4.59094635e+02
    4.49450012e+02 7.28534222e-01 4.59717560e+02 4.62530853e+02
    5.95397472e-01 4.61586243e+02 4.76857452e+02 7.06620038e-01
    4.58471741e+02 4.90561188e+02 7.38086760e-01 4.44145142e+02
    4.48827118e+02 6.49099708e-01 4.42276428e+02 4.59416351e+02
    7.68742979e-01 4.40407745e+02 4.69382721e+02 7.95947373e-01
    4.40407745e+02 4.79349060e+02 8.77796531e-01</data></hand_right_0>
</opencv_storage>
