<?xml version="1.0"?>
<opencv_storage>
<hand_right_0 type_id="opencv-nd-matrix">
  <sizes>
    1 21 3</sizes>
  <dt>f</dt>
  <data>
    4.57574524e+02 4.08355194e+02 5.99068046e-01 4.75030487e+02
    4.13242859e+02 6.96419358e-01 4.95977661e+02 4.19527008e+02
    7.67937064e-01 5.07149475e+02 4.29302338e+02 7.80167878e-01
    5.14830139e+02 4.35586487e+02 8.14980567e-01 4.83409363e+02
    4.28604126e+02 7.06807494e-01 4.94581177e+02 4.43267120e+02
    8.24150920e-01 5.02960052e+02 4.57231903e+02 8.51714492e-01
    5.07847717e+02 4.67705475e+02 9.18370843e-01 4.68746368e+02
    4.31397064e+02 7.67284274e-01 4.78521698e+02 4.46060089e+02
    7.34682739e-01 4.88297028e+02 4.60024841e+02 7.41758823e-01
    4.95977661e+02 4.73989624e+02 8.96147788e-01 4.54083344e+02
    4.34888275e+02 6.54818594e-01 4.58272766e+02 4.46758331e+02
    7.42849648e-01 4.63858673e+02 4.62817810e+02 8.14051211e-01
    4.68746368e+02 4.73989624e+02 8.03823769e-01 4.40118561e+02
    4.37681213e+02 6.82873785e-01 4.40118561e+02 4.50947754e+02
    8.11110198e-01 4.40816803e+02 4.60723083e+02 7.89741874e-01
    4.42213287e+02 4.70498444e+02 8.14620793e-01</data></hand_right_0>
</opencv_storage>
