<?xml version="1.0"?>
<opencv_storage>
<pose_0 type_id="opencv-nd-matrix">
  <sizes>
    1 18 3</sizes>
  <dt>f</dt>
  <data>
    5.02814972e+02 1.56521805e+02 7.24255860e-01 4.75410553e+02
    9.58893356e+01 8.12141180e-01 3.69815186e+02 8.81118851e+01
    6.18595779e-01 4.14781006e+02 2.85613159e+02 7.27028966e-01
    4.59754211e+02 4.10809784e+02 8.80499840e-01 5.73260498e+02
    1.03669014e+02 6.46195173e-01 5.28273132e+02 2.97380524e+02
    7.32297838e-01 4.93082306e+02 4.18714600e+02 5.89845538e-01
    3.75635986e+02 2.89574310e+02 4.04986709e-01 3.22874146e+02
    4.32413116e+02 5.13579726e-01 2.85651031e+02 4.79396423e+02
    1.07317939e-01 4.85227936e+02 3.07171783e+02 4.41030294e-01
    5.43900574e+02 4.38265198e+02 7.40186051e-02 0. 0. 0. 4.93033417e+02
    1.40826767e+02 7.00716019e-01 5.20425415e+02 1.37002945e+02
    4.31179047e-01 4.30411346e+02 7.63010712e+01 4.42397416e-01
    5.40109558e+02 8.80762329e+01 7.67214820e-02</data></pose_0>
</opencv_storage>
