<?xml version="1.0"?>
<opencv_storage>
<pose_0 type_id="opencv-nd-matrix">
  <sizes>
    1 18 3</sizes>
  <dt>f</dt>
  <data>
    4.96997650e+02 9.78549957e+01 8.31798077e-01 4.61785706e+02
    7.04093399e+01 7.21945226e-01 3.65896851e+02 6.85354691e+01
    6.68678403e-01 4.12890564e+02 2.56321686e+02 7.21458137e-01
    4.59674500e+02 3.81544250e+02 8.40350151e-01 5.69278076e+02
    7.82846222e+01 6.77457213e-01 5.24377075e+02 2.69994720e+02
    7.66841888e-01 4.96937225e+02 3.87419708e+02 5.55287182e-01
    3.79584717e+02 2.93484009e+02 4.34854418e-01 3.24776886e+02
    4.28528168e+02 5.52708089e-01 0. 0. 0. 4.89156738e+02 3.05244354e+02
    4.26338643e-01 5.22413513e+02 3.93272461e+02 6.74548522e-02 0. 0. 0.
    4.81289459e+02 7.43365250e+01 7.51163363e-01 5.16508423e+02
    7.23555374e+01 7.50247896e-01 4.22633240e+02 2.15688496e+01
    6.80948317e-01 0. 0. 0.</data></pose_0>
</opencv_storage>
