<?xml version="1.0"?>
<opencv_storage>
<pose_0 type_id="opencv-nd-matrix">
  <sizes>
    1 18 3</sizes>
  <dt>f</dt>
  <data>
    5.02809540e+02 1.15443764e+02 7.51619816e-01 4.67647522e+02
    7.03874664e+01 7.50363886e-01 3.69834991e+02 6.84837799e+01
    6.50184035e-01 4.16756165e+02 2.56333771e+02 7.48885393e-01
    4.59774078e+02 3.91278687e+02 8.44474733e-01 5.71312683e+02
    8.40982132e+01 6.74207389e-01 5.26280334e+02 2.73920563e+02
    7.98059881e-01 4.93015259e+02 4.04993256e+02 6.21089876e-01
    3.79562378e+02 2.87626038e+02 3.85935575e-01 3.22843353e+02
    4.30468658e+02 4.72059369e-01 2.83709473e+02 4.79375793e+02
    1.07581705e-01 4.87150116e+02 3.03255402e+02 3.97293448e-01
    5.22364075e+02 3.99102509e+02 6.69364780e-02 0. 0. 0. 4.92998077e+02
    9.78289413e+01 6.93004906e-01 5.12679749e+02 9.97002258e+01
    4.32970822e-01 4.34375641e+02 4.11167526e+01 3.82645100e-01 0. 0. 0.</data></pose_0>
</opencv_storage>
