<?xml version="1.0"?>
<opencv_storage>
<hand_right_0 type_id="opencv-nd-matrix">
  <sizes>
    1 21 3</sizes>
  <dt>f</dt>
  <data>
    4.59096893e+02 3.94336487e+02 5.70144951e-01 4.77504730e+02
    4.01699646e+02 7.02586293e-01 4.97385193e+02 4.09799072e+02
    6.57845020e-01 5.09902557e+02 4.17162231e+02 7.61982024e-01
    5.23892517e+02 4.25261688e+02 8.24132442e-01 4.84867859e+02
    4.18634857e+02 6.40335441e-01 4.95176270e+02 4.34097443e+02
    7.83412933e-01 5.01803101e+02 4.46614777e+02 8.76983345e-01
    5.06220978e+02 4.57659485e+02 8.99706542e-01 4.70877899e+02
    4.22316437e+02 7.56427467e-01 4.77504730e+02 4.37042694e+02
    7.13042736e-01 4.85604187e+02 4.51768982e+02 7.08337069e-01
    4.93703644e+02 4.63550018e+02 8.53898644e-01 4.53942688e+02
    4.23789063e+02 6.92460239e-01 4.59096893e+02 4.38515320e+02
    6.86575055e-01 4.63514771e+02 4.53241608e+02 8.12044799e-01
    4.66460022e+02 4.65758942e+02 7.75122941e-01 4.39216400e+02
    4.23052734e+02 6.25440657e-01 4.39216400e+02 4.39251648e+02
    7.91950643e-01 4.41425354e+02 4.51768982e+02 8.27595711e-01
    4.45106903e+02 4.62813690e+02 7.92860985e-01</data></hand_right_0>
</opencv_storage>
