<?xml version="1.0"?>
<opencv_storage>
<hand_left_0 type_id="opencv-nd-matrix">
  <sizes>
    1 21 3</sizes>
  <dt>f</dt>
  <data>
    4.62476410e+02 3.89769897e+02 5.73676527e-01 4.47997711e+02
    4.02800690e+02 6.85817838e-01 4.37862640e+02 4.19451172e+02
    6.40481055e-01 4.28451508e+02 4.25966583e+02 3.42909873e-01
    4.17592499e+02 4.30310181e+02 4.61228162e-01 4.50893463e+02
    4.19451172e+02 5.03802061e-01 4.42206238e+02 4.33205933e+02
    4.86567616e-01 4.42930176e+02 4.44788879e+02 6.46146357e-01
    4.45825928e+02 4.55647888e+02 7.62644172e-01 4.66820007e+02
    4.14383636e+02 6.61788046e-01 4.61028534e+02 4.32481995e+02
    5.04230142e-01 4.63200348e+02 4.46960663e+02 5.59068143e-01
    4.63200348e+02 4.59267548e+02 7.43326426e-01 4.81298706e+02
    4.09316101e+02 6.07811451e-01 4.92157715e+02 4.27414459e+02
    6.12888455e-01 4.96501312e+02 4.41893127e+02 5.66038311e-01
    4.86366241e+02 4.56371826e+02 5.64341247e-01 4.99397034e+02
    4.03524628e+02 7.45245278e-01 5.09532135e+02 4.12935760e+02
    6.79132998e-01 5.16047546e+02 4.19451172e+02 7.70611763e-01
    5.20391113e+02 4.25242645e+02 6.05254591e-01</data></hand_left_0>
</opencv_storage>
