<?xml version="1.0"?>
<opencv_storage>
<pose_0 type_id="opencv-nd-matrix">
  <sizes>
    1 18 3</sizes>
  <dt>f</dt>
  <data>
    4.42205383e+02 9.97574768e+01 8.52555156e-01 4.71499847e+02
    7.04328690e+01 7.35561252e-01 3.79531494e+02 6.84208832e+01
    7.09052086e-01 4.22584412e+02 2.56228027e+02 6.99436426e-01
    4.59838745e+02 3.81549255e+02 8.50127578e-01 5.71341003e+02
    8.41957092e+01 6.56911194e-01 5.32203491e+02 2.66088715e+02
    7.36568928e-01 4.98897583e+02 3.91316528e+02 5.73512793e-01
    3.83425201e+02 2.85659607e+02 4.27006900e-01 3.30647797e+02
    4.28476563e+02 3.99656564e-01 2.87613831e+02 4.81306793e+02
    1.15036078e-01 4.89117432e+02 3.03221527e+02 4.27824080e-01
    5.22400818e+02 3.87388336e+02 6.36231527e-02 0. 0. 0. 4.22634460e+02
    7.63043518e+01 7.71642447e-01 4.61733368e+02 7.63247833e+01
    7.70499289e-01 3.99082977e+02 6.25729637e+01 6.94681108e-02
    5.16531128e+02 1.76137028e+01 6.97068751e-01</data></pose_0>
</opencv_storage>
