<?xml version="1.0"?>
<opencv_storage>
<pose_0 type_id="opencv-nd-matrix">
  <sizes>
    1 18 3</sizes>
  <dt>f</dt>
  <data>
    4.16804901e+02 5.28585281e+01 8.62912238e-01 4.44045044e+02
    8.40699310e+01 8.03735971e-01 3.52120209e+02 8.60360565e+01
    7.63203204e-01 4.10850861e+02 2.44615067e+02 7.98991144e-01
    4.59729279e+02 3.81496185e+02 8.53283644e-01 5.36051758e+02
    8.41782532e+01 6.85074210e-01 5.08716370e+02 2.56368866e+02
    8.83740425e-01 4.92977020e+02 3.99118622e+02 5.94720960e-01
    3.75656311e+02 2.87619110e+02 4.31873113e-01 3.34510529e+02
    4.28532043e+02 6.16956651e-01 3.01295959e+02 4.77443054e+02
    1.29135430e-01 4.75482025e+02 2.89585419e+02 4.55624312e-01
    5.20396973e+02 3.97176758e+02 9.94954333e-02 0. 0. 0. 3.97189636e+02
    2.93226700e+01 8.04903686e-01 4.44156982e+02 2.74013901e+01
    8.92177343e-01 3.65911407e+02 4.83911848e+00 5.70862472e-01
    4.83257782e+02 1.56481733e+01 8.41818690e-01</data></pose_0>
</opencv_storage>
