<?xml version="1.0"?>
<opencv_storage>
<pose_0 type_id="opencv-nd-matrix">
  <sizes>
    1 18 3</sizes>
  <dt>f</dt>
  <data>
    3.97147736e+02 1.68231079e+02 8.86080503e-01 4.36319946e+02
    1.46684555e+02 7.00451374e-01 3.50196747e+02 1.46699463e+02
    7.94535995e-01 4.12844360e+02 2.93451263e+02 7.88209200e-01
    4.61699890e+02 4.28440338e+02 8.20956469e-01 5.30201538e+02
    1.50621124e+02 6.83185220e-01 5.08719971e+02 3.09149811e+02
    8.41235161e-01 4.91124603e+02 4.44065643e+02 5.19266427e-01
    3.67891266e+02 3.36508820e+02 4.37981486e-01 3.22889740e+02
    4.91017517e+02 5.81407428e-01 0. 0. 0. 4.71547882e+02 3.40438416e+02
    4.84716803e-01 5.22357056e+02 4.57803284e+02 1.29600331e-01 0. 0. 0.
    3.79582214e+02 1.46809753e+02 9.27164674e-01 4.14833252e+02
    1.48683426e+02 8.11083436e-01 3.58064423e+02 1.31117188e+02
    5.79534918e-02 4.67574799e+02 1.03705162e+02 8.28169048e-01</data></pose_0>
</opencv_storage>
