<?xml version="1.0"?>
<opencv_storage>
<pose_0 type_id="opencv-nd-matrix">
  <sizes>
    1 18 3</sizes>
  <dt>f</dt>
  <data>
    4.91151154e+02 9.78673935e+01 8.50273967e-01 4.65683044e+02
    6.84483795e+01 7.01625347e-01 3.67775635e+02 6.84577866e+01
    6.62635267e-01 4.14707764e+02 2.54381866e+02 7.71839678e-01
    4.59703674e+02 3.81519623e+02 8.61147702e-01 5.71258118e+02
    8.02260742e+01 6.86729670e-01 5.26319702e+02 2.69950928e+02
    7.49401271e-01 4.94999420e+02 3.91276581e+02 5.78469217e-01
    3.81492676e+02 2.91512604e+02 4.33402747e-01 3.24780212e+02
    4.30457336e+02 4.35219496e-01 2.68044464e+02 4.89145752e+02
    8.02158266e-02 4.91071381e+02 3.05235382e+02 4.28882092e-01
    5.22406006e+02 3.87403137e+02 6.35382682e-02 0. 0. 0. 4.77384338e+02
    7.24450073e+01 7.48273551e-01 5.10643097e+02 7.43656158e+01
    7.71017790e-01 4.14700897e+02 1.76064014e+01 7.16095507e-01
    5.40001953e+02 2.93337536e+01 5.40369712e-02</data></pose_0>
</opencv_storage>
