<?xml version="1.0"?>
<opencv_storage>
<hand_right_0 type_id="opencv-nd-matrix">
  <sizes>
    1 21 3</sizes>
  <dt>f</dt>
  <data>
    4.57224640e+02 3.91813568e+02 5.49474716e-01 4.74759827e+02
    3.96723419e+02 6.73155308e-01 4.93697845e+02 4.01633270e+02
    6.45931661e-01 5.04218964e+02 4.08647339e+02 8.12324703e-01
    5.16142883e+02 4.18467041e+02 8.26341867e-01 4.83878113e+02
    4.12154388e+02 6.32790208e-01 4.95100647e+02 4.24779724e+02
    7.55122900e-01 5.03517548e+02 4.38807892e+02 8.61387074e-01
    5.08427399e+02 4.48627594e+02 9.04817581e-01 4.69148560e+02
    4.16362823e+02 7.26011872e-01 4.80371094e+02 4.31793793e+02
    6.54786706e-01 4.88086578e+02 4.45821960e+02 6.65111482e-01
    4.97204865e+02 4.56343079e+02 8.45286667e-01 4.53717590e+02
    4.19869873e+02 7.09852397e-01 4.57926025e+02 4.33898010e+02
    6.52642608e-01 4.62835876e+02 4.47926178e+02 7.66596496e-01
    4.66342926e+02 4.59850098e+02 7.23443925e-01 4.37585205e+02
    4.20571289e+02 6.41072452e-01 4.38286621e+02 4.36002258e+02
    7.90285230e-01 4.41092255e+02 4.47224762e+02 7.59063601e-01
    4.43196472e+02 4.58447296e+02 8.05749178e-01</data></hand_right_0>
</opencv_storage>
