<?xml version="1.0"?>
<opencv_storage>
<hand_left_0 type_id="opencv-nd-matrix">
  <sizes>
    1 21 3</sizes>
  <dt>f</dt>
  <data>
    4.60265167e+02 3.98928528e+02 4.88370031e-01 4.47415497e+02
    4.11064331e+02 5.99159718e-01 4.37421295e+02 4.29625000e+02
    4.14377689e-01 4.25285492e+02 4.38191437e+02 4.87215996e-01
    4.16005157e+02 4.43188538e+02 7.00130820e-01 4.47415497e+02
    4.26055634e+02 4.87178504e-01 4.41704529e+02 4.38191437e+02
    7.18572617e-01 4.42418396e+02 4.51041138e+02 8.37976575e-01
    4.43846130e+02 4.61749207e+02 8.42617154e-01 4.65262268e+02
    4.23200165e+02 6.35672867e-01 4.60979034e+02 4.40333069e+02
    5.75722396e-01 4.65976135e+02 4.55324371e+02 6.88618541e-01
    4.67403900e+02 4.66746307e+02 7.54866064e-01 4.83109039e+02
    4.19630798e+02 6.10552728e-01 4.93817108e+02 4.36763702e+02
    5.73791265e-01 4.99528076e+02 4.49613403e+02 5.90654016e-01
    4.91675507e+02 4.65318542e+02 5.72034359e-01 4.99528076e+02
    4.11064331e+02 7.25994587e-01 5.11663910e+02 4.21058533e+02
    6.38331890e-01 5.17374878e+02 4.26769501e+02 7.21568465e-01
    5.18802612e+02 4.33908234e+02 5.33011079e-01</data></hand_left_0>
</opencv_storage>
