<?xml version="1.0"?>
<opencv_storage>
<pose_0 type_id="opencv-nd-matrix">
  <sizes>
    1 18 3</sizes>
  <dt>f</dt>
  <data>
    4.98935089e+02 1.15404808e+02 7.52289414e-01 4.61807983e+02
    7.43252640e+01 7.26052761e-01 3.65908386e+02 7.43449783e+01
    6.20240152e-01 4.12750763e+02 2.58244354e+02 7.63910770e-01
    4.57838501e+02 3.85466949e+02 8.28750670e-01 5.69349487e+02
    8.41576080e+01 6.88519776e-01 5.24379578e+02 2.73953094e+02
    7.73019612e-01 4.94984222e+02 3.89322998e+02 5.96012235e-01
    3.81480682e+02 2.93492462e+02 4.23095465e-01 3.30623383e+02
    4.28517853e+02 5.23927093e-01 2.69977020e+02 4.91091583e+02
    5.40069304e-02 4.93074829e+02 3.11078522e+02 3.91986132e-01
    5.24363708e+02 3.95229309e+02 6.19648807e-02 0. 0. 0. 4.91007996e+02
    9.19800720e+01 6.41459882e-01 5.16520569e+02 9.00482559e+01
    5.11162043e-01 4.51938049e+02 6.26169510e+01 2.70245612e-01 0. 0. 0.</data></pose_0>
</opencv_storage>
