<?xml version="1.0"?>
<opencv_storage>
<hand_right_0 type_id="opencv-nd-matrix">
  <sizes>
    1 21 3</sizes>
  <dt>f</dt>
  <data>
    4.60117096e+02 4.21323853e+02 6.03661597e-01 4.78178070e+02
    4.29270691e+02 7.27224350e-01 4.98406372e+02 4.36495087e+02
    6.93509996e-01 5.08520508e+02 4.44441895e+02 7.42707431e-01
    5.19357117e+02 4.54556061e+02 8.30211699e-01 4.83957581e+02
    4.42997040e+02 5.79935968e-01 4.94794189e+02 4.59613129e+02
    7.41752982e-01 5.01296143e+02 4.74061920e+02 8.01300526e-01
    5.05630768e+02 4.85620941e+02 8.54442120e-01 4.69508789e+02
    4.45164337e+02 6.91564679e-01 4.78178070e+02 4.59613129e+02
    6.56280696e-01 4.84680023e+02 4.76951660e+02 7.68905580e-01
    4.91181976e+02 4.89233154e+02 8.35807860e-01 4.54337585e+02
    4.48776550e+02 6.92405224e-01 4.58672211e+02 4.61058014e+02
    6.75301671e-01 4.61561981e+02 4.77674103e+02 7.90835321e-01
    4.65896606e+02 4.90678009e+02 7.47489989e-01 4.39888794e+02
    4.51666290e+02 6.67615235e-01 4.37721466e+02 4.64670197e+02
    8.46850336e-01 4.39166351e+02 4.76229248e+02 7.80967951e-01
    4.42778564e+02 4.87065826e+02 7.70667791e-01</data></hand_right_0>
</opencv_storage>
