<?xml version="1.0"?>
<opencv_storage>
<pose_0 type_id="opencv-nd-matrix">
  <sizes>
    1 18 3</sizes>
  <dt>f</dt>
  <data>
    5.06695129e+02 1.64464935e+02 7.79560030e-01 4.73509766e+02
    1.05690506e+02 7.93582797e-01 3.67886047e+02 1.01731049e+02
    6.65437818e-01 4.10787384e+02 2.89583221e+02 7.14898825e-01
    4.57812317e+02 4.14833618e+02 8.79620969e-01 5.73252686e+02
    1.17345619e+02 6.61226690e-01 5.26359375e+02 3.05268188e+02
    7.56606579e-01 4.94997894e+02 4.18694000e+02 6.51957572e-01
    3.71721405e+02 2.93477753e+02 4.09252912e-01 3.18934326e+02
    4.42160217e+02 4.07663465e-01 2.69999115e+02 4.89153198e+02
    5.46567515e-02 4.85188629e+02 3.07155945e+02 4.30063039e-01
    5.40069397e+02 4.59770844e+02 1.61016658e-01 0. 0. 0. 4.91132019e+02
    1.48781693e+02 8.03967059e-01 5.20443848e+02 1.48633240e+02
    4.78451014e-01 4.30405579e+02 9.00235367e+01 4.81583118e-01 0. 0. 0.</data></pose_0>
</opencv_storage>
