<?xml version="1.0"?>
<opencv_storage>
<pose_0 type_id="opencv-nd-matrix">
  <sizes>
    1 18 3</sizes>
  <dt>f</dt>
  <data>
    3.93245911e+02 1.64348633e+02 8.83724451e-01 4.34339783e+02
    1.35013062e+02 6.22694075e-01 3.48262543e+02 1.38925369e+02
    7.22545087e-01 4.10886719e+02 2.89624146e+02 8.21363807e-01
    4.59807312e+02 4.26476044e+02 8.04356456e-01 5.28298645e+02
    1.36984787e+02 6.37915075e-01 5.08785645e+02 3.03257080e+02
    8.61572981e-01 4.91135254e+02 4.44111206e+02 5.85940957e-01
    3.71740723e+02 3.26749390e+02 4.34024602e-01 3.24804626e+02
    4.77453308e+02 5.77648699e-01 0. 0. 0. 4.73466064e+02 3.34589050e+02
    4.72823083e-01 5.08714752e+02 4.34394379e+02 9.01642442e-02 0. 0. 0.
    3.71718536e+02 1.46756561e+02 8.57697785e-01 4.10844238e+02
    1.42802948e+02 7.67950416e-01 0. 0. 0. 4.59667572e+02 9.00022125e+01
    8.87307405e-01</data></pose_0>
</opencv_storage>
