<?xml version="1.0"?>
<opencv_storage>
<pose_0 type_id="opencv-nd-matrix">
  <sizes>
    1 18 3</sizes>
  <dt>f</dt>
  <data>
    4.93016968e+02 1.42798050e+02 5.02416193e-01 4.73492584e+02
    8.60519714e+01 8.45592618e-01 3.69844879e+02 8.21478577e+01
    6.61962628e-01 4.14794006e+02 2.73852051e+02 7.62790561e-01
    4.59788208e+02 3.99208191e+02 8.89174104e-01 5.71250549e+02
    9.97176895e+01 6.68307006e-01 5.26351257e+02 2.87649689e+02
    7.84487665e-01 4.93029877e+02 4.12858948e+02 5.68395078e-01
    3.81475006e+02 2.85644226e+02 3.96503180e-01 3.22845245e+02
    4.28490784e+02 4.47863340e-01 0. 0. 0. 4.89136200e+02 3.05228088e+02
    4.17693555e-01 5.45868225e+02 4.46077484e+02 1.06327124e-01 0. 0. 0.
    4.89117645e+02 1.29061035e+02 4.15886819e-01 5.06717926e+02
    1.31088486e+02 2.58392155e-01 4.28448792e+02 6.65331345e+01
    3.65021646e-01 5.32215393e+02 8.01965332e+01 7.03224614e-02</data></pose_0>
</opencv_storage>
