<?xml version="1.0"?>
<opencv_storage>
<hand_right_0 type_id="opencv-nd-matrix">
  <sizes>
    2 21 3</sizes>
  <dt>f</dt>
  <data>
    4.59548065e+02 4.06993652e+02 5.31389236e-01 4.77476990e+02
    4.14882355e+02 7.00675189e-01 4.98274506e+02 4.24205414e+02
    6.97347045e-01 5.08314697e+02 4.34962738e+02 7.23123729e-01
    5.17637756e+02 4.42134308e+02 7.88974106e-01 4.84648529e+02
    4.33528442e+02 5.99422216e-01 4.92537262e+02 4.47871582e+02
    7.12555170e-01 4.99708832e+02 4.62931854e+02 8.00468743e-01
    5.04011780e+02 4.72972046e+02 8.17478657e-01 4.69588257e+02
    4.35679901e+02 6.95241988e-01 4.76759827e+02 4.50023041e+02
    5.99316716e-01 4.83214233e+02 4.65083313e+02 7.81853080e-01
    4.89668640e+02 4.77274994e+02 8.48464727e-01 4.54527954e+02
    4.37831390e+02 6.50935352e-01 4.58113739e+02 4.50740204e+02
    6.52037621e-01 4.60265228e+02 4.65083313e+02 7.93650568e-01
    4.64568146e+02 4.77274994e+02 7.85172224e-01 4.38033356e+02
    4.37114227e+02 6.37839377e-01 4.37316223e+02 4.52891663e+02
    8.54835153e-01 4.39467682e+02 4.64366180e+02 7.45844424e-01
    4.43053467e+02 4.73689209e+02 7.37762690e-01 0. 0. 0. 0. 0. 0. 0. 0.
    0. 0. 0. 0. 0. 0. 0. 0. 0. 0. 0. 0. 0. 0. 0. 0. 0. 0. 0. 0. 0. 0. 0.
    0. 0. 0. 0. 0. 0. 0. 0. 0. 0. 0. 0. 0. 0. 0. 0. 0. 0. 0. 0. 0. 0. 0.
    0. 0. 0. 0. 0. 0. 0. 0. 0.</data></hand_right_0>
</opencv_storage>
