<?xml version="1.0"?>
<opencv_storage>
<pose_0 type_id="opencv-nd-matrix">
  <sizes>
    1 18 3</sizes>
  <dt>f</dt>
  <data>
    5.00869812e+02 1.17435532e+02 7.81568706e-01 4.63677307e+02
    7.82552032e+01 7.46233702e-01 3.65899353e+02 7.82372055e+01
    6.50595784e-01 4.10854614e+02 2.62154907e+02 7.25923717e-01
    4.57849670e+02 3.95170837e+02 8.57882321e-01 5.69369019e+02
    8.80735168e+01 6.65812194e-01 5.24343262e+02 2.85653961e+02
    7.60724902e-01 4.93095184e+02 4.01107819e+02 6.39902472e-01
    3.77608917e+02 2.91523895e+02 4.24455196e-01 3.24785309e+02
    4.30441559e+02 4.68573153e-01 2.93473541e+02 4.85222168e+02
    8.98814127e-02 4.89116547e+02 3.11072571e+02 4.38577175e-01
    5.49804260e+02 4.30402985e+02 1.32715434e-01 0. 0. 0. 4.89128967e+02
    9.96970215e+01 7.41286755e-01 5.14585327e+02 9.97931976e+01
    6.22155070e-01 4.32412048e+02 5.27948036e+01 3.25587362e-01 0. 0. 0.</data></pose_0>
</opencv_storage>
