<?xml version="1.0"?>
<opencv_storage>
<pose_0 type_id="opencv-nd-matrix">
  <sizes>
    1 18 3</sizes>
  <dt>f</dt>
  <data>
    4.95042908e+02 1.35077469e+02 7.43490696e-01 4.63745789e+02
    8.60453186e+01 7.87186444e-01 3.67792725e+02 8.41557236e+01
    6.72956586e-01 4.12716858e+02 2.73869659e+02 7.89862752e-01
    4.59671234e+02 3.97186676e+02 8.82344604e-01 5.69358704e+02
    9.19650650e+01 6.45882308e-01 5.26320374e+02 2.83668243e+02
    6.95470273e-01 4.94977936e+02 4.06975861e+02 5.63894033e-01
    3.79560486e+02 2.95451233e+02 4.13642555e-01 3.26773987e+02
    4.30428375e+02 4.53576416e-01 2.81742401e+02 4.79349243e+02
    1.23253457e-01 4.93000824e+02 3.09130890e+02 4.13900465e-01
    5.47832092e+02 4.36293457e+02 1.47277534e-01 0. 0. 0. 4.85215454e+02
    1.17451988e+02 7.30843604e-01 5.10664429e+02 1.17408791e+02
    6.32034123e-01 4.38243225e+02 7.04533539e+01 4.01217014e-01
    5.32204712e+02 6.26282654e+01 7.51791149e-02</data></pose_0>
</opencv_storage>
