<?xml version="1.0"?>
<opencv_storage>
<pose_0 type_id="opencv-nd-matrix">
  <sizes>
    1 18 3</sizes>
  <dt>f</dt>
  <data>
    4.42201111e+02 1.21347588e+02 7.54306376e-01 4.65672119e+02
    8.21837921e+01 8.14590693e-01 3.69804688e+02 8.02444611e+01
    7.05209613e-01 4.14757233e+02 2.66069946e+02 7.54032135e-01
    4.59715424e+02 3.95150330e+02 8.61654639e-01 5.71329712e+02
    9.19338455e+01 6.49355829e-01 5.36019958e+02 2.75878510e+02
    7.64429688e-01 4.96977386e+02 4.01076447e+02 5.84469914e-01
    3.79528961e+02 2.89548431e+02 4.30619895e-01 3.28709564e+02
    4.30445251e+02 4.07678455e-01 2.85651794e+02 4.79391998e+02
    1.05208509e-01 4.89153351e+02 3.05236115e+02 4.31040376e-01
    5.20436096e+02 4.01084259e+02 6.82391375e-02 0. 0. 0. 4.28477142e+02
    9.98345032e+01 7.41576076e-01 4.61741028e+02 1.05609627e+02
    6.46381974e-01 4.12869751e+02 7.04408417e+01 9.18007344e-02
    5.08729401e+02 5.28005791e+01 3.22930366e-01</data></pose_0>
</opencv_storage>
