<?xml version="1.0"?>
<opencv_storage>
<hand_right_0 type_id="opencv-nd-matrix">
  <sizes>
    1 21 3</sizes>
  <dt>f</dt>
  <data>
    4.56706635e+02 3.97491882e+02 5.77068806e-01 4.74728912e+02
    4.02344025e+02 6.77122355e-01 4.93444336e+02 4.07889343e+02
    6.49660587e-01 5.04534943e+02 4.14820984e+02 8.06179523e-01
    5.17705078e+02 4.21059479e+02 8.14827859e-01 4.82353699e+02
    4.16207306e+02 6.60964012e-01 4.94137482e+02 4.30763763e+02
    8.18153977e-01 5.02455475e+02 4.43240723e+02 8.61927092e-01
    5.08000763e+02 4.54331329e+02 9.36795354e-01 4.68490417e+02
    4.21059479e+02 7.17256844e-01 4.77501556e+02 4.35615906e+02
    6.61918342e-01 4.87205872e+02 4.49479187e+02 6.97048306e-01
    4.96216980e+02 4.61956146e+02 8.52030158e-01 4.53933990e+02
    4.25911621e+02 7.28074253e-01 4.57399811e+02 4.38388550e+02
    6.64108634e-01 4.61558777e+02 4.52945007e+02 7.95922220e-01
    4.66410950e+02 4.64728790e+02 7.93750286e-01 4.39377533e+02
    4.26604767e+02 6.37668133e-01 4.37991211e+02 4.41854370e+02
    7.85086691e-01 4.39377533e+02 4.52251831e+02 7.46659160e-01
    4.42843353e+02 4.63342468e+02 8.27654481e-01</data></hand_right_0>
</opencv_storage>
