<?xml version="1.0"?>
<opencv_storage>
<hand_right_0 type_id="opencv-nd-matrix">
  <sizes>
    1 21 3</sizes>
  <dt>f</dt>
  <data>
    4.56951843e+02 3.95055908e+02 5.73350072e-01 4.75897369e+02
    3.99967712e+02 6.69950187e-01 4.94842896e+02 4.06282867e+02
    6.36480331e-01 5.06069885e+02 4.16106476e+02 8.43321621e-01
    5.20103577e+02 4.23123352e+02 8.11891675e-01 4.84317596e+02
    4.16106476e+02 6.97495699e-01 4.95544586e+02 4.31543579e+02
    8.06483209e-01 5.03964813e+02 4.44875610e+02 8.84403586e-01
    5.07473236e+02 4.55400909e+02 8.73784840e-01 4.69582184e+02
    4.20316589e+02 7.36593187e-01 4.78002411e+02 4.34350311e+02
    7.33432949e-01 4.87826019e+02 4.49085724e+02 7.39472628e-01
    4.94842896e+02 4.61014404e+02 9.36852932e-01 4.54846771e+02
    4.23123352e+02 7.24968076e-01 4.58355225e+02 4.36455383e+02
    6.67574108e-01 4.61863647e+02 4.51190796e+02 8.12112093e-01
    4.66775452e+02 4.63119446e+02 7.45418251e-01 4.38708008e+02
    4.22421661e+02 6.71331823e-01 4.38708008e+02 4.38560455e+02
    8.52016091e-01 4.39409698e+02 4.49787415e+02 7.85356164e-01
    4.42918121e+02 4.60312714e+02 7.95025229e-01</data></hand_right_0>
</opencv_storage>
