<?xml version="1.0"?>
<opencv_storage>
<hand_right_0 type_id="opencv-nd-matrix">
  <sizes>
    1 21 3</sizes>
  <dt>f</dt>
  <data>
    4.58534210e+02 3.84507294e+02 6.46846175e-01 4.75903809e+02
    3.90090393e+02 7.03224421e-01 4.93273438e+02 3.95673462e+02
    7.00140715e-01 5.03819275e+02 4.04978607e+02 7.88872600e-01
    5.16846497e+02 4.14283752e+02 8.62593353e-01 4.83347931e+02
    4.02497253e+02 6.18674576e-01 4.93893768e+02 4.18626160e+02
    8.25570703e-01 5.00717560e+02 4.32894043e+02 7.66446352e-01
    5.03819275e+02 4.44060242e+02 8.81413102e-01 4.69080048e+02
    4.05598969e+02 7.11236179e-01 4.78385193e+02 4.21727875e+02
    6.91597700e-01 4.87070007e+02 4.34755096e+02 6.72016203e-01
    4.92653076e+02 4.47782288e+02 6.98634028e-01 4.56673187e+02
    4.09321014e+02 6.29065394e-01 4.57913879e+02 4.20487183e+02
    6.04413629e-01 4.63496948e+02 4.35375427e+02 6.54023707e-01
    4.63496948e+02 4.48402649e+02 5.82505524e-01 4.43025635e+02
    4.11802399e+02 6.93759441e-01 4.41784943e+02 4.21107544e+02
    6.84693813e-01 4.40544250e+02 4.29792328e+02 7.15618789e-01
    4.40544250e+02 4.39717834e+02 7.64068425e-01</data></hand_right_0>
</opencv_storage>
