<?xml version="1.0"?>
<opencv_storage>
<hand_left_0 type_id="opencv-nd-matrix">
  <sizes>
    1 21 3</sizes>
  <dt>f</dt>
  <data>
    4.61079773e+02 4.15674988e+02 5.56562841e-01 4.47450195e+02
    4.29304535e+02 6.74185276e-01 4.38590973e+02 4.47023010e+02
    5.16426861e-01 4.33820618e+02 4.57245178e+02 4.09913212e-01
    4.14739227e+02 4.56563690e+02 7.06423283e-01 4.54946472e+02
    4.45660034e+02 6.23583555e-01 4.40635406e+02 4.55882233e+02
    4.37794268e-01 4.41316895e+02 4.66104401e+02 5.06958485e-01
    4.44724304e+02 4.76326599e+02 6.22887552e-01 4.68576050e+02
    4.39526733e+02 6.83479667e-01 4.78116760e+02 4.53837799e+02
    5.21366298e-01 4.66531616e+02 4.68830322e+02 4.56246883e-01
    4.65168671e+02 4.80415466e+02 6.36202633e-01 4.84250061e+02
    4.35437866e+02 6.86604977e-01 4.93790771e+02 4.51111877e+02
    6.39222562e-01 5.00605560e+02 4.63378479e+02 6.92297637e-01
    5.06738861e+02 4.74282166e+02 6.80510819e-01 4.99242615e+02
    4.28623077e+02 7.04265594e-01 5.06738861e+02 4.32711945e+02
    7.94467807e-01 5.14235107e+02 4.38845245e+02 7.94500113e-01
    5.19686951e+02 4.46341522e+02 7.58115888e-01</data></hand_left_0>
</opencv_storage>
