<?xml version="1.0"?>
<opencv_storage>
<hand_right_0 type_id="opencv-nd-matrix">
  <sizes>
    1 21 3</sizes>
  <dt>f</dt>
  <data>
    4.58715210e+02 4.20139557e+02 6.36542380e-01 4.76173950e+02
    4.29248444e+02 7.25386024e-01 4.95150848e+02 4.36080109e+02
    6.60468400e-01 5.02741577e+02 4.45189026e+02 7.01208591e-01
    5.13368652e+02 4.57334229e+02 8.09964716e-01 4.81487488e+02
    4.44429962e+02 6.53711736e-01 4.89837311e+02 4.60370514e+02
    7.99210429e-01 4.95909912e+02 4.76311096e+02 8.39953840e-01
    5.01223450e+02 4.86938171e+02 8.49598527e-01 4.66305969e+02
    4.47466248e+02 7.34950900e-01 4.74655792e+02 4.62647766e+02
    6.26281977e-01 4.81487488e+02 4.78588348e+02 8.29153299e-01
    4.87560089e+02 4.90733551e+02 8.19387138e-01 4.52642609e+02
    4.49743469e+02 7.67634451e-01 4.57197083e+02 4.65684052e+02
    6.81426108e-01 4.58715210e+02 4.79347412e+02 8.52548659e-01
    4.60992462e+02 4.91492615e+02 8.57531190e-01 4.38220184e+02
    4.52020691e+02 6.56012475e-01 4.35942963e+02 4.65684052e+02
    8.41624618e-01 4.37461121e+02 4.77070190e+02 7.81147540e-01
    4.41256500e+02 4.86179077e+02 8.32630694e-01</data></hand_right_0>
</opencv_storage>
