<?xml version="1.0"?>
<opencv_storage>
<pose_0 type_id="opencv-nd-matrix">
  <sizes>
    1 18 3</sizes>
  <dt>f</dt>
  <data>
    4.30474945e+02 1.44718170e+02 8.60491514e-01 4.46157898e+02
    9.77924118e+01 7.95993865e-01 3.54161377e+02 9.98108292e+01
    7.29586005e-01 4.10899475e+02 2.64118347e+02 8.03179681e-01
    4.59864990e+02 4.01080505e+02 7.96270072e-01 5.41937561e+02
    9.97225113e+01 7.21765518e-01 5.10726990e+02 2.73872498e+02
    8.30172420e-01 4.91131409e+02 4.12870575e+02 5.38997293e-01
    3.79584351e+02 2.89591797e+02 4.40558940e-01 3.30677246e+02
    4.46115234e+02 5.19863069e-01 3.01270416e+02 4.95011932e+02
    1.07250296e-01 4.77367767e+02 2.99327301e+02 4.58044410e-01
    5.08727844e+02 4.12812164e+02 1.29540503e-01 0. 0. 0. 4.12763184e+02
    1.21287849e+02 7.83320963e-01 4.48105621e+02 1.19336258e+02
    7.80316055e-01 3.81567719e+02 1.01732246e+02 2.30367377e-01
    4.91111084e+02 5.67949295e+01 7.15178549e-01</data></pose_0>
</opencv_storage>
