<?xml version="1.0"?>
<opencv_storage>
<pose_0 type_id="opencv-nd-matrix">
  <sizes>
    1 18 3</sizes>
  <dt>f</dt>
  <data>
    5.04804291e+02 1.64308014e+02 7.84709990e-01 4.73483032e+02
    1.01831566e+02 8.03880751e-01 3.67883453e+02 9.97621078e+01
    6.50638223e-01 4.03084503e+02 2.89534180e+02 6.93631113e-01
    4.57812439e+02 4.12749512e+02 8.63809168e-01 5.73271118e+02
    1.11495056e+02 6.40680015e-01 5.28238647e+02 3.03187256e+02
    7.25265980e-01 4.94986237e+02 4.14766235e+02 7.43048668e-01
    3.73700043e+02 2.91502533e+02 4.01489794e-01 3.18895050e+02
    4.44095642e+02 3.34747821e-01 2.11272781e+02 4.93018005e+02
    1.39559984e-01 4.89075287e+02 3.05234131e+02 4.26709890e-01
    5.47811890e+02 4.59764313e+02 9.90503132e-02 0. 0. 0. 4.93034210e+02
    1.48635971e+02 8.42127025e-01 5.20458862e+02 1.46690445e+02
    4.10474777e-01 4.34357574e+02 9.19753494e+01 3.59393239e-01
    5.43969788e+02 9.77747192e+01 1.13162436e-01</data></pose_0>
</opencv_storage>
