<?xml version="1.0"?>
<opencv_storage>
<hand_right_0 type_id="opencv-nd-matrix">
  <sizes>
    1 21 3</sizes>
  <dt>f</dt>
  <data>
    4.59695862e+02 3.99274414e+02 5.51356316e-01 4.77450989e+02
    4.07796875e+02 7.14662552e-01 4.96626526e+02 4.14898926e+02
    6.76471591e-01 5.07279602e+02 4.25552002e+02 7.07193315e-01
    5.17222473e+02 4.34784668e+02 8.01260173e-01 4.83132629e+02
    4.24131592e+02 6.00592792e-01 4.92365295e+02 4.38335693e+02
    7.32259274e-01 4.99467346e+02 4.53960205e+02 8.54468763e-01
    5.03728577e+02 4.65323486e+02 8.74303818e-01 4.67508118e+02
    4.26262207e+02 6.89385891e-01 4.76030579e+02 4.41176514e+02
    6.07791543e-01 4.83132629e+02 4.57511230e+02 7.59317815e-01
    4.89524475e+02 4.71005127e+02 8.67972076e-01 4.54014221e+02
    4.30523438e+02 6.65265739e-01 4.56855042e+02 4.41886719e+02
    6.81168079e-01 4.60406067e+02 4.58221436e+02 8.56789827e-01
    4.64667297e+02 4.71005127e+02 7.97457933e-01 4.37679504e+02
    4.30523438e+02 6.76836550e-01 4.37679504e+02 4.45437744e+02
    8.29937339e-01 4.39099915e+02 4.55380615e+02 7.43548930e-01
    4.42650940e+02 4.65323486e+02 7.65301168e-01</data></hand_right_0>
</opencv_storage>
