<?xml version="1.0"?>
<opencv_storage>
<pose_0 type_id="opencv-nd-matrix">
  <sizes>
    1 18 3</sizes>
  <dt>f</dt>
  <data>
    4.63713715e+02 1.48699005e+02 7.52442062e-01 4.63715851e+02
    9.38869705e+01 8.10652375e-01 3.65853058e+02 9.19610291e+01
    6.69276178e-01 4.12766937e+02 2.87665955e+02 7.79897213e-01
    4.59728851e+02 4.06924347e+02 8.62305224e-01 5.69366150e+02
    1.01774048e+02 6.71757162e-01 5.32182007e+02 2.89587799e+02
    7.55007803e-01 4.94979492e+02 4.12846954e+02 6.46369457e-01
    3.75681580e+02 2.93480774e+02 4.02270108e-01 3.22878876e+02
    4.30484985e+02 4.91332769e-01 2.85670349e+02 4.77405762e+02
    1.41427130e-01 4.91066406e+02 3.05245178e+02 3.88620019e-01
    5.49764648e+02 4.51943268e+02 1.21724501e-01 0. 0. 0. 4.49997742e+02
    1.31151810e+02 6.30562365e-01 4.81316925e+02 1.33033142e+02
    6.27349913e-01 4.12802429e+02 7.62830658e+01 4.98946369e-01
    5.10698914e+02 7.03995209e+01 2.53212422e-01</data></pose_0>
</opencv_storage>
