<?xml version="1.0"?>
<opencv_storage>
<pose_0 type_id="opencv-nd-matrix">
  <sizes>
    1 18 3</sizes>
  <dt>f</dt>
  <data>
    4.96959778e+02 1.38921631e+02 7.52232909e-01 4.71518921e+02
    8.61481781e+01 7.61907816e-01 3.67858307e+02 8.60256653e+01
    6.72937632e-01 4.12730865e+02 2.73969696e+02 7.82214820e-01
    4.59705170e+02 3.99168121e+02 8.91165972e-01 5.75226868e+02
    9.97035141e+01 6.55748963e-01 5.34083313e+02 2.89496002e+02
    7.65388906e-01 4.98940643e+02 4.06979309e+02 6.25659287e-01
    3.77614319e+02 2.95424469e+02 4.25452501e-01 3.22884705e+02
    4.32423187e+02 3.76203537e-01 2.77837372e+02 4.83292267e+02
    1.02733515e-01 4.89115540e+02 3.11106171e+02 4.10121381e-01
    5.51713806e+02 4.49991425e+02 7.60024637e-02 0. 0. 0. 4.87184143e+02
    1.17412735e+02 7.42328107e-01 5.12615417e+02 1.19323257e+02
    6.20659947e-01 4.28408539e+02 5.87303543e+01 6.25747561e-01
    5.38150696e+02 7.03581543e+01 7.02270642e-02</data></pose_0>
</opencv_storage>
