<?xml version="1.0"?>
<opencv_storage>
<hand_left_0 type_id="opencv-nd-matrix">
  <sizes>
    1 21 3</sizes>
  <dt>f</dt>
  <data>
    4.58536835e+02 3.86882263e+02 5.86210549e-01 4.45562073e+02
    4.02019501e+02 6.44809544e-01 4.37633057e+02 4.20760834e+02
    6.77246451e-01 4.39074677e+02 4.35898041e+02 7.00884998e-01
    4.44120422e+02 4.48872803e+02 6.25318408e-01 4.54932739e+02
    4.13552612e+02 6.16264522e-01 4.57095184e+02 4.29410675e+02
    6.36662364e-01 4.59978485e+02 4.41664612e+02 6.97989821e-01
    4.59978485e+02 4.53918549e+02 6.24795914e-01 4.70790771e+02
    4.08506866e+02 7.47976899e-01 4.80161438e+02 4.25085754e+02
    6.92596078e-01 4.85207184e+02 4.36618866e+02 5.84194183e-01
    4.74394897e+02 4.51035278e+02 4.55858350e-01 4.83765564e+02
    4.02740326e+02 7.33960211e-01 4.94577850e+02 4.19319183e+02
    7.33595967e-01 5.00344421e+02 4.30131500e+02 7.00841904e-01
    5.06831818e+02 4.39502167e+02 5.89090705e-01 4.96019501e+02
    3.95532104e+02 7.46965647e-01 5.06831818e+02 4.01298676e+02
    7.81490564e-01 5.12598389e+02 4.06344421e+02 8.30406070e-01
    5.16923279e+02 4.11390167e+02 7.39154160e-01</data></hand_left_0>
</opencv_storage>
