<?xml version="1.0"?>
<opencv_storage>
<pose_0 type_id="opencv-nd-matrix">
  <sizes>
    1 18 3</sizes>
  <dt>f</dt>
  <data>
    4.28375092e+02 1.46659393e+02 8.65835905e-01 4.44121124e+02
    1.01722855e+02 7.92929530e-01 3.52253357e+02 1.05638969e+02
    7.11779654e-01 4.12762146e+02 2.71919678e+02 8.51101637e-01
    4.59777313e+02 4.10803467e+02 8.13008428e-01 5.39999451e+02
    1.01790977e+02 7.28175402e-01 5.10703888e+02 2.79811920e+02
    7.95802116e-01 4.91134308e+02 4.26526428e+02 5.52444458e-01
    3.77606537e+02 3.03283844e+02 4.05847937e-01 3.30622040e+02
    4.53930786e+02 4.43144292e-01 2.83696747e+02 5.10651825e+02
    5.45606688e-02 4.75448730e+02 3.07157776e+02 4.76563424e-01
    5.12615295e+02 4.18686768e+02 1.06498115e-01 0. 0. 0. 4.06946167e+02
    1.29063553e+02 7.67254651e-01 4.44089050e+02 1.19380875e+02
    8.18366349e-01 3.77564697e+02 1.03748093e+02 1.80207893e-01
    4.77485199e+02 7.04330826e+01 6.83230221e-01</data></pose_0>
</opencv_storage>
