<?xml version="1.0"?>
<opencv_storage>
<pose_0 type_id="opencv-nd-matrix">
  <sizes>
    1 18 3</sizes>
  <dt>f</dt>
  <data>
    4.12804291e+02 1.70232925e+02 8.81844223e-01 4.42190063e+02
    1.46724548e+02 7.59851635e-01 3.54135345e+02 1.46743134e+02
    7.73022294e-01 4.14699371e+02 2.91533478e+02 7.93848872e-01
    4.59835175e+02 4.28519348e+02 8.13779891e-01 5.36043701e+02
    1.54547638e+02 6.82751000e-01 5.08764862e+02 3.13006958e+02
    8.22317183e-01 4.93014954e+02 4.42182404e+02 4.88005877e-01
    3.67813812e+02 3.36511993e+02 4.40037578e-01 3.24760010e+02
    4.89143585e+02 5.51093102e-01 2.13290482e+02 5.51697388e+02
    9.31122601e-02 4.69575165e+02 3.40442535e+02 4.83335495e-01
    5.10651764e+02 4.36325165e+02 1.28221527e-01 0. 0. 0. 3.95227051e+02
    1.48627625e+02 8.70719254e-01 4.30532043e+02 1.48784500e+02
    8.28340650e-01 0. 0. 0. 4.77443512e+02 1.17380096e+02 8.19667935e-01</data></pose_0>
</opencv_storage>
