<?xml version="1.0"?>
<opencv_storage>
<pose_0 type_id="opencv-nd-matrix">
  <sizes>
    1 18 3</sizes>
  <dt>f</dt>
  <data>
    4.77371521e+02 1.52633392e+02 7.39467561e-01 4.69553986e+02
    9.39395752e+01 8.03088069e-01 3.65895599e+02 8.80400925e+01
    6.82469010e-01 4.12893860e+02 2.77805573e+02 7.33242333e-01
    4.59770966e+02 4.08904114e+02 8.64660680e-01 5.73233459e+02
    1.03731491e+02 6.60888791e-01 5.26362061e+02 2.93493866e+02
    7.49971569e-01 4.93115295e+02 4.20651733e+02 5.96868813e-01
    3.77620636e+02 2.93485382e+02 3.92305136e-01 3.20934418e+02
    4.40216095e+02 2.80845016e-01 0. 0. 0. 4.91066284e+02 3.11072113e+02
    4.40611690e-01 542. 4.59735138e+02 1.09056689e-01 0. 0. 0.
    4.65663544e+02 1.33146973e+02 6.68068230e-01 4.96945892e+02
    1.34970428e+02 5.83621800e-01 4.22631042e+02 6.84519653e+01
    5.57136655e-01 5.28258667e+02 8.61393280e+01 3.37397516e-01</data></pose_0>
</opencv_storage>
