<?xml version="1.0"?>
<opencv_storage>
<hand_left_0 type_id="opencv-nd-matrix">
  <sizes>
    1 21 3</sizes>
  <dt>f</dt>
  <data>
    4.57421265e+02 3.99368683e+02 4.41560984e-01 4.44763214e+02
    4.12026764e+02 5.87336898e-01 4.34338898e+02 4.29897003e+02
    4.90539074e-01 4.23914612e+02 4.38087524e+02 4.49641705e-01
    4.14979492e+02 4.41065887e+02 5.30865788e-01 4.46252380e+02
    4.26174042e+02 5.08288622e-01 4.40295654e+02 4.38832123e+02
    6.23151898e-01 4.41040253e+02 4.52234772e+02 7.21838951e-01
    4.44018616e+02 4.62659088e+02 8.56162608e-01 4.64122620e+02
    4.23195648e+02 5.93971014e-01 4.59655060e+02 4.38832123e+02
    5.22374570e-01 4.62633423e+02 4.55213165e+02 6.72047555e-01
    4.60399658e+02 4.66382050e+02 6.95050836e-01 4.80503662e+02
    4.18728119e+02 6.15317822e-01 4.91672546e+02 4.34364563e+02
    5.63325763e-01 4.89438751e+02 4.50001007e+02 5.44201195e-01
    4.94650909e+02 4.61914490e+02 6.20280683e-01 4.96884705e+02
    4.09048401e+02 6.99209332e-01 5.05075226e+02 4.14260559e+02
    7.12587953e-01 5.11776550e+02 4.18728119e+02 7.58831918e-01
    5.16988708e+02 4.23940247e+02 6.68590724e-01</data></hand_left_0>
</opencv_storage>
