<?xml version="1.0"?>
<opencv_storage>
<hand_left_0 type_id="opencv-nd-matrix">
  <sizes>
    1 21 3</sizes>
  <dt>f</dt>
  <data>
    4.59101990e+02 3.87662964e+02 5.95979273e-01 4.46965515e+02
    4.01227264e+02 6.04994178e-01 4.39826416e+02 4.19788910e+02
    6.23234987e-01 4.40540344e+02 4.33353180e+02 5.63908339e-01
    4.44109894e+02 4.47631378e+02 5.12892187e-01 4.53390717e+02
    4.14791534e+02 6.05926752e-01 4.42682068e+02 4.25500183e+02
    4.16605473e-01 4.42682068e+02 4.38350555e+02 4.80843306e-01
    4.44823792e+02 4.49773102e+02 5.46821833e-01 4.69096741e+02
    4.09080261e+02 6.45095408e-01 4.76235840e+02 4.21930634e+02
    4.84178364e-01 4.63385437e+02 4.39064453e+02 4.81580704e-01
    4.61243713e+02 4.51200928e+02 6.13324642e-01 4.82661011e+02
    4.04082886e+02 7.11073220e-01 4.93369659e+02 4.19788910e+02
    5.71597159e-01 4.99080933e+02 4.29783630e+02 5.65531969e-01
    5.05506134e+02 4.39778381e+02 5.95314145e-01 4.97653107e+02
    3.96943787e+02 6.86849296e-01 5.05506134e+02 3.99799438e+02
    8.24569404e-01 5.11217407e+02 4.04796814e+02 8.31663132e-01
    5.16214783e+02 4.10508087e+02 7.77412891e-01</data></hand_left_0>
</opencv_storage>
