<?xml version="1.0"?>
<opencv_storage>
<hand_right_0 type_id="opencv-nd-matrix">
  <sizes>
    1 21 3</sizes>
  <dt>f</dt>
  <data>
    4.62420197e+02 4.08936432e+02 6.65581286e-01 4.79186646e+02
    4.14740204e+02 7.57163703e-01 4.98532593e+02 4.23768311e+02
    7.92702019e-01 5.08850403e+02 4.36665588e+02 7.57943153e-01
    5.17878540e+02 4.46338562e+02 7.96164632e-01 4.86280151e+02
    4.31506683e+02 7.11961567e-01 4.94663391e+02 4.48918030e+02
    8.30706954e-01 5.00467163e+02 4.62460175e+02 8.20111573e-01
    5.04336365e+02 4.74712585e+02 9.16713715e-01 4.72093140e+02
    4.34731018e+02 8.13252389e-01 4.79831512e+02 4.53432068e+02
    6.16558433e-01 4.85635315e+02 4.66329346e+02 6.03890538e-01
    4.86925018e+02 4.76002319e+02 4.79559422e-01 4.57261261e+02
    4.36020721e+02 6.99315190e-01 4.59840729e+02 4.50207733e+02
    6.99861825e-01 4.63065063e+02 4.65039612e+02 7.73198247e-01
    4.61775330e+02 4.79226654e+02 7.03403234e-01 4.41784515e+02
    4.35375854e+02 6.42599881e-01 4.41784515e+02 4.48918030e+02
    7.80867577e-01 4.41784515e+02 4.59880707e+02 8.13649952e-01
    4.41784515e+02 4.70198547e+02 8.16147685e-01</data></hand_right_0>
</opencv_storage>
