<?xml version="1.0"?>
<opencv_storage>
<hand_left_0 type_id="opencv-nd-matrix">
  <sizes>
    1 21 3</sizes>
  <dt>f</dt>
  <data>
    4.56718414e+02 4.05103424e+02 5.42634070e-01 4.44409058e+02
    4.18860931e+02 6.58007622e-01 4.34996033e+02 4.39135132e+02
    5.10323346e-01 4.31375641e+02 4.50720428e+02 4.04018372e-01
    4.13273651e+02 4.48548187e+02 6.06451452e-01 4.50925781e+02
    4.34790680e+02 5.56857765e-01 4.39340515e+02 4.46375946e+02
    5.27288914e-01 4.40064606e+02 4.59409363e+02 6.33456111e-01
    4.42960907e+02 4.70994629e+02 7.02216208e-01 4.66855530e+02
    4.31170288e+02 6.22673690e-01 4.57442505e+02 4.47100006e+02
    3.92160654e-01 4.61062897e+02 4.60133453e+02 5.60427129e-01
    4.61786987e+02 4.73890961e+02 7.34947085e-01 4.81337128e+02
    4.25377625e+02 6.51809752e-01 4.92922394e+02 4.42031464e+02
    6.11620784e-01 4.97990936e+02 4.53616730e+02 5.44630647e-01
    5.02335419e+02 4.65201996e+02 5.98906040e-01 4.96542786e+02
    4.17412781e+02 6.88145280e-01 5.05955811e+02 4.22481323e+02
    7.02725768e-01 5.13920715e+02 4.27549866e+02 7.77723074e-01
    5.16817017e+02 4.34066589e+02 6.60402656e-01</data></hand_left_0>
</opencv_storage>
