<?xml version="1.0"?>
<opencv_storage>
<hand_left_0 type_id="opencv-nd-matrix">
  <sizes>
    1 21 3</sizes>
  <dt>f</dt>
  <data>
    4.63544983e+02 4.39674622e+02 5.06001830e-01 4.50281311e+02
    4.49320953e+02 5.55604935e-01 4.44252350e+02 4.61378876e+02
    5.29104710e-01 4.40032074e+02 4.74642548e+02 6.57806277e-01
    4.17724945e+02 4.78259949e+02 5.14109373e-01 4.59324738e+02
    4.60775970e+02 3.84398162e-01 4.58118927e+02 4.79465729e+02
    6.34317696e-01 4.58721832e+02 4.89714935e+02 6.63890719e-01
    4.58721832e+02 4.93935211e+02 5.40950119e-01 475. 4.57761475e+02
    5.56824088e-01 4.77411591e+02 4.79465729e+02 4.76620585e-01
    4.76808685e+02 4.84891785e+02 4.27702725e-01 4.87660828e+02
    4.95743896e+02 4.54776287e-01 4.89469513e+02 4.55349915e+02
    5.84725738e-01 5.00321625e+02 4.69216492e+02 4.72421348e-01
    5.09365051e+02 4.80068634e+02 5.01329422e-01 5.03336090e+02
    4.92729431e+02 5.78564644e-01 5.02733215e+02 4.50526733e+02
    7.81761706e-01 5.12982422e+02 4.59570160e+02 7.34768510e-01
    5.19011353e+02 4.64996246e+02 7.57482469e-01 5.26246155e+02
    4.69819397e+02 7.93751776e-01</data></hand_left_0>
</opencv_storage>
