<?xml version="1.0"?>
<opencv_storage>
<pose_0 type_id="opencv-nd-matrix">
  <sizes>
    1 18 3</sizes>
  <dt>f</dt>
  <data>
    4.79397644e+02 1.64341202e+02 7.87097573e-01 4.73453613e+02
    1.01820503e+02 8.16526473e-01 3.67812866e+02 1.01735680e+02
    6.85626626e-01 4.12805695e+02 2.89654968e+02 7.57678270e-01
    4.59751129e+02 4.12847900e+02 8.72216344e-01 5.73281250e+02
    1.11538429e+02 6.56362176e-01 5.30194031e+02 3.03214233e+02
    7.59131789e-01 4.95039917e+02 4.18713654e+02 6.41988397e-01
    3.75635773e+02 2.95417969e+02 3.93647879e-01 3.22840057e+02
    4.32429779e+02 4.86825228e-01 2.87615173e+02 4.77378235e+02
    1.40612066e-01 4.89156616e+02 3.05234650e+02 4.25850362e-01
    5.41959961e+02 4.51943451e+02 1.30809635e-01 0. 0. 0. 4.65624878e+02
    1.46800003e+02 7.03929722e-01 4.98902069e+02 1.46722626e+02
    6.07002497e-01 4.14717224e+02 8.41545486e+01 5.55731058e-01
    5.26301392e+02 8.41090393e+01 3.77407372e-01</data></pose_0>
</opencv_storage>
