<?xml version="1.0"?>
<opencv_storage>
<hand_right_0 type_id="opencv-nd-matrix">
  <sizes>
    1 21 3</sizes>
  <dt>f</dt>
  <data>
    4.63589264e+02 4.29801117e+02 6.41497612e-01 4.80748962e+02
    4.35718262e+02 6.87260389e-01 5.00867249e+02 4.45777405e+02
    7.66192794e-01 5.09151245e+02 4.58795105e+02 7.37034202e-01
    5.19802124e+02 4.64712250e+02 8.37236345e-01 4.88441254e+02
    4.51694550e+02 7.10112453e-01 4.97908691e+02 4.72404541e+02
    7.45735288e-01 5.02050690e+02 4.83055389e+02 7.26789713e-01
    5.02050690e+02 4.92522827e+02 7.98276544e-01 4.73056702e+02
    4.52877991e+02 7.51480341e-01 4.81340698e+02 4.68854248e+02
    6.54312909e-01 4.86666107e+02 4.83055389e+02 5.63106179e-01
    4.89032990e+02 4.91931122e+02 5.62395334e-01 4.58855560e+02
    4.55244843e+02 7.57932603e-01 4.60038971e+02 4.65895691e+02
    5.54958463e-01 4.63589264e+02 4.78321686e+02 6.15296245e-01
    4.64180969e+02 4.87789124e+02 6.40634775e-01 4.45246124e+02
    4.55836548e+02 6.64948165e-01 4.43470978e+02 4.63528839e+02
    7.25051641e-01 4.41695831e+02 4.71221130e+02 6.48202062e-01
    4.41695831e+02 4.81280243e+02 6.71112597e-01</data></hand_right_0>
</opencv_storage>
