<?xml version="1.0"?>
<opencv_storage>
<hand_left_0 type_id="opencv-nd-matrix">
  <sizes>
    1 21 3</sizes>
  <dt>f</dt>
  <data>
    4.61807373e+02 3.93974976e+02 5.28157771e-01 4.50045502e+02
    4.05736847e+02 6.27023578e-01 4.40243958e+02 4.22726196e+02
    5.75438261e-01 4.26521790e+02 4.35141479e+02 8.19467485e-01
    4.14759918e+02 4.42982727e+02 8.86942506e-01 4.53312683e+02
    4.23379639e+02 4.93124098e-01 4.42857697e+02 4.33181183e+02
    5.35914004e-01 4.42204254e+02 4.46249908e+02 7.91248322e-01
    4.44818024e+02 4.59972076e+02 7.31983244e-01 4.68341736e+02
    4.20112457e+02 6.96288824e-01 4.62460785e+02 4.36448364e+02
    4.63406622e-01 4.62460785e+02 4.50823975e+02 7.26076126e-01
    4.58540192e+02 4.66506439e+02 7.01642334e-01 4.84677643e+02
    4.16191833e+02 6.38592601e-01 4.93825745e+02 4.35141479e+02
    6.56130075e-01 4.99053253e+02 4.47556793e+02 5.39802969e-01
    5.06241058e+02 4.58665192e+02 6.57302856e-01 4.99706696e+02
    4.10964325e+02 7.39947617e-01 5.09508240e+02 4.24033081e+02
    6.18048549e-01 5.14735718e+02 4.27953674e+02 6.78054571e-01
    5.18002930e+02 4.31220856e+02 5.43845177e-01</data></hand_left_0>
</opencv_storage>
