<?xml version="1.0"?>
<opencv_storage>
<hand_right_0 type_id="opencv-nd-matrix">
  <sizes>
    1 21 3</sizes>
  <dt>f</dt>
  <data>
    4.60446564e+02 4.00011749e+02 6.66086376e-01 4.79729340e+02
    4.06231995e+02 7.36361682e-01 4.99012085e+02 4.14940338e+02
    7.93375850e-01 5.08964478e+02 4.26758820e+02 7.79492378e-01
    5.18916870e+02 4.36711212e+02 8.11782539e-01 4.86571594e+02
    4.23648682e+02 7.34901607e-01 4.95279938e+02 4.39821350e+02
    8.32507670e-01 5.00256134e+02 4.52883850e+02 8.22868884e-01
    5.04610321e+02 4.64702332e+02 9.37236547e-01 4.71643005e+02
    4.25514771e+02 8.10611486e-01 4.80351349e+02 4.43553497e+02
    7.33434618e-01 4.85327545e+02 4.55371948e+02 6.86803997e-01
    4.89681732e+02 4.66568390e+02 6.36110067e-01 4.57958466e+02
    4.28624878e+02 6.63987398e-01 4.60446564e+02 4.40443359e+02
    6.87749505e-01 4.62934662e+02 4.55993988e+02 7.32448101e-01
    4.59824524e+02 4.70300537e+02 6.98554873e-01 4.41785828e+02
    4.28624878e+02 6.41156495e-01 4.41785828e+02 4.40443359e+02
    7.53637254e-01 4.41163788e+02 4.50395752e+02 7.71422684e-01
    4.40541779e+02 4.60348145e+02 7.90934265e-01</data></hand_right_0>
</opencv_storage>
