<?xml version="1.0"?>
<opencv_storage>
<hand_right_0 type_id="opencv-nd-matrix">
  <sizes>
    1 21 3</sizes>
  <dt>f</dt>
  <data>
    4.61496796e+02 3.84518188e+02 6.09162569e-01 4.78496368e+02
    3.91601318e+02 7.40865886e-01 4.96912567e+02 3.98684479e+02
    7.19939649e-01 5.08953918e+02 4.08600891e+02 8.88562799e-01
    5.20286987e+02 4.18517334e+02 8.41142595e-01 4.85579529e+02
    4.07892578e+02 7.07428873e-01 4.94079315e+02 4.21350586e+02
    7.20326900e-01 5.02579102e+02 4.36225220e+02 8.23398411e-01
    5.06120667e+02 4.46141632e+02 8.40924203e-01 4.69996582e+02
    4.09309204e+02 7.58237779e-01 4.77079742e+02 4.24892151e+02
    7.26067722e-01 4.85579529e+02 4.37641846e+02 7.22408414e-01
    4.92662659e+02 4.51099823e+02 7.77779758e-01 4.55830261e+02
    4.14267426e+02 6.63698375e-01 4.57246887e+02 4.24892151e+02
    6.51199222e-01 4.60080170e+02 4.39058472e+02 8.57447445e-01
    4.63621735e+02 4.53224792e+02 7.72511542e-01 4.40247314e+02
    4.14975739e+02 7.42063463e-01 4.40247314e+02 4.27725433e+02
    8.07669282e-01 4.40955627e+02 4.38350159e+02 7.77402699e-01
    4.45205536e+02 4.51099823e+02 7.13171124e-01</data></hand_right_0>
</opencv_storage>
