<?xml version="1.0"?>
<opencv_storage>
<hand_right_0 type_id="opencv-nd-matrix">
  <sizes>
    1 21 3</sizes>
  <dt>f</dt>
  <data>
    4.57764282e+02 3.89602448e+02 5.51467001e-01 4.76589172e+02
    3.93946655e+02 6.94638491e-01 4.96862152e+02 4.00462982e+02
    6.54371262e-01 5.07722656e+02 4.08427338e+02 8.10007572e-01
    5.19307190e+02 4.18563843e+02 8.05059910e-01 4.86001617e+02
    4.09151367e+02 6.81177616e-01 4.96862152e+02 4.25080139e+02
    7.96268523e-01 5.05550568e+02 4.37388733e+02 8.78211975e-01
    5.09170715e+02 4.48249237e+02 8.53802681e-01 4.71520935e+02
    4.14219635e+02 7.74992108e-01 4.80209351e+02 4.27976288e+02
    6.17247522e-01 4.89621796e+02 4.42456970e+02 7.80488312e-01
    4.98310211e+02 4.54041534e+02 8.80240381e-01 4.54868134e+02
    4.17839783e+02 6.71874583e-01 4.59936371e+02 4.30148376e+02
    7.12169111e-01 4.65728668e+02 4.43905029e+02 8.11778128e-01
    4.68624786e+02 4.56937653e+02 7.58998871e-01 4.38215363e+02
    4.18563843e+02 6.85971737e-01 4.41111481e+02 4.33768555e+02
    7.77349591e-01 4.43283600e+02 4.45353119e+02 8.09234500e-01
    4.46179718e+02 4.55489594e+02 8.08077574e-01</data></hand_right_0>
</opencv_storage>
