<?xml version="1.0"?>
<opencv_storage>
<pose_0 type_id="opencv-nd-matrix">
  <sizes>
    1 18 3</sizes>
  <dt>f</dt>
  <data>
    5.06700867e+02 1.15465881e+02 7.51771808e-01 4.73470459e+02
    7.04662323e+01 7.55969226e-01 3.73716980e+02 6.85366058e+01
    6.25513673e-01 4.14791779e+02 2.58303253e+02 8.04344296e-01
    4.59719635e+02 3.83466827e+02 8.54003668e-01 5.75193481e+02
    8.60668335e+01 6.75167024e-01 5.28271362e+02 2.71974976e+02
    7.49093533e-01 5.00842438e+02 3.91300262e+02 5.73022723e-01
    3.81536194e+02 2.93491821e+02 4.29873586e-01 3.26754211e+02
    4.30419281e+02 4.64241713e-01 2.13242661e+02 4.92986237e+02
    1.97458059e-01 4.92993164e+02 3.09140045e+02 4.00137186e-01
    5.22440918e+02 3.89389343e+02 5.78634925e-02 0. 0. 0. 4.94994995e+02
    9.77958069e+01 6.66034341e-01 5.22372314e+02 9.78026428e+01
    3.50449115e-01 4.59783020e+02 5.67206230e+01 2.41431549e-01 0. 0. 0.</data></pose_0>
</opencv_storage>
