<?xml version="1.0"?>
<opencv_storage>
<pose_0 type_id="opencv-nd-matrix">
  <sizes>
    2 18 3</sizes>
  <dt>f</dt>
  <data>
    4.96956238e+02 1.52631058e+02 7.62136459e-01 4.73447937e+02
    9.77842178e+01 7.82765508e-01 3.67817322e+02 9.58553009e+01
    6.57348871e-01 4.10885529e+02 2.83716156e+02 7.38985240e-01
    4.59713196e+02 4.08938629e+02 8.73400807e-01 5.75185974e+02
    1.01820389e+02 6.56857193e-01 5.36023926e+02 2.93528564e+02
    7.57874191e-01 4.96926575e+02 4.14811157e+02 6.85593963e-01
    3.77613983e+02 2.91517456e+02 4.08469945e-01 3.24791199e+02
    4.32437531e+02 4.09015208e-01 2.83678741e+02 4.81323242e+02
    1.24973476e-01 4.89115204e+02 3.05222992e+02 4.11581248e-01
    5.45853394e+02 4.59776886e+02 7.74204284e-02 0. 0. 0. 4.87145599e+02
    1.33084930e+02 7.68993020e-01 5.12662170e+02 1.33094025e+02
    6.65064573e-01 4.28436340e+02 7.23924026e+01 6.48411095e-01
    5.41963928e+02 8.80731888e+01 1.10295221e-01 0. 0. 0. 0. 0. 0. 0. 0.
    0. 0. 0. 0. 0. 0. 0. 0. 0. 0. 0. 0. 0. 0. 0. 0. 0. 0. 0. 0. 0. 0. 0.
    0. 0. 6.86738586e+02 4.83254700e+02 5.61407693e-02 9.66531494e+02
    5.22398682e+02 1.26687467e-01 1.12108960e+03 5.28254395e+02
    3.28904241e-01 0. 0. 0. 0. 0. 0. 0. 0. 0. 0. 0. 0.</data></pose_0>
</opencv_storage>
