<?xml version="1.0"?>
<opencv_storage>
<hand_right_0 type_id="opencv-nd-matrix">
  <sizes>
    1 21 3</sizes>
  <dt>f</dt>
  <data>
    4.59766693e+02 4.06831757e+02 5.11295438e-01 4.78181396e+02
    4.13461060e+02 6.71322942e-01 4.98805878e+02 4.21563538e+02
    6.41525984e-01 5.07644958e+02 4.29666016e+02 7.56003261e-01
    5.16484009e+02 4.37031891e+02 7.13238537e-01 4.85547302e+02
    4.28192841e+02 6.58219457e-01 4.95122955e+02 4.42924622e+02
    8.14982593e-01 5.02488831e+02 4.57656403e+02 8.58820915e-01
    5.06908356e+02 4.67232056e+02 8.48151922e-01 4.70815521e+02
    4.30402618e+02 7.50873804e-01 4.78181396e+02 4.45870972e+02
    7.31164038e-01 4.88493652e+02 4.59866150e+02 7.74219751e-01
    4.95859528e+02 4.71651581e+02 8.57414961e-01 4.54610565e+02
    4.34085541e+02 6.52623057e-01 4.58293488e+02 4.46607574e+02
    7.19100356e-01 4.61976440e+02 4.62075928e+02 7.91874826e-01
    4.66395966e+02 4.72388184e+02 7.38069832e-01 4.40615356e+02
    4.35558716e+02 6.36206269e-01 4.37669006e+02 4.48080750e+02
    7.82710135e-01 4.39142181e+02 4.59129578e+02 7.76697397e-01
    4.42825134e+02 4.70914978e+02 7.90074050e-01</data></hand_right_0>
</opencv_storage>
