<?xml version="1.0"?>
<opencv_storage>
<hand_left_0 type_id="opencv-nd-matrix">
  <sizes>
    1 21 3</sizes>
  <dt>f</dt>
  <data>
    4.60839661e+02 3.94945984e+02 5.34020185e-01 4.47760712e+02
    4.06648193e+02 6.08441174e-01 4.38123627e+02 4.23857330e+02
    4.26727802e-01 4.28486511e+02 4.32806061e+02 4.84628290e-01
    4.14719208e+02 4.37624634e+02 7.82217622e-01 4.51202545e+02
    4.22480591e+02 5.33255339e-01 4.40877075e+02 4.34871155e+02
    6.84956789e-01 4.42253815e+02 4.47950104e+02 7.73935676e-01
    4.45695618e+02 4.59652313e+02 8.43594730e-01 4.67034943e+02
    4.19038788e+02 6.23915434e-01 4.60839661e+02 4.36247894e+02
    4.98900056e-01 4.62904755e+02 4.50015198e+02 6.59121931e-01
    4.63593109e+02 4.63782501e+02 7.26888716e-01 4.84244080e+02
    4.14908569e+02 5.93823373e-01 4.94569550e+02 4.32117706e+02
    5.41444421e-01 4.89751007e+02 4.47950104e+02 4.99012321e-01
    4.91127716e+02 4.58963959e+02 5.46830058e-01 5.00076477e+02
    4.08024933e+02 6.81582093e-01 5.08336853e+02 4.13531860e+02
    6.40836298e-01 5.16597229e+02 4.20415497e+02 7.07952619e-01
    5.21415771e+02 4.26610779e+02 6.34793580e-01</data></hand_left_0>
</opencv_storage>
