<?xml version="1.0"?>
<opencv_storage>
<hand_left_0 type_id="opencv-nd-matrix">
  <sizes>
    1 21 3</sizes>
  <dt>f</dt>
  <data>
    4.61822144e+02 4.21829376e+02 5.42754471e-01 4.49005615e+02
    4.34645905e+02 6.54393017e-01 4.37613129e+02 4.53870697e+02
    5.62417150e-01 4.26932709e+02 4.58142853e+02 4.51758444e-01
    4.14116180e+02 4.60990967e+02 7.87536323e-01 4.53277802e+02
    4.49598511e+02 5.66774368e-01 4.41173279e+02 4.59566925e+02
    5.28026402e-01 4.42597351e+02 4.73095490e+02 6.88208222e-01
    4.44733429e+02 4.83063904e+02 7.76871324e-01 4.66806335e+02
    4.44614319e+02 6.62195504e-01 4.60398071e+02 4.60990967e+02
    4.18636471e-01 4.63246185e+02 4.73807526e+02 4.75720882e-01
    4.66094330e+02 4.87336060e+02 7.54992068e-01 4.83183014e+02
    4.41054169e+02 6.03726685e-01 4.91727386e+02 4.56006775e+02
    6.12548769e-01 4.99559692e+02 4.70959381e+02 6.36763334e-01
    5.05967957e+02 4.82351868e+02 6.56856358e-01 4.96711578e+02
    4.33221832e+02 6.51141047e-01 5.05967957e+02 4.38206055e+02
    8.79044533e-01 5.12376221e+02 4.43902283e+02 8.49935770e-01
    5.17360413e+02 4.51022583e+02 7.88748085e-01</data></hand_left_0>
</opencv_storage>
