<?xml version="1.0"?>
<opencv_storage>
<hand_right_0 type_id="opencv-nd-matrix">
  <sizes>
    1 21 3</sizes>
  <dt>f</dt>
  <data>
    4.58325989e+02 3.84112457e+02 6.74302459e-01 4.76497437e+02
    3.89751892e+02 7.17757404e-01 4.94042297e+02 3.96017914e+02
    7.05744505e-01 5.04694550e+02 4.05416931e+02 7.75202215e-01
    5.17226563e+02 4.14189362e+02 8.60681057e-01 4.84016663e+02
    4.02910522e+02 6.29495025e-01 4.94042297e+02 4.18575562e+02
    8.06473732e-01 5.01561523e+02 4.32987427e+02 7.62417912e-01
    5.04067932e+02 4.44266266e+02 8.47610474e-01 4.69604828e+02
    4.06043549e+02 7.26664603e-01 4.79003845e+02 4.22335175e+02
    6.66563511e-01 4.87776276e+02 4.34867218e+02 6.62343562e-01
    4.94042297e+02 4.48025879e+02 7.37024069e-01 4.57072784e+02
    4.09803162e+02 6.62927926e-01 4.58325989e+02 4.20455383e+02
    5.83419919e-01 4.65218628e+02 4.36120422e+02 6.47598922e-01
    4.63965424e+02 4.48652466e+02 5.43301225e-01 4.42660950e+02
    4.12936157e+02 7.30448008e-01 4.41407745e+02 4.22335175e+02
    6.79655612e-01 4.40154541e+02 4.30481018e+02 6.99310422e-01
    4.40154541e+02 4.39880035e+02 7.46534646e-01</data></hand_right_0>
</opencv_storage>
