<?xml version="1.0"?>
<opencv_storage>
<hand_right_0 type_id="opencv-nd-matrix">
  <sizes>
    1 21 3</sizes>
  <dt>f</dt>
  <data>
    4.60600128e+02 4.01060883e+02 6.92092001e-01 4.79689758e+02
    4.07218842e+02 7.33210385e-01 4.99395142e+02 4.15839966e+02
    7.87109017e-01 5.09247864e+02 4.28155823e+02 7.41890788e-01
    5.17253174e+02 4.38624329e+02 7.61972785e-01 4.86463470e+02
    4.24461060e+02 7.30388522e-01 4.95084595e+02 4.39855927e+02
    8.10304224e-01 5.00626740e+02 4.54634979e+02 8.44736099e-01
    5.04937286e+02 4.65103485e+02 9.21812117e-01 4.71684418e+02
    4.26308441e+02 7.84866631e-01 4.80305542e+02 4.44782288e+02
    7.34685123e-01 4.85231903e+02 4.59561340e+02 6.18011951e-01
    4.88926666e+02 4.68798248e+02 4.69572425e-01 4.56905365e+02
    4.30003204e+02 6.72523379e-01 4.59984344e+02 4.41087524e+02
    6.89945102e-01 4.62447510e+02 4.56482361e+02 7.40042090e-01
    4.60600128e+02 4.70645630e+02 6.75530910e-01 4.42126312e+02
    4.30003204e+02 6.73481822e-01 4.40894714e+02 4.41703308e+02
    7.53577232e-01 4.40894714e+02 4.52787598e+02 7.45164216e-01
    4.40894714e+02 4.62640289e+02 7.79365480e-01</data></hand_right_0>
</opencv_storage>
