<?xml version="1.0"?>
<opencv_storage>
<hand_right_0 type_id="opencv-nd-matrix">
  <sizes>
    1 21 3</sizes>
  <dt>f</dt>
  <data>
    4.58120544e+02 3.84215912e+02 6.59325242e-01 4.73951935e+02
    3.89915192e+02 7.25945354e-01 4.93582886e+02 3.95614502e+02
    7.11188972e-01 5.04348267e+02 4.05746613e+02 8.33488286e-01
    5.15113586e+02 4.13978943e+02 8.64976525e-01 4.84084045e+02
    4.03846832e+02 6.50218070e-01 4.94216156e+02 4.20311523e+02
    7.82657087e-01 5.01181976e+02 4.32976654e+02 8.14188242e-01
    5.04348267e+02 4.43742004e+02 9.18820858e-01 4.69519165e+02
    4.07646393e+02 7.31273353e-01 4.79651245e+02 4.23477783e+02
    6.78135455e-01 4.87250336e+02 4.37409424e+02 6.28903151e-01
    4.91049866e+02 4.48174805e+02 6.37464702e-01 4.56854034e+02
    4.11445923e+02 6.14763260e-01 4.58753784e+02 4.23477783e+02
    6.66096210e-01 4.64453094e+02 4.37409424e+02 6.55616939e-01
    4.63819855e+02 4.48808044e+02 5.87428987e-01 4.42922394e+02
    4.13345703e+02 7.03143179e-01 4.41022614e+02 4.24111053e+02
    6.40638351e-01 4.41022614e+02 4.33609894e+02 7.08575487e-01
    4.41655884e+02 4.41842224e+02 6.47865951e-01</data></hand_right_0>
</opencv_storage>
