<?xml version="1.0"?>
<opencv_storage>
<pose_0 type_id="opencv-nd-matrix">
  <sizes>
    1 18 3</sizes>
  <dt>f</dt>
  <data>
    4.59851013e+02 1.09548630e+02 7.77446508e-01 4.73453674e+02
    7.04712219e+01 7.77348697e-01 3.73706635e+02 6.84864349e+01
    7.01153338e-01 4.18696472e+02 2.54354004e+02 7.20305324e-01
    4.59846466e+02 3.83480865e+02 8.45148921e-01 5.71274353e+02
    8.41467819e+01 6.96849465e-01 5.26339355e+02 2.69936554e+02
    7.88350821e-01 4.96966644e+02 3.95205048e+02 5.53475738e-01
    3.81555328e+02 2.91516632e+02 3.99592817e-01 3.22838745e+02
    4.46103271e+02 1.70638129e-01 0. 0. 0. 4.89137909e+02 3.03228088e+02
    4.28554684e-01 5.22385132e+02 3.93255463e+02 6.71041459e-02 0. 0. 0.
    4.44051697e+02 8.60604019e+01 7.86816537e-01 4.77485168e+02
    8.60319366e+01 8.12287211e-01 4.12697815e+02 6.45741959e+01
    1.95325732e-01 5.22280212e+02 1.75852928e+01 7.11036325e-01</data></pose_0>
</opencv_storage>
