<?xml version="1.0"?>
<opencv_storage>
<hand_left_0 type_id="opencv-nd-matrix">
  <sizes>
    1 21 3</sizes>
  <dt>f</dt>
  <data>
    4.59449402e+02 4.04657684e+02 5.31301260e-01 4.46728027e+02
    4.17379089e+02 6.40208900e-01 4.36833618e+02 4.35047668e+02
    5.59861600e-01 4.34006653e+02 4.49182526e+02 4.48696285e-01
    4.13511078e+02 4.45648804e+02 7.21188366e-01 4.50261749e+02
    4.35047668e+02 5.37378192e-01 4.40367340e+02 4.45648804e+02
    4.79226947e-01 4.39660583e+02 4.56956696e+02 6.55532420e-01
    4.42487579e+02 4.68971344e+02 7.39032149e-01 4.65810089e+02
    4.30100464e+02 6.31266057e-01 4.60156158e+02 4.46355560e+02
    4.26347613e-01 4.62983124e+02 4.61903900e+02 5.94028592e-01
    4.63689850e+02 4.73918549e+02 7.97162354e-01 4.79944946e+02
    4.27980225e+02 6.44349813e-01 4.89132629e+02 4.44235321e+02
    6.73269153e-01 4.95493317e+02 4.58370178e+02 6.42723858e-01
    5.01854004e+02 4.70384827e+02 5.58988273e-01 4.96906799e+02
    4.21619537e+02 7.80593932e-01 5.06094452e+02 4.27980225e+02
    7.51790941e-01 5.12455139e+02 4.33634155e+02 8.40913057e-01
    5.15988892e+02 4.39994873e+02 7.18234181e-01</data></hand_left_0>
</opencv_storage>
