<?xml version="1.0"?>
<opencv_storage>
<pose_0 type_id="opencv-nd-matrix">
  <sizes>
    1 18 3</sizes>
  <dt>f</dt>
  <data>
    4.18726563e+02 1.05639435e+02 8.02670598e-01 4.42155975e+02
    8.21237640e+01 7.78687954e-01 3.50280975e+02 8.41574020e+01
    7.86757827e-01 4.08947449e+02 2.44612793e+02 7.94898868e-01
    4.59787811e+02 3.81521393e+02 8.55457425e-01 5.32143250e+02
    8.41711197e+01 7.32276320e-01 5.06761749e+02 2.58202667e+02
    8.60948324e-01 4.91157501e+02 3.97234497e+02 6.33835793e-01
    3.77572540e+02 2.79782593e+02 4.41208214e-01 3.34510284e+02
    4.30396698e+02 5.94420373e-01 3.05208130e+02 4.81303589e+02
    1.07354432e-01 4.73448425e+02 2.85667999e+02 4.83204603e-01
    5.22429077e+02 3.99136261e+02 1.05703324e-01 0. 0. 0. 4.05017212e+02
    8.02393646e+01 7.66270995e-01 4.46071106e+02 8.80015335e+01
    8.54351938e-01 3.79566132e+02 2.14241219e+01 7.31341839e-01
    4.93040070e+02 5.28584518e+01 6.09959900e-01</data></pose_0>
</opencv_storage>
