<?xml version="1.0"?>
<opencv_storage>
<hand_right_0 type_id="opencv-nd-matrix">
  <sizes>
    1 21 3</sizes>
  <dt>f</dt>
  <data>
    4.60231995e+02 4.21100494e+02 5.54084837e-01 4.78140747e+02
    4.26831299e+02 7.03573585e-01 4.99631256e+02 4.33994812e+02
    7.20638275e-01 5.11092865e+02 4.41874664e+02 7.81024337e-01
    5.19689087e+02 4.48321808e+02 6.96091473e-01 4.86020599e+02
    4.41874664e+02 6.27926826e-01 4.96765869e+02 4.56918030e+02
    7.44920731e-01 5.05362061e+02 4.70528687e+02 8.16593289e-01
    5.10376526e+02 4.81273926e+02 8.32666159e-01 4.70977234e+02
    4.44740051e+02 7.25482225e-01 4.79573456e+02 4.59067078e+02
    6.75330877e-01 4.89602356e+02 4.71961365e+02 7.74245322e-01
    4.97482208e+02 4.85572052e+02 8.53855491e-01 4.55217529e+02
    4.48321808e+02 6.86193824e-01 4.60231995e+02 4.59783417e+02
    7.04500794e-01 4.64530090e+02 4.74826782e+02 7.65131474e-01
    4.68111847e+02 4.86288391e+02 6.91860795e-01 4.40890533e+02
    4.50470856e+02 6.27876043e-01 4.39457825e+02 4.64081512e+02
    7.75056005e-01 4.43039581e+02 4.74110443e+02 7.33402073e-01
    4.44472290e+02 4.83422974e+02 7.71600008e-01</data></hand_right_0>
</opencv_storage>
