<?xml version="1.0"?>
<opencv_storage>
<hand_right_0 type_id="opencv-nd-matrix">
  <sizes>
    1 21 3</sizes>
  <dt>f</dt>
  <data>
    4.58990326e+02 4.12068634e+02 5.43090999e-01 4.77416290e+02
    4.18446869e+02 7.21512139e-01 4.98677032e+02 4.24825073e+02
    6.99462652e-01 5.10016083e+02 4.34746765e+02 7.56837845e-01
    5.17811707e+02 4.41124969e+02 7.50753343e-01 4.85211914e+02
    4.33329376e+02 5.76507568e-01 4.94424896e+02 4.46794495e+02
    7.49622464e-01 5.03637878e+02 4.62385712e+02 8.13226759e-01
    5.07890015e+02 4.73016083e+02 7.89587855e-01 4.69620697e+02
    4.35455444e+02 7.34476626e-01 4.78125000e+02 4.50337952e+02
    6.97334468e-01 4.88046661e+02 4.63803101e+02 7.33814001e-01
    4.95842285e+02 4.75850830e+02 8.62841725e-01 4.54738190e+02
    4.38998901e+02 6.53595746e-01 4.58990326e+02 4.51046661e+02
    6.89307332e-01 4.63242493e+02 4.65220459e+02 7.91256070e-01
    4.66785950e+02 4.77976929e+02 6.98857903e-01 4.40564362e+02
    4.41124969e+02 6.77831471e-01 4.37729614e+02 4.52464020e+02
    8.27386677e-01 4.39146973e+02 4.63803101e+02 7.60697126e-01
    4.42690430e+02 4.74433472e+02 8.26272011e-01</data></hand_right_0>
</opencv_storage>
