<?xml version="1.0"?>
<opencv_storage>
<hand_left_0 type_id="opencv-nd-matrix">
  <sizes>
    1 21 3</sizes>
  <dt>f</dt>
  <data>
    4.62202881e+02 3.80631531e+02 5.86855531e-01 4.49363525e+02
    3.91544983e+02 6.36402488e-01 4.40375946e+02 4.08236145e+02
    6.05240166e-01 4.26894623e+02 4.17865662e+02 8.17260683e-01
    4.14055267e+02 4.24927307e+02 8.12663436e-01 4.51289429e+02
    4.11445984e+02 4.78409678e-01 4.43585815e+02 4.18507629e+02
    4.68170494e-01 4.41017914e+02 4.30705017e+02 7.88264573e-01
    4.37808075e+02 4.39692566e+02 6.87556386e-01 4.67338623e+02
    4.08236145e+02 7.09888279e-01 4.62202881e+02 4.26211243e+02
    4.28367227e-01 4.60276978e+02 4.39050598e+02 6.53393686e-01
    4.50647461e+02 4.54457825e+02 6.45810902e-01 4.82745850e+02
    4.06310242e+02 7.06544518e-01 4.92375366e+02 4.24927307e+02
    6.99443102e-01 4.97511108e+02 4.36482727e+02 5.32440424e-01
    5.02004883e+02 4.48038147e+02 6.62261844e-01 4.97511108e+02
    3.97322693e+02 7.22965479e-01 5.04572754e+02 4.11445984e+02
    7.23503470e-01 5.10350464e+02 4.15939758e+02 7.28628695e-01
    5.16128174e+02 4.16581726e+02 6.14011645e-01</data></hand_left_0>
</opencv_storage>
