<?xml version="1.0"?>
<opencv_storage>
<pose_0 type_id="opencv-nd-matrix">
  <sizes>
    1 18 3</sizes>
  <dt>f</dt>
  <data>
    4.53901001e+02 1.60474228e+02 6.83082700e-01 4.63735291e+02
    9.78430939e+01 8.17153394e-01 3.67800018e+02 9.77882309e+01
    6.71876907e-01 4.08890778e+02 2.81731110e+02 6.86303735e-01
    4.59710693e+02 4.08928741e+02 8.65603924e-01 5.71251160e+02
    1.01774574e+02 6.81865811e-01 5.36068604e+02 2.93492889e+02
    7.74164855e-01 4.96965851e+02 4.14759277e+02 7.02685058e-01
    3.77577576e+02 2.89590759e+02 4.03793246e-01 3.24756012e+02
    4.30411011e+02 5.21291494e-01 2.87595398e+02 4.77437469e+02
    1.16619214e-01 4.91050659e+02 3.11087036e+02 3.91146332e-01
    5.45846191e+02 4.44137177e+02 8.22008625e-02 0. 0. 0. 4.44095917e+02
    1.44756927e+02 5.31536341e-01 4.65704498e+02 1.46787140e+02
    4.29633945e-01 4.14755249e+02 8.21548920e+01 1.70554504e-01
    5.00850433e+02 7.82646713e+01 2.67798752e-01</data></pose_0>
</opencv_storage>
