<?xml version="1.0"?>
<opencv_storage>
<pose_0 type_id="opencv-nd-matrix">
  <sizes>
    1 18 3</sizes>
  <dt>f</dt>
  <data>
    4.89166229e+02 1.13521027e+02 5.68916917e-01 4.71495819e+02
    6.85213623e+01 7.99135208e-01 3.69793335e+02 6.64861450e+01
    6.36801183e-01 4.14883850e+02 2.58204681e+02 7.64285624e-01
    4.59745880e+02 3.85431152e+02 8.54300737e-01 5.69408813e+02
    8.21170273e+01 6.62776530e-01 5.24384583e+02 2.70015656e+02
    8.10633183e-01 4.93066925e+02 4.01049744e+02 5.31360567e-01
    3.81501892e+02 2.95428406e+02 3.96468014e-01 3.22798492e+02
    4.30400970e+02 4.40217614e-01 0. 0. 0. 4.89135834e+02 3.05214417e+02
    3.95003766e-01 5.22346497e+02 3.99097198e+02 6.87376335e-02 0. 0. 0.
    4.79352386e+02 9.58785095e+01 5.07115364e-01 5.00917450e+02
    9.97596207e+01 4.32980001e-01 4.30463654e+02 3.91710320e+01
    2.30971977e-01 5.34086365e+02 5.47438126e+01 7.00967461e-02</data></pose_0>
</opencv_storage>
