<?xml version="1.0"?>
<opencv_storage>
<pose_0 type_id="opencv-nd-matrix">
  <sizes>
    1 18 3</sizes>
  <dt>f</dt>
  <data>
    4.32385559e+02 1.42856796e+02 8.44906807e-01 4.46148346e+02
    9.78061371e+01 7.90097952e-01 3.54118073e+02 1.01689835e+02
    7.36821473e-01 4.10905853e+02 2.68025543e+02 8.24394584e-01
    4.59824005e+02 4.03088928e+02 7.96382010e-01 5.41979553e+02
    9.97431183e+01 7.08157957e-01 5.10731781e+02 2.73999451e+02
    8.06842804e-01 4.93030823e+02 4.18686493e+02 5.57158291e-01
    3.81466644e+02 2.95452545e+02 4.28673565e-01 3.30657715e+02
    4.48087830e+02 5.74006736e-01 0. 0. 0. 4.77391663e+02 3.01323395e+02
    4.57951844e-01 5.10640900e+02 4.14749817e+02 1.13037050e-01 0. 0. 0.
    4.12790222e+02 1.21314240e+02 7.73944020e-01 4.50039886e+02
    1.17435585e+02 7.98899949e-01 3.81518890e+02 1.01731216e+02
    2.37844929e-01 4.89126251e+02 5.48694420e+01 6.68769717e-01</data></pose_0>
</opencv_storage>
