<?xml version="1.0"?>
<opencv_storage>
<pose_0 type_id="opencv-nd-matrix">
  <sizes>
    1 18 3</sizes>
  <dt>f</dt>
  <data>
    5.00875732e+02 1.76083557e+02 7.40919054e-01 4.71499817e+02
    1.09554008e+02 7.51682758e-01 3.65866241e+02 1.03748230e+02
    6.41642690e-01 4.12759247e+02 3.05206299e+02 7.75419831e-01
    4.57828186e+02 4.16722687e+02 8.80648017e-01 5.71273865e+02
    1.15480850e+02 6.77129984e-01 5.26306396e+02 3.05280884e+02
    7.53419757e-01 4.93087921e+02 4.20641144e+02 6.19036555e-01
    3.75640564e+02 2.91541321e+02 4.02668267e-01 3.20880219e+02
    4.42165680e+02 3.30349296e-01 2.69983246e+02 4.81343567e+02
    8.90231431e-02 4.91038055e+02 3.07175629e+02 4.57496077e-01
    5.43916748e+02 4.51963043e+02 1.61241561e-01 0. 0. 0. 4.91041718e+02
    1.60451752e+02 7.92124093e-01 5.14618713e+02 1.58451172e+02
    3.70618463e-01 4.26476593e+02 9.78587036e+01 5.71891904e-01
    5.39951172e+02 1.03669014e+02 1.03600219e-01</data></pose_0>
</opencv_storage>
