<?xml version="1.0"?>
<opencv_storage>
<pose_0 type_id="opencv-nd-matrix">
  <sizes>
    1 18 3</sizes>
  <dt>f</dt>
  <data>
    4.44180298e+02 9.97109680e+01 8.23468089e-01 4.65680084e+02
    6.84928970e+01 7.37387419e-01 3.67825684e+02 6.84711075e+01
    6.96629524e-01 4.14795593e+02 2.56367523e+02 7.68673897e-01
    4.59754120e+02 3.81534912e+02 8.65667403e-01 5.69372925e+02
    8.21700516e+01 6.48227453e-01 5.28275452e+02 2.68021179e+02
    7.24409699e-01 4.94993622e+02 3.95152252e+02 5.47638118e-01
    3.81506653e+02 2.89545868e+02 4.37756211e-01 3.24781616e+02
    4.28466614e+02 4.84179139e-01 2.81747925e+02 4.79375244e+02
    7.41975233e-02 4.89135590e+02 3.03235352e+02 4.38563347e-01
    5.22431885e+02 3.91313843e+02 6.82384744e-02 0. 0. 0. 4.26482391e+02
    7.23935852e+01 7.73100495e-01 4.63721313e+02 7.62914658e+01
    7.66754746e-01 3.99229401e+02 5.47043419e+01 1.35033116e-01
    5.20374512e+02 2.16191921e+01 7.62731194e-01</data></pose_0>
</opencv_storage>
