<?xml version="1.0"?>
<opencv_storage>
<hand_left_0 type_id="opencv-nd-matrix">
  <sizes>
    1 21 3</sizes>
  <dt>f</dt>
  <data>
    4.58954010e+02 3.97676819e+02 5.58547914e-01 4.47507111e+02
    4.11985443e+02 6.52330756e-01 4.39637360e+02 4.30586670e+02
    5.48659444e-01 4.38206482e+02 4.47041595e+02 6.32923603e-01
    4.46076233e+02 4.62781097e+02 5.26112020e-01 4.54661407e+02
    4.31302094e+02 5.89382470e-01 4.58238586e+02 4.48472473e+02
    4.36821759e-01 4.58238586e+02 4.57773071e+02 2.99141705e-01
    4.49653381e+02 4.66358246e+02 4.36499327e-01 4.69685486e+02
    4.26294067e+02 6.93044603e-01 4.78270660e+02 4.43464447e+02
    6.62214816e-01 4.83994110e+02 4.56342224e+02 3.90958190e-01
    4.66108307e+02 4.67789124e+02 4.66962993e-01 4.83994110e+02
    4.22001495e+02 6.50327504e-01 4.93294739e+02 4.38456421e+02
    7.00314522e-01 4.99018188e+02 4.51334198e+02 6.48313046e-01
    5.04741638e+02 4.60634796e+02 6.95233345e-01 4.98302734e+02
    4.14847168e+02 7.81671166e-01 5.08318787e+02 4.22001495e+02
    7.91258216e-01 5.15473083e+02 4.27009521e+02 8.29801142e-01
    5.19765686e+02 4.34163818e+02 7.71203697e-01</data></hand_left_0>
</opencv_storage>
