<?xml version="1.0"?>
<opencv_storage>
<hand_left_0 type_id="opencv-nd-matrix">
  <sizes>
    1 21 3</sizes>
  <dt>f</dt>
  <data>
    4.59598511e+02 3.95849945e+02 5.66877425e-01 4.47434906e+02
    4.08013580e+02 6.56266451e-01 4.36702271e+02 4.22323730e+02
    5.82344532e-01 4.25254150e+02 4.30909821e+02 5.04110277e-01
    4.13806030e+02 4.36633881e+02 7.75126398e-01 4.48865906e+02
    4.23039215e+02 4.79650587e-01 4.40995331e+02 4.38064880e+02
    6.50654018e-01 4.41710846e+02 4.50228516e+02 7.91260958e-01
    4.43857361e+02 4.60961121e+02 7.82998681e-01 4.65322571e+02
    4.20892700e+02 6.35922253e-01 4.59598511e+02 4.38064880e+02
    5.33046961e-01 4.62460541e+02 4.52375031e+02 6.12025559e-01
    4.64607086e+02 4.65969666e+02 7.55021751e-01 4.82494751e+02
    4.16599670e+02 6.48588359e-01 4.91796356e+02 4.33771851e+02
    6.28326237e-01 4.98235931e+02 4.45935455e+02 5.86701095e-01
    4.88218811e+02 4.63107635e+02 5.65152884e-01 4.98951447e+02
    4.10875610e+02 7.59068370e-01 5.10399567e+02 4.20892700e+02
    6.77466393e-01 5.16839111e+02 4.28047791e+02 6.80826664e-01
    5.20416687e+02 4.35918365e+02 5.28873444e-01</data></hand_left_0>
</opencv_storage>
