<?xml version="1.0"?>
<opencv_storage>
<pose_0 type_id="opencv-nd-matrix">
  <sizes>
    1 18 3</sizes>
  <dt>f</dt>
  <data>
    4.79332458e+02 1.48650284e+02 7.73045719e-01 4.75423187e+02
    9.38983765e+01 8.05620968e-01 3.77591919e+02 8.99785919e+01
    6.47294641e-01 4.14852875e+02 2.75847321e+02 7.15028822e-01
    4.59783386e+02 4.10807129e+02 8.43961298e-01 5.75201538e+02
    1.03731384e+02 6.41490877e-01 5.32175903e+02 2.95404724e+02
    7.39279270e-01 4.95026154e+02 4.20655396e+02 6.18260562e-01
    3.77576447e+02 3.03254578e+02 3.98774773e-01 3.20924438e+02
    4.46047333e+02 3.14957112e-01 2.83679260e+02 4.87175140e+02
    9.08225849e-02 4.87179047e+02 3.16938965e+02 4.26286340e-01
    5.51690430e+02 4.50000244e+02 1.35993868e-01 0. 0. 0. 4.67604126e+02
    1.31002716e+02 6.26898527e-01 4.96961670e+02 1.31125549e+02
    6.53241038e-01 4.20650421e+02 7.23858261e+01 1.84985682e-01
    5.24383301e+02 6.85023651e+01 1.09920636e-01</data></pose_0>
</opencv_storage>
