<?xml version="1.0"?>
<opencv_storage>
<pose_0 type_id="opencv-nd-matrix">
  <sizes>
    1 18 3</sizes>
  <dt>f</dt>
  <data>
    5.06778900e+02 1.48685623e+02 8.29018235e-01 4.73448273e+02
    9.19705276e+01 7.99622536e-01 3.67896454e+02 8.61517715e+01
    6.47203684e-01 4.10789825e+02 2.77865051e+02 7.28051126e-01
    4.59698029e+02 4.04990936e+02 8.56613457e-01 5.73248474e+02
    1.01678345e+02 6.49246037e-01 5.32191956e+02 2.91562317e+02
    7.45114803e-01 4.96937927e+02 4.12790588e+02 6.86511993e-01
    3.77592834e+02 2.89595978e+02 4.15393353e-01 3.26720886e+02
    4.30423431e+02 4.39451486e-01 2.79799683e+02 4.79340912e+02
    1.42549247e-01 4.87196014e+02 3.05236877e+02 4.38028067e-01
    5.49769409e+02 4.46099335e+02 1.49272695e-01 0. 0. 0. 4.93050781e+02
    1.32971146e+02 7.98910439e-01 5.22344543e+02 1.31056412e+02
    6.03395760e-01 4.32446014e+02 7.04738312e+01 3.45848054e-01
    5.39853210e+02 7.23976898e+01 5.66504002e-02</data></pose_0>
</opencv_storage>
