<?xml version="1.0"?>
<opencv_storage>
<pose_0 type_id="opencv-nd-matrix">
  <sizes>
    1 18 3</sizes>
  <dt>f</dt>
  <data>
    4.14827423e+02 4.30705452e+01 8.74903381e-01 4.44061951e+02
    8.21923370e+01 7.89298952e-01 3.52141510e+02 8.41815567e+01
    7.63658285e-01 4.10820068e+02 2.44605804e+02 7.95863211e-01
    4.59734650e+02 3.81498016e+02 8.47369075e-01 5.36069031e+02
    8.41741486e+01 6.93063021e-01 5.08740021e+02 2.56375092e+02
    8.79367590e-01 4.91155426e+02 3.99118103e+02 5.97273529e-01
    3.75660767e+02 2.87612793e+02 4.40275341e-01 3.34540100e+02
    4.28536713e+02 6.31184816e-01 3.01273987e+02 4.77435028e+02
    1.24649093e-01 4.77346191e+02 2.89608551e+02 4.62336749e-01
    5.20393555e+02 3.97156036e+02 9.94633362e-02 0. 0. 0. 3.95228424e+02
    2.15229511e+01 8.55025291e-01 4.42167877e+02 2.15384178e+01
    9.26622272e-01 3.65888428e+02 4.83678484e+00 5.37539899e-01 0. 0. 0.</data></pose_0>
</opencv_storage>
