<?xml version="1.0"?>
<opencv_storage>
<hand_left_0 type_id="opencv-nd-matrix">
  <sizes>
    1 21 3</sizes>
  <dt>f</dt>
  <data>
    4.58268097e+02 4.20026306e+02 5.52413583e-01 4.46065216e+02
    4.31511383e+02 6.37567043e-01 4.35297943e+02 4.50892456e+02
    5.26326120e-01 4.25966309e+02 4.55917175e+02 5.56683183e-01
    4.15916870e+02 4.59506256e+02 7.50277758e-01 4.52525574e+02
    4.46585571e+02 6.13221228e-01 4.40322662e+02 4.56635010e+02
    5.60730636e-01 4.41758301e+02 4.67402252e+02 6.81295037e-01
    4.46065216e+02 4.78169525e+02 8.06272864e-01 4.68317535e+02
    4.40843018e+02 6.79653525e-01 4.62575012e+02 4.55917175e+02
    3.50769281e-01 4.65446289e+02 4.68837891e+02 6.03861272e-01
    4.67599731e+02 4.80322968e+02 7.13999271e-01 4.81956085e+02
    4.36536102e+02 6.68346047e-01 4.93441162e+02 4.50892456e+02
    6.32034481e-01 5.02054962e+02 4.62377533e+02 6.38049662e-01
    5.08515320e+02 4.72426971e+02 6.60428047e-01 4.95594604e+02
    4.26486664e+02 6.87550485e-01 5.04208405e+02 4.32229218e+02
    8.32815409e-01 5.10668762e+02 4.37971741e+02 8.09493840e-01
    5.16411316e+02 4.43714294e+02 7.73985386e-01</data></hand_left_0>
</opencv_storage>
