<?xml version="1.0"?>
<opencv_storage>
<hand_left_0 type_id="opencv-nd-matrix">
  <sizes>
    1 21 3</sizes>
  <dt>f</dt>
  <data>
    4.55840759e+02 4.19803375e+02 4.95067090e-01 4.42838226e+02
    4.31361176e+02 6.06614053e-01 4.34892242e+02 4.48697876e+02
    4.28515136e-01 4.29113342e+02 4.59533325e+02 4.20482248e-01
    4.12498993e+02 4.59533325e+02 7.67256021e-01 4.50061859e+02
    4.46530792e+02 4.87094581e-01 4.37781708e+02 4.56643860e+02
    6.19603693e-01 4.39948792e+02 4.68924011e+02 6.72480643e-01
    4.42115875e+02 4.79759460e+02 7.77472436e-01 4.64509094e+02
    4.40751892e+02 6.16176844e-01 4.58730194e+02 4.55199127e+02
    4.28247392e-01 4.63786743e+02 4.71091125e+02 6.36387885e-01
    4.63064392e+02 4.83371277e+02 7.61410773e-01 4.81123444e+02
    4.36417694e+02 6.77463651e-01 4.92681244e+02 4.50864960e+02
    6.30191445e-01 4.98460144e+02 4.63867493e+02 6.07256413e-01
    5.04239044e+02 4.75425293e+02 6.23620033e-01 4.94125977e+02
    4.27749359e+02 6.86803699e-01 5.04239044e+02 4.31361176e+02
    7.66255140e-01 5.10740326e+02 4.36417694e+02 8.28388751e-01
    5.15074463e+02 4.42196594e+02 6.90920115e-01</data></hand_left_0>
</opencv_storage>
