<?xml version="1.0"?>
<opencv_storage>
<pose_0 type_id="opencv-nd-matrix">
  <sizes>
    1 18 3</sizes>
  <dt>f</dt>
  <data>
    5.06774109e+02 9.77988739e+01 7.75775433e-01 4.63764313e+02
    7.04171600e+01 7.01043129e-01 3.67819550e+02 6.84516754e+01
    6.71187282e-01 4.12810638e+02 2.56221497e+02 7.57204294e-01
    4.59674469e+02 3.83451813e+02 8.56494963e-01 5.69370667e+02
    8.21827316e+01 6.88123584e-01 5.24365417e+02 2.73866913e+02
    7.92821109e-01 4.93109680e+02 3.91282806e+02 6.24070287e-01
    3.79553802e+02 3.01304077e+02 3.91804814e-01 3.24755249e+02
    4.32377228e+02 4.02008981e-01 2.83692719e+02 4.81325226e+02
    1.09032668e-01 4.91025909e+02 3.11083130e+02 3.80865365e-01
    5.22443542e+02 3.93306885e+02 6.07929975e-02 0. 0. 0. 4.89131561e+02
    7.63002625e+01 7.44692504e-01 5.24387268e+02 7.03603668e+01
    7.46163726e-01 4.30410583e+02 2.54251366e+01 7.34238863e-01 0. 0. 0.</data></pose_0>
</opencv_storage>
