<?xml version="1.0"?>
<opencv_storage>
<pose_0 type_id="opencv-nd-matrix">
  <sizes>
    1 18 3</sizes>
  <dt>f</dt>
  <data>
    4.79399414e+02 1.35081100e+02 6.74879670e-01 4.77379486e+02
    8.61175995e+01 8.00827742e-01 3.81483643e+02 8.41013107e+01
    6.87857628e-01 4.20613159e+02 2.71994232e+02 7.44612992e-01
    4.59856628e+02 4.01094543e+02 8.72559488e-01 5.79111023e+02
    1.01736893e+02 6.77692890e-01 5.34103577e+02 2.87589386e+02
    7.77907252e-01 4.98916199e+02 4.10877533e+02 5.91771603e-01
    3.81499908e+02 2.95447845e+02 3.94810170e-01 3.22841278e+02
    4.44138336e+02 3.39391530e-01 2.77830078e+02 4.91054749e+02
    7.53608793e-02 4.91078033e+02 3.09142670e+02 4.30740148e-01
    5.49809021e+02 4.44134735e+02 1.19085774e-01 0. 0. 0. 4.67594360e+02
    1.17311928e+02 6.70361400e-01 4.96998138e+02 1.17458511e+02
    6.10680759e-01 4.20646423e+02 6.45735779e+01 3.02663982e-01
    5.26310059e+02 4.89126472e+01 2.94038266e-01</data></pose_0>
</opencv_storage>
