<?xml version="1.0"?>
<opencv_storage>
<pose_0 type_id="opencv-nd-matrix">
  <sizes>
    1 18 3</sizes>
  <dt>f</dt>
  <data>
    4.59746429e+02 1.33160172e+02 7.50525713e-01 4.67615570e+02
    8.60609512e+01 8.13585401e-01 3.67900696e+02 8.40892868e+01
    7.03652561e-01 4.14803589e+02 2.68004486e+02 7.25398779e-01
    4.59776611e+02 3.97209717e+02 8.94148588e-01 5.71295349e+02
    9.19642029e+01 6.41122162e-01 5.26383911e+02 2.85612762e+02
    7.46878684e-01 4.96945435e+02 4.06935181e+02 5.91805220e-01
    3.81528351e+02 2.87581818e+02 4.07046765e-01 3.24820099e+02
    4.32417297e+02 3.23928654e-01 2.85638733e+02 4.83261810e+02
    1.16017044e-01 4.91079498e+02 3.01316010e+02 4.27511990e-01
    5.39993530e+02 4.22605408e+02 9.57506821e-02 0. 0. 0. 4.44072144e+02
    1.17352898e+02 7.12296188e-01 4.75447388e+02 1.15466957e+02
    7.21715808e-01 4.10804199e+02 8.41680374e+01 1.67987511e-01
    5.08697510e+02 5.48084221e+01 2.40172878e-01</data></pose_0>
</opencv_storage>
