<?xml version="1.0"?>
<opencv_storage>
<hand_left_0 type_id="opencv-nd-matrix">
  <sizes>
    1 21 3</sizes>
  <dt>f</dt>
  <data>
    4.59341034e+02 3.88212921e+02 5.88093519e-01 4.46464752e+02
    4.01089203e+02 6.26772046e-01 4.39311279e+02 4.20403625e+02
    6.37807131e-01 4.40026611e+02 4.34710602e+02 7.51729906e-01
    4.45034058e+02 4.51163635e+02 6.93777204e-01 4.55764313e+02
    4.15396179e+02 6.34143174e-01 4.57195007e+02 4.28272461e+02
    5.74580371e-01 4.62202454e+02 4.39718048e+02 6.19225144e-01
    4.62917786e+02 4.49732941e+02 4.43030775e-01 4.70071289e+02
    4.08242706e+02 7.46533990e-01 4.78655457e+02 4.23265015e+02
    7.94997513e-01 4.85093597e+02 4.34710602e+02 5.53701997e-01
    4.92247101e+02 4.46156189e+02 4.82235819e-01 4.84378265e+02
    4.03235260e+02 7.06726491e-01 4.92247101e+02 4.17542236e+02
    7.17994869e-01 5.00831299e+02 4.28987823e+02 6.69497609e-01
    5.06554077e+02 4.40433411e+02 6.90416098e-01 4.95823853e+02
    3.94651062e+02 7.83254206e-01 5.04408020e+02 3.99658508e+02
    8.15993845e-01 5.11561523e+02 4.04665955e+02 8.45243692e-01
    5.15853638e+02 4.09673401e+02 7.32516110e-01</data></hand_left_0>
</opencv_storage>
