<?xml version="1.0"?>
<opencv_storage>
<hand_left_0 type_id="opencv-nd-matrix">
  <sizes>
    1 21 3</sizes>
  <dt>f</dt>
  <data>
    4.59368408e+02 4.23397003e+02 5.83901823e-01 4.45513397e+02
    4.35793579e+02 6.78690732e-01 4.35304443e+02 4.54023865e+02
    5.38318992e-01 4.24366272e+02 4.59857544e+02 4.18513536e-01
    4.14886536e+02 4.62045166e+02 6.90795064e-01 4.50617889e+02
    4.49648590e+02 5.76799989e-01 4.39679718e+02 4.59857544e+02
    6.29188776e-01 4.40408936e+02 4.72254120e+02 6.73864663e-01
    4.45513397e+02 4.83192291e+02 7.87001371e-01 4.65931305e+02
    4.44544128e+02 6.46428823e-01 4.59368408e+02 4.59857544e+02
    4.30941910e-01 4.63743683e+02 4.75170959e+02 6.24380410e-01
    4.64472900e+02 4.87567566e+02 7.57504463e-01 4.81244751e+02
    4.40898071e+02 6.61937118e-01 4.92912109e+02 4.56940704e+02
    5.82817733e-01 5.00933441e+02 4.70066498e+02 5.89990735e-01
    5.06767120e+02 4.81004669e+02 6.17213428e-01 4.96558167e+02
    4.34335175e+02 7.13582695e-01 5.05308685e+02 4.36522797e+02
    8.01391482e-01 5.12600830e+02 4.41627258e+02 7.98229158e-01
    5.16976074e+02 4.47460968e+02 7.41820395e-01</data></hand_left_0>
</opencv_storage>
