<?xml version="1.0"?>
<opencv_storage>
<hand_left_0 type_id="opencv-nd-matrix">
  <sizes>
    1 21 3</sizes>
  <dt>f</dt>
  <data>
    4.59695862e+02 3.84915985e+02 5.35652697e-01 4.48842987e+02
    3.97045685e+02 6.26603246e-01 4.39266937e+02 4.12367371e+02
    6.16329670e-01 4.27775665e+02 4.23220245e+02 6.71181560e-01
    4.16284393e+02 4.32796295e+02 7.73732781e-01 4.53950226e+02
    4.11090546e+02 5.61941504e-01 4.43097351e+02 4.21943420e+02
    5.48268199e-01 4.43735748e+02 4.33434692e+02 6.94063962e-01
    4.43097351e+02 4.44287567e+02 6.65250659e-01 4.68633514e+02
    4.07260132e+02 6.57608211e-01 4.60972656e+02 4.22581818e+02
    4.15257990e-01 4.64164673e+02 4.37265137e+02 6.65985107e-01
    4.56503845e+02 4.53863617e+02 6.54488623e-01 4.84593597e+02
    4.04068115e+02 5.84256232e-01 4.92254456e+02 4.21305023e+02
    6.30707979e-01 4.93531250e+02 4.33434692e+02 4.80908632e-01
    4.90977631e+02 4.45564362e+02 6.04037642e-01 4.99276886e+02
    4.01514496e+02 6.93505526e-01 5.07576141e+02 4.11090546e+02
    5.49126208e-01 5.12683350e+02 4.14282593e+02 7.22645819e-01
    5.15237000e+02 4.14920990e+02 5.77058792e-01</data></hand_left_0>
</opencv_storage>
