<?xml version="1.0"?>
<opencv_storage>
<pose_0 type_id="opencv-nd-matrix">
  <sizes>
    1 18 3</sizes>
  <dt>f</dt>
  <data>
    4.22615631e+02 1.46735413e+02 8.28491569e-01 4.44064392e+02
    1.01784592e+02 7.74499238e-01 3.52246552e+02 1.07640839e+02
    7.15317547e-01 4.12797760e+02 2.71954987e+02 8.47925127e-01
    4.59808594e+02 4.10805817e+02 7.99863815e-01 5.39979370e+02
    1.01825615e+02 7.21139669e-01 5.10693848e+02 2.81722595e+02
    7.99975097e-01 4.91135529e+02 4.26489502e+02 5.76356113e-01
    3.77612152e+02 3.05208130e+02 4.04993176e-01 3.30652222e+02
    4.57838562e+02 4.21089768e-01 0. 0. 0. 4.75472321e+02 3.07172821e+02
    4.60356176e-01 5.12595520e+02 4.16777161e+02 1.05957657e-01 0. 0. 0.
    4.01081818e+02 1.29121826e+02 8.06701303e-01 4.42163239e+02
    1.19397949e+02 8.12135816e-01 3.71725342e+02 1.07569817e+02
    1.76651523e-01 4.77380157e+02 7.03903961e+01 7.79130042e-01</data></pose_0>
</opencv_storage>
