<?xml version="1.0"?>
<opencv_storage>
<hand_left_0 type_id="opencv-nd-matrix">
  <sizes>
    1 21 3</sizes>
  <dt>f</dt>
  <data>
    4.63335114e+02 3.90324097e+02 5.77950180e-01 4.49684265e+02
    4.01927307e+02 6.48424029e-01 4.40811218e+02 4.16943237e+02
    5.57040811e-01 4.36715942e+02 4.30594086e+02 4.98733670e-01
    4.17604767e+02 4.30594086e+02 4.05410469e-01 4.53779510e+02
    4.15578156e+02 6.11988842e-01 4.42176300e+02 4.27863922e+02
    4.40485060e-01 4.42176300e+02 4.40832214e+02 5.39999127e-01
    4.45588989e+02 4.53117981e+02 6.26949906e-01 4.69477966e+02
    4.11482910e+02 6.69596374e-01 4.79716125e+02 4.29229004e+02
    4.75988567e-01 4.63335114e+02 4.44927490e+02 3.97552192e-01
    4.61970001e+02 4.55165619e+02 5.71340561e-01 4.85176453e+02
    4.08070190e+02 6.71343207e-01 4.94049500e+02 4.23768677e+02
    6.07539296e-01 5.00874908e+02 4.35371887e+02 6.37158275e-01
    5.07017792e+02 4.46292572e+02 7.28058577e-01 4.99509827e+02
    4.01244781e+02 7.15514600e-01 5.07700348e+02 4.06705109e+02
    7.79268980e-01 5.13843201e+02 4.12847992e+02 8.32337976e-01
    5.19303589e+02 4.18990875e+02 7.70975351e-01</data></hand_left_0>
</opencv_storage>
