<?xml version="1.0"?>
<opencv_storage>
<hand_right_0 type_id="opencv-nd-matrix">
  <sizes>
    1 21 3</sizes>
  <dt>f</dt>
  <data>
    4.55794830e+02 3.87858673e+02 5.94292343e-01 4.72544525e+02
    3.93888580e+02 7.53969133e-01 4.91974213e+02 4.03268433e+02
    6.85072780e-01 5.00684052e+02 4.14658234e+02 6.96064293e-01
    5.09393921e+02 4.24708069e+02 8.62161875e-01 4.79244415e+02
    4.10638306e+02 7.27329671e-01 4.87954285e+02 4.27388000e+02
    8.04222643e-01 4.94654175e+02 4.41457764e+02 7.87517071e-01
    4.98674103e+02 4.52177582e+02 9.29326236e-01 4.65174652e+02
    4.13988251e+02 7.77636170e-01 4.71874542e+02 4.27388000e+02
    6.44997239e-01 4.77904449e+02 4.42127777e+02 7.20853448e-01
    4.82594360e+02 4.55527527e+02 6.84452176e-01 4.50434906e+02
    4.15328217e+02 7.35293150e-01 4.53784851e+02 4.26718018e+02
    6.81053102e-01 4.58474762e+02 4.42127777e+02 8.04473281e-01
    4.60484741e+02 4.57537506e+02 7.63495445e-01 4.35695160e+02
    4.15328217e+02 6.81797147e-01 4.37705109e+02 4.29397980e+02
    8.14736605e-01 4.39045105e+02 4.40787781e+02 7.92840838e-01
    4.41055054e+02 4.50837616e+02 8.13530803e-01</data></hand_right_0>
</opencv_storage>
