<?xml version="1.0"?>
<opencv_storage>
<hand_right_0 type_id="opencv-nd-matrix">
  <sizes>
    1 21 3</sizes>
  <dt>f</dt>
  <data>
    4.59894958e+02 4.05379852e+02 5.89287460e-01 4.77428040e+02
    4.10990448e+02 7.10276246e-01 4.99169067e+02 4.19406311e+02
    6.80347979e-01 5.10390228e+02 4.27120880e+02 7.04393446e-01
    5.18104797e+02 4.33432800e+02 7.50078797e-01 4.83739960e+02
    4.25718231e+02 6.15340471e-01 4.94259796e+02 4.39043365e+02
    7.82953203e-01 5.02675690e+02 4.54472473e+02 8.08264852e-01
    5.06182312e+02 4.64992340e+02 8.45830441e-01 4.69012146e+02
    4.27120880e+02 7.17621148e-01 4.77428040e+02 4.42549988e+02
    7.22780585e-01 4.86545258e+02 4.57277771e+02 6.89920664e-01
    4.94259796e+02 4.70602936e+02 8.59866977e-01 4.54284363e+02
    4.32030151e+02 6.93242669e-01 4.57790985e+02 4.43952637e+02
    6.83453977e-01 4.60596283e+02 4.60083069e+02 8.27217579e-01
    4.64804230e+02 4.72005585e+02 7.67255604e-01 4.39556580e+02
    4.32030151e+02 6.81750119e-01 4.38153931e+02 4.46757935e+02
    8.03018689e-01 4.38855255e+02 4.56576447e+02 7.68327832e-01
    4.43063202e+02 4.67096313e+02 7.81272650e-01</data></hand_right_0>
</opencv_storage>
