<?xml version="1.0"?>
<opencv_storage>
<pose_0 type_id="opencv-nd-matrix">
  <sizes>
    1 18 3</sizes>
  <dt>f</dt>
  <data>
    3.95237305e+02 1.64347290e+02 8.89132917e-01 4.34334015e+02
    1.31033295e+02 6.41929865e-01 3.48286438e+02 1.33078857e+02
    7.73501873e-01 4.10896820e+02 2.89546204e+02 8.26484799e-01
    4.59775879e+02 4.26471771e+02 7.77294040e-01 5.34107239e+02
    1.33117538e+02 6.61934137e-01 5.10614502e+02 3.03188873e+02
    8.37404191e-01 4.91054382e+02 4.44090515e+02 5.86827040e-01
    3.71770386e+02 3.28694611e+02 4.11336035e-01 3.22843994e+02
    4.77390137e+02 4.83422101e-01 0. 0. 0. 4.75380005e+02 3.34574707e+02
    4.60200548e-01 5.12603882e+02 4.36326813e+02 8.31580311e-02 0. 0. 0.
    3.77564972e+02 1.46687775e+02 8.09813380e-01 4.12802917e+02
    1.42824326e+02 8.00079942e-01 0. 0. 0. 4.59779999e+02 8.80923615e+01
    9.17517364e-01</data></pose_0>
</opencv_storage>
