<?xml version="1.0"?>
<opencv_storage>
<hand_left_0 type_id="opencv-nd-matrix">
  <sizes>
    1 21 3</sizes>
  <dt>f</dt>
  <data>
    4.60909760e+02 3.90950745e+02 5.21589220e-01 4.48309662e+02
    4.02850830e+02 6.35003090e-01 4.39209595e+02 4.21050964e+02
    5.12223244e-01 4.36409576e+02 4.35051086e+02 3.43631148e-01
    4.15409393e+02 4.31551056e+02 3.50188226e-01 4.51809692e+02
    4.18250946e+02 5.26954472e-01 4.42009613e+02 4.29451050e+02
    6.25661850e-01 4.42009613e+02 4.42751129e+02 7.06586421e-01
    4.42709625e+02 4.52551208e+02 7.93130219e-01 4.65809784e+02
    4.14050934e+02 6.37075067e-01 4.58809723e+02 4.32951050e+02
    4.66749132e-01 4.60209747e+02 4.46951172e+02 5.83127916e-01
    4.58109741e+02 4.58851257e+02 7.26297379e-01 4.81909912e+02
    4.11250885e+02 6.30351663e-01 4.92410004e+02 4.28751038e+02
    5.95865309e-01 4.98010040e+02 4.39951111e+02 5.23134530e-01
    4.87509949e+02 4.53251221e+02 5.22540271e-01 4.98710052e+02
    4.05650848e+02 7.41929889e-01 5.05710083e+02 4.11950897e+02
    6.93780482e-01 5.12710144e+02 4.18250946e+02 7.60951877e-01
    5.15510193e+02 4.23850983e+02 7.13008165e-01</data></hand_left_0>
</opencv_storage>
