<?xml version="1.0"?>
<opencv_storage>
<hand_left_0 type_id="opencv-nd-matrix">
  <sizes>
    2 21 3</sizes>
  <dt>f</dt>
  <data>
    4.60209015e+02 4.17008209e+02 5.10428011e-01 4.47635284e+02
    4.28883392e+02 6.41651034e-01 4.37855743e+02 4.46346893e+02
    6.23949051e-01 4.26679077e+02 4.54729401e+02 4.52479243e-01
    4.14105347e+02 4.57523560e+02 7.72734821e-01 4.54620697e+02
    4.43552734e+02 5.64413071e-01 4.39951355e+02 4.51935242e+02
    3.43561828e-01 4.43444061e+02 4.63810425e+02 5.39671361e-01
    4.44841125e+02 4.74987061e+02 6.34264469e-01 4.69290039e+02
    4.35868805e+02 6.88106894e-01 4.78371094e+02 4.55427917e+02
    6.46860540e-01 4.86055023e+02 4.68001648e+02 5.03111362e-01
    4.67892975e+02 4.79876862e+02 5.78419805e-01 4.83260864e+02
    4.30979004e+02 6.75907195e-01 4.93040436e+02 4.48442535e+02
    5.92706025e-01 5.00025848e+02 4.62413330e+02 7.26220489e-01
    5.05614166e+02 4.74288513e+02 7.33869970e-01 4.95834595e+02
    4.23993622e+02 7.08304703e-01 5.05614166e+02 4.29581940e+02
    8.06432903e-01 5.11901031e+02 4.35170258e+02 8.57132018e-01
    5.16790833e+02 4.42854187e+02 7.57678032e-01 0. 0. 0. 0. 0. 0. 0. 0.
    0. 0. 0. 0. 0. 0. 0. 0. 0. 0. 0. 0. 0. 0. 0. 0. 0. 0. 0. 0. 0. 0. 0.
    0. 0. 0. 0. 0. 0. 0. 0. 0. 0. 0. 0. 0. 0. 0. 0. 0. 0. 0. 0. 0. 0. 0.
    0. 0. 0. 0. 0. 0. 0. 0. 0.</data></hand_left_0>
</opencv_storage>
