<?xml version="1.0"?>
<opencv_storage>
<pose_0 type_id="opencv-nd-matrix">
  <sizes>
    1 18 3</sizes>
  <dt>f</dt>
  <data>
    4.59847107e+02 1.07655998e+02 8.52502882e-01 4.46114960e+02
    7.24256973e+01 7.43259013e-01 3.58046326e+02 7.23730621e+01
    7.11473286e-01 4.10875305e+02 2.40561249e+02 8.06947708e-01
    4.59785706e+02 3.69838104e+02 8.19545031e-01 5.40024902e+02
    8.40704269e+01 7.61791348e-01 5.10641846e+02 2.56218445e+02
    8.26452076e-01 4.94973480e+02 3.91314850e+02 5.14164150e-01
    3.75632599e+02 2.85648468e+02 4.30770636e-01 3.32610870e+02
    4.32366364e+02 5.25758564e-01 3.07164703e+02 4.93055023e+02
    5.82177676e-02 4.73467621e+02 2.89539185e+02 4.71388638e-01
    5.10694153e+02 3.85426544e+02 9.81069058e-02 0. 0. 0. 4.44146820e+02
    8.60971603e+01 8.33950102e-01 4.79406281e+02 8.41854782e+01
    9.05839920e-01 3.95163910e+02 3.91536026e+01 7.96630263e-01
    5.10700073e+02 2.35099392e+01 6.24313712e-01</data></pose_0>
</opencv_storage>
