<?xml version="1.0"?>
<opencv_storage>
<hand_left_0 type_id="opencv-nd-matrix">
  <sizes>
    1 21 3</sizes>
  <dt>f</dt>
  <data>
    4.60550690e+02 4.01081482e+02 5.72870851e-01 4.49180084e+02
    4.15796387e+02 6.48157537e-01 4.39816071e+02 4.35193298e+02
    5.50275326e-01 4.26438873e+02 4.43219604e+02 7.65123546e-01
    4.13730560e+02 4.52583618e+02 8.33439052e-01 4.53862091e+02
    4.32517853e+02 5.26594520e-01 4.43160339e+02 4.43219604e+02
    5.26572466e-01 4.43160339e+02 4.57265625e+02 7.61145234e-01
    4.45166931e+02 4.69305084e+02 7.93036461e-01 4.68576996e+02
    4.29842407e+02 6.67883635e-01 4.62557251e+02 4.47901611e+02
    4.35074449e-01 4.62557251e+02 4.60609924e+02 6.32835567e-01
    4.59212952e+02 4.75324799e+02 6.65775478e-01 4.83960724e+02
    4.26498108e+02 6.62137032e-01 4.93993622e+02 4.45895020e+02
    6.77679837e-01 5.00682220e+02 4.58603333e+02 5.81928492e-01
    5.05364227e+02 4.69305084e+02 7.07171559e-01 5.00013336e+02
    4.21147247e+02 7.79730558e-01 5.10046234e+02 4.35193298e+02
    6.54831409e-01 5.14728271e+02 4.38537567e+02 7.04911947e-01
    5.16734802e+02 4.42550720e+02 5.42991638e-01</data></hand_left_0>
</opencv_storage>
