<?xml version="1.0"?>
<opencv_storage>
<hand_right_0 type_id="opencv-nd-matrix">
  <sizes>
    1 21 3</sizes>
  <dt>f</dt>
  <data>
    4.62629272e+02 4.07485199e+02 6.61014378e-01 4.79205414e+02
    4.13223114e+02 7.51777112e-01 4.98969299e+02 4.22786285e+02
    7.90381670e-01 5.08532471e+02 4.34899628e+02 7.61989772e-01
    5.17458069e+02 4.44462799e+02 8.11095357e-01 4.86855957e+02
    4.29799255e+02 7.29486763e-01 4.95144043e+02 4.46375427e+02
    8.11727345e-01 5.01519470e+02 4.60401398e+02 8.03838193e-01
    5.04069641e+02 4.72514740e+02 9.04052734e-01 4.72829956e+02
    4.32987000e+02 8.13352644e-01 4.79842957e+02 4.50200684e+02
    6.36424482e-01 4.85580872e+02 4.64226654e+02 6.14686728e-01
    4.88131042e+02 4.74427368e+02 4.75489020e-01 4.57528900e+02
    4.34262085e+02 7.27624357e-01 4.60079071e+02 4.48925598e+02
    7.31161952e-01 4.63266815e+02 4.63589111e+02 7.63474822e-01
    4.60716614e+02 4.78890198e+02 7.10445702e-01 4.42227844e+02
    4.33624542e+02 6.65467620e-01 4.41590302e+02 4.47012970e+02
    7.55531907e-01 4.42227844e+02 4.57851227e+02 7.75625825e-01
    4.42227844e+02 4.68051941e+02 8.02598536e-01</data></hand_right_0>
</opencv_storage>
