<?xml version="1.0"?>
<opencv_storage>
<hand_right_0 type_id="opencv-nd-matrix">
  <sizes>
    1 21 3</sizes>
  <dt>f</dt>
  <data>
    4.58698364e+02 3.86576080e+02 7.07758367e-01 4.77203735e+02
    3.92319153e+02 7.50514925e-01 4.95071014e+02 3.99976563e+02
    7.29918122e-01 5.05919006e+02 4.10824554e+02 8.11846137e-01
    5.18681335e+02 4.18481934e+02 8.56995642e-01 4.85499268e+02
    4.06995850e+02 6.98870718e-01 4.95071014e+02 4.23586884e+02
    8.44408929e-01 5.01452179e+02 4.36987335e+02 8.18385124e-01
    5.04642792e+02 4.47835327e+02 9.79747772e-01 4.71460693e+02
    4.10824554e+02 7.79340923e-01 4.79756226e+02 4.26777466e+02
    7.34733760e-01 4.86137390e+02 4.40177917e+02 6.12007618e-01
    4.89327972e+02 4.52302155e+02 6.35329962e-01 4.58060242e+02
    4.13377014e+02 7.04192936e-01 4.59336456e+02 4.27415588e+02
    7.55300939e-01 4.63803284e+02 4.41454163e+02 7.38013983e-01
    4.63165161e+02 4.53578369e+02 6.48816764e-01 4.43383545e+02
    4.16567596e+02 7.44055569e-01 4.42745422e+02 4.26777466e+02
    6.88518345e-01 4.42107300e+02 4.36987335e+02 7.62305021e-01
    4.42107300e+02 4.45282867e+02 6.96350276e-01</data></hand_right_0>
</opencv_storage>
