<?xml version="1.0"?>
<opencv_storage>
<hand_left_0 type_id="opencv-nd-matrix">
  <sizes>
    2 21 3</sizes>
  <dt>f</dt>
  <data>
    4.58320801e+02 4.23124054e+02 5.67517221e-01 4.46153473e+02
    4.35291382e+02 6.32960796e-01 4.36133331e+02 4.53184509e+02
    4.98932689e-01 4.25397461e+02 4.59626038e+02 5.82505524e-01
    4.13230133e+02 4.63204681e+02 7.87508965e-01 4.50447845e+02
    4.48174438e+02 5.34430385e-01 4.40427673e+02 4.59626038e+02
    5.74058592e-01 4.41859131e+02 4.72509094e+02 6.93133056e-01
    4.46153473e+02 4.83960693e+02 7.97874749e-01 4.66193787e+02
    4.43880096e+02 6.22632980e-01 4.59752258e+02 4.59626038e+02
    4.69143361e-01 4.64762329e+02 4.75372009e+02 5.95484078e-01
    4.64762329e+02 4.86823608e+02 7.26211429e-01 4.81939758e+02
    4.41017181e+02 6.39302492e-01 4.93391357e+02 4.55331696e+02
    5.62403500e-01 5.01980072e+02 4.66783295e+02 5.42745709e-01
    4.98401428e+02 4.82529266e+02 5.73790669e-01 4.97685699e+02
    4.33859924e+02 6.93559051e-01 5.06274414e+02 4.36722839e+02
    6.92208350e-01 5.14147400e+02 4.41732910e+02 7.13371098e-01
    5.17726013e+02 4.46742981e+02 6.43578589e-01 0. 0. 0. 0. 0. 0. 0. 0.
    0. 0. 0. 0. 0. 0. 0. 0. 0. 0. 0. 0. 0. 0. 0. 0. 0. 0. 0. 0. 0. 0. 0.
    0. 0. 0. 0. 0. 0. 0. 0. 0. 0. 0. 0. 0. 0. 0. 0. 0. 0. 0. 0. 0. 0. 0.
    0. 0. 0. 0. 0. 0. 0. 0. 0.</data></hand_left_0>
</opencv_storage>
