<?xml version="1.0"?>
<opencv_storage>
<hand_right_0 type_id="opencv-nd-matrix">
  <sizes>
    1 21 3</sizes>
  <dt>f</dt>
  <data>
    4.60178894e+02 4.02028961e+02 6.35963082e-01 4.79743591e+02
    4.09602386e+02 7.29613245e-01 4.99308289e+02 4.17806946e+02
    7.64724433e-01 5.08775085e+02 4.29798218e+02 8.03046465e-01
    5.17610779e+02 4.39896118e+02 8.04355383e-01 4.86054779e+02
    4.24749237e+02 7.23290384e-01 4.94890472e+02 4.41789459e+02
    8.20819616e-01 4.99939423e+02 4.55674103e+02 8.60194623e-01
    5.04988373e+02 4.67034241e+02 8.98051381e-01 4.72170166e+02
    4.29167084e+02 7.77690411e-01 4.80374725e+02 4.46838440e+02
    7.17159927e-01 4.85423676e+02 4.60091949e+02 6.53751433e-01
    4.89841492e+02 4.69558716e+02 5.96287310e-01 4.58285522e+02
    4.31060455e+02 7.18600988e-01 4.60178894e+02 4.46207306e+02
    6.14139795e-01 4.62703369e+02 4.59460815e+02 7.32394040e-01
    4.59547760e+02 4.73976563e+02 7.14376748e-01 4.43138672e+02
    4.30429321e+02 6.59851789e-01 4.41876434e+02 4.43682831e+02
    7.35963702e-01 4.41245300e+02 4.54411865e+02 7.56556988e-01
    4.40614197e+02 4.64509766e+02 7.76219487e-01</data></hand_right_0>
</opencv_storage>
