<?xml version="1.0"?>
<opencv_storage>
<pose_0 type_id="opencv-nd-matrix">
  <sizes>
    1 18 3</sizes>
  <dt>f</dt>
  <data>
    4.59739197e+02 1.03700188e+02 8.16380978e-01 4.73477875e+02
    6.85269394e+01 7.75252581e-01 3.77589905e+02 6.84142914e+01
    6.89630151e-01 4.18744781e+02 2.46548492e+02 6.37778521e-01
    4.59845673e+02 3.81526428e+02 8.38377297e-01 5.71287109e+02
    8.40709305e+01 6.81561232e-01 5.28267578e+02 2.66052124e+02
    7.45033741e-01 4.96929413e+02 3.91286438e+02 5.43394387e-01
    3.83421143e+02 2.83696045e+02 4.25027341e-01 3.30650085e+02
    4.30387665e+02 4.25362885e-01 2.89590424e+02 4.85237091e+02
    1.06666870e-01 4.91109406e+02 3.03242523e+02 4.34119910e-01
    5.22396240e+02 3.87401093e+02 6.23255484e-02 0. 0. 0. 4.40204651e+02
    8.41921005e+01 7.72330403e-01 4.77378693e+02 8.41361694e+01
    8.55350375e-01 4.08869537e+02 6.26025276e+01 1.78329498e-01
    5.20414856e+02 3.88022876e+00 7.54798591e-01</data></pose_0>
</opencv_storage>
