<?xml version="1.0"?>
<opencv_storage>
<hand_left_0 type_id="opencv-nd-matrix">
  <sizes>
    1 21 3</sizes>
  <dt>f</dt>
  <data>
    4.58438507e+02 3.92890686e+02 5.43559611e-01 4.44949188e+02
    4.05031067e+02 6.65094256e-01 4.34832214e+02 4.22567169e+02
    4.94726390e-01 4.22017365e+02 4.32684143e+02 6.19097650e-01
    4.13923767e+02 4.37405426e+02 7.01169550e-01 4.46298126e+02
    4.19194824e+02 4.92667466e-01 4.39553467e+02 4.28637360e+02
    6.10483944e-01 4.40227936e+02 4.43475616e+02 7.91575432e-01
    4.40227936e+02 4.53592590e+02 7.40919650e-01 4.63159760e+02
    4.16496979e+02 6.76446080e-01 4.59112976e+02 4.34033081e+02
    4.61943537e-01 4.59112976e+02 4.48196869e+02 6.80284739e-01
    4.61810822e+02 4.61011719e+02 6.75501943e-01 4.79346954e+02
    4.13124634e+02 6.68754280e-01 4.86766052e+02 4.32684143e+02
    6.83224201e-01 4.82044800e+02 4.48871338e+02 5.12224078e-01
    4.80021393e+02 4.60337250e+02 6.12134337e-01 4.95534119e+02
    4.08403381e+02 7.22307026e-01 5.05651093e+02 4.22567169e+02
    6.14482045e-01 5.07674500e+02 4.25939484e+02 6.57720268e-01
    5.07674500e+02 4.28637360e+02 5.06305754e-01</data></hand_left_0>
</opencv_storage>
