<?xml version="1.0"?>
<opencv_storage>
<hand_left_0 type_id="opencv-nd-matrix">
  <sizes>
    1 21 3</sizes>
  <dt>f</dt>
  <data>
    4.57434998e+02 3.92821716e+02 5.32632649e-01 4.44559540e+02
    4.04981873e+02 5.93352139e-01 4.38837128e+02 4.23579742e+02
    5.22921622e-01 4.38837128e+02 4.38601105e+02 5.05191624e-01
    4.43844238e+02 4.52907166e+02 4.24564511e-01 4.50997253e+02
    4.16426727e+02 5.22904336e-01 4.42413635e+02 4.29302155e+02
    5.10147393e-01 4.43128937e+02 4.43608215e+02 4.87124592e-01
    4.45274841e+02 4.55768372e+02 5.37512779e-01 4.66018616e+02
    4.12134888e+02 6.59905612e-01 4.76748169e+02 4.27156250e+02
    4.42222178e-01 4.62442108e+02 4.44323517e+02 4.73829359e-01
    4.61011505e+02 4.57914276e+02 5.52016497e-01 4.81755280e+02
    4.06412476e+02 6.41179740e-01 4.91769531e+02 4.21433838e+02
    5.86456895e-01 4.99637848e+02 4.32878693e+02 5.51206112e-01
    5.05360291e+02 4.44323517e+02 5.60683012e-01 4.94630737e+02
    3.97828857e+02 6.95721149e-01 5.04644989e+02 4.02120667e+02
    7.44606733e-01 5.11082703e+02 4.05697174e+02 8.22038651e-01
    5.16089844e+02 4.12134888e+02 7.51944423e-01</data></hand_left_0>
</opencv_storage>
