<?xml version="1.0"?>
<opencv_storage>
<pose_0 type_id="opencv-nd-matrix">
  <sizes>
    2 18 3</sizes>
  <dt>f</dt>
  <data>
    4.53882874e+02 1.38926300e+02 7.19015777e-01 4.73444000e+02
    9.39113083e+01 7.85750628e-01 3.75664978e+02 8.61568756e+01
    7.13565588e-01 4.14854523e+02 2.77850800e+02 7.58841157e-01
    4.59806946e+02 3.99190277e+02 8.81032646e-01 5.75197815e+02
    1.03691376e+02 6.73101723e-01 5.36113464e+02 2.87608246e+02
    8.12635899e-01 4.96969086e+02 4.10853027e+02 6.03206515e-01
    3.81520905e+02 2.89596313e+02 4.36620265e-01 3.26730042e+02
    4.30436462e+02 4.16844845e-01 2.85661469e+02 4.81335999e+02
    1.24257140e-01 4.91119446e+02 3.07196808e+02 4.38893437e-01
    5.40033447e+02 4.44119720e+02 6.96511939e-02 0. 0. 0. 4.32417450e+02
    1.15508263e+02 7.21054614e-01 4.75391968e+02 1.17376747e+02
    7.75805593e-01 4.10806427e+02 8.02177048e+01 1.72786146e-01
    5.14580994e+02 6.45652390e+01 6.52879059e-01 0. 0. 0. 0. 0. 0. 0. 0.
    0. 0. 0. 0. 0. 0. 0. 0. 0. 0. 0. 0. 0. 0. 0. 0. 0. 0. 0. 0. 0. 0. 0.
    0. 0. 6.80883911e+02 4.83269348e+02 7.13359192e-02 9.60664307e+02
    5.24301636e+02 1.43686414e-01 1.11716516e+03 5.28284912e+02
    3.94186199e-01 0. 0. 0. 0. 0. 0. 0. 0. 0. 0. 0. 0.</data></pose_0>
</opencv_storage>
