<?xml version="1.0"?>
<opencv_storage>
<hand_right_0 type_id="opencv-nd-matrix">
  <sizes>
    1 21 3</sizes>
  <dt>f</dt>
  <data>
    4.57447906e+02 3.94411072e+02 5.82578540e-01 4.75236267e+02
    4.00814850e+02 7.47111380e-01 4.93736145e+02 4.10064819e+02
    6.83299422e-01 5.03697601e+02 4.22872406e+02 5.84033489e-01
    5.07255280e+02 4.32122375e+02 7.02641368e-01 4.80216980e+02
    4.17180145e+02 7.61931539e-01 4.88755402e+02 4.34256958e+02
    7.57757306e-01 4.94447662e+02 4.47064575e+02 7.83776999e-01
    4.99428406e+02 4.59160645e+02 8.71761322e-01 4.65274780e+02
    4.17891693e+02 7.59223878e-01 4.70255524e+02 4.29987762e+02
    6.36130393e-01 4.78082397e+02 4.49910706e+02 7.13093221e-01
    4.83774658e+02 4.63429871e+02 7.71879554e-01 4.50332550e+02
    4.20026276e+02 6.47567332e-01 4.53890228e+02 4.32833893e+02
    6.38279140e-01 4.58870972e+02 4.48487640e+02 7.39481509e-01
    4.61717102e+02 4.63429871e+02 7.89198935e-01 4.36813416e+02
    4.20737823e+02 6.78479910e-01 4.36813416e+02 4.34256958e+02
    9.01192784e-01 4.37524933e+02 4.45641510e+02 8.17473412e-01
    4.38948029e+02 4.56314514e+02 7.95080662e-01</data></hand_right_0>
</opencv_storage>
