<?xml version="1.0"?>
<opencv_storage>
<hand_left_0 type_id="opencv-nd-matrix">
  <sizes>
    1 21 3</sizes>
  <dt>f</dt>
  <data>
    4.60009521e+02 3.84895111e+02 5.38214266e-01 4.49270599e+02
    3.97529144e+02 6.14947796e-01 4.39795074e+02 4.12689972e+02
    5.85809648e-01 4.26529358e+02 4.23428894e+02 7.45525479e-01
    4.15790436e+02 4.32904419e+02 7.93321848e-01 4.51797394e+02
    4.08899750e+02 4.98144984e-01 4.42953583e+02 4.21533783e+02
    5.88626027e-01 4.43585297e+02 4.33536102e+02 7.31098175e-01
    4.44216980e+02 4.46170135e+02 6.61081672e-01 4.67589935e+02
    4.07004669e+02 6.36072576e-01 4.60641235e+02 4.22165497e+02
    5.49303234e-01 4.63799713e+02 4.37326324e+02 6.84974432e-01
    4.56851013e+02 4.53750549e+02 6.39094234e-01 4.84014160e+02
    4.03846161e+02 5.72278321e-01 4.92226288e+02 4.20902100e+02
    6.22067690e-01 4.87804382e+02 4.34167816e+02 4.88934815e-01
    4.90331177e+02 4.46170135e+02 6.09457910e-01 4.99174988e+02
    4.01319336e+02 6.72991037e-01 5.08650513e+02 4.11426575e+02
    5.39055049e-01 5.13072449e+02 4.13953369e+02 7.21834719e-01
    5.14967529e+02 4.14585083e+02 5.62775195e-01</data></hand_left_0>
</opencv_storage>
