<?xml version="1.0"?>
<opencv_storage>
<pose_0 type_id="opencv-nd-matrix">
  <sizes>
    1 18 3</sizes>
  <dt>f</dt>
  <data>
    4.30505493e+02 1.42836166e+02 8.56303930e-01 4.46103333e+02
    9.78367920e+01 7.87199140e-01 3.52243622e+02 1.01706680e+02
    7.39929378e-01 4.10897064e+02 2.68013367e+02 8.20937514e-01
    4.59797974e+02 4.04996887e+02 8.01196218e-01 5.40087036e+02
    9.98227081e+01 7.19412923e-01 5.10692535e+02 2.75871246e+02
    8.13281119e-01 4.93027679e+02 4.18679382e+02 5.37599862e-01
    3.79541321e+02 2.99349213e+02 4.21162009e-01 3.30677063e+02
    4.50035095e+02 5.77276826e-01 0. 0. 0. 4.77371887e+02 3.03255219e+02
    4.58956778e-01 5.08743774e+02 4.14765930e+02 1.28516600e-01 0. 0. 0.
    4.10897705e+02 1.21275154e+02 7.83328772e-01 4.48093658e+02
    1.17376884e+02 8.21414769e-01 3.81460938e+02 9.98205261e+01
    2.44828641e-01 4.89131165e+02 5.48762016e+01 8.16106260e-01</data></pose_0>
</opencv_storage>
