<?xml version="1.0"?>
<opencv_storage>
<pose_0 type_id="opencv-nd-matrix">
  <sizes>
    1 18 3</sizes>
  <dt>f</dt>
  <data>
    4.93076538e+02 1.25210724e+02 7.57017910e-01 4.61824097e+02
    7.63105469e+01 7.67093062e-01 3.65876221e+02 7.63250809e+01
    6.39088929e-01 4.10881500e+02 2.62151398e+02 7.56832540e-01
    4.57855560e+02 3.91284210e+02 8.28611672e-01 5.69360413e+02
    8.61182938e+01 6.83280945e-01 5.24442017e+02 2.75906891e+02
    7.30460465e-01 4.95009216e+02 3.97150116e+02 6.08576238e-01
    3.77615814e+02 2.99340851e+02 4.11049843e-01 3.28676422e+02
    4.30462250e+02 4.16428268e-01 2.83707947e+02 4.79385986e+02
    1.19629607e-01 4.91127838e+02 3.09136230e+02 4.08198655e-01
    5.47817993e+02 4.22610657e+02 7.24365115e-02 0. 0. 0. 4.81332825e+02
    1.01796974e+02 7.05159783e-01 5.10637085e+02 1.01760513e+02
    7.08815157e-01 4.32416077e+02 5.48396645e+01 4.26257759e-01 0. 0. 0.</data></pose_0>
</opencv_storage>
