<?xml version="1.0"?>
<opencv_storage>
<hand_left_0 type_id="opencv-nd-matrix">
  <sizes>
    1 21 3</sizes>
  <dt>f</dt>
  <data>
    4.60793182e+02 3.97766235e+02 5.04337668e-01 4.48900238e+02
    4.10319885e+02 6.22305632e-01 4.38989471e+02 4.26837860e+02
    5.37692785e-01 4.27096527e+02 4.37409363e+02 8.08993638e-01
    4.14542877e+02 4.47320129e+02 8.57756376e-01 4.52864563e+02
    4.26837860e+02 5.32195568e-01 4.42953766e+02 4.36087921e+02
    6.36831522e-01 4.42953766e+02 4.49302277e+02 8.54871392e-01
    4.43614502e+02 4.62516663e+02 7.65743017e-01 4.69382507e+02
    4.23534271e+02 6.89722657e-01 4.62775330e+02 4.41373657e+02
    4.79829639e-01 4.64096771e+02 4.54588043e+02 7.16114938e-01
    4.59471741e+02 4.69123840e+02 7.26070464e-01 4.85900482e+02
    4.21552124e+02 7.28224993e-01 4.94489807e+02 4.38730804e+02
    6.42478049e-01 4.86561188e+02 4.53927307e+02 4.92325753e-01
    5.06382751e+02 4.63177368e+02 6.47530079e-01 5.01096985e+02
    4.14944916e+02 7.61850774e-01 5.09025635e+02 4.26837860e+02
    6.50940418e-01 5.15632813e+02 4.32123596e+02 6.35027349e-01
    5.18936401e+02 4.36748627e+02 4.95966554e-01</data></hand_left_0>
</opencv_storage>
