<?xml version="1.0"?>
<opencv_storage>
<hand_left_0 type_id="opencv-nd-matrix">
  <sizes>
    1 21 3</sizes>
  <dt>f</dt>
  <data>
    4.60859985e+02 3.92918335e+02 5.17548680e-01 4.47393311e+02
    4.04258728e+02 6.38921082e-01 4.38179260e+02 4.18434174e+02
    5.87231457e-01 4.28256439e+02 4.27648224e+02 5.08144975e-01
    4.17624847e+02 4.34027161e+02 7.18473852e-01 4.48810852e+02
    4.21269257e+02 5.02454817e-01 4.40305573e+02 4.37571045e+02
    7.19005883e-01 4.41723114e+02 4.49620178e+02 7.39115775e-01
    4.45266998e+02 4.60251770e+02 8.53720903e-01 4.62986298e+02
    4.17725403e+02 6.52311027e-01 4.59442444e+02 4.38279816e+02
    5.74669480e-01 4.62986298e+02 4.51746490e+02 6.19182289e-01
    4.62986298e+02 4.63795624e+02 7.73088336e-01 4.79996857e+02
    4.14181519e+02 6.47541463e-01 4.90628448e+02 4.31192078e+02
    5.64490318e-01 4.85667023e+02 4.47493835e+02 5.34028351e-01
    4.86375824e+02 4.60251770e+02 5.94906390e-01 4.97007385e+02
    4.07093811e+02 7.19926536e-01 5.07638977e+02 4.13472748e+02
    7.47534037e-01 5.14726746e+02 4.20560486e+02 7.84832597e-01
    5.20396912e+02 4.26939453e+02 6.73984885e-01</data></hand_left_0>
</opencv_storage>
