<?xml version="1.0"?>
<opencv_storage>
<pose_0 type_id="opencv-nd-matrix">
  <sizes>
    1 18 3</sizes>
  <dt>f</dt>
  <data>
    4.30399567e+02 1.42826721e+02 8.76324117e-01 4.46111725e+02
    9.58845520e+01 7.97135353e-01 3.54132324e+02 9.97296829e+01
    7.36090660e-01 4.10875824e+02 2.64111115e+02 7.98977613e-01
    4.59798431e+02 3.99183624e+02 8.05879653e-01 5.40077942e+02
    9.78069534e+01 7.10780978e-01 5.10696777e+02 2.73869720e+02
    8.41924667e-01 4.91119629e+02 4.14769867e+02 5.15793860e-01
    3.79523499e+02 2.91508148e+02 4.39462602e-01 3.32568115e+02
    4.44180237e+02 5.92327356e-01 3.03284698e+02 4.93041107e+02
    1.32710055e-01 4.75464874e+02 3.01291412e+02 4.73157406e-01
    5.08694397e+02 4.14764221e+02 1.41192064e-01 0. 0. 0. 4.12728455e+02
    1.19375450e+02 7.68462598e-01 4.48033417e+02 1.19332939e+02
    7.88296342e-01 3.81559021e+02 9.97119217e+01 2.17500433e-01
    4.91100830e+02 6.06410217e+01 6.28842950e-01</data></pose_0>
</opencv_storage>
