<?xml version="1.0"?>
<opencv_storage>
<hand_right_0 type_id="opencv-nd-matrix">
  <sizes>
    2 21 3</sizes>
  <dt>f</dt>
  <data>
    4.58877930e+02 4.15789917e+02 5.43578863e-01 4.77308258e+02
    4.20751923e+02 6.93414092e-01 4.97865173e+02 4.27840515e+02
    6.96964622e-01 5.07080353e+02 4.36346802e+02 7.27154791e-01
    5.17004333e+02 4.44144257e+02 7.42310524e-01 4.85105713e+02
    4.36346802e+02 6.65220797e-01 4.95029724e+02 4.51941711e+02
    7.49247134e-01 5.03536041e+02 4.66118896e+02 7.83667088e-01
    5.07080353e+02 4.75334045e+02 8.29728425e-01 4.69510803e+02
    4.39182251e+02 7.54988849e-01 4.78017120e+02 4.53359436e+02
    6.49463177e-01 4.87941162e+02 4.68245453e+02 7.32466817e-01
    4.95738586e+02 4.81004913e+02 8.57473552e-01 4.54624786e+02
    4.41308838e+02 6.38696432e-01 4.59586792e+02 4.54068298e+02
    6.92141652e-01 4.64548798e+02 4.68245453e+02 8.15933526e-01
    4.69510803e+02 4.80296051e+02 7.96674967e-01 4.39029877e+02
    4.44853119e+02 6.54255807e-01 4.38321014e+02 4.56903717e+02
    8.49997699e-01 4.41156464e+02 4.68245453e+02 7.62268245e-01
    4.43283051e+02 4.78878357e+02 8.59715700e-01 0. 0. 0. 0. 0. 0. 0. 0.
    0. 0. 0. 0. 0. 0. 0. 0. 0. 0. 0. 0. 0. 0. 0. 0. 0. 0. 0. 0. 0. 0. 0.
    0. 0. 0. 0. 0. 0. 0. 0. 0. 0. 0. 0. 0. 0. 0. 0. 0. 0. 0. 0. 0. 0. 0.
    0. 0. 0. 0. 0. 0. 0. 0. 0.</data></hand_right_0>
</opencv_storage>
