<?xml version="1.0"?>
<opencv_storage>
<hand_left_0 type_id="opencv-nd-matrix">
  <sizes>
    1 21 3</sizes>
  <dt>f</dt>
  <data>
    4.57786865e+02 4.04441589e+02 5.07040560e-01 4.45844818e+02
    4.17788605e+02 6.28003776e-01 4.37415161e+02 4.38160309e+02
    5.00057459e-01 4.32497833e+02 4.47292450e+02 5.23295641e-01
    4.16340973e+02 4.47292450e+02 7.86619365e-01 4.52869568e+02
    4.33945465e+02 5.67540467e-01 4.40225037e+02 4.45887512e+02
    5.00523329e-01 4.42332458e+02 4.57127075e+02 6.08621716e-01
    4.45844818e+02 4.67664185e+02 7.57833719e-01 4.67621490e+02
    4.26920746e+02 6.58677876e-01 4.77456116e+02 4.42375153e+02
    4.20446634e-01 4.66216553e+02 4.57829559e+02 6.22037411e-01
    4.67621490e+02 4.69069122e+02 7.38594472e-01 4.81670959e+02
    4.22003418e+02 6.42235398e-01 4.93613007e+02 4.38862793e+02
    5.94415069e-01 5.00637726e+02 4.51507294e+02 6.63656116e-01
    5.06959991e+02 4.62044403e+02 5.91364264e-01 4.95720398e+02
    4.12871277e+02 7.00066924e-01 5.04852570e+02 4.18491058e+02
    8.16937625e-01 5.12579773e+02 4.24813324e+02 8.44001651e-01
    5.18199524e+02 4.31135590e+02 7.37208009e-01</data></hand_left_0>
</opencv_storage>
