<?xml version="1.0"?>
<opencv_storage>
<pose_0 type_id="opencv-nd-matrix">
  <sizes>
    1 18 3</sizes>
  <dt>f</dt>
  <data>
    4.53885193e+02 1.46689651e+02 7.70446181e-01 4.69587006e+02
    9.39261627e+01 7.98832834e-01 3.73670776e+02 8.80816193e+01
    6.94767654e-01 4.14792328e+02 2.73984680e+02 7.26033866e-01
    4.59774170e+02 4.05025818e+02 8.52516055e-01 5.71375549e+02
    1.01805954e+02 6.67220354e-01 5.36073547e+02 2.89546844e+02
    8.15571547e-01 4.95045380e+02 4.14754547e+02 6.66901231e-01
    3.81482452e+02 2.87580658e+02 4.30646032e-01 3.30682678e+02
    4.28493195e+02 4.53590840e-01 2.85655029e+02 4.83261749e+02
    1.33936167e-01 4.91118683e+02 3.07187561e+02 4.33637232e-01
    5.45851990e+02 4.46083649e+02 1.38940796e-01 0. 0. 0. 4.34320160e+02
    1.21283943e+02 5.91897488e-01 4.73476593e+02 1.27129189e+02
    6.48670137e-01 4.01070282e+02 8.99553909e+01 1.35744616e-01
    5.08751770e+02 6.85041351e+01 3.28210890e-01</data></pose_0>
</opencv_storage>
