<?xml version="1.0"?>
<opencv_storage>
<hand_left_0 type_id="opencv-nd-matrix">
  <sizes>
    1 21 3</sizes>
  <dt>f</dt>
  <data>
    4.61329895e+02 3.94877838e+02 4.91219223e-01 4.49164185e+02
    4.07043549e+02 6.04165316e-01 4.38429718e+02 4.19924866e+02
    5.32972217e-01 4.25548401e+02 4.28512421e+02 4.79557276e-01
    4.16245209e+02 4.36384369e+02 6.38529062e-01 4.47732910e+02
    4.23503021e+02 4.25886452e-01 4.42007874e+02 4.35668732e+02
    6.82516456e-01 4.41292236e+02 4.48550049e+02 8.52463841e-01
    4.44870392e+02 4.60715759e+02 8.23675811e-01 4.63476776e+02
    4.20640503e+02 6.34872556e-01 4.59898621e+02 4.37099976e+02
    6.14538610e-01 4.62761139e+02 4.52128204e+02 6.67221069e-01
    4.63476776e+02 4.65725189e+02 8.16200018e-01 4.80651886e+02
    4.17777985e+02 5.83316505e-01 4.91386322e+02 4.34953094e+02
    5.75799882e-01 4.87092560e+02 4.49265686e+02 5.06787598e-01
    4.87092560e+02 4.65009552e+02 6.18259192e-01 4.98542633e+02
    4.09906067e+02 7.11795688e-01 5.08561462e+02 4.19924866e+02
    7.07545757e-01 5.14286499e+02 4.26365540e+02 6.94463313e-01
    5.19295898e+02 4.35668732e+02 5.77772081e-01</data></hand_left_0>
</opencv_storage>
