<?xml version="1.0"?>
<opencv_storage>
<hand_left_0 type_id="opencv-nd-matrix">
  <sizes>
    1 21 3</sizes>
  <dt>f</dt>
  <data>
    4.61755280e+02 4.16672974e+02 5.82054973e-01 4.49968323e+02
    4.29114777e+02 6.42554879e-01 4.40145844e+02 4.44830719e+02
    6.18619323e-01 4.25084717e+02 4.53998352e+02 6.89654708e-01
    4.13952576e+02 4.61201508e+02 7.65944242e-01 4.55206970e+02
    4.46795227e+02 5.12447238e-01 4.42765167e+02 4.56617706e+02
    5.09309351e-01 4.41455505e+02 4.68404663e+02 7.48869479e-01
    4.43420013e+02 4.81501282e+02 6.82859957e-01 4.69613251e+02
    4.42866241e+02 6.52846694e-01 4.80090576e+02 4.62511169e+02
    4.33610111e-01 4.61755280e+02 4.73643311e+02 6.82766020e-01
    4.57171478e+02 4.89359283e+02 6.61430061e-01 4.85984039e+02
    4.40901733e+02 6.48801863e-01 4.93842041e+02 4.59891846e+02
    7.11094856e-01 5.00390350e+02 4.72988495e+02 6.39554441e-01
    5.04319336e+02 4.84120605e+02 7.35596597e-01 5.00390350e+02
    4.35663086e+02 7.65160322e-01 5.10867645e+02 4.51379028e+02
    6.90323412e-01 5.15451477e+02 4.55962860e+02 6.06192470e-01
    5.19380432e+02 4.59891846e+02 4.21708614e-01</data></hand_left_0>
</opencv_storage>
