<?xml version="1.0"?>
<opencv_storage>
<hand_right_0 type_id="opencv-nd-matrix">
  <sizes>
    1 21 3</sizes>
  <dt>f</dt>
  <data>
    4.57543610e+02 3.83605103e+02 6.50528789e-01 4.74007782e+02
    3.89937469e+02 7.25555360e-01 4.93004883e+02 3.96903076e+02
    7.21290827e-01 5.04403168e+02 4.07034882e+02 8.59637678e-01
    5.15168213e+02 4.15900208e+02 8.31639647e-01 4.84139557e+02
    4.05135162e+02 6.47094846e-01 4.94904602e+02 4.22232574e+02
    7.55054057e-01 5.01236969e+02 4.34264069e+02 7.77425528e-01
    5.04403168e+02 4.45029114e+02 8.99876714e-01 4.69575104e+02
    4.08301361e+02 7.30377495e-01 4.79706909e+02 4.25398743e+02
    6.22890174e-01 4.86672516e+02 4.38063507e+02 6.24556661e-01
    4.89838715e+02 4.48195282e+02 6.70100212e-01 4.56910370e+02
    4.12100769e+02 6.20135427e-01 4.58810089e+02 4.23499054e+02
    6.54907107e-01 4.65775696e+02 4.38063507e+02 6.75449491e-01
    4.63875977e+02 4.49461761e+02 5.60764253e-01 4.42979156e+02
    4.14000488e+02 7.17935681e-01 4.41079437e+02 4.24132294e+02
    6.20158136e-01 4.40446198e+02 4.33630829e+02 7.02084482e-01
    4.41079437e+02 4.42496155e+02 6.89264059e-01</data></hand_right_0>
</opencv_storage>
