<?xml version="1.0"?>
<opencv_storage>
<hand_left_0 type_id="opencv-nd-matrix">
  <sizes>
    1 21 3</sizes>
  <dt>f</dt>
  <data>
    4.61147308e+02 4.16587372e+02 5.17334223e-01 4.47455017e+02
    4.28838348e+02 6.34971023e-01 4.37365967e+02 4.46133881e+02
    4.91924345e-01 4.28718201e+02 4.52619720e+02 4.68011528e-01
    4.15746552e+02 4.55502289e+02 7.95782268e-01 4.50337616e+02
    4.43251312e+02 5.50831378e-01 4.40248566e+02 4.54061005e+02
    6.92734361e-01 4.41689850e+02 4.66312012e+02 7.59247780e-01
    4.45293091e+02 4.76401062e+02 8.67857337e-01 4.66912506e+02
    4.40368713e+02 6.65842831e-01 4.61867950e+02 4.54061005e+02
    4.93446082e-01 4.64029907e+02 4.68473938e+02 6.07099235e-01
    4.64750549e+02 4.81445587e+02 8.19743037e-01 4.81325439e+02
    4.36044830e+02 6.04488492e-01 4.91414490e+02 4.51178406e+02
    6.00415111e-01 4.98620972e+02 4.64150055e+02 5.98692894e-01
    5.05106781e+02 4.76401062e+02 6.65956855e-01 4.97179657e+02
    4.28838348e+02 7.37406909e-01 5.05827423e+02 4.33882904e+02
    7.93411016e-01 5.13754578e+02 4.38927429e+02 8.37723792e-01
    5.18799072e+02 4.46854523e+02 7.82838941e-01</data></hand_left_0>
</opencv_storage>
