<?xml version="1.0"?>
<opencv_storage>
<pose_0 type_id="opencv-nd-matrix">
  <sizes>
    1 18 3</sizes>
  <dt>f</dt>
  <data>
    4.42094360e+02 1.13457481e+02 7.52917409e-01 4.61791138e+02
    7.43766556e+01 7.69836307e-01 3.67831970e+02 7.43394775e+01
    7.21200049e-01 4.12906708e+02 2.58209503e+02 7.22162426e-01
    4.59749695e+02 3.91302948e+02 8.36589098e-01 5.69373474e+02
    8.61041183e+01 6.53240621e-01 5.32189758e+02 2.73876190e+02
    7.64519036e-01 4.94970947e+02 3.97206024e+02 5.93706846e-01
    3.79525848e+02 2.85646942e+02 4.12909925e-01 3.24766998e+02
    4.30436157e+02 4.49970424e-01 2.85636841e+02 4.77432343e+02
    1.19806886e-01 4.89105652e+02 3.03278595e+02 4.14242327e-01
    5.22413757e+02 3.91332397e+02 7.20166266e-02 0. 0. 0. 4.22607330e+02
    8.60829315e+01 7.33707726e-01 4.59792816e+02 9.19521866e+01
    7.06391454e-01 3.99184113e+02 5.86627464e+01 1.81323588e-01
    5.06798004e+02 3.91233673e+01 5.73711932e-01</data></pose_0>
</opencv_storage>
