<?xml version="1.0"?>
<opencv_storage>
<hand_left_0 type_id="opencv-nd-matrix">
  <sizes>
    1 21 3</sizes>
  <dt>f</dt>
  <data>
    4.58560486e+02 3.90217926e+02 5.96781611e-01 4.45688080e+02
    4.03090332e+02 6.37370884e-01 4.39251862e+02 4.21683838e+02
    6.35966957e-01 4.39251862e+02 4.36701660e+02 6.83884442e-01
    4.44972931e+02 4.51719482e+02 5.87878287e-01 4.54269684e+02
    4.17393036e+02 6.12502217e-01 4.54984833e+02 4.30265442e+02
    3.55643153e-01 4.44972931e+02 4.42422729e+02 4.12403286e-01
    4.47833466e+02 4.53864868e+02 5.28304756e-01 4.68572357e+02
    4.10956818e+02 7.31095433e-01 4.78584259e+02 4.25974640e+02
    6.22759998e-01 4.64281555e+02 4.41707581e+02 4.51588333e-01
    4.63566437e+02 4.53864868e+02 6.33465171e-01 4.83590179e+02
    4.06666016e+02 6.61715269e-01 4.92171814e+02 4.20968689e+02
    6.65393710e-01 5.00038269e+02 4.31695709e+02 6.05703890e-01
    5.06474487e+02 4.42422729e+02 6.50811493e-01 4.96462616e+02
    3.97369263e+02 7.65261531e-01 5.04329071e+02 4.02375214e+02
    8.09275389e-01 5.11480438e+02 4.07381165e+02 8.55282903e-01
    5.15056091e+02 4.13102234e+02 7.60466039e-01</data></hand_left_0>
</opencv_storage>
