<?xml version="1.0"?>
<opencv_storage>
<hand_right_0 type_id="opencv-nd-matrix">
  <sizes>
    1 21 3</sizes>
  <dt>f</dt>
  <data>
    4.62530731e+02 4.05274323e+02 6.57418191e-01 4.79816650e+02
    4.11036316e+02 7.49515057e-01 4.99023224e+02 4.19999359e+02
    7.76358843e-01 5.08626495e+02 4.31523315e+02 8.05764198e-01
    5.17589539e+02 4.41766815e+02 8.07650685e-01 4.87499268e+02
    4.27682007e+02 7.41080284e-01 4.95181885e+02 4.44327698e+02
    7.93368816e-01 5.02224304e+02 4.57772278e+02 7.99136460e-01
    5.04785187e+02 4.70576660e+02 8.85655105e-01 4.72774231e+02
    4.30883087e+02 8.40114176e-01 4.79816650e+02 4.47528778e+02
    7.34875679e-01 4.86218842e+02 4.62253815e+02 6.29524171e-01
    4.88139496e+02 4.71857086e+02 4.96659696e-01 4.58049194e+02
    4.32163513e+02 7.57656932e-01 4.60610077e+02 4.46888550e+02
    7.26022899e-01 4.62530731e+02 4.61613586e+02 7.68351436e-01
    4.61890503e+02 4.74417969e+02 7.26978660e-01 4.42683960e+02
    4.32803741e+02 6.76367819e-01 4.42043732e+02 4.45608124e+02
    7.77989864e-01 4.42043732e+02 4.56491852e+02 7.98204780e-01
    4.42683960e+02 4.66735352e+02 7.97443509e-01</data></hand_right_0>
</opencv_storage>
