<?xml version="1.0"?>
<opencv_storage>
<hand_left_0 type_id="opencv-nd-matrix">
  <sizes>
    1 21 3</sizes>
  <dt>f</dt>
  <data>
    4.60328491e+02 4.24057373e+02 6.25108421e-01 4.48220245e+02
    4.36165619e+02 6.57201469e-01 4.38248718e+02 4.53971893e+02
    6.25960350e-01 4.26852722e+02 4.58957642e+02 4.85889941e-01
    4.15456696e+02 4.61094391e+02 7.25172639e-01 4.55342743e+02
    4.49698395e+02 5.72461486e-01 4.59616241e+02 4.61806641e+02
    3.63410771e-01 4.43946716e+02 4.71065918e+02 5.12473404e-01
    4.46795715e+02 4.81749664e+02 5.71127176e-01 4.71724487e+02
    4.44712646e+02 6.78357959e-01 4.80271515e+02 4.58245392e+02
    5.62623262e-01 4.88106262e+02 4.71065918e+02 4.73036796e-01
    4.67450989e+02 4.86023163e+02 5.06470501e-01 4.84545013e+02
    4.39726868e+02 6.91245556e-01 4.95228760e+02 4.53971893e+02
    6.60296679e-01 5.04488037e+02 4.66080139e+02 6.34683311e-01
    5.09473785e+02 4.78188416e+02 6.54463112e-01 4.98790009e+02
    4.31892120e+02 7.14439034e-01 5.06624786e+02 4.36165619e+02
    8.37214589e-01 5.13035034e+02 4.41151367e+02 8.34714293e-01
    5.18020813e+02 4.47561646e+02 7.49245346e-01</data></hand_left_0>
</opencv_storage>
