<?xml version="1.0"?>
<opencv_storage>
<pose_0 type_id="opencv-nd-matrix">
  <sizes>
    1 18 3</sizes>
  <dt>f</dt>
  <data>
    4.57800323e+02 1.66324142e+02 7.30113983e-01 4.65649017e+02
    1.03670776e+02 8.13598037e-01 3.67852081e+02 9.98299484e+01
    7.12183297e-01 4.14780457e+02 2.89525024e+02 7.92631209e-01
    4.59744293e+02 4.12883759e+02 8.83602858e-01 5.71324829e+02
    1.11497482e+02 6.51096225e-01 5.30245911e+02 2.99336426e+02
    7.19534338e-01 4.93083557e+02 4.22591980e+02 5.81606090e-01
    3.81511658e+02 2.97376221e+02 3.93324167e-01 3.22795990e+02
    4.36311462e+02 3.31187636e-01 2.83687622e+02 4.87153229e+02
    9.51280370e-02 4.91130249e+02 3.09133636e+02 4.14095402e-01
    5.45854309e+02 4.59775940e+02 1.36775240e-01 0. 0. 0. 4.42157623e+02
    1.48694992e+02 7.16515779e-01 4.75403259e+02 1.50634033e+02
    6.88707948e-01 4.06964203e+02 9.97679825e+01 1.91346496e-01
    5.12637329e+02 8.21811676e+01 4.52897370e-01</data></pose_0>
</opencv_storage>
