<?xml version="1.0"?>
<opencv_storage>
<pose_0 type_id="opencv-nd-matrix">
  <sizes>
    1 18 3</sizes>
  <dt>f</dt>
  <data>
    4.01101898e+02 1.48749191e+02 8.61661851e-01 4.38271454e+02
    1.11481964e+02 6.90011322e-01 3.52119446e+02 1.15416641e+02
    7.83908486e-01 4.12823395e+02 2.73986786e+02 8.21006238e-01
    4.61655060e+02 4.16725372e+02 7.61579037e-01 5.39961060e+02
    1.15458252e+02 6.91004336e-01 5.10725372e+02 2.89502808e+02
    8.42954755e-01 4.91033356e+02 4.30389526e+02 5.63448310e-01
    3.71753235e+02 3.15001312e+02 4.12400126e-01 3.22831177e+02
    4.65641754e+02 5.33805907e-01 0. 0. 0. 4.71539246e+02 3.20881989e+02
    4.87492621e-01 5.36072205e+02 4.48046295e+02 1.24228448e-01 0. 0. 0.
    3.83460205e+02 1.31024521e+02 8.84046495e-01 4.20632263e+02
    1.29122452e+02 7.64881968e-01 3.65748932e+02 1.05686142e+02
    6.03752993e-02 4.71529755e+02 7.04198303e+01 8.96392882e-01</data></pose_0>
</opencv_storage>
