<?xml version="1.0"?>
<opencv_storage>
<hand_left_0 type_id="opencv-nd-matrix">
  <sizes>
    1 21 3</sizes>
  <dt>f</dt>
  <data>
    4.60911530e+02 4.01421051e+02 5.46034873e-01 4.48902252e+02
    4.12763123e+02 6.42905951e-01 4.38894531e+02 4.30777039e+02
    4.69781309e-01 4.28886810e+02 4.39450409e+02 5.92118502e-01
    4.14208801e+02 4.43453491e+02 8.08937550e-01 4.53572540e+02
    4.29442688e+02 5.69521844e-01 4.40228882e+02 4.40784760e+02
    5.44679582e-01 4.41563263e+02 4.54128418e+02 6.30065978e-01
    4.44899170e+02 4.65470490e+02 7.51981854e-01 4.67583344e+02
    4.24105225e+02 6.42300069e-01 4.76923889e+02 4.41451965e+02
    4.03307408e-01 4.62913086e+02 4.55462769e+02 5.20833969e-01
    4.63580261e+02 4.68806396e+02 6.58070445e-01 4.82928528e+02
    4.20102142e+02 6.34893894e-01 4.94937805e+02 4.38116028e+02
    5.81656933e-01 5.01609619e+02 4.49458130e+02 6.22326553e-01
    5.05612701e+02 4.60800232e+02 6.64737701e-01 4.98273712e+02
    4.12763123e+02 7.34086096e-01 5.08948608e+02 4.20769318e+02
    7.24974930e-01 5.16287598e+02 4.27441132e+02 7.21592903e-01
    5.20957886e+02 4.34112946e+02 6.45892441e-01</data></hand_left_0>
</opencv_storage>
