<?xml version="1.0"?>
<opencv_storage>
<hand_right_0 type_id="opencv-nd-matrix">
  <sizes>
    1 21 3</sizes>
  <dt>f</dt>
  <data>
    4.63050171e+02 4.29670410e+02 6.23938322e-01 4.79516693e+02
    4.36139404e+02 6.61352396e-01 4.98923706e+02 4.43784576e+02
    6.55477583e-01 5.07156982e+02 4.56134491e+02 6.95756435e-01
    5.17742615e+02 4.64955872e+02 8.00552726e-01 4.88338074e+02
    4.50841675e+02 6.82832122e-01 4.96571350e+02 4.67308228e+02
    7.14500010e-01 5.01864166e+02 4.80246216e+02 7.64843166e-01
    5.05392700e+02 4.89655670e+02 8.34920883e-01 4.73047699e+02
    4.52605957e+02 7.55122364e-01 4.81869080e+02 4.68484406e+02
    6.11095726e-01 4.87161896e+02 4.81422394e+02 6.39415562e-01
    4.91866608e+02 4.93184235e+02 5.71944714e-01 4.58933533e+02
    4.54958313e+02 7.03498304e-01 4.60109711e+02 4.64955872e+02
    5.32079995e-01 4.64226349e+02 4.78481934e+02 5.73573530e-01
    4.63638245e+02 4.89655670e+02 5.56705058e-01 4.45407440e+02
    4.56722595e+02 6.68646038e-01 4.43055084e+02 4.63779663e+02
    6.67019844e-01 4.42466980e+02 4.70836761e+02 6.69538260e-01
    4.43055084e+02 4.80246216e+02 6.48292720e-01</data></hand_right_0>
</opencv_storage>
