<?xml version="1.0"?>
<opencv_storage>
<hand_right_0 type_id="opencv-nd-matrix">
  <sizes>
    1 21 3</sizes>
  <dt>f</dt>
  <data>
    4.57745453e+02 3.93823303e+02 5.28868735e-01 4.75402863e+02
    3.97898071e+02 6.56213582e-01 4.93739410e+02 4.03331146e+02
    6.52817845e-01 5.07322052e+02 4.10801575e+02 8.01571429e-01
    5.18867310e+02 4.20309418e+02 8.38547409e-01 4.84910706e+02
    4.14197235e+02 6.79606080e-01 4.96455963e+02 4.27100739e+02
    7.33955264e-01 5.03247253e+02 4.41362518e+02 8.64600480e-01
    5.08001190e+02 4.51549500e+02 9.09585059e-01 4.69969818e+02
    4.17592896e+02 7.55197346e-01 4.80835907e+02 4.33892059e+02
    6.29031658e-01 4.87627228e+02 4.47474701e+02 6.84063077e-01
    4.96455963e+02 4.58340790e+02 8.09365392e-01 4.54349792e+02
    4.20988556e+02 7.18493819e-01 4.59103699e+02 4.35250336e+02
    6.83253706e-01 4.64536774e+02 4.49512085e+02 7.63075888e-01
    4.69290680e+02 4.61057343e+02 7.10214376e-01 4.38729767e+02
    4.23025940e+02 6.25043511e-01 4.40088013e+02 4.36608582e+02
    7.61657298e-01 4.42804535e+02 4.48153839e+02 8.32011938e-01
    4.44162811e+02 4.58340790e+02 8.64751577e-01</data></hand_right_0>
</opencv_storage>
