<?xml version="1.0"?>
<opencv_storage>
<hand_right_0 type_id="opencv-nd-matrix">
  <sizes>
    1 21 3</sizes>
  <dt>f</dt>
  <data>
    4.57342621e+02 3.97427094e+02 5.47123671e-01 4.76419861e+02
    4.02373047e+02 6.83030009e-01 4.96203674e+02 4.09438690e+02
    6.67256653e-01 5.06802155e+02 4.18624054e+02 8.08097839e-01
    5.17400635e+02 4.24983124e+02 8.29947770e-01 4.84192078e+02
    4.17917480e+02 6.68206632e-01 4.95497131e+02 4.34168457e+02
    8.02475393e-01 5.02562775e+02 4.46886627e+02 8.79550338e-01
    5.06802155e+02 4.57485107e+02 9.23297286e-01 4.68647675e+02
    4.22863434e+02 7.39381790e-01 4.78539581e+02 4.36288147e+02
    6.66553438e-01 4.87724915e+02 4.51832581e+02 7.46451855e-01
    4.95497131e+02 4.63137604e+02 9.17372108e-01 4.54516357e+02
    4.25689697e+02 6.09677970e-01 4.57342621e+02 4.38407837e+02
    7.01694012e-01 4.62995148e+02 4.53245697e+02 8.24735105e-01
    4.68647675e+02 4.64550751e+02 7.26880431e-01 4.38971954e+02
    4.25689697e+02 6.10474825e-01 4.38971954e+02 4.40527557e+02
    7.84656942e-01 4.39678528e+02 4.51832581e+02 7.69949913e-01
    4.41798218e+02 4.62431061e+02 7.70583034e-01</data></hand_right_0>
</opencv_storage>
