<?xml version="1.0"?>
<opencv_storage>
<pose_0 type_id="opencv-nd-matrix">
  <sizes>
    1 18 3</sizes>
  <dt>f</dt>
  <data>
    5.06723969e+02 1.66388748e+02 7.88544536e-01 4.75405334e+02
    1.03726570e+02 8.05571854e-01 3.69776215e+02 1.01727127e+02
    6.33037925e-01 4.12770844e+02 2.91516449e+02 7.96836913e-01
    4.59731293e+02 4.16738312e+02 8.76080155e-01 5.75197937e+02
    1.11539352e+02 6.36189103e-01 5.30204529e+02 3.05157745e+02
    7.54294753e-01 4.95037506e+02 4.18731995e+02 6.19529605e-01
    3.77586060e+02 2.91509796e+02 4.10761029e-01 3.22861633e+02
    4.32419067e+02 4.71518219e-01 2.79774445e+02 4.79337463e+02
    1.26168564e-01 4.87151428e+02 3.03273438e+02 4.52049911e-01
    5.43901855e+02 4.44137787e+02 2.05198839e-01 0. 0. 0. 4.93099182e+02
    1.52624588e+02 7.93992639e-01 5.22420288e+02 1.50656784e+02
    4.86376673e-01 4.51957092e+02 1.01776268e+02 3.51704299e-01
    5.40167297e+02 9.78454208e+01 9.04658139e-02</data></pose_0>
</opencv_storage>
