<?xml version="1.0"?>
<opencv_storage>
<pose_0 type_id="opencv-nd-matrix">
  <sizes>
    1 18 3</sizes>
  <dt>f</dt>
  <data>
    4.61737122e+02 1.27175270e+02 7.26167202e-01 4.61744812e+02
    7.63156891e+01 7.82628119e-01 3.63895721e+02 7.63315353e+01
    6.74732327e-01 4.12803406e+02 2.69998566e+02 7.72919297e-01
    4.59711731e+02 3.93266846e+02 8.52455616e-01 5.69289673e+02
    8.61603241e+01 6.39744878e-01 5.24433472e+02 2.79778503e+02
    7.33414769e-01 4.95017395e+02 3.99100769e+02 6.48830891e-01
    3.79558472e+02 2.93491486e+02 4.13150340e-01 3.24827576e+02
    4.30423920e+02 4.63421255e-01 2.87604889e+02 4.77444977e+02
    1.14848785e-01 4.89153564e+02 3.05206207e+02 4.16083604e-01
    5.26293579e+02 3.99118134e+02 7.25590810e-02 0. 0. 0. 4.48031952e+02
    1.01825470e+02 6.14664733e-01 4.79322815e+02 1.03739143e+02
    6.51064515e-01 3.99198059e+02 3.72195930e+01 5.06486595e-01
    5.18492493e+02 2.74068775e+01 4.01018232e-01</data></pose_0>
</opencv_storage>
