<?xml version="1.0"?>
<opencv_storage>
<hand_left_0 type_id="opencv-nd-matrix">
  <sizes>
    1 21 3</sizes>
  <dt>f</dt>
  <data>
    4.59954437e+02 3.94733093e+02 5.33843517e-01 4.47937439e+02
    4.07457001e+02 6.46614134e-01 4.37334167e+02 4.23715332e+02
    4.93607193e-01 4.25317169e+02 4.31491028e+02 3.94367218e-01
    4.15420776e+02 4.35732330e+02 6.73447788e-01 4.48644318e+02
    4.23008423e+02 5.02056181e-01 4.41575470e+02 4.35732330e+02
    6.79851115e-01 4.42282349e+02 4.49870026e+02 7.86033630e-01
    4.44403015e+02 4.60473267e+02 7.96967983e-01 4.64902649e+02
    4.19474030e+02 6.46420062e-01 4.59954437e+02 4.38559875e+02
    5.54788768e-01 4.63488861e+02 4.52697540e+02 6.32099152e-01
    4.64195740e+02 4.64714569e+02 7.70603180e-01 4.81867859e+02
    4.16646484e+02 6.13268614e-01 4.92471100e+02 4.32904816e+02
    5.65824151e-01 4.98126160e+02 4.46335602e+02 5.31429708e-01
    4.88229797e+02 4.61180145e+02 5.88768840e-01 4.99539948e+02
    4.10284546e+02 7.24988997e-01 5.10143188e+02 4.17353363e+02
    6.13092422e-01 5.16505127e+02 4.23008423e+02 7.28440404e-01
    5.20746460e+02 4.29370392e+02 5.62935233e-01</data></hand_left_0>
</opencv_storage>
