<?xml version="1.0"?>
<opencv_storage>
<hand_left_0 type_id="opencv-nd-matrix">
  <sizes>
    1 21 3</sizes>
  <dt>f</dt>
  <data>
    4.61473175e+02 3.80464996e+02 5.94757438e-01 4.48606354e+02
    3.92688477e+02 6.23187304e-01 4.38956268e+02 4.09415344e+02
    6.65724456e-01 4.26089447e+02 4.20352142e+02 7.87782490e-01
    4.11292603e+02 4.25498871e+02 8.12345386e-01 4.51179718e+02
    4.13275391e+02 4.78654683e-01 4.42172974e+02 4.20995483e+02
    4.67631131e-01 4.40886292e+02 4.31288940e+02 7.87628293e-01
    4.39599609e+02 4.41582397e+02 6.93748116e-01 4.67263245e+02
    4.10702026e+02 7.08635390e-01 4.62116516e+02 4.26785553e+02
    3.67842168e-01 4.60829834e+02 4.40939056e+02 6.17746353e-01
    4.51823059e+02 4.56379242e+02 5.95693469e-01 4.82703430e+02
    4.06841980e+02 7.33595669e-01 4.91710205e+02 4.25498871e+02
    7.28001773e-01 4.97500275e+02 4.37079010e+02 5.72909176e-01
    5.00716980e+02 4.49302490e+02 6.66530013e-01 4.96856934e+02
    3.99765228e+02 7.16075301e-01 5.03933685e+02 4.11988708e+02
    7.43844569e-01 5.09723755e+02 4.16492096e+02 7.25285947e-01
    5.16157166e+02 4.16492096e+02 6.19026840e-01</data></hand_left_0>
</opencv_storage>
