<?xml version="1.0"?>
<opencv_storage>
<pose_0 type_id="opencv-nd-matrix">
  <sizes>
    1 18 3</sizes>
  <dt>f</dt>
  <data>
    5.02832886e+02 1.74149796e+02 7.26369917e-01 4.73438843e+02
    1.07638596e+02 7.84163773e-01 3.67847717e+02 1.01820396e+02
    6.61350906e-01 4.10839294e+02 2.91573792e+02 7.42921710e-01
    4.57839661e+02 4.18701721e+02 8.45975995e-01 5.71368835e+02
    1.17404533e+02 6.66711569e-01 5.26380127e+02 3.07176910e+02
    7.41714180e-01 4.93087830e+02 4.26465607e+02 6.13353372e-01
    3.71737518e+02 2.91537537e+02 4.14663702e-01 3.18966705e+02
    4.40201904e+02 4.22458380e-01 2.69989044e+02 4.87194336e+02
    5.72606474e-02 4.83275970e+02 3.05246368e+02 4.52897459e-01
    5.40050232e+02 4.57833649e+02 1.82158217e-01 0. 0. 0. 4.91004547e+02
    1.60362427e+02 7.71859825e-01 5.18465271e+02 1.52598877e+02
    4.75190878e-01 4.28429779e+02 9.77828979e+01 5.39009929e-01
    5.40032715e+02 1.03697212e+02 9.05996561e-02</data></pose_0>
</opencv_storage>
