<?xml version="1.0"?>
<opencv_storage>
<hand_right_0 type_id="opencv-nd-matrix">
  <sizes>
    1 21 3</sizes>
  <dt>f</dt>
  <data>
    4.60573212e+02 4.16597778e+02 5.55412412e-01 4.78248627e+02
    4.22960938e+02 7.29367197e-01 4.98752106e+02 4.30738129e+02
    7.25782752e-01 5.10064392e+02 4.39929352e+02 8.44975173e-01
    5.20669617e+02 4.49120544e+02 7.47140110e-01 4.86025818e+02
    4.38515289e+02 6.50255322e-01 4.94510010e+02 4.51948608e+02
    7.26767957e-01 5.03701233e+02 4.67502991e+02 7.86882401e-01
    5.06529297e+02 4.78815247e+02 8.39848101e-01 4.70471436e+02
    4.39929352e+02 7.67343462e-01 4.77541626e+02 4.54069672e+02
    7.18159437e-01 4.86732819e+02 4.68917023e+02 7.50590086e-01
    4.93803009e+02 4.83764374e+02 8.86139512e-01 4.55624084e+02
    4.43464417e+02 6.19395256e-01 4.58452148e+02 4.54776672e+02
    7.04375863e-01 4.62694275e+02 4.69624023e+02 7.65020311e-01
    4.66229340e+02 4.83057343e+02 7.43812799e-01 4.41483765e+02
    4.44878448e+02 7.00321436e-01 4.38655701e+02 4.56897736e+02
    8.30691338e-01 4.41483765e+02 4.68917023e+02 7.80491292e-01
    4.45018860e+02 4.79522278e+02 8.01957667e-01</data></hand_right_0>
</opencv_storage>
