<?xml version="1.0"?>
<opencv_storage>
<pose_0 type_id="opencv-nd-matrix">
  <sizes>
    1 18 3</sizes>
  <dt>f</dt>
  <data>
    4.46179718e+02 1.66344864e+02 8.63479495e-01 4.42149780e+02
    1.46740921e+02 7.34445214e-01 3.50267883e+02 1.48647705e+02
    7.68968582e-01 4.10798828e+02 2.99342163e+02 7.78029978e-01
    4.59747681e+02 4.28532104e+02 8.01041782e-01 5.34102417e+02
    1.52652954e+02 7.23042011e-01 5.06787689e+02 3.13030884e+02
    8.21109235e-01 4.89148041e+02 4.42192993e+02 5.29720664e-01
    3.65911194e+02 3.44361725e+02 4.70162272e-01 3.28698090e+02
    4.89154572e+02 6.14912689e-01 0. 0. 0. 4.65641113e+02 3.48258453e+02
    4.69558179e-01 5.08743896e+02 4.38282654e+02 1.03889152e-01 0. 0. 0.
    4.30403107e+02 1.46665253e+02 8.55526984e-01 4.73429688e+02
    1.46726822e+02 9.80509520e-01 3.91290771e+02 1.03690170e+02
    8.50184679e-01 5.06808105e+02 9.98104630e+01 7.82127917e-01</data></pose_0>
</opencv_storage>
