<?xml version="1.0"?>
<opencv_storage>
<pose_0 type_id="opencv-nd-matrix">
  <sizes>
    1 18 3</sizes>
  <dt>f</dt>
  <data>
    4.61694855e+02 1.36988968e+02 7.28373826e-01 4.63682587e+02
    8.60478363e+01 8.00738275e-01 3.65836517e+02 8.41584778e+01
    7.18282759e-01 4.08942444e+02 2.71877136e+02 7.07507372e-01
    4.59677338e+02 3.97088196e+02 8.61482918e-01 5.69397583e+02
    9.58424149e+01 6.72327757e-01 5.32153381e+02 2.75935791e+02
    7.45779634e-01 4.96944733e+02 4.01071808e+02 5.92609525e-01
    3.77591400e+02 2.89566345e+02 3.99723262e-01 3.24788849e+02
    4.32392090e+02 4.32249188e-01 2.83697876e+02 4.87156982e+02
    6.76555261e-02 4.91066864e+02 3.09142303e+02 3.77317131e-01
    5.41961243e+02 4.30441803e+02 6.53256252e-02 0. 0. 0. 4.46102661e+02
    1.17412086e+02 7.13591337e-01 4.79370728e+02 1.17423592e+02
    6.62495077e-01 4.10843597e+02 7.04175949e+01 3.86434048e-01
    5.14557129e+02 5.28111496e+01 3.83349895e-01</data></pose_0>
</opencv_storage>
