<?xml version="1.0"?>
<opencv_storage>
<hand_left_0 type_id="opencv-nd-matrix">
  <sizes>
    1 21 3</sizes>
  <dt>f</dt>
  <data>
    4.58811737e+02 4.06832397e+02 5.04955828e-01 4.46553131e+02
    4.19091003e+02 6.26102149e-01 4.37899994e+02 4.36397278e+02
    5.46522200e-01 4.35015625e+02 4.48655914e+02 5.46947300e-01
    4.15546051e+02 4.48655914e+02 6.95412338e-01 4.52321899e+02
    4.34955109e+02 5.81917167e-01 4.41505463e+02 4.46492615e+02
    5.08510411e-01 4.41505463e+02 4.58751221e+02 5.98300457e-01
    4.46553131e+02 4.70288757e+02 7.49291539e-01 4.68907074e+02
    4.29907440e+02 6.40848994e-01 4.60253937e+02 4.45050415e+02
    3.77550930e-01 4.64580505e+02 4.59472321e+02 6.17575884e-01
    4.64580505e+02 4.71730927e+02 7.59910226e-01 4.84050049e+02
    4.24859772e+02 6.35208189e-01 4.94866486e+02 4.41444946e+02
    5.77615619e-01 5.00635223e+02 4.53703552e+02 5.37184656e-01
    5.02798523e+02 4.65241089e+02 6.16587937e-01 4.99914154e+02
    4.18369934e+02 7.30341196e-01 5.10009460e+02 4.24138672e+02
    7.22923279e-01 5.15778198e+02 4.29186340e+02 7.97084153e-01
    5.19383728e+02 4.35676208e+02 6.60307229e-01</data></hand_left_0>
</opencv_storage>
