<?xml version="1.0"?>
<opencv_storage>
<hand_right_0 type_id="opencv-nd-matrix">
  <sizes>
    1 21 3</sizes>
  <dt>f</dt>
  <data>
    4.57509094e+02 4.14186066e+02 5.97856402e-01 4.74963837e+02
    4.18375214e+02 6.95922971e-01 4.95211365e+02 4.24658936e+02
    7.47991383e-01 5.07080597e+02 4.34433594e+02 8.27324986e-01
    5.16157104e+02 4.41415497e+02 7.76035249e-01 4.84040314e+02
    4.33735413e+02 6.95072651e-01 4.95211365e+02 4.49793793e+02
    8.21986616e-01 5.02891449e+02 4.62361206e+02 8.59996557e-01
    5.07778778e+02 4.73532257e+02 9.26973462e-01 4.68680115e+02
    4.37226349e+02 7.55214155e-01 4.79152985e+02 4.51888367e+02
    7.36261368e-01 4.87531281e+02 4.66550354e+02 7.43878841e-01
    4.96607758e+02 4.79117798e+02 9.12073851e-01 4.54018127e+02
    4.40717316e+02 6.58105373e-01 4.58207275e+02 4.52586548e+02
    7.27746844e-01 4.64490997e+02 4.67946747e+02 8.35273147e-01
    4.69378326e+02 4.79815979e+02 7.87478149e-01 4.40752502e+02
    4.42811890e+02 6.94257915e-01 4.40054321e+02 4.56775696e+02
    8.38516295e-01 4.40752502e+02 4.66550354e+02 7.91517437e-01
    4.42148895e+02 4.75626831e+02 8.08376312e-01</data></hand_right_0>
</opencv_storage>
