<?xml version="1.0"?>
<opencv_storage>
<hand_right_0 type_id="opencv-nd-matrix">
  <sizes>
    1 21 3</sizes>
  <dt>f</dt>
  <data>
    4.60137329e+02 3.94300568e+02 5.45030296e-01 4.77466888e+02
    4.00539215e+02 6.98299050e-01 4.98262390e+02 4.09550598e+02
    7.14968443e-01 5.09353302e+02 4.19255157e+02 7.10008681e-01
    5.18364685e+02 4.27573364e+02 7.51838446e-01 4.85785095e+02
    4.17175598e+02 6.88247681e-01 4.94103271e+02 4.31732452e+02
    7.63356149e-01 5.01728302e+02 4.44209747e+02 7.99555838e-01
    5.05194214e+02 4.54607483e+02 9.00059044e-01 4.70535065e+02
    4.19255157e+02 7.64279723e-01 4.76773712e+02 4.33118805e+02
    6.99431300e-01 4.84398712e+02 4.48368835e+02 7.22709060e-01
    4.92716919e+02 4.60152954e+02 8.93670440e-01 4.54591858e+02
    4.21334717e+02 6.80109203e-01 4.57364594e+02 4.33118805e+02
    6.89033449e-01 4.60830505e+02 4.49755219e+02 8.32588315e-01
    4.64989594e+02 4.64312042e+02 7.27763474e-01 4.40035004e+02
    4.22027893e+02 6.60943747e-01 4.40035004e+02 4.37277924e+02
    7.96090126e-01 4.41421387e+02 4.48368835e+02 7.62926936e-01
    4.44887299e+02 4.60152954e+02 7.52657831e-01</data></hand_right_0>
</opencv_storage>
