<?xml version="1.0"?>
<opencv_storage>
<hand_left_0 type_id="opencv-nd-matrix">
  <sizes>
    1 21 3</sizes>
  <dt>f</dt>
  <data>
    4.57842468e+02 3.97886566e+02 5.67852020e-01 4.45208191e+02
    4.11264038e+02 6.29044235e-01 4.36289856e+02 4.31330231e+02
    4.93117690e-01 4.28857941e+02 4.40248566e+02 4.27672029e-01
    4.13994080e+02 4.42478149e+02 6.95448399e-01 4.48924133e+02
    4.26127899e+02 4.88526016e-01 4.40749023e+02 4.38762177e+02
    6.67114019e-01 4.41492218e+02 4.51396454e+02 7.63887882e-01
    4.43721802e+02 4.63287537e+02 8.07003558e-01 4.64531189e+02
    4.22411926e+02 6.44612849e-01 4.59328857e+02 4.39505371e+02
    5.48250496e-01 4.62301605e+02 4.52882843e+02 7.06882715e-01
    4.62301605e+02 4.66260315e+02 7.70239770e-01 4.82367828e+02
    4.17952759e+02 6.43229067e-01 4.92029358e+02 4.34303009e+02
    5.68747580e-01 4.89056580e+02 4.50653259e+02 5.54207265e-01
    4.95002106e+02 4.61801147e+02 5.91746807e-01 4.96488495e+02
    4.09777649e+02 6.88835561e-01 5.06150024e+02 4.14979980e+02
    7.37484038e-01 5.12095581e+02 4.18695953e+02 7.70361543e-01
    5.17297913e+02 4.23898315e+02 6.79603159e-01</data></hand_left_0>
</opencv_storage>
