<?xml version="1.0"?>
<opencv_storage>
<hand_right_0 type_id="opencv-nd-matrix">
  <sizes>
    1 21 3</sizes>
  <dt>f</dt>
  <data>
    4.57278046e+02 4.16511719e+02 5.66186070e-01 4.75846802e+02
    4.22225189e+02 6.86688125e-01 4.95843933e+02 4.29367035e+02
    6.91284776e-01 5.07270874e+02 4.38651398e+02 8.22849274e-01
    5.17983582e+02 4.45793243e+02 7.52318680e-01 4.84417023e+02
    4.37223053e+02 6.55684710e-01 4.95129761e+02 4.53649261e+02
    7.86434412e-01 5.02985779e+02 4.67218719e+02 8.34384501e-01
    5.07270874e+02 4.77931488e+02 9.20257449e-01 4.68704987e+02
    4.39365601e+02 6.96638703e-01 4.78703552e+02 4.54363434e+02
    6.51862979e-01 4.87987915e+02 4.70789642e+02 7.58792043e-01
    4.95843933e+02 4.83644928e+02 9.07741725e-01 4.55135498e+02
    4.44364868e+02 6.69251680e-01 4.58706421e+02 4.55791809e+02
    7.02281296e-01 4.63705688e+02 4.72218018e+02 8.13485861e-01
    4.69419159e+02 4.83644928e+02 7.40222752e-01 4.39423462e+02
    4.46507416e+02 6.62116289e-01 4.38709290e+02 4.60076904e+02
    8.38699877e-01 4.39423462e+02 4.70075470e+02 7.37668753e-01
    4.42280212e+02 4.79359833e+02 7.53382444e-01</data></hand_right_0>
</opencv_storage>
