<?xml version="1.0"?>
<opencv_storage>
<pose_0 type_id="opencv-nd-matrix">
  <sizes>
    1 18 3</sizes>
  <dt>f</dt>
  <data>
    4.01121368e+02 1.48712967e+02 8.60026538e-01 4.38263885e+02
    1.09535942e+02 6.87370479e-01 3.52136688e+02 1.15361313e+02
    7.76178002e-01 4.12847168e+02 2.73887878e+02 8.33929598e-01
    4.61666046e+02 4.14848663e+02 7.87865222e-01 5.39971863e+02
    1.15382317e+02 6.94597542e-01 5.10698914e+02 2.87679626e+02
    8.47554028e-01 4.91074432e+02 4.28487518e+02 5.80018878e-01
    3.73711121e+02 3.11093567e+02 4.07199651e-01 3.22874573e+02
    4.63728210e+02 5.18234730e-01 0. 0. 0. 4.73456421e+02 3.18904327e+02
    4.82615620e-01 5.20441223e+02 4.32384491e+02 1.14947826e-01 0. 0. 0.
    3.83458496e+02 1.30976120e+02 8.65924358e-01 4.18718689e+02
    1.29104782e+02 7.68668652e-01 3.65776306e+02 1.05665771e+02
    6.00952804e-02 4.71518890e+02 7.04046402e+01 8.95234227e-01</data></pose_0>
</opencv_storage>
