<?xml version="1.0"?>
<opencv_storage>
<pose_0 type_id="opencv-nd-matrix">
  <sizes>
    1 18 3</sizes>
  <dt>f</dt>
  <data>
    4.42112701e+02 1.31037613e+02 6.98735118e-01 4.61806061e+02
    8.40721741e+01 8.21774125e-01 3.67839050e+02 8.40486069e+01
    7.11181283e-01 4.12867096e+02 2.68062164e+02 6.98704004e-01
    4.59751709e+02 3.97128998e+02 8.72342467e-01 5.71244629e+02
    9.19562302e+01 6.31717682e-01 5.36026855e+02 2.77862915e+02
    7.35942185e-01 4.93048248e+02 4.08904480e+02 5.97117424e-01
    3.77634674e+02 2.89560883e+02 4.21626538e-01 3.24817657e+02
    4.30464020e+02 4.72954810e-01 2.87610321e+02 4.77451019e+02
    1.31117478e-01 4.89153564e+02 3.07156860e+02 4.31627393e-01
    5.42003601e+02 4.44134277e+02 1.08794823e-01 0. 0. 0. 4.28446320e+02
    1.05676460e+02 5.42814016e-01 4.57850739e+02 1.15393082e+02
    5.81478715e-01 4.12821228e+02 6.84385071e+01 1.18864290e-01
    5.04812164e+02 5.47830086e+01 2.72937149e-01</data></pose_0>
</opencv_storage>
