<?xml version="1.0"?>
<opencv_storage>
<pose_0 type_id="opencv-nd-matrix">
  <sizes>
    1 18 3</sizes>
  <dt>f</dt>
  <data>
    4.65649811e+02 9.98648224e+01 7.88119197e-01 4.75465973e+02
    6.85023727e+01 7.45592356e-01 3.79537231e+02 6.84471588e+01
    6.94728494e-01 4.28395813e+02 2.56220886e+02 7.29280829e-01
    4.61686127e+02 3.83462524e+02 8.27235937e-01 5.73293579e+02
    8.40750580e+01 6.85653985e-01 5.28261719e+02 2.71865845e+02
    7.75092125e-01 4.95032959e+02 3.97114899e+02 5.59370756e-01
    3.81568329e+02 2.93481354e+02 4.09952492e-01 3.20912140e+02
    4.46117004e+02 2.28595644e-01 0. 0. 0. 4.89104980e+02 3.05192322e+02
    4.10505891e-01 5.22396179e+02 3.93280579e+02 6.05257228e-02 0. 0. 0.
    4.46086914e+02 8.02326126e+01 6.81311846e-01 4.87188538e+02
    7.43957367e+01 7.59202182e-01 4.10785553e+02 2.34843082e+01
    3.62682670e-01 5.30225830e+02 4.84228325e+00 5.61034918e-01</data></pose_0>
</opencv_storage>
