<?xml version="1.0"?>
<opencv_storage>
<pose_0 type_id="opencv-nd-matrix">
  <sizes>
    1 18 3</sizes>
  <dt>f</dt>
  <data>
    4.16744568e+02 1.29119339e+02 8.81611466e-01 4.36329712e+02
    8.80262756e+01 7.80072808e-01 3.50146942e+02 9.77719955e+01
    7.35034108e-01 4.05033691e+02 2.58219604e+02 8.37306798e-01
    4.59730011e+02 3.95155273e+02 8.22574854e-01 5.36100952e+02
    8.80315018e+01 7.05612123e-01 5.08745880e+02 2.64153381e+02
    8.35446775e-01 4.93048676e+02 4.12749573e+02 5.74637532e-01
    3.75628937e+02 2.93462799e+02 4.46335346e-01 3.34499207e+02
    4.42145813e+02 5.87274492e-01 3.03204315e+02 4.91112457e+02
    6.78936318e-02 4.75406311e+02 2.99335754e+02 4.59031790e-01
    5.12610229e+02 4.05007324e+02 1.08180210e-01 0. 0. 0. 3.97201721e+02
    1.05644012e+02 7.76119649e-01 4.36280853e+02 1.03691681e+02
    7.61292577e-01 3.69773529e+02 8.41211014e+01 1.72120884e-01
    4.77470734e+02 5.48377647e+01 6.92840517e-01</data></pose_0>
</opencv_storage>
