<?xml version="1.0"?>
<opencv_storage>
<hand_right_0 type_id="opencv-nd-matrix">
  <sizes>
    1 21 3</sizes>
  <dt>f</dt>
  <data>
    4.56751862e+02 3.94674988e+02 5.81501842e-01 4.75920898e+02
    3.99644745e+02 6.80356860e-01 4.95089905e+02 4.05324432e+02
    6.89087749e-01 5.06449341e+02 4.13844025e+02 8.18990171e-01
    5.18518738e+02 4.22363586e+02 8.85789156e-01 4.84440460e+02
    4.15973907e+02 7.18754590e-01 4.95799866e+02 4.30883148e+02
    8.17763209e-01 5.05029419e+02 4.44372467e+02 8.59588861e-01
    5.09289185e+02 4.55021912e+02 8.71876955e-01 4.70951141e+02
    4.19523712e+02 7.25309908e-01 4.78760742e+02 4.34432953e+02
    6.78062260e-01 4.89410217e+02 4.49342194e+02 7.78281331e-01
    4.96509827e+02 4.61411591e+02 9.01462257e-01 4.54621979e+02
    4.22363586e+02 7.29122698e-01 4.59591736e+02 4.35852905e+02
    7.06583858e-01 4.65271423e+02 4.50762146e+02 8.34042609e-01
    4.68821259e+02 4.62831512e+02 7.97872782e-01 4.39002777e+02
    4.23783508e+02 6.54759169e-01 4.39002777e+02 4.38692749e+02
    8.01038623e-01 4.41842621e+02 4.50052155e+02 7.60067165e-01
    4.43972504e+02 4.60701630e+02 8.01399529e-01</data></hand_right_0>
</opencv_storage>
