<?xml version="1.0"?>
<opencv_storage>
<pose_0 type_id="opencv-nd-matrix">
  <sizes>
    1 18 3</sizes>
  <dt>f</dt>
  <data>
    4.30365753e+02 1.38944595e+02 8.60338986e-01 4.44143494e+02
    9.38908539e+01 7.92011380e-01 3.52127808e+02 9.78442917e+01
    7.38052905e-01 4.10788666e+02 2.60289276e+02 7.89375186e-01
    4.59812317e+02 3.99099213e+02 8.28371048e-01 5.39940918e+02
    9.19617844e+01 6.98325574e-01 5.10626038e+02 2.71938049e+02
    8.42223525e-01 4.91097595e+02 4.14766266e+02 5.39304733e-01
    3.75671539e+02 2.95427124e+02 4.26191270e-01 3.32609589e+02
    4.44139771e+02 5.46936035e-01 3.03225739e+02 4.91077789e+02
    1.34861797e-01 4.75440491e+02 3.01326874e+02 4.85290349e-01
    5.12597900e+02 4.12804199e+02 1.37380749e-01 0. 0. 0. 4.10837555e+02
    1.17438072e+02 7.53988743e-01 4.46158539e+02 1.17386734e+02
    7.92570770e-01 3.81439636e+02 9.57986069e+01 2.05125019e-01
    4.90993408e+02 5.48592491e+01 6.25666797e-01</data></pose_0>
</opencv_storage>
