<?xml version="1.0"?>
<opencv_storage>
<hand_left_0 type_id="opencv-nd-matrix">
  <sizes>
    1 21 3</sizes>
  <dt>f</dt>
  <data>
    4.59782013e+02 4.09738922e+02 5.79223633e-01 4.46058899e+02
    4.23462006e+02 6.65041089e-01 4.37391693e+02 4.41518707e+02
    6.21353865e-01 4.32335815e+02 4.53075012e+02 4.67818797e-01
    4.14279083e+02 4.50908203e+02 7.40401983e-01 4.54003845e+02
    4.42240997e+02 5.55382907e-01 4.39558502e+02 4.51630463e+02
    4.28690493e-01 4.40280762e+02 4.62464508e+02 5.97853541e-01
    4.43169830e+02 4.73298523e+02 7.38050759e-01 4.67004669e+02
    4.37907379e+02 6.99450076e-01 4.72782837e+02 4.53075012e+02
    4.11426127e-01 4.64837891e+02 4.66075836e+02 4.92119730e-01
    4.64115601e+02 4.78354401e+02 7.07099915e-01 4.83616852e+02
    4.32851501e+02 6.24863267e-01 4.90839539e+02 4.49463654e+02
    7.10678279e-01 4.96617676e+02 4.62464508e+02 6.56163990e-01
    5.03118103e+02 4.74020782e+02 6.47421002e-01 4.97339935e+02
    4.27073334e+02 7.86644936e-01 5.07451721e+02 4.35018311e+02
    7.60125458e-01 5.13229858e+02 4.39351898e+02 8.31614912e-01
    5.16841187e+02 4.46574585e+02 6.86047912e-01</data></hand_left_0>
</opencv_storage>
