<?xml version="1.0"?>
<opencv_storage>
<hand_left_0 type_id="opencv-nd-matrix">
  <sizes>
    1 21 3</sizes>
  <dt>f</dt>
  <data>
    4.63400421e+02 3.88109009e+02 5.35612643e-01 4.50392303e+02
    4.00432495e+02 6.78661346e-01 4.40122711e+02 4.17548462e+02
    6.47729754e-01 4.39438080e+02 4.31241241e+02 5.43700755e-01
    4.41492004e+02 4.46303284e+02 4.69079375e-01 4.55869415e+02
    4.15494537e+02 6.16550088e-01 4.42861267e+02 4.25764130e+02
    3.45806003e-01 4.42176636e+02 4.38772247e+02 5.03259838e-01
    4.43545898e+02 4.50411102e+02 5.73468745e-01 4.70246796e+02
    4.11386719e+02 6.91629410e-01 4.78462463e+02 4.28502686e+02
    4.65734482e-01 4.62715790e+02 4.43564728e+02 4.14105296e-01
    4.59977234e+02 4.54518951e+02 5.73429942e-01 4.83939575e+02
    4.07278870e+02 6.75501049e-01 4.94209167e+02 4.24394836e+02
    6.26964211e-01 4.99686279e+02 4.35349060e+02 6.38580561e-01
    5.05163361e+02 4.45618652e+02 6.69055820e-01 4.99686279e+02
    4.01801788e+02 7.66475856e-01 5.06532654e+02 4.07963531e+02
    6.93865120e-01 5.13379028e+02 4.14125275e+02 7.51839578e-01
    5.16117615e+02 4.19602386e+02 7.04448462e-01</data></hand_left_0>
</opencv_storage>
