<?xml version="1.0"?>
<opencv_storage>
<hand_left_0 type_id="opencv-nd-matrix">
  <sizes>
    1 21 3</sizes>
  <dt>f</dt>
  <data>
    4.57270813e+02 3.96572052e+02 5.30916512e-01 4.44869781e+02
    4.08243591e+02 6.32032752e-01 4.34657166e+02 4.26480408e+02
    4.90103126e-01 4.33927704e+02 4.38881470e+02 3.58542889e-01
    4.14961395e+02 4.36693024e+02 3.00474256e-01 4.47787689e+02
    4.21374115e+02 5.27328432e-01 4.39763489e+02 4.35963562e+02
    6.40289545e-01 4.41951904e+02 4.49823547e+02 6.79109633e-01
    4.44869781e+02 4.60036163e+02 8.00624132e-01 4.63836090e+02
    4.19185699e+02 6.43055081e-01 4.58000305e+02 4.36693024e+02
    5.27197778e-01 4.62377136e+02 4.50553009e+02 6.51759028e-01
    4.60188721e+02 4.63683533e+02 7.66006112e-01 4.80613953e+02
    4.14079376e+02 6.37551367e-01 4.92285522e+02 4.29398315e+02
    5.35883248e-01 4.88638153e+02 4.44717224e+02 5.17835617e-01
    4.94473938e+02 4.56388794e+02 5.92608511e-01 4.95203400e+02
    4.03866760e+02 6.43716097e-01 5.03957062e+02 4.08243591e+02
    8.21284533e-01 5.10522339e+02 4.14079376e+02 8.04428756e-01
    5.16358093e+02 4.19915161e+02 7.56846905e-01</data></hand_left_0>
</opencv_storage>
