<?xml version="1.0"?>
<opencv_storage>
<hand_left_0 type_id="opencv-nd-matrix">
  <sizes>
    1 21 3</sizes>
  <dt>f</dt>
  <data>
    4.59519165e+02 4.03216553e+02 5.63685954e-01 4.45663422e+02
    4.15613800e+02 6.52833581e-01 4.37641663e+02 4.34574341e+02
    5.60806513e-01 4.37641663e+02 4.49159332e+02 6.27198517e-01
    4.44204926e+02 4.65202850e+02 4.83609289e-01 4.53685181e+02
    4.32386566e+02 6.43751800e-01 4.55872925e+02 4.49159332e+02
    3.17349404e-01 4.60248444e+02 4.59368866e+02 2.97972858e-01
    4.45663422e+02 4.66661377e+02 4.38120008e-01 4.68999451e+02
    4.27281830e+02 6.81105077e-01 4.77750458e+02 4.44054596e+02
    6.91122890e-01 4.83584442e+02 4.56451843e+02 3.71941656e-01
    4.66082428e+02 4.69578369e+02 5.46455145e-01 4.84313690e+02
    4.22906311e+02 6.95586503e-01 4.92335449e+02 4.38949829e+02
    7.37283111e-01 5.00357208e+02 4.51347107e+02 6.58866167e-01
    5.03274231e+02 4.62285858e+02 6.44072831e-01 4.96710968e+02
    4.14884552e+02 7.63783157e-01 5.06920471e+02 4.22177063e+02
    7.86632776e-01 5.13483704e+02 4.28011078e+02 8.74217987e-01
    5.17859253e+02 4.34574341e+02 7.61090219e-01</data></hand_left_0>
</opencv_storage>
