<?xml version="1.0"?>
<opencv_storage>
<pose_0 type_id="opencv-nd-matrix">
  <sizes>
    1 18 3</sizes>
  <dt>f</dt>
  <data>
    5.04744995e+02 1.13518234e+02 7.80130148e-01 4.69576782e+02
    7.04359207e+01 7.21676946e-01 3.69804688e+02 7.03784332e+01
    6.44797325e-01 4.14850372e+02 2.58318939e+02 7.93673098e-01
    4.59726807e+02 3.85439148e+02 8.65974963e-01 5.73249023e+02
    8.60180893e+01 6.70776129e-01 5.26280396e+02 2.73876190e+02
    7.57963479e-01 4.96983276e+02 3.89372650e+02 5.79765320e-01
    3.81555145e+02 2.93486176e+02 4.29579884e-01 3.28668243e+02
    4.28459229e+02 4.37037140e-01 0. 0. 0. 4.91100861e+02 3.07196442e+02
    4.02469426e-01 5.22373779e+02 3.89387390e+02 6.30616620e-02 0. 0. 0.
    4.91102264e+02 9.19657211e+01 6.79364145e-01 5.20428040e+02
    8.99936371e+01 4.96420652e-01 4.55836823e+02 5.27835045e+01
    2.76839763e-01 0. 0. 0.</data></pose_0>
</opencv_storage>
