<?xml version="1.0"?>
<opencv_storage>
<hand_left_0 type_id="opencv-nd-matrix">
  <sizes>
    1 21 3</sizes>
  <dt>f</dt>
  <data>
    4.63264038e+02 3.89396149e+02 5.48139453e-01 4.50916138e+02
    4.01058044e+02 6.88418984e-01 4.40626221e+02 4.18207886e+02
    6.66879416e-01 4.39940247e+02 4.32613770e+02 6.10740721e-01
    4.42684204e+02 4.47705627e+02 5.16016006e-01 4.56404083e+02
    4.15463928e+02 6.11936629e-01 4.43370209e+02 4.25067841e+02
    2.67194659e-01 4.43370209e+02 4.39473724e+02 4.23512965e-01
    4.45428192e+02 4.51135620e+02 5.01204908e-01 4.71495972e+02
    4.09975983e+02 6.86581373e-01 4.78355896e+02 4.26439819e+02
    5.26745915e-01 4.63264038e+02 4.42217682e+02 3.66724819e-01
    4.72867950e+02 4.52507599e+02 5.69130659e-01 4.84529846e+02
    4.06545990e+02 6.76943958e-01 4.94819763e+02 4.23695862e+02
    6.22852385e-01 5.00307709e+02 4.34671753e+02 6.70395732e-01
    5.05795654e+02 4.45647644e+02 6.73048496e-01 4.99621704e+02
    4.00372040e+02 7.33340144e-01 5.07167664e+02 4.05860016e+02
    7.90248871e-01 5.14027588e+02 4.12719940e+02 8.05955112e-01
    5.18143555e+02 4.18893890e+02 7.70339429e-01</data></hand_left_0>
</opencv_storage>
