<?xml version="1.0"?>
<opencv_storage>
<hand_right_0 type_id="opencv-nd-matrix">
  <sizes>
    1 21 3</sizes>
  <dt>f</dt>
  <data>
    4.55807495e+02 4.11107727e+02 5.87598145e-01 4.73164307e+02
    4.15273376e+02 6.72655225e-01 4.92603943e+02 4.21521820e+02
    6.57862127e-01 5.05100830e+02 4.28464539e+02 7.85401344e-01
    5.16903503e+02 4.34713013e+02 8.74535739e-01 4.83578400e+02
    4.30547363e+02 7.03516006e-01 4.94686768e+02 4.45127075e+02
    8.31824005e-01 5.00935211e+02 4.59012543e+02 8.49723697e-01
    5.06489380e+02 4.68038086e+02 9.16802943e-01 4.68304382e+02
    4.35407288e+02 7.15855956e-01 4.78024200e+02 4.49987000e+02
    7.11159587e-01 4.87049744e+02 4.63872437e+02 6.74111843e-01
    4.95381012e+02 4.76369354e+02 8.77130091e-01 4.53724670e+02
    4.38878632e+02 6.55337572e-01 4.56501770e+02 4.50681274e+02
    6.55274153e-01 4.62055939e+02 4.65955261e+02 7.86460221e-01
    4.62750214e+02 4.77757904e+02 6.44001603e-01 4.39144958e+02
    4.40267181e+02 6.76350594e-01 4.38450684e+02 4.54152618e+02
    8.07468176e-01 4.39144958e+02 4.63872437e+02 7.77821839e-01
    4.40533508e+02 4.72897980e+02 8.07361066e-01</data></hand_right_0>
</opencv_storage>
