<?xml version="1.0"?>
<opencv_storage>
<hand_left_0 type_id="opencv-nd-matrix">
  <sizes>
    1 21 3</sizes>
  <dt>f</dt>
  <data>
    4.61144226e+02 3.88891541e+02 5.98276317e-01 4.47251495e+02
    4.01394989e+02 6.64777219e-01 4.36831940e+02 4.17371643e+02
    6.59621537e-01 4.29885590e+02 4.27096558e+02 3.98720950e-01
    4.17382111e+02 4.29875092e+02 5.34018278e-01 4.51419312e+02
    4.18760925e+02 5.48792422e-01 4.40999756e+02 4.38210724e+02
    6.01000249e-01 4.43083679e+02 4.47935638e+02 5.44651031e-01
    4.46556854e+02 4.56965912e+02 6.85710192e-01 4.67395935e+02
    4.14593079e+02 6.52460694e-01 4.61144226e+02 4.34737549e+02
    3.58967483e-01 4.63228119e+02 4.47240997e+02 5.38080871e-01
    4.63228119e+02 4.59744446e+02 7.02714920e-01 4.81288666e+02
    4.11119904e+02 6.44710243e-01 4.91013580e+02 4.28485809e+02
    6.75655901e-01 4.96570679e+02 4.40989288e+02 6.55812800e-01
    5.02127747e+02 4.50714172e+02 6.12987280e-01 4.97959930e+02
    4.04868195e+02 7.88771689e-01 5.07684845e+02 4.16677002e+02
    6.89610124e-01 5.13241943e+02 4.22234100e+02 7.31193602e-01
    5.15325867e+02 4.27791199e+02 5.91181636e-01</data></hand_left_0>
</opencv_storage>
