<?xml version="1.0"?>
<opencv_storage>
<hand_left_0 type_id="opencv-nd-matrix">
  <sizes>
    1 21 3</sizes>
  <dt>f</dt>
  <data>
    4.57520111e+02 4.01007019e+02 4.80947554e-01 4.45238647e+02
    4.12566071e+02 5.89429021e-01 4.35124481e+02 4.29904633e+02
    4.99207973e-01 4.27177612e+02 4.37129059e+02 5.59940100e-01
    4.15618561e+02 4.41463684e+02 8.27307105e-01 4.47405945e+02
    4.25570007e+02 5.02465427e-01 4.40181549e+02 4.40018799e+02
    6.48690939e-01 4.43071320e+02 4.53022736e+02 7.78298140e-01
    4.45961060e+02 4.63859344e+02 8.12912047e-01 4.64744537e+02
    4.22680237e+02 6.01659298e-01 4.58964996e+02 4.38573944e+02
    5.52313507e-01 4.62577209e+02 4.53022736e+02 7.04864442e-01
    4.62577209e+02 4.65304230e+02 7.49659300e-01 4.79915771e+02
    4.17623169e+02 6.50740862e-01 4.92919708e+02 4.33516846e+02
    4.62088466e-01 4.93642151e+02 4.46520782e+02 4.69439834e-01
    4.97254333e+02 4.59524719e+02 6.32519364e-01 4.95809479e+02
    4.08231445e+02 6.51012719e-01 5.03756317e+02 4.11843628e+02
    8.07255030e-01 5.11703156e+02 4.16900726e+02 7.76930451e-01
    5.18205139e+02 4.22680237e+02 7.25927472e-01</data></hand_left_0>
</opencv_storage>
