<?xml version="1.0"?>
<opencv_storage>
<hand_left_0 type_id="opencv-nd-matrix">
  <sizes>
    1 21 3</sizes>
  <dt>f</dt>
  <data>
    4.57057831e+02 4.13981659e+02 5.24302661e-01 4.43437775e+02
    4.26884857e+02 6.36548638e-01 4.33401947e+02 4.44806000e+02
    5.01031697e-01 4.24082977e+02 4.54124969e+02 4.22470748e-01
    4.13330292e+02 4.57709198e+02 7.03001618e-01 4.43437775e+02
    4.41938599e+02 5.29897928e-01 4.37703033e+02 4.53408112e+02
    6.77459657e-01 4.37703033e+02 4.65594482e+02 8.55904520e-01
    4.41287262e+02 4.77063995e+02 8.36078703e-01 4.60642059e+02
    4.39788086e+02 6.70120358e-01 4.56341003e+02 4.54124969e+02
    5.67061424e-01 4.59925232e+02 4.69178711e+02 6.39105976e-01
    4.61358917e+02 4.81365082e+02 8.36567461e-01 4.78563171e+02
    4.36203857e+02 6.89615726e-01 4.87165314e+02 4.53408112e+02
    6.64475918e-01 4.88598999e+02 4.69178711e+02 5.75509787e-01
    4.85731628e+02 4.82081909e+02 6.23603702e-01 4.95050598e+02
    4.29752258e+02 7.29094625e-01 5.01502228e+02 4.38354370e+02
    7.21338868e-01 5.07236969e+02 4.44806000e+02 7.41280794e-01
    5.10821198e+02 4.51974426e+02 6.60349250e-01</data></hand_left_0>
</opencv_storage>
