<?xml version="1.0"?>
<opencv_storage>
<hand_right_0 type_id="opencv-nd-matrix">
  <sizes>
    1 21 3</sizes>
  <dt>f</dt>
  <data>
    4.58852051e+02 3.90785278e+02 5.53291917e-01 4.76566162e+02
    3.96453796e+02 7.05309212e-01 4.95697418e+02 4.02122314e+02
    6.78901792e-01 5.07034454e+02 4.12042236e+02 7.91309416e-01
    5.18371521e+02 4.19127899e+02 7.94624984e-01 4.85068939e+02
    4.12042236e+02 7.20653355e-01 4.95697418e+02 4.28339233e+02
    7.76345372e-01 5.03491638e+02 4.41093414e+02 8.39133680e-01
    5.06325897e+02 4.51721863e+02 9.50677156e-01 4.70897644e+02
    4.16293640e+02 7.37258673e-01 4.77983276e+02 4.30464935e+02
    6.99615777e-01 4.87194641e+02 4.46053345e+02 7.48235822e-01
    4.94280273e+02 4.57390381e+02 8.72076988e-01 4.55309204e+02
    4.19127899e+02 7.46981561e-01 4.59560608e+02 4.32590607e+02
    6.93591237e-01 4.65229126e+02 4.47470490e+02 7.50919342e-01
    4.67354828e+02 4.59516083e+02 7.32059598e-01 4.39012207e+02
    4.20545013e+02 6.98983788e-01 4.39720795e+02 4.34716309e+02
    8.35446239e-01 4.43263611e+02 4.46761932e+02 8.07183921e-01
    4.46097870e+02 4.56681824e+02 7.74063110e-01</data></hand_right_0>
</opencv_storage>
