<?xml version="1.0"?>
<opencv_storage>
<hand_left_0 type_id="opencv-nd-matrix">
  <sizes>
    1 21 3</sizes>
  <dt>f</dt>
  <data>
    4.58997742e+02 4.22742737e+02 5.95272601e-01 4.46843872e+02
    4.34181702e+02 6.66249871e-01 4.36834778e+02 4.52055054e+02
    6.12342179e-01 4.33975037e+02 4.62779083e+02 5.33723295e-01
    4.13241913e+02 4.62779083e+02 7.39181280e-01 4.53993225e+02
    4.48480377e+02 6.37834311e-01 4.58282806e+02 4.62779083e+02
    5.96132576e-01 4.64002289e+02 4.72788177e+02 6.27514362e-01
    4.66147095e+02 4.82797272e+02 6.08229399e-01 4.70436707e+02
    4.42760895e+02 7.08277583e-01 4.80445801e+02 4.59204407e+02
    7.35889733e-01 4.86880219e+02 4.72788177e+02 6.62135065e-01
    4.93314636e+02 4.84227112e+02 6.67729020e-01 4.84735413e+02
    4.38471283e+02 6.55808985e-01 4.94744507e+02 4.54199860e+02
    6.70639694e-01 5.03323700e+02 4.67068695e+02 6.90882564e-01
    5.07613312e+02 4.77792725e+02 7.12308586e-01 4.97604248e+02
    4.32036896e+02 7.18201458e-01 5.05468506e+02 4.35611572e+02
    7.66411483e-01 5.12617859e+02 4.40616089e+02 7.74914205e-01
    5.16192566e+02 4.47050507e+02 7.06552863e-01</data></hand_left_0>
</opencv_storage>
