<?xml version="1.0"?>
<opencv_storage>
<pose_0 type_id="opencv-nd-matrix">
  <sizes>
    1 18 3</sizes>
  <dt>f</dt>
  <data>
    5.04773407e+02 9.97376862e+01 8.27822268e-01 4.61768463e+02
    6.85155334e+01 7.13944674e-01 3.65835754e+02 6.84523392e+01
    6.64930940e-01 4.10868958e+02 2.48450684e+02 6.94773912e-01
    4.57833740e+02 3.81483368e+02 8.44160974e-01 5.69296204e+02
    8.21178436e+01 6.82068527e-01 5.24315857e+02 2.71894440e+02
    7.46972799e-01 4.93106903e+02 3.89346313e+02 5.70233643e-01
    3.79564301e+02 2.91535339e+02 4.03486133e-01 3.26717865e+02
    4.34332550e+02 3.27375412e-01 2.87581299e+02 4.79371918e+02
    1.04369752e-01 4.89148224e+02 3.05213013e+02 3.96473736e-01
    5.22342529e+02 3.91332825e+02 6.07128739e-02 0. 0. 0. 4.85221863e+02
    8.02081299e+01 7.62908578e-01 5.20450562e+02 7.23836136e+01
    7.35379040e-01 4.26477539e+02 2.34888229e+01 7.64852524e-01 0. 0. 0.</data></pose_0>
</opencv_storage>
