<?xml version="1.0"?>
<opencv_storage>
<hand_right_0 type_id="opencv-nd-matrix">
  <sizes>
    1 21 3</sizes>
  <dt>f</dt>
  <data>
    4.62437225e+02 4.27285034e+02 6.58329248e-01 4.79670959e+02
    4.32824463e+02 7.02998877e-01 4.99982117e+02 4.42672272e+02
    7.86258578e-01 5.07983490e+02 4.56213043e+02 7.51238227e-01
    5.17831299e+02 4.64829926e+02 8.26969564e-01 4.87672333e+02
    4.49442657e+02 7.30704904e-01 4.96289185e+02 4.66676392e+02
    8.22491229e-01 5.01213104e+02 4.81448151e+02 8.08955669e-01
    5.03675049e+02 4.91911469e+02 9.36586678e-01 4.72900574e+02
    4.52520111e+02 7.83313692e-01 4.80286438e+02 4.70984802e+02
    6.52770162e-01 4.85825836e+02 4.82679108e+02 6.29551172e-01
    4.88287811e+02 4.92526947e+02 5.44355214e-01 4.58128815e+02
    4.55597565e+02 7.32425511e-01 4.59359802e+02 4.70369324e+02
    5.41147232e-01 4.63052734e+02 4.81448151e+02 6.02652669e-01
    4.57513336e+02 4.96219879e+02 6.01532221e-01 4.43357056e+02
    4.54366577e+02 6.86278045e-01 4.40895111e+02 4.66060883e+02
    7.54607320e-01 4.39048645e+02 4.75293243e+02 7.27557600e-01
    4.38433136e+02 4.84525574e+02 8.20579469e-01</data></hand_right_0>
</opencv_storage>
