<?xml version="1.0"?>
<opencv_storage>
<hand_right_0 type_id="opencv-nd-matrix">
  <sizes>
    1 21 3</sizes>
  <dt>f</dt>
  <data>
    4.59219818e+02 4.36611267e+02 5.96864760e-01 4.78283813e+02
    4.43760284e+02 5.33489108e-01 5.00922333e+02 4.49717773e+02
    7.05467641e-01 5.12241577e+02 4.62228546e+02 7.93483853e-01
    5.24752319e+02 4.68781799e+02 8.35070431e-01 4.93177582e+02
    4.54483795e+02 6.24305546e-01 5.03901062e+02 4.68781799e+02
    7.02408612e-01 5.11050079e+02 4.82484039e+02 8.24638665e-01
    5.15816101e+02 4.92016052e+02 8.60178351e-01 4.78283813e+02
    4.57462524e+02 7.51036465e-01 4.90198822e+02 4.72356293e+02
    5.74578941e-01 4.98539337e+02 4.84271301e+02 6.64324760e-01
    5.03901062e+02 4.93803314e+02 7.12552845e-01 4.63985809e+02
    4.61037048e+02 7.30911255e-01 4.71730560e+02 4.73547791e+02
    4.80052143e-01 4.74709320e+02 4.82484039e+02 5.44147730e-01
    4.77688080e+02 4.90228790e+02 4.81209725e-01 4.49687805e+02
    4.66994537e+02 6.28511250e-01 4.55645294e+02 4.81888306e+02
    6.35790288e-01 4.57432556e+02 4.88441559e+02 6.54867709e-01
    4.59219818e+02 4.96186310e+02 5.91366708e-01</data></hand_right_0>
</opencv_storage>
