<?xml version="1.0"?>
<opencv_storage>
<pose_0 type_id="opencv-nd-matrix">
  <sizes>
    1 18 3</sizes>
  <dt>f</dt>
  <data>
    4.77377686e+02 1.23272514e+02 7.64558852e-01 4.67631378e+02
    7.24392090e+01 8.02492857e-01 3.65925262e+02 7.04286957e+01
    6.78120494e-01 4.16724304e+02 2.64128235e+02 7.31471717e-01
    4.59780273e+02 3.93273499e+02 8.57374191e-01 5.71330994e+02
    8.61458893e+01 6.91302121e-01 5.26269531e+02 2.73992065e+02
    7.95960248e-01 4.96983795e+02 4.01124207e+02 6.02469385e-01
    3.81468170e+02 2.89538971e+02 4.11397427e-01 3.28700714e+02
    4.32436951e+02 3.61512095e-01 2.83687958e+02 4.79357758e+02
    1.27313912e-01 4.92996185e+02 3.05236298e+02 4.24071908e-01
    5.36073853e+02 4.12832031e+02 7.90109411e-02 0. 0. 0. 4.67616119e+02
    1.01708305e+02 6.47078335e-01 4.95057648e+02 1.03753227e+02
    6.02173269e-01 4.14863159e+02 3.32685928e+01 7.00532198e-01
    5.32216309e+02 5.28717270e+01 2.47851104e-01</data></pose_0>
</opencv_storage>
