<?xml version="1.0"?>
<opencv_storage>
<hand_left_0 type_id="opencv-nd-matrix">
  <sizes>
    1 21 3</sizes>
  <dt>f</dt>
  <data>
    4.62535370e+02 3.92250275e+02 5.71133733e-01 4.48537750e+02
    4.04848175e+02 6.51483655e-01 4.39439270e+02 4.23744995e+02
    5.31816304e-01 4.35239990e+02 4.36342865e+02 3.02344531e-01
    4.15643280e+02 4.34243225e+02 4.27905262e-01 4.51337280e+02
    4.20245575e+02 5.32717764e-01 4.41538910e+02 4.32843445e+02
    5.23569882e-01 4.42938690e+02 4.46841095e+02 6.86981618e-01
    4.45738220e+02 4.58039215e+02 7.77478218e-01 4.67434570e+02
    4.17446045e+02 6.48717105e-01 4.61135620e+02 4.36342865e+02
    4.94311571e-01 4.63235260e+02 4.48940735e+02 6.27601206e-01
    4.63235260e+02 4.62238495e+02 7.26260841e-01 4.84231720e+02
    4.13946625e+02 6.06319904e-01 4.94030090e+02 4.31443695e+02
    6.03942752e-01 4.98929260e+02 4.42641815e+02 5.08458912e-01
    4.89830780e+02 4.58039215e+02 5.82777023e-01 5.00329010e+02
    4.07647705e+02 7.66162276e-01 5.08027710e+02 4.14646515e+02
    6.55877829e-01 5.15026550e+02 4.20945465e+02 7.52080381e-01
    5.18525940e+02 4.25844635e+02 6.56368077e-01</data></hand_left_0>
</opencv_storage>
