<?xml version="1.0"?>
<opencv_storage>
<hand_right_0 type_id="opencv-nd-matrix">
  <sizes>
    1 21 3</sizes>
  <dt>f</dt>
  <data>
    4.59635071e+02 3.90464478e+02 5.67440927e-01 4.76687744e+02
    3.95438171e+02 7.13808656e-01 4.96582520e+02 4.01122406e+02
    6.89618349e-01 5.10082520e+02 4.08227692e+02 8.30509543e-01
    5.21450989e+02 4.16753998e+02 8.24833572e-01 4.85924591e+02
    4.09648743e+02 6.43252075e-01 4.95161438e+02 4.23859283e+02
    7.83656001e-01 5.04398315e+02 4.36648773e+02 8.46698821e-01
    5.09372009e+02 4.47306702e+02 8.89406562e-01 4.70292999e+02
    4.13201385e+02 7.44187713e-01 4.78819305e+02 4.27411926e+02
    6.56028390e-01 4.88766693e+02 4.41622467e+02 7.50679195e-01
    4.98003571e+02 4.53701447e+02 8.62571299e-01 4.54661377e+02
    4.18175079e+02 6.78931713e-01 4.59635071e+02 4.29543518e+02
    6.82744682e-01 4.64608765e+02 4.43043518e+02 7.75317490e-01
    4.66029816e+02 4.55833038e+02 7.06492245e-01 4.39029755e+02
    4.18885590e+02 7.01416969e-01 4.40450836e+02 4.32385620e+02
    7.60491014e-01 4.42582397e+02 4.43043518e+02 7.97660589e-01
    4.45424530e+02 4.52990906e+02 7.60774434e-01</data></hand_right_0>
</opencv_storage>
