<?xml version="1.0"?>
<opencv_storage>
<hand_left_0 type_id="opencv-nd-matrix">
  <sizes>
    1 21 3</sizes>
  <dt>f</dt>
  <data>
    4.56004700e+02 3.95243256e+02 5.11236012e-01 4.43835999e+02
    4.08127777e+02 5.96862137e-01 4.37393738e+02 4.25307129e+02
    4.64198411e-01 4.31667267e+02 4.36760040e+02 3.53910655e-01
    4.14487915e+02 4.36760040e+02 6.16134405e-01 4.48130829e+02
    4.20296478e+02 4.94594038e-01 4.41688568e+02 4.33181000e+02
    6.09659195e-01 4.42404388e+02 4.47497131e+02 6.72678590e-01
    4.43835999e+02 4.58950043e+02 7.71293163e-01 4.65310181e+02
    4.16001648e+02 6.46802068e-01 4.59583740e+02 4.33181000e+02
    5.13344347e-01 4.62446960e+02 4.48212952e+02 6.06626153e-01
    4.62446960e+02 4.61813263e+02 6.65964484e-01 4.81773743e+02
    4.10990997e+02 6.33358479e-01 4.91079224e+02 4.26022919e+02
    4.81746495e-01 4.88931824e+02 4.42486481e+02 4.54890132e-01
    5.05395355e+02 4.48928741e+02 5.36346495e-01 4.94658264e+02
    4.02401306e+02 6.84219301e-01 5.04679565e+02 4.05264526e+02
    7.83965647e-01 5.10406006e+02 4.09559387e+02 8.21881533e-01
    5.16132446e+02 4.14570038e+02 7.71394670e-01</data></hand_left_0>
</opencv_storage>
