<?xml version="1.0"?>
<opencv_storage>
<hand_right_0 type_id="opencv-nd-matrix">
  <sizes>
    1 21 3</sizes>
  <dt>f</dt>
  <data>
    4.62555328e+02 4.30059387e+02 6.08367383e-01 4.80035156e+02
    4.36468658e+02 6.36832714e-01 5.01010986e+02 4.44625916e+02
    6.82909608e-01 5.09750916e+02 4.55696503e+02 7.48252749e-01
    5.19073486e+02 4.62688446e+02 8.60909700e-01 4.89940430e+02
    4.48121887e+02 6.53252125e-01 4.96932373e+02 4.62688446e+02
    6.99641347e-01 5.04506958e+02 4.76089661e+02 8.11664104e-01
    5.06837616e+02 4.86577576e+02 7.66613126e-01 4.73625885e+02
    4.50452545e+02 7.14820325e-01 4.82948486e+02 4.65601746e+02
    6.45716429e-01 4.89940430e+02 4.78420319e+02 5.86049378e-01
    4.95767029e+02 4.88908234e+02 6.11050844e-01 4.59641998e+02
    4.53948517e+02 6.66624963e-01 4.67799286e+02 4.77837646e+02
    4.12139118e-01 4.67799286e+02 4.80750946e+02 4.71578658e-01
    4.62555328e+02 4.92986847e+02 4.72287297e-01 4.46240784e+02
    4.57444489e+02 6.64780438e-01 4.47988770e+02 4.72011047e+02
    6.42484725e-01 4.47988770e+02 4.80750946e+02 6.47100210e-01
    4.47406097e+02 4.86577576e+02 6.52673662e-01</data></hand_right_0>
</opencv_storage>
