<?xml version="1.0"?>
<opencv_storage>
<hand_right_0 type_id="opencv-nd-matrix">
  <sizes>
    1 21 3</sizes>
  <dt>f</dt>
  <data>
    4.57060638e+02 3.82263641e+02 6.09289169e-01 4.73775574e+02
    3.87835297e+02 7.07413971e-01 4.92579895e+02 3.92710510e+02
    6.02881968e-01 5.05812561e+02 3.99675049e+02 8.54172409e-01
    5.16955872e+02 4.09425446e+02 8.82517219e-01 4.83525970e+02
    4.03157349e+02 6.93239212e-01 4.93972809e+02 4.16390015e+02
    7.68840373e-01 5.01633820e+02 4.30319122e+02 7.96844482e-01
    5.06509033e+02 4.39373077e+02 8.67623329e-01 4.68203918e+02
    4.08032532e+02 7.16378450e-01 4.77257843e+02 4.19872284e+02
    6.16732061e-01 4.87008240e+02 4.33104950e+02 7.14172423e-01
    4.95365723e+02 4.45641174e+02 8.68415356e-01 4.53578339e+02
    4.10818359e+02 6.47347927e-01 4.56364166e+02 4.21961670e+02
    6.96771443e-01 4.61239349e+02 4.37283691e+02 8.59234512e-01
    4.66114563e+02 4.49123444e+02 7.53490627e-01 4.38952759e+02
    4.14300629e+02 7.13427186e-01 4.38952759e+02 4.26140381e+02
    8.33647788e-01 4.39649231e+02 4.35890778e+02 7.74120569e-01
    4.43827972e+02 4.47034088e+02 7.19307482e-01</data></hand_right_0>
</opencv_storage>
