<?xml version="1.0"?>
<opencv_storage>
<hand_right_0 type_id="opencv-nd-matrix">
  <sizes>
    1 21 3</sizes>
  <dt>f</dt>
  <data>
    4.61822388e+02 4.27216370e+02 6.48383021e-01 4.79059113e+02
    4.34603546e+02 6.92405581e-01 4.98758240e+02 4.43221924e+02
    7.62904227e-01 5.07992188e+02 4.56149475e+02 7.55338073e-01
    5.17841736e+02 4.65999023e+02 8.36788952e-01 4.87677490e+02
    4.50609070e+02 7.44915366e-01 4.96911438e+02 4.69076996e+02
    8.04457188e-01 5.01836212e+02 4.82004547e+02 7.85845935e-01
    5.03683014e+02 4.93700897e+02 8.95237684e-01 4.73518738e+02
    4.54302673e+02 7.47360706e-01 4.82137115e+02 4.71539398e+02
    5.92664182e-01 4.86446289e+02 4.84466949e+02 6.48148358e-01
    4.88293091e+02 4.94316498e+02 6.44480586e-01 4.58744385e+02
    4.56149475e+02 7.69260585e-01 4.59359985e+02 4.73386200e+02
    5.14158368e-01 4.62437988e+02 4.83851349e+02 5.20739138e-01
    4.58744385e+02 4.95547699e+02 6.12809658e-01 4.43354462e+02
    4.55533875e+02 7.11545587e-01 4.40892059e+02 4.66614624e+02
    7.22190678e-01 4.39045288e+02 4.75232971e+02 7.53250837e-01
    4.38429688e+02 4.84466949e+02 8.11667681e-01</data></hand_right_0>
</opencv_storage>
