<?xml version="1.0"?>
<opencv_storage>
<pose_0 type_id="opencv-nd-matrix">
  <sizes>
    1 18 3</sizes>
  <dt>f</dt>
  <data>
    4.59728546e+02 1.15332481e+02 7.96425283e-01 4.69585602e+02
    7.23876801e+01 7.63076782e-01 3.71711914e+02 7.04314194e+01
    7.02401757e-01 4.18692902e+02 2.56323334e+02 7.14084327e-01
    4.59813873e+02 3.85445679e+02 8.37706506e-01 5.71274963e+02
    8.41946640e+01 6.81286514e-01 5.26356079e+02 2.70009247e+02
    7.93715894e-01 4.96935150e+02 3.97182465e+02 5.52878976e-01
    3.81573212e+02 2.87623260e+02 4.02567476e-01 3.26756287e+02
    4.36312866e+02 2.55445063e-01 2.85645447e+02 4.85199615e+02
    8.94021541e-02 4.89117188e+02 3.01301971e+02 4.27803904e-01
    5.45855530e+02 4.20645416e+02 7.82053322e-02 0. 0. 0. 4.40193176e+02
    8.99673615e+01 6.59008443e-01 4.77333008e+02 8.80829926e+01
    7.84324229e-01 4.06959167e+02 6.84440918e+01 1.63104311e-01
    5.14560059e+02 1.75617161e+01 7.41643190e-01</data></pose_0>
</opencv_storage>
