<?xml version="1.0"?>
<opencv_storage>
<hand_left_0 type_id="opencv-nd-matrix">
  <sizes>
    1 21 3</sizes>
  <dt>f</dt>
  <data>
    4.57908112e+02 3.89943451e+02 5.44370592e-01 4.43827972e+02
    4.03353058e+02 6.78064048e-01 4.33100281e+02 4.20785583e+02
    4.71863806e-01 4.23043060e+02 4.30842804e+02 6.67989552e-01
    4.12985840e+02 4.36877136e+02 7.45347321e-01 4.45168945e+02
    4.17433197e+02 4.64896768e-01 4.38464142e+02 4.26819916e+02
    6.63768232e-01 4.39134613e+02 4.41570526e+02 7.95527875e-01
    4.41816528e+02 4.52968719e+02 7.28664875e-01 4.61260498e+02
    4.14751251e+02 6.81184769e-01 4.57908112e+02 4.31513306e+02
    4.68661070e-01 4.59919556e+02 4.45593414e+02 6.94960415e-01
    4.61931000e+02 4.57662079e+02 7.04673171e-01 4.77352051e+02
    4.11398865e+02 6.18640244e-01 4.86738800e+02 4.30172333e+02
    6.78048491e-01 4.82045441e+02 4.44922943e+02 5.27247071e-01
    4.98807465e+02 4.52968719e+02 5.87732732e-01 4.93443634e+02
    4.06035004e+02 7.02291429e-01 5.02830353e+02 4.19444641e+02
    6.27432227e-01 5.07523743e+02 4.23467529e+02 6.71198785e-01
    5.09535187e+02 4.25478973e+02 5.21273792e-01</data></hand_left_0>
</opencv_storage>
