<?xml version="1.0"?>
<opencv_storage>
<hand_left_0 type_id="opencv-nd-matrix">
  <sizes>
    1 21 3</sizes>
  <dt>f</dt>
  <data>
    4.66018127e+02 4.38260620e+02 4.55435127e-01 4.53653412e+02
    4.47092560e+02 5.17911375e-01 4.47176666e+02 4.58868469e+02
    5.43060660e-01 4.40699921e+02 4.72999573e+02 6.83948159e-01
    4.18914459e+02 4.77121155e+02 5.66336572e-01 4.58952576e+02
    4.59457275e+02 3.31892312e-01 4.58363800e+02 4.80065125e+02
    5.82836926e-01 4.60718964e+02 4.90663452e+02 6.45531535e-01
    4.61307770e+02 4.93607422e+02 4.43124861e-01 4.74850067e+02
    4.56513306e+02 5.00604212e-01 4.77205261e+02 4.78298737e+02
    5.56446433e-01 4.77794067e+02 4.85953094e+02 2.95961231e-01
    4.90158752e+02 4.95373810e+02 5.36936760e-01 4.90158752e+02
    4.54746918e+02 5.71362138e-01 5.02523468e+02 4.67700409e+02
    5.26868820e-01 5.10766632e+02 4.78887543e+02 4.95795697e-01
    5.04878662e+02 4.91841034e+02 5.79164863e-01 5.04289856e+02
    4.50625336e+02 7.56575406e-01 5.14299377e+02 4.59457275e+02
    6.37269497e-01 5.20187378e+02 4.64756439e+02 7.20472813e-01
    5.27841675e+02 4.71821991e+02 7.66645908e-01</data></hand_left_0>
</opencv_storage>
