<?xml version="1.0"?>
<opencv_storage>
<hand_right_0 type_id="opencv-nd-matrix">
  <sizes>
    1 21 3</sizes>
  <dt>f</dt>
  <data>
    4.58103149e+02 3.87716614e+02 5.41071057e-01 4.76747955e+02
    3.93453491e+02 7.05458701e-01 4.97544098e+02 4.01341675e+02
    6.29218578e-01 5.09734955e+02 4.09229889e+02 7.82342970e-01
    5.21208679e+02 4.19269409e+02 8.02728832e-01 4.86070374e+02
    4.09229889e+02 6.56195641e-01 4.96109894e+02 4.24289154e+02
    7.36419261e-01 5.04715179e+02 4.37914215e+02 8.61100614e-01
    5.08300720e+02 4.47953735e+02 8.08879972e-01 4.70293976e+02
    4.13532532e+02 7.41103351e-01 4.78182159e+02 4.27157593e+02
    6.97429478e-01 4.88221680e+02 4.42216858e+02 7.37088203e-01
    4.96826996e+02 4.53690613e+02 9.00017321e-01 4.54517609e+02
    4.15683838e+02 6.70350552e-01 4.58820251e+02 4.29308899e+02
    6.89506590e-01 4.62405792e+02 4.44368195e+02 8.11153412e-01
    4.65991333e+02 4.56559021e+02 7.52913356e-01 4.38741211e+02
    4.17835175e+02 6.77769542e-01 4.39458313e+02 4.32177338e+02
    7.96594381e-01 4.42326752e+02 4.44368195e+02 7.53520966e-01
    4.45912292e+02 4.55124817e+02 7.41321027e-01</data></hand_right_0>
</opencv_storage>
