<?xml version="1.0"?>
<opencv_storage>
<pose_0 type_id="opencv-nd-matrix">
  <sizes>
    1 18 3</sizes>
  <dt>f</dt>
  <data>
    4.93117340e+02 1.11545189e+02 7.75071025e-01 4.63675568e+02
    6.84851456e+01 7.34666109e-01 3.65890961e+02 6.84952621e+01
    6.55331373e-01 4.12801483e+02 2.56265167e+02 7.19080210e-01
    4.59677429e+02 3.81550781e+02 8.49840224e-01 5.69382996e+02
    8.21207428e+01 6.69195056e-01 5.24380676e+02 2.69991821e+02
    7.70223379e-01 4.95031006e+02 3.85440979e+02 5.79770029e-01
    3.81485748e+02 2.93492737e+02 4.16371375e-01 3.20946472e+02
    4.30418243e+02 4.39785570e-01 2.73907379e+02 4.81329102e+02
    9.73448977e-02 4.91139832e+02 3.07188721e+02 3.89139980e-01
    5.22385132e+02 3.89364685e+02 6.21131547e-02 0. 0. 0. 4.83247559e+02
    8.61648560e+01 6.74122036e-01 5.10689667e+02 8.61317444e+01
    6.36960745e-01 4.26528473e+02 3.32509041e+01 3.62375557e-01 0. 0. 0.</data></pose_0>
</opencv_storage>
