<?xml version="1.0"?>
<opencv_storage>
<hand_right_0 type_id="opencv-nd-matrix">
  <sizes>
    1 21 3</sizes>
  <dt>f</dt>
  <data>
    4.59911377e+02 3.99249054e+02 5.82294047e-01 4.77372437e+02
    4.06931915e+02 7.06242085e-01 4.97627258e+02 4.13916351e+02
    6.85809433e-01 5.08103912e+02 4.22996094e+02 6.99747205e-01
    5.17882080e+02 4.31377411e+02 7.94258893e-01 4.85055298e+02
    4.21599213e+02 6.17101490e-01 4.94135071e+02 4.36266510e+02
    7.92155445e-01 5.01817932e+02 4.50235352e+02 8.10763657e-01
    5.05310150e+02 4.60013550e+02 8.87550890e-01 4.70388000e+02
    4.24392975e+02 7.56097615e-01 4.77372437e+02 4.38361847e+02
    7.30754316e-01 4.85753754e+02 4.53727570e+02 6.95378661e-01
    4.94135071e+02 4.66299530e+02 8.44074845e-01 4.55022278e+02
    4.27186768e+02 6.53717279e-01 4.57816040e+02 4.38361847e+02
    6.58318579e-01 4.60609833e+02 4.55124451e+02 7.79485762e-01
    4.65498932e+02 4.66299530e+02 7.12979376e-01 4.39656555e+02
    4.28583649e+02 6.58983469e-01 4.38259674e+02 4.42552490e+02
    8.47647309e-01 4.39656555e+02 4.53727570e+02 7.51701474e-01
    4.43847198e+02 4.64204224e+02 7.46589839e-01</data></hand_right_0>
</opencv_storage>
