<?xml version="1.0"?>
<opencv_storage>
<pose_0 type_id="opencv-nd-matrix">
  <sizes>
    1 18 3</sizes>
  <dt>f</dt>
  <data>
    5.00883301e+02 1.03657875e+02 8.11107934e-01 4.67587982e+02
    6.65059509e+01 6.99087322e-01 3.67879578e+02 6.45631180e+01
    6.53336465e-01 4.20625336e+02 2.54318832e+02 6.85111344e-01
    4.59849365e+02 3.83541382e+02 8.30226958e-01 5.71349060e+02
    7.82670822e+01 6.60730302e-01 5.26292114e+02 2.68065521e+02
    7.83209741e-01 4.93104462e+02 3.99103973e+02 4.93563890e-01
    3.81552887e+02 2.91541046e+02 3.97449791e-01 3.24818481e+02
    4.30398712e+02 4.18728977e-01 2.85636719e+02 4.79359650e+02
    1.02023087e-01 4.91033813e+02 3.05241425e+02 4.14999902e-01
    5.22410889e+02 3.95218231e+02 6.53545707e-02 0. 0. 0. 4.83280029e+02
    8.41249619e+01 8.11474085e-01 5.16561584e+02 8.40402985e+01
    7.78188646e-01 4.30366852e+02 3.51993065e+01 4.20442045e-01
    5.43966797e+02 4.88874664e+01 6.78365976e-02</data></pose_0>
</opencv_storage>
