<?xml version="1.0"?>
<opencv_storage>
<pose_0 type_id="opencv-nd-matrix">
  <sizes>
    1 18 3</sizes>
  <dt>f</dt>
  <data>
    4.93082275e+02 1.01745621e+02 8.90552104e-01 4.65636932e+02
    7.04053879e+01 6.92939520e-01 3.67802338e+02 6.85140610e+01
    6.64949358e-01 4.14714081e+02 2.56311859e+02 7.52561271e-01
    4.59675659e+02 3.83405640e+02 8.46919060e-01 5.71269104e+02
    8.21949387e+01 6.89395070e-01 5.26329407e+02 2.71904572e+02
    7.59841323e-01 4.95051758e+02 3.93240295e+02 5.99617422e-01
    3.81489838e+02 2.91539703e+02 4.22501177e-01 3.22885406e+02
    4.30496643e+02 3.77590150e-01 2.73912170e+02 4.87179749e+02
    7.04878047e-02 4.91073425e+02 3.07168213e+02 4.11711961e-01
    5.22410583e+02 3.89357483e+02 5.72675355e-02 0. 0. 0. 4.77476318e+02
    8.21138458e+01 7.81190276e-01 5.10652344e+02 8.21713333e+01
    8.15490603e-01 4.16752563e+02 1.95507755e+01 6.49331391e-01
    5.40049744e+02 2.35116692e+01 1.24367096e-01</data></pose_0>
</opencv_storage>
