<?xml version="1.0"?>
<opencv_storage>
<hand_left_0 type_id="opencv-nd-matrix">
  <sizes>
    1 21 3</sizes>
  <dt>f</dt>
  <data>
    4.62421295e+02 4.40361938e+02 5.07728636e-01 4.49781403e+02
    4.48788513e+02 5.67444324e-01 4.44364319e+02 4.61428375e+02
    5.82281470e-01 4.39549133e+02 4.75272064e+02 6.78798556e-01
    4.17278870e+02 4.80087250e+02 5.69271326e-01 4.60615570e+02
    4.60826477e+02 4.69742537e-01 4.58207977e+02 4.80689148e+02
    6.28320277e-01 4.58207977e+02 4.90319519e+02 6.63073003e-01
    4.58809875e+02 4.94532806e+02 4.95478123e-01 4.75061157e+02
    4.57816986e+02 5.80361485e-01 4.75663055e+02 4.79485352e+02
    4.46828008e-01 4.76264954e+02 4.84300537e+02 4.64618683e-01
    4.87701019e+02 4.95736603e+02 4.55769062e-01 4.88904816e+02
    4.55409393e+02 6.19742215e-01 5.00340912e+02 4.68049255e+02
    5.48536837e-01 5.06961792e+02 4.79485352e+02 5.28129578e-01
    5.02748505e+02 4.92125214e+02 5.78158438e-01 5.02146606e+02
    4.50594208e+02 8.01956296e-01 5.12378845e+02 4.60224579e+02
    7.69853711e-01 5.17795959e+02 4.65641663e+02 7.85476387e-01
    5.25018738e+02 4.69854950e+02 7.68629134e-01</data></hand_left_0>
</opencv_storage>
