<?xml version="1.0"?>
<opencv_storage>
<hand_right_0 type_id="opencv-nd-matrix">
  <sizes>
    1 21 3</sizes>
  <dt>f</dt>
  <data>
    4.62133881e+02 4.17128235e+02 6.86139047e-01 4.79752686e+02
    4.24049927e+02 6.88460767e-01 4.99888489e+02 4.33488586e+02
    7.72078991e-01 5.08068665e+02 4.47331940e+02 7.50236511e-01
    5.17507324e+02 4.56770599e+02 8.04764509e-01 4.87303619e+02
    4.41039490e+02 7.79436350e-01 4.96742279e+02 4.58658325e+02
    8.09758604e-01 5.01146973e+02 4.71872437e+02 8.38194013e-01
    5.03663971e+02 4.83828064e+02 8.96664917e-01 4.72201782e+02
    4.42927246e+02 8.00680518e-01 4.80381958e+02 4.61804535e+02
    6.83141351e-01 4.85415894e+02 4.76277161e+02 6.18670046e-01
    4.87303619e+02 4.85715790e+02 4.64262128e-01 4.57729187e+02
    4.46073456e+02 7.66782403e-01 4.59616913e+02 4.61175293e+02
    5.91315269e-01 4.60875397e+02 4.74389404e+02 6.97641850e-01
    4.58987671e+02 4.87603546e+02 7.24613070e-01 4.42627319e+02
    4.46073456e+02 6.70427263e-01 4.41998077e+02 4.57399841e+02
    7.51975656e-01 4.40739594e+02 4.67467743e+02 7.87175298e-01
    4.40739594e+02 4.77535645e+02 7.48438597e-01</data></hand_right_0>
</opencv_storage>
