<?xml version="1.0"?>
<opencv_storage>
<hand_left_0 type_id="opencv-nd-matrix">
  <sizes>
    1 21 3</sizes>
  <dt>f</dt>
  <data>
    4.56044830e+02 4.21149261e+02 5.52990794e-01 4.43553406e+02
    4.33640686e+02 6.18040681e-01 4.35470734e+02 4.51275635e+02
    4.76590544e-01 4.23714111e+02 4.57153961e+02 4.29462016e-01
    4.14161835e+02 4.60093109e+02 6.67402506e-01 4.46492584e+02
    4.46132111e+02 4.96380687e-01 4.39144684e+02 4.57153961e+02
    6.75731659e-01 4.40614258e+02 4.69645386e+02 7.69349277e-01
    4.43553406e+02 4.80667236e+02 8.23856831e-01 4.64127533e+02
    4.41723389e+02 6.36460304e-01 4.58984009e+02 4.57153961e+02
    5.32333195e-01 4.63392731e+02 4.72584534e+02 6.34594083e-01
    4.63392731e+02 4.85075958e+02 7.08873034e-01 4.81027710e+02
    4.38049438e+02 6.09766006e-01 4.89845184e+02 4.52745209e+02
    5.48334539e-01 4.99397430e+02 4.65971436e+02 5.69627523e-01
    5.05275757e+02 4.76993286e+02 6.42932594e-01 4.94253906e+02
    4.29231934e+02 6.86224520e-01 5.03071381e+02 4.33640686e+02
    7.89534152e-01 5.11154083e+02 4.38784210e+02 8.33521187e-01
    5.16297607e+02 4.43927734e+02 7.48461664e-01</data></hand_left_0>
</opencv_storage>
