<?xml version="1.0"?>
<opencv_storage>
<pose_0 type_id="opencv-nd-matrix">
  <sizes>
    1 18 3</sizes>
  <dt>f</dt>
  <data>
    5.02811951e+02 1.62328888e+02 8.05925488e-01 4.71502014e+02
    9.98402710e+01 7.72532880e-01 3.67768280e+02 9.97467422e+01
    6.75336182e-01 4.08880005e+02 2.87557587e+02 6.82361007e-01
    4.59662750e+02 4.12820099e+02 8.74285817e-01 5.69389832e+02
    1.03732841e+02 6.72541857e-01 5.28248657e+02 3.03267303e+02
    7.36770272e-01 4.95037659e+02 4.16765045e+02 6.28958583e-01
    3.75677582e+02 2.89598480e+02 4.08079624e-01 3.26731628e+02
    4.30429382e+02 5.35950541e-01 2.85636780e+02 4.79362946e+02
    1.10922538e-01 4.87196472e+02 3.05190491e+02 4.35804665e-01
    5.43906677e+02 4.51946259e+02 1.62857920e-01 0. 0. 0. 4.91032349e+02
    1.46639481e+02 7.96886683e-01 5.16549438e+02 1.40846359e+02
    5.02715230e-01 4.26535004e+02 8.40563049e+01 6.69673920e-01
    5.39876282e+02 9.58187485e+01 7.46210366e-02</data></pose_0>
</opencv_storage>
