<?xml version="1.0"?>
<opencv_storage>
<hand_right_0 type_id="opencv-nd-matrix">
  <sizes>
    1 21 3</sizes>
  <dt>f</dt>
  <data>
    4.60019653e+02 3.86327545e+02 6.07064188e-01 4.77387024e+02
    3.94663910e+02 7.36149073e-01 4.98227875e+02 4.01610840e+02
    7.05564737e-01 5.10037689e+02 4.10641876e+02 8.13180804e-01
    5.21847473e+02 4.18283508e+02 8.44210863e-01 4.85723358e+02
    4.10641876e+02 6.58788383e-01 4.94754395e+02 4.24535767e+02
    7.50461280e-01 5.03090729e+02 4.38429657e+02 7.69014418e-01
    5.05869507e+02 4.47460693e+02 8.96413743e-01 4.69745392e+02
    4.13420654e+02 7.80422509e-01 4.77387024e+02 4.28009247e+02
    6.96882308e-01 4.85723358e+02 4.41208435e+02 7.08446383e-01
    4.93364990e+02 4.53712952e+02 8.95032763e-01 4.54462097e+02
    4.16894135e+02 6.75769031e-01 4.57240875e+02 4.28009247e+02
    6.73163056e-01 4.61409058e+02 4.41903137e+02 8.34411263e-01
    4.66271912e+02 4.56491730e+02 7.98300624e-01 4.38484131e+02
    4.18283508e+02 7.40926266e-01 4.39873505e+02 4.32872101e+02
    8.04399014e-01 4.43346985e+02 4.45376617e+02 7.62816072e-01
    4.48904541e+02 4.55797028e+02 8.05422485e-01</data></hand_right_0>
</opencv_storage>
