<?xml version="1.0"?>
<opencv_storage>
<pose_0 type_id="opencv-nd-matrix">
  <sizes>
    1 18 3</sizes>
  <dt>f</dt>
  <data>
    4.98941284e+02 1.15510048e+02 8.35956693e-01 4.69584229e+02
    7.04076538e+01 7.51471579e-01 3.69764496e+02 6.84422531e+01
    6.62993550e-01 4.16752045e+02 2.56282501e+02 7.31566608e-01
    4.59792419e+02 3.89320923e+02 8.51080418e-01 5.71366272e+02
    8.40543442e+01 6.65760159e-01 5.26349731e+02 2.73864594e+02
    7.95234919e-01 4.93066589e+02 4.03054779e+02 5.46808422e-01
    3.81474792e+02 2.95450928e+02 3.86186451e-01 3.22883453e+02
    4.32393463e+02 3.76858324e-01 2.85620636e+02 4.81318390e+02
    8.81856009e-02 4.91040833e+02 3.07190155e+02 4.11929488e-01
    5.22432312e+02 3.99095551e+02 6.22489043e-02 0. 0. 0. 4.85183655e+02
    9.78028717e+01 7.61940658e-01 5.12663879e+02 9.77749481e+01
    7.56512225e-01 4.30515533e+02 4.30806084e+01 4.53625113e-01
    5.41951111e+02 5.46982307e+01 7.96733275e-02</data></pose_0>
</opencv_storage>
