<?xml version="1.0"?>
<opencv_storage>
<hand_left_0 type_id="opencv-nd-matrix">
  <sizes>
    1 21 3</sizes>
  <dt>f</dt>
  <data>
    4.57889343e+02 3.94002777e+02 4.83041376e-01 4.46442841e+02
    4.06880096e+02 5.67428946e-01 4.39288788e+02 4.24765259e+02
    4.50473636e-01 4.39288788e+02 4.38357971e+02 3.99426073e-01
    4.45012054e+02 4.53381500e+02 3.28542709e-01 4.49304474e+02
    4.18326599e+02 4.97398466e-01 4.42150421e+02 4.32634705e+02
    5.60593665e-01 4.43581238e+02 4.45512024e+02 5.94522834e-01
    4.45727448e+02 4.56243103e+02 6.65556073e-01 4.66474213e+02
    4.12603333e+02 6.48472726e-01 4.61466370e+02 4.30488495e+02
    5.35580873e-01 4.64328003e+02 4.45512024e+02 6.65019214e-01
    4.65043396e+02 4.58389343e+02 7.82261670e-01 4.80782349e+02
    4.07595490e+02 5.89475632e-01 4.91513428e+02 4.24049835e+02
    5.13610840e-01 4.90798035e+02 4.40504181e+02 5.00957012e-01
    4.92944244e+02 4.52666077e+02 5.99819720e-01 4.96521271e+02
    3.99726044e+02 7.09442616e-01 5.07252380e+02 4.04018463e+02
    8.16155732e-01 5.12975586e+02 4.08310913e+02 8.35765243e-01
    5.17983459e+02 4.15464966e+02 7.53918886e-01</data></hand_left_0>
</opencv_storage>
