<?xml version="1.0"?>
<opencv_storage>
<pose_0 type_id="opencv-nd-matrix">
  <sizes>
    1 18 3</sizes>
  <dt>f</dt>
  <data>
    4.77333557e+02 1.64250351e+02 7.60192335e-01 4.77374481e+02
    1.01721291e+02 8.44053984e-01 3.79555176e+02 9.96988754e+01
    6.80734456e-01 4.18656647e+02 2.87650909e+02 7.16520846e-01
    4.59835266e+02 4.14840546e+02 8.65244985e-01 5.81089050e+02
    1.15415459e+02 6.66672051e-01 5.32169556e+02 3.03243439e+02
    7.67762363e-01 4.96943634e+02 4.24527435e+02 5.92318475e-01
    3.79549530e+02 2.99348297e+02 3.94475102e-01 3.20932312e+02
    4.46077972e+02 2.57072687e-01 0. 0. 0. 4.89128693e+02 3.14976501e+02
    4.29185718e-01 5.43899414e+02 4.57799194e+02 1.10076390e-01 0. 0. 0.
    4.63667755e+02 1.46629089e+02 6.56877041e-01 4.94975922e+02
    1.46746002e+02 6.23288155e-01 4.14835510e+02 7.63292542e+01
    3.88892710e-01 5.26294312e+02 7.82770386e+01 1.80402339e-01</data></pose_0>
</opencv_storage>
