<?xml version="1.0"?>
<opencv_storage>
<hand_right_0 type_id="opencv-nd-matrix">
  <sizes>
    1 21 3</sizes>
  <dt>f</dt>
  <data>
    4.57820984e+02 3.90274414e+02 5.66260517e-01 4.75573700e+02
    3.95245178e+02 6.98515415e-01 4.94746613e+02 4.00215942e+02
    6.56243265e-01 5.07528564e+02 4.08737244e+02 7.59210944e-01
    5.18890320e+02 4.15838318e+02 7.87467897e-01 4.83384888e+02
    4.10157471e+02 6.67971969e-01 4.96166840e+02 4.25069733e+02
    7.17259645e-01 5.03267914e+02 4.37851685e+02 8.41055989e-01
    5.08238678e+02 4.48503326e+02 8.65148842e-01 4.69182709e+02
    4.15838318e+02 7.41275132e-01 4.79124237e+02 4.29330383e+02
    6.30903959e-01 4.88355652e+02 4.43532562e+02 7.11956143e-01
    4.97587036e+02 4.54894287e+02 9.01315629e-01 4.52850220e+02
    4.20809082e+02 6.71069145e-01 4.57820984e+02 4.32170837e+02
    6.36185765e-01 4.62081635e+02 4.47793213e+02 7.40194142e-01
    4.64211945e+02 4.58444855e+02 6.89381301e-01 4.39358154e+02
    4.21519196e+02 6.68588698e-01 4.40068268e+02 4.36431488e+02
    7.96548307e-01 4.41488464e+02 4.47083099e+02 7.79700756e-01
    4.46459229e+02 4.57024628e+02 8.15316796e-01</data></hand_right_0>
</opencv_storage>
