<?xml version="1.0"?>
<opencv_storage>
<hand_right_0 type_id="opencv-nd-matrix">
  <sizes>
    1 21 3</sizes>
  <dt>f</dt>
  <data>
    4.61982941e+02 4.31285034e+02 5.95256388e-01 4.80710571e+02
    4.38893127e+02 5.86113691e-01 5.01779144e+02 4.45330750e+02
    6.85965359e-01 5.12313416e+02 4.55865051e+02 7.95736551e-01
    5.22262451e+02 4.63473145e+02 8.75781894e-01 4.93000549e+02
    4.49427429e+02 6.38383389e-01 5.01779144e+02 4.63473145e+02
    6.48165464e-01 5.08216766e+02 4.76933624e+02 7.64393508e-01
    5.12313416e+02 4.86882690e+02 8.77886117e-01 4.77199127e+02
    4.50597900e+02 7.35271871e-01 4.88903900e+02 4.66984589e+02
    5.17550886e-01 4.95341522e+02 4.78104095e+02 6.06335640e-01
    5.00023438e+02 4.87467926e+02 6.81020796e-01 4.63738647e+02
    4.54694580e+02 7.03227520e-01 4.71931976e+02 4.76933624e+02
    4.29485798e-01 4.71346741e+02 4.77518860e+02 4.45373923e-01
    4.74272949e+02 4.82786011e+02 4.85676646e-01 4.49107697e+02
    4.58791229e+02 6.46223187e-01 4.52619110e+02 4.72836945e+02
    7.04913020e-01 4.53789612e+02 4.81615540e+02 6.29839301e-01
    4.55545319e+02 4.88053162e+02 6.73541605e-01</data></hand_right_0>
</opencv_storage>
