<?xml version="1.0"?>
<opencv_storage>
<pose_0 type_id="opencv-nd-matrix">
  <sizes>
    1 18 3</sizes>
  <dt>f</dt>
  <data>
    4.63740479e+02 8.81259232e+01 7.17760205e-01 4.73439667e+02
    6.84588852e+01 7.32150614e-01 3.69825104e+02 6.45739136e+01
    6.48285985e-01 4.16720947e+02 2.44614197e+02 7.15113223e-01
    4.59788330e+02 3.81533051e+02 8.40460718e-01 5.71255066e+02
    8.21489487e+01 6.89977765e-01 5.26294678e+02 2.68068420e+02
    7.83151090e-01 4.93081482e+02 3.97128265e+02 5.51710427e-01
    3.81471863e+02 2.97394470e+02 4.00775880e-01 3.28671265e+02
    4.40197845e+02 3.38413268e-01 2.87623962e+02 4.83290497e+02
    1.04823135e-01 4.91110840e+02 3.07195099e+02 3.99869174e-01
    5.22421814e+02 3.89359589e+02 6.37288317e-02 0. 0. 0. 4.48038788e+02
    6.84551468e+01 6.60886168e-01 4.89092560e+02 6.85520859e+01
    7.39197969e-01 4.04993683e+02 4.88650513e+00 1.42706364e-01
    5.36048767e+02 4.86058140e+00 3.81002069e-01</data></pose_0>
</opencv_storage>
