<?xml version="1.0"?>
<opencv_storage>
<hand_left_0 type_id="opencv-nd-matrix">
  <sizes>
    1 21 3</sizes>
  <dt>f</dt>
  <data>
    4.60652313e+02 3.92414215e+02 5.71043909e-01 4.48948273e+02
    4.04806732e+02 6.62245870e-01 4.40686615e+02 4.22018524e+02
    5.71543097e-01 4.38621185e+02 4.37164917e+02 5.47353804e-01
    4.44817444e+02 4.51622833e+02 4.37682271e-01 4.54456055e+02
    4.18576172e+02 5.98088145e-01 4.43440491e+02 4.28903259e+02
    3.20354223e-01 4.44128967e+02 4.43361176e+02 4.21570927e-01
    4.47571320e+02 4.55065186e+02 5.06077528e-01 4.70290924e+02
    4.13068390e+02 6.63260698e-01 4.80618011e+02 4.33034088e+02
    4.85581577e-01 4.65471619e+02 4.46803528e+02 3.77051651e-01
    4.65471619e+02 4.57819092e+02 5.37013352e-01 4.86125763e+02
    4.10314484e+02 6.16680622e-01 4.96452850e+02 4.28214783e+02
    6.17499232e-01 5.02649109e+02 4.39230347e+02 5.55525243e-01
    5.06779938e+02 4.49557404e+02 6.13086879e-01 5.00583679e+02
    4.02741302e+02 6.88874602e-01 5.09533844e+02 4.09626038e+02
    7.33342111e-01 5.15730103e+02 4.16510742e+02 7.94706225e-01
    5.20549377e+02 4.22018524e+02 7.32563257e-01</data></hand_left_0>
</opencv_storage>
