<?xml version="1.0"?>
<opencv_storage>
<pose_0 type_id="opencv-nd-matrix">
  <sizes>
    1 18 3</sizes>
  <dt>f</dt>
  <data>
    5.00846130e+02 1.62384659e+02 7.99560070e-01 4.67628723e+02
    1.01722641e+02 7.74148941e-01 3.67771423e+02 9.98114090e+01
    6.69047654e-01 4.08906860e+02 2.89600922e+02 7.12995529e-01
    4.59665192e+02 4.12820068e+02 8.74982119e-01 5.69357056e+02
    1.03703987e+02 6.60713732e-01 5.28309143e+02 3.03189545e+02
    7.21580267e-01 4.95041260e+02 4.16723999e+02 6.84210241e-01
    3.75672913e+02 2.91513702e+02 4.13466245e-01 3.24782043e+02
    4.30486481e+02 4.96699631e-01 2.81739990e+02 4.79342682e+02
    1.24539874e-01 4.89107513e+02 3.05219788e+02 4.45452243e-01
    5.41983459e+02 4.55846222e+02 1.47992060e-01 0. 0. 0. 4.91018036e+02
    1.46682526e+02 7.93296874e-01 5.16522278e+02 1.42842636e+02
    4.98454154e-01 4.32378326e+02 8.80521927e+01 4.07173783e-01
    5.38175659e+02 9.19463577e+01 7.18613714e-02</data></pose_0>
</opencv_storage>
