<?xml version="1.0"?>
<opencv_storage>
<pose_0 type_id="opencv-nd-matrix">
  <sizes>
    1 18 3</sizes>
  <dt>f</dt>
  <data>
    4.32427368e+02 9.97402802e+01 8.47220421e-01 4.63722290e+02
    6.84836044e+01 7.23821759e-01 3.69838776e+02 6.84076843e+01
    7.09867597e-01 4.16792053e+02 2.56332458e+02 7.46415913e-01
    4.59760803e+02 3.81556030e+02 8.57800126e-01 5.69392395e+02
    8.41119461e+01 6.21440172e-01 5.26375671e+02 2.69976868e+02
    7.57022917e-01 4.93061676e+02 3.93261871e+02 5.56760788e-01
    3.81540344e+02 2.89556641e+02 4.27021772e-01 3.24808746e+02
    4.28518585e+02 4.14615333e-01 2.83698914e+02 4.81334747e+02
    8.85776132e-02 4.89152130e+02 3.03266602e+02 4.33112174e-01
    5.24285767e+02 3.89376892e+02 6.47904649e-02 0. 0. 0. 4.14771637e+02
    7.23828049e+01 8.07950258e-01 4.57774139e+02 7.63234787e+01
    7.40125775e-01 3.97068970e+02 5.48234215e+01 1.17707625e-01
    5.08680237e+02 2.54500675e+01 6.57857358e-01</data></pose_0>
</opencv_storage>
