<?xml version="1.0"?>
<opencv_storage>
<pose_0 type_id="opencv-nd-matrix">
  <sizes>
    1 18 3</sizes>
  <dt>f</dt>
  <data>
    4.98952515e+02 1.60452164e+02 6.41180575e-01 4.75426758e+02
    9.58870087e+01 8.04307163e-01 3.69770081e+02 9.00374451e+01
    6.25766456e-01 4.10827118e+02 2.79805420e+02 7.03969002e-01
    4.59733337e+02 4.08883423e+02 8.60032201e-01 5.75199829e+02
    1.01814400e+02 6.56000972e-01 5.30188538e+02 2.97381683e+02
    7.02278912e-01 4.98882813e+02 4.12856171e+02 6.97795153e-01
    3.77592041e+02 2.91553894e+02 3.96515876e-01 3.20943054e+02
    4.30443085e+02 4.27504003e-01 2.75886047e+02 4.77427643e+02
    1.19879968e-01 4.89148529e+02 3.07158630e+02 4.23099488e-01
    5.51709534e+02 4.59767670e+02 7.45440871e-02 0. 0. 0. 4.93007141e+02
    1.46631805e+02 6.87157154e-01 5.14564392e+02 1.46667007e+02
    3.44523013e-01 4.28529816e+02 7.63359375e+01 5.29364169e-01
    5.39938110e+02 9.39032516e+01 7.36906752e-02</data></pose_0>
</opencv_storage>
