<?xml version="1.0"?>
<opencv_storage>
<hand_right_0 type_id="opencv-nd-matrix">
  <sizes>
    1 21 3</sizes>
  <dt>f</dt>
  <data>
    4.58946991e+02 3.87952118e+02 5.58114290e-01 4.76658813e+02
    3.93619904e+02 7.01883137e-01 4.95079132e+02 3.99287689e+02
    6.62581682e-01 5.09248596e+02 4.09206329e+02 7.90221095e-01
    5.21292603e+02 4.17708008e+02 8.20002556e-01 4.84452026e+02
    4.09206329e+02 6.05944991e-01 4.95079132e+02 4.22667328e+02
    7.43685365e-01 5.04289276e+02 4.37545258e+02 8.34305823e-01
    5.07123169e+02 4.46046936e+02 8.06447566e-01 4.69574097e+02
    4.12748688e+02 7.07737386e-01 4.78784241e+02 4.27626617e+02
    6.15235388e-01 4.87994385e+02 4.41087616e+02 5.99108338e-01
    4.97204529e+02 4.52423187e+02 7.72236228e-01 4.53987671e+02
    4.16291046e+02 6.77573144e-01 4.57530029e+02 4.27626617e+02
    6.92803860e-01 4.61780884e+02 4.44629974e+02 8.32690835e-01
    4.66031708e+02 4.56674042e+02 7.30551362e-01 4.38401276e+02
    4.16291046e+02 7.01400101e-01 4.39109741e+02 4.31877472e+02
    7.92320013e-01 4.41235168e+02 4.43921509e+02 7.26117015e-01
    4.44777527e+02 4.55257080e+02 7.40559638e-01</data></hand_right_0>
</opencv_storage>
