<?xml version="1.0"?>
<opencv_storage>
<hand_left_0 type_id="opencv-nd-matrix">
  <sizes>
    1 21 3</sizes>
  <dt>f</dt>
  <data>
    4.59082092e+02 3.95639038e+02 5.01688302e-01 4.47233948e+02
    4.07487183e+02 6.13329232e-01 4.36779724e+02 4.22820068e+02
    5.36823452e-01 4.26325470e+02 4.31880432e+02 3.87007236e-01
    4.17265137e+02 4.37456024e+02 6.06910408e-01 4.48627869e+02
    4.23517029e+02 4.95897025e-01 4.40961426e+02 4.36062103e+02
    6.48773611e-01 4.41658356e+02 4.50001099e+02 7.78207064e-01
    4.45143127e+02 4.60455353e+02 7.78337181e-01 4.63960754e+02
    4.21426178e+02 6.32756472e-01 4.59082092e+02 4.38849915e+02
    5.48062921e-01 4.62566864e+02 4.52788910e+02 6.10671818e-01
    4.61172943e+02 4.64637054e+02 7.40746260e-01 4.81384491e+02
    4.17244476e+02 6.63113534e-01 4.92535675e+02 4.33971283e+02
    5.85258305e-01 4.87657043e+02 4.50001099e+02 5.01658440e-01
    5.05080780e+02 4.56273651e+02 5.66404641e-01 4.97414337e+02
    4.10274994e+02 7.18427539e-01 5.07171631e+02 4.17244476e+02
    7.48306930e-01 5.13444153e+02 4.23517029e+02 8.28895569e-01
    5.19019775e+02 4.29789581e+02 7.44456112e-01</data></hand_left_0>
</opencv_storage>
