<?xml version="1.0"?>
<opencv_storage>
<pose_0 type_id="opencv-nd-matrix">
  <sizes>
    1 18 3</sizes>
  <dt>f</dt>
  <data>
    4.96974274e+02 1.01717186e+02 7.91184187e-01 4.65649872e+02
    6.45488205e+01 6.98547900e-01 3.67858337e+02 6.26274681e+01
    6.40960217e-01 4.18715820e+02 2.50414368e+02 6.79112852e-01
    4.59821686e+02 3.83443329e+02 8.53544176e-01 5.71326965e+02
    7.43883972e+01 6.72297120e-01 5.24428467e+02 2.66073669e+02
    7.78671265e-01 4.93088684e+02 3.97180145e+02 5.07256866e-01
    3.81507690e+02 2.91543488e+02 4.02951777e-01 3.28675568e+02
    4.30404114e+02 4.22656506e-01 2.89561890e+02 4.79343018e+02
    1.16722114e-01 4.91029755e+02 3.05225159e+02 4.16802496e-01
    5.22418396e+02 3.93264618e+02 6.75602257e-02 0. 0. 0. 4.83237305e+02
    8.40295792e+01 7.64915705e-01 5.14577637e+02 8.02358780e+01
    7.25237668e-01 4.26486542e+02 2.34575806e+01 4.06069726e-01
    5.42077209e+02 3.91445007e+01 5.27596772e-02</data></pose_0>
</opencv_storage>
