<?xml version="1.0"?>
<opencv_storage>
<hand_right_0 type_id="opencv-nd-matrix">
  <sizes>
    1 21 3</sizes>
  <dt>f</dt>
  <data>
    4.58603516e+02 3.97101624e+02 6.13275230e-01 4.76877197e+02
    4.06603943e+02 7.33933628e-01 4.98074646e+02 4.14644379e+02
    6.59358740e-01 5.06115082e+02 4.25608582e+02 7.84718812e-01
    5.16348328e+02 4.35841827e+02 7.81554580e-01 4.83455719e+02
    4.23415741e+02 6.55062377e-01 4.90765198e+02 4.38034668e+02
    6.88171387e-01 4.98805603e+02 4.54115509e+02 7.88213313e-01
    5.01729401e+02 4.65079712e+02 8.31864297e-01 4.68836761e+02
    4.25608582e+02 7.21642137e-01 4.73953400e+02 4.38034668e+02
    6.14394188e-01 4.81993835e+02 4.55577423e+02 8.29527318e-01
    4.88572357e+02 4.69465424e+02 7.88900673e-01 4.53486877e+02
    4.27070465e+02 6.97314501e-01 4.57872559e+02 4.40227509e+02
    7.22066939e-01 4.60796356e+02 4.56308350e+02 7.84706354e-01
    4.64451080e+02 4.68734467e+02 7.81744063e-01 4.39598877e+02
    4.28532379e+02 6.57361925e-01 4.39598877e+02 4.43151306e+02
    8.20249856e-01 4.41060760e+02 4.54846466e+02 8.07845175e-01
    4.44715515e+02 4.65079712e+02 7.79616356e-01</data></hand_right_0>
</opencv_storage>
