<?xml version="1.0"?>
<opencv_storage>
<hand_right_0 type_id="opencv-nd-matrix">
  <sizes>
    1 21 3</sizes>
  <dt>f</dt>
  <data>
    4.58890747e+02 3.86291016e+02 5.43962002e-01 4.76643280e+02
    3.92681915e+02 7.23987460e-01 4.96526123e+02 3.99072845e+02
    6.93816066e-01 5.07177643e+02 4.07594055e+02 7.25893438e-01
    5.17829163e+02 4.16115265e+02 8.07723343e-01 4.85164490e+02
    4.09014252e+02 6.96118832e-01 4.95816010e+02 4.23216278e+02
    7.33957231e-01 5.02917023e+02 4.37418304e+02 8.01904678e-01
    5.05757446e+02 4.46649628e+02 8.77515078e-01 4.70252350e+02
    4.11144562e+02 7.43741333e-01 4.77353363e+02 4.26056702e+02
    6.57031000e-01 4.86584686e+02 4.40258728e+02 7.09517717e-01
    4.93685699e+02 4.53040558e+02 8.15259576e-01 4.54630127e+02
    4.15405182e+02 6.96848869e-01 4.58890747e+02 4.27476898e+02
    6.59334362e-01 4.63151337e+02 4.42389038e+02 7.18799531e-01
    4.65991760e+02 4.55880951e+02 7.56096005e-01 4.39007904e+02
    4.16825378e+02 7.31048644e-01 4.39717987e+02 4.31027405e+02
    7.64591515e-01 4.42558411e+02 4.42389038e+02 8.00688267e-01
    4.46819031e+02 4.52330444e+02 7.46754944e-01</data></hand_right_0>
</opencv_storage>
