<?xml version="1.0"?>
<opencv_storage>
<hand_right_0 type_id="opencv-nd-matrix">
  <sizes>
    1 21 3</sizes>
  <dt>f</dt>
  <data>
    4.62342102e+02 4.31169830e+02 6.55512631e-01 4.80182892e+02
    4.36522064e+02 6.87888443e-01 5.00402435e+02 4.47226532e+02
    7.26226211e-01 5.08133423e+02 4.59715057e+02 7.34846711e-01
    5.17648499e+02 4.67446075e+02 7.90940523e-01 4.87913879e+02
    4.53173462e+02 7.06862092e-01 4.96239563e+02 4.71608917e+02
    6.77419960e-01 5.00402435e+02 4.82908081e+02 7.76295483e-01
    5.03375885e+02 4.92423157e+02 9.33353662e-01 4.71857178e+02
    4.54362854e+02 7.65807807e-01 4.83156342e+02 4.77555847e+02
    5.68833232e-01 4.85535126e+02 4.88855011e+02 6.78479791e-01
    4.84940430e+02 4.95396606e+02 4.37433898e-01 4.58179260e+02
    4.57336304e+02 6.88881040e-01 4.64126190e+02 4.82908081e+02
    4.21391726e-01 4.62342102e+02 4.86476227e+02 5.03414810e-01
    4.60558044e+02 4.93017853e+02 5.40437877e-01 4.45690735e+02
    4.57931000e+02 6.59197211e-01 4.41527863e+02 4.65067291e+02
    6.80586159e-01 4.40933167e+02 4.72798309e+02 6.72598958e-01
    4.40933167e+02 4.80529297e+02 6.77722871e-01</data></hand_right_0>
</opencv_storage>
