<?xml version="1.0"?>
<opencv_storage>
<pose_0 type_id="opencv-nd-matrix">
  <sizes>
    1 18 3</sizes>
  <dt>f</dt>
  <data>
    4.77366364e+02 1.17342346e+02 9.07804430e-01 4.57838745e+02
    7.23883743e+01 7.73245156e-01 3.65904205e+02 7.23560333e+01
    7.10814953e-01 4.12874451e+02 2.42622009e+02 8.37793827e-01
    4.59675690e+02 3.81559906e+02 8.28926742e-01 5.53666748e+02
    8.40634308e+01 7.28482008e-01 5.10720886e+02 2.58275421e+02
    8.05804372e-01 4.91052307e+02 3.97182892e+02 5.16486168e-01
    3.77619110e+02 2.79801636e+02 4.23067003e-01 3.30643890e+02
    4.30487335e+02 5.60122132e-01 2.99329620e+02 4.89144562e+02
    5.88449575e-02 4.75400696e+02 2.89556000e+02 4.93959397e-01
    5.38029541e+02 4.24557220e+02 1.43856645e-01 0. 0. 0. 4.61779114e+02
    9.77685547e+01 8.14108729e-01 4.95021393e+02 9.77960129e+01
    8.59674156e-01 4.10831177e+02 4.50166435e+01 7.96516895e-01
    5.24388000e+02 4.50186043e+01 1.66573420e-01</data></pose_0>
</opencv_storage>
