<?xml version="1.0"?>
<opencv_storage>
<pose_0 type_id="opencv-nd-matrix">
  <sizes>
    1 18 3</sizes>
  <dt>f</dt>
  <data>
    4.93013336e+02 1.27131477e+02 5.73441505e-01 4.71522003e+02
    7.63413086e+01 8.02333534e-01 3.67813232e+02 7.05000687e+01
    6.82431698e-01 4.14826263e+02 2.64160919e+02 7.59846926e-01
    4.59715515e+02 3.95180145e+02 8.69104624e-01 5.69387390e+02
    8.80402222e+01 6.78379416e-01 5.26284363e+02 2.75831024e+02
    7.88217008e-01 4.94975159e+02 4.04980652e+02 5.87983549e-01
    3.81467102e+02 2.89589386e+02 3.95279616e-01 3.22824310e+02
    4.28529358e+02 4.64397281e-01 0. 0. 0. 4.89147644e+02 3.05204254e+02
    4.06892657e-01 5.40006653e+02 4.18682373e+02 8.31459463e-02 0. 0. 0.
    4.89076782e+02 1.07616829e+02 4.94972885e-01 5.08673492e+02
    1.13473320e+02 3.24796975e-01 4.22623444e+02 4.69490509e+01
    5.25656760e-01 5.36032593e+02 6.64569778e+01 6.06415123e-02</data></pose_0>
</opencv_storage>
