<?xml version="1.0"?>
<opencv_storage>
<hand_right_0 type_id="opencv-nd-matrix">
  <sizes>
    1 21 3</sizes>
  <dt>f</dt>
  <data>
    4.60334442e+02 3.88808136e+02 5.97355604e-01 4.77070648e+02
    3.95357086e+02 7.45961130e-01 4.97445190e+02 4.04089020e+02
    6.39989853e-01 5.07632446e+02 4.14276306e+02 7.70183027e-01
    5.20730347e+02 4.24463562e+02 8.42785418e-01 4.85802582e+02
    4.13548645e+02 7.03383029e-01 4.93806885e+02 4.29557190e+02
    7.73189425e-01 5.00355835e+02 4.42655121e+02 8.30313385e-01
    5.04721802e+02 4.53570038e+02 9.15883541e-01 4.70521698e+02
    4.15731628e+02 7.38335907e-01 4.76342987e+02 4.30284851e+02
    7.01752067e-01 4.84347260e+02 4.46293427e+02 7.57453620e-01
    4.90168579e+02 4.59391327e+02 8.96386266e-01 4.55240784e+02
    4.18642273e+02 7.05603063e-01 4.58151428e+02 4.32467834e+02
    6.56183243e-01 4.62517426e+02 4.47021088e+02 8.24455380e-01
    4.64700409e+02 4.60118988e+02 8.47565234e-01 4.40687561e+02
    4.18642273e+02 6.90467954e-01 4.41415222e+02 4.34650818e+02
    8.27090144e-01 4.41415222e+02 4.45565765e+02 8.56320560e-01
    4.46508850e+02 4.57208344e+02 7.83415198e-01</data></hand_right_0>
</opencv_storage>
