<?xml version="1.0"?>
<opencv_storage>
<pose_0 type_id="opencv-nd-matrix">
  <sizes>
    1 18 3</sizes>
  <dt>f</dt>
  <data>
    4.61746185e+02 1.11501137e+02 7.35738635e-01 4.67580505e+02
    6.84993362e+01 7.50974417e-01 3.67896393e+02 6.45469131e+01
    6.59181178e-01 4.16789154e+02 2.56254852e+02 6.99812531e-01
    4.59836517e+02 3.81590363e+02 8.46559525e-01 5.69340332e+02
    8.21657562e+01 6.74991250e-01 5.24418030e+02 2.66072754e+02
    7.74972796e-01 4.93065552e+02 3.95220123e+02 5.05533814e-01
    3.81531647e+02 2.97388428e+02 3.99869680e-01 3.24803894e+02
    4.36314728e+02 2.74282038e-01 0. 0. 0. 4.93020721e+02 3.05194977e+02
    4.07549590e-01 5.22407410e+02 3.95218109e+02 6.19384870e-02 0. 0. 0.
    4.48051483e+02 8.61639023e+01 6.79832816e-01 4.81311371e+02
    8.80389709e+01 6.76736236e-01 4.01082977e+02 4.84966230e+00
    3.34287614e-01 5.24336121e+02 3.91691971e+01 3.18119228e-01</data></pose_0>
</opencv_storage>
