<?xml version="1.0"?>
<opencv_storage>
<pose_0 type_id="opencv-nd-matrix">
  <sizes>
    1 18 3</sizes>
  <dt>f</dt>
  <data>
    4.65654388e+02 1.50642914e+02 7.49159157e-01 4.71509460e+02
    9.00247421e+01 8.17922950e-01 3.67895416e+02 8.60683823e+01
    6.86450481e-01 4.12884460e+02 2.81742340e+02 7.22216010e-01
    4.59759521e+02 4.08893768e+02 8.59931290e-01 5.71350830e+02
    1.01790527e+02 6.79171026e-01 5.28234741e+02 2.91568268e+02
    7.42913425e-01 4.95004822e+02 4.16754303e+02 5.96030653e-01
    3.79548035e+02 2.89555511e+02 4.01996046e-01 3.26753113e+02
    4.30503082e+02 4.62452829e-01 2.85656036e+02 4.83284698e+02
    1.22827172e-01 4.89151215e+02 3.05232452e+02 4.00407642e-01
    5.41943970e+02 4.42181824e+02 7.96492472e-02 0. 0. 0. 4.55868958e+02
    1.33056747e+02 6.47332549e-01 4.87144592e+02 1.34990372e+02
    5.91725945e-01 4.24536743e+02 6.85016937e+01 3.51077169e-01
    5.22326172e+02 7.62900162e+01 2.58557677e-01</data></pose_0>
</opencv_storage>
