<?xml version="1.0"?>
<opencv_storage>
<hand_right_0 type_id="opencv-nd-matrix">
  <sizes>
    1 21 3</sizes>
  <dt>f</dt>
  <data>
    4.56921967e+02 3.97635803e+02 5.88343322e-01 4.75166656e+02
    4.02547821e+02 6.85888767e-01 4.94814789e+02 4.08863281e+02
    6.47948503e-01 5.06042267e+02 4.17985626e+02 7.27597415e-01
    5.17269775e+02 4.25002838e+02 8.56108129e-01 4.84289001e+02
    4.19389069e+02 6.70795977e-01 4.94814789e+02 4.36230316e+02
    7.88620293e-01 5.01130249e+02 4.50264709e+02 8.12259734e-01
    5.05340546e+02 4.59387054e+02 9.08342302e-01 4.68851196e+02
    4.23599396e+02 7.38966346e-01 4.77973541e+02 4.38335480e+02
    6.55757248e-01 4.85692444e+02 4.53071564e+02 7.60690629e-01
    4.94113068e+02 4.65000793e+02 8.71119618e-01 4.54816803e+02
    4.25704529e+02 7.06962109e-01 4.59728851e+02 4.39738922e+02
    7.38359928e-01 4.64640869e+02 4.53773285e+02 8.06022644e-01
    4.69552917e+02 4.65702515e+02 7.55236983e-01 4.38677277e+02
    4.26406250e+02 6.53915942e-01 4.38677277e+02 4.41142365e+02
    8.11296463e-01 4.40782440e+02 4.52369843e+02 7.62884021e-01
    4.44291046e+02 4.63597351e+02 8.50768507e-01</data></hand_right_0>
</opencv_storage>
