<?xml version="1.0"?>
<opencv_storage>
<hand_left_0 type_id="opencv-nd-matrix">
  <sizes>
    1 21 3</sizes>
  <dt>f</dt>
  <data>
    4.58744781e+02 4.07980835e+02 5.13525307e-01 4.45870056e+02
    4.21570831e+02 6.04745030e-01 4.38002167e+02 4.40167633e+02
    4.83175099e-01 4.32995331e+02 4.50896576e+02 4.58728880e-01
    4.16544312e+02 4.49466064e+02 6.19972706e-01 4.53737946e+02
    4.38021851e+02 5.13129830e-01 4.39432709e+02 4.46605011e+02
    5.28740108e-01 4.41578491e+02 4.58764465e+02 5.79292715e-01
    4.43724274e+02 4.69493408e+02 6.76693738e-01 4.67327942e+02
    4.31584503e+02 6.51568115e-01 4.79487396e+02 4.46605011e+02
    3.80535156e-01 4.64466888e+02 4.61625519e+02 5.63408792e-01
    4.65897400e+02 4.72354462e+02 7.22299337e-01 4.83778961e+02
    4.25862396e+02 6.25623107e-01 4.93077393e+02 4.41598175e+02
    6.23439133e-01 5.00230011e+02 4.54472900e+02 6.34783745e-01
    5.06667358e+02 4.64486572e+02 6.39751792e-01 4.95938416e+02
    4.17279236e+02 7.43218362e-01 5.06667358e+02 4.23716614e+02
    8.38329196e-01 5.13104736e+02 4.29438721e+02 8.82028401e-01
    5.18111572e+02 4.36591339e+02 7.90800750e-01</data></hand_left_0>
</opencv_storage>
