<?xml version="1.0"?>
<opencv_storage>
<pose_0 type_id="opencv-nd-matrix">
  <sizes>
    1 18 3</sizes>
  <dt>f</dt>
  <data>
    4.48030853e+02 1.11508499e+02 8.36875021e-01 4.44165558e+02
    7.82464905e+01 7.28143096e-01 3.54131500e+02 8.01793823e+01
    7.28608787e-01 4.08895935e+02 2.40576996e+02 7.95523405e-01
    4.59712799e+02 3.75632721e+02 8.06172192e-01 5.38005859e+02
    8.41686707e+01 7.45959461e-01 5.08749207e+02 2.56279785e+02
    8.65870059e-01 4.93040833e+02 3.97143585e+02 6.03761554e-01
    3.71780487e+02 2.85656311e+02 4.21586514e-01 3.34488464e+02
    4.32377991e+02 5.14609218e-01 3.03286041e+02 4.91066437e+02
    6.34563491e-02 4.73465698e+02 2.87605286e+02 4.55010056e-01
    5.10656006e+02 3.87427765e+02 8.90687481e-02 0. 0. 0. 4.30464508e+02
    8.61278763e+01 7.86907613e-01 4.73457916e+02 8.42127762e+01
    8.85973573e-01 3.85421417e+02 3.91119385e+01 6.42322600e-01
    5.06744446e+02 2.54959431e+01 7.06644714e-01</data></pose_0>
</opencv_storage>
