<?xml version="1.0"?>
<opencv_storage>
<hand_right_0 type_id="opencv-nd-matrix">
  <sizes>
    1 21 3</sizes>
  <dt>f</dt>
  <data>
    4.58065704e+02 4.10167694e+02 5.59377134e-01 4.76584625e+02
    4.15865845e+02 6.73672676e-01 4.95815826e+02 4.22988495e+02
    6.84061050e-01 5.07212097e+02 4.30823425e+02 8.03019881e-01
    5.17896057e+02 4.37233826e+02 7.96420872e-01 4.84419556e+02
    4.30823425e+02 6.78457618e-01 4.95815826e+02 4.46493286e+02
    8.15356255e-01 5.05075287e+02 4.59314087e+02 8.56458008e-01
    5.09348877e+02 4.67861298e+02 8.63726020e-01 4.69461945e+02
    4.35809296e+02 7.37385154e-01 4.79433685e+02 4.50054626e+02
    7.54425645e-01 4.89405426e+02 4.64299957e+02 7.36332536e-01
    4.97952606e+02 4.74983978e+02 8.77362251e-01 4.55216614e+02
    4.39370636e+02 6.71971738e-01 4.58777954e+02 4.51479156e+02
    6.76849306e-01 4.62339294e+02 4.65724487e+02 8.57892215e-01
    4.67325165e+02 4.77120758e+02 8.54679465e-01 4.39546753e+02
    4.41507446e+02 6.73143446e-01 4.38834503e+02 4.54328247e+02
    8.66096973e-01 4.39546753e+02 4.64299957e+02 7.70095527e-01
    4.43820374e+02 4.74271698e+02 7.77816892e-01</data></hand_right_0>
</opencv_storage>
