<?xml version="1.0"?>
<opencv_storage>
<hand_right_0 type_id="opencv-nd-matrix">
  <sizes>
    1 21 3</sizes>
  <dt>f</dt>
  <data>
    4.58329224e+02 3.84726471e+02 6.73575640e-01 4.76504700e+02
    3.90367126e+02 7.21753240e-01 4.93426666e+02 3.96007782e+02
    7.00624704e-01 5.04708008e+02 4.06035645e+02 7.76485980e-01
    5.17242798e+02 4.14183258e+02 8.66611362e-01 4.84025574e+02
    4.02901947e+02 6.21333420e-01 4.94053406e+02 4.18570435e+02
    8.17627311e-01 5.00947571e+02 4.32985474e+02 7.69120395e-01
    5.04081268e+02 4.44266785e+02 8.77354085e-01 4.69610535e+02
    4.05408905e+02 7.23590672e-01 4.79011658e+02 4.21704132e+02
    7.01255202e-01 4.87159271e+02 4.34865692e+02 6.75637841e-01
    4.92799927e+02 4.48027252e+02 7.12170839e-01 4.57075745e+02
    4.09796082e+02 6.70441031e-01 4.58329224e+02 4.21077393e+02
    6.10370934e-01 4.63969879e+02 4.36119171e+02 6.47455275e-01
    4.63343140e+02 4.48653992e+02 5.76641202e-01 4.42660706e+02
    4.12929779e+02 7.29482412e-01 4.41407227e+02 4.21704132e+02
    7.01649547e-01 4.40153748e+02 4.29851776e+02 7.09098399e-01
    4.40153748e+02 4.39879608e+02 7.65151024e-01</data></hand_right_0>
</opencv_storage>
