<?xml version="1.0"?>
<opencv_storage>
<pose_0 type_id="opencv-nd-matrix">
  <sizes>
    1 18 3</sizes>
  <dt>f</dt>
  <data>
    4.40182251e+02 1.70250137e+02 7.89489150e-01 4.44103607e+02
    1.46727432e+02 7.35377967e-01 3.52143280e+02 1.48657547e+02
    7.74147570e-01 4.10847473e+02 2.95464417e+02 7.82009304e-01
    4.59747711e+02 4.28522522e+02 8.12229156e-01 5.32186768e+02
    1.50669510e+02 7.22185850e-01 5.08629669e+02 3.13042694e+02
    8.28552604e-01 4.91083649e+02 4.44070770e+02 5.56221128e-01
    3.65930939e+02 3.42401184e+02 4.63691413e-01 3.26720886e+02
    4.89148438e+02 5.86120605e-01 0. 0. 0. 4.67606903e+02 3.46318024e+02
    4.63334233e-01 5.08690399e+02 4.38282806e+02 1.06504247e-01 0. 0. 0.
    4.18689880e+02 1.46773361e+02 8.33274484e-01 4.61769806e+02
    1.48639572e+02 9.59720671e-01 3.81579834e+02 9.98108826e+01
    8.27901840e-01 5.02784119e+02 1.03675072e+02 7.37829447e-01</data></pose_0>
</opencv_storage>
