<?xml version="1.0"?>
<opencv_storage>
<pose_0 type_id="opencv-nd-matrix">
  <sizes>
    1 18 3</sizes>
  <dt>f</dt>
  <data>
    4.46150726e+02 1.15502045e+02 8.30665350e-01 4.67622375e+02
    7.43651199e+01 7.75097787e-01 3.75643890e+02 7.04989624e+01
    7.19131827e-01 4.16752167e+02 2.58354523e+02 7.37560987e-01
    4.59757111e+02 3.91314545e+02 8.49916339e-01 5.73261963e+02
    8.80329361e+01 6.65608943e-01 5.36069275e+02 2.71953247e+02
    7.91721702e-01 4.95032684e+02 3.99106049e+02 5.39181471e-01
    3.81507111e+02 2.87623962e+02 4.24447358e-01 3.24785889e+02
    4.30467438e+02 3.67372513e-01 2.75869965e+02 4.87162415e+02
    9.59537029e-02 4.91102692e+02 3.05242950e+02 4.23922002e-01
    5.20459106e+02 3.97164215e+02 6.75582215e-02 0. 0. 0. 4.30374573e+02
    9.38762894e+01 6.95376337e-01 4.67638885e+02 9.58476715e+01
    6.88556254e-01 4.01098633e+02 6.84997330e+01 1.15004271e-01
    5.10641968e+02 3.91110191e+01 7.23752797e-01</data></pose_0>
</opencv_storage>
