<?xml version="1.0"?>
<opencv_storage>
<hand_right_0 type_id="opencv-nd-matrix">
  <sizes>
    1 21 3</sizes>
  <dt>f</dt>
  <data>
    4.58810364e+02 3.90477814e+02 5.50779641e-01 4.76739624e+02
    3.99083862e+02 7.25408792e-01 4.98971893e+02 4.08407074e+02
    6.69292867e-01 5.06143616e+02 4.17013123e+02 7.09209681e-01
    5.15466797e+02 4.27053528e+02 8.03644538e-01 4.83194153e+02
    4.15578796e+02 7.07627058e-01 4.90365845e+02 4.30639374e+02
    7.20532537e-01 4.97537567e+02 4.44982788e+02 8.43896151e-01
    5.01123413e+02 4.56457520e+02 9.14024949e-01 4.68133575e+02
    4.19164642e+02 7.39271700e-01 4.74588104e+02 4.33508057e+02
    6.29635572e-01 4.82476990e+02 4.49285797e+02 7.91938841e-01
    4.88931519e+02 4.62912048e+02 8.86918902e-01 4.53790161e+02
    4.22033325e+02 7.93093622e-01 4.58093170e+02 4.35659576e+02
    6.69908345e-01 4.60244690e+02 4.50720154e+02 8.40019584e-01
    4.62396210e+02 4.62912048e+02 7.98412323e-01 4.38012390e+02
    4.21316162e+02 6.66907907e-01 4.38012390e+02 4.36376740e+02
    7.92584598e-01 4.39446747e+02 4.47851471e+02 7.30135202e-01
    4.42315430e+02 4.57891846e+02 7.19626844e-01</data></hand_right_0>
</opencv_storage>
