<?xml version="1.0"?>
<opencv_storage>
<hand_right_0 type_id="opencv-nd-matrix">
  <sizes>
    1 21 3</sizes>
  <dt>f</dt>
  <data>
    4.56772888e+02 3.81556763e+02 5.91804862e-01 4.74535522e+02
    3.87240814e+02 7.23644316e-01 4.93008636e+02 3.91503845e+02
    6.59389913e-01 5.05797699e+02 4.00029907e+02 8.24739516e-01
    5.17165771e+02 4.08555939e+02 8.90037060e-01 4.83061554e+02
    4.02161407e+02 6.89248383e-01 4.93008636e+02 4.15660980e+02
    7.46240377e-01 5.01534668e+02 4.29871094e+02 8.17425132e-01
    5.07218719e+02 4.39818146e+02 8.62689912e-01 4.67430450e+02
    4.07845428e+02 7.29784131e-01 4.76667023e+02 4.19213501e+02
    7.32109308e-01 4.86614075e+02 4.32713104e+02 6.97455704e-01
    4.95850647e+02 4.46212677e+02 8.64757657e-01 4.53930878e+02
    4.12108459e+02 6.76350355e-01 4.56772888e+02 4.23476532e+02
    7.18981385e-01 4.61035919e+02 4.36976135e+02 8.39950621e-01
    4.65298950e+02 4.49765198e+02 7.00089812e-01 4.39010284e+02
    4.14239990e+02 7.01741397e-01 4.39010284e+02 4.25608063e+02
    8.03727925e-01 4.39720795e+02 4.36265625e+02 7.56193042e-01
    4.43273315e+02 4.47633698e+02 7.17207313e-01</data></hand_right_0>
</opencv_storage>
