<?xml version="1.0"?>
<opencv_storage>
<pose_0 type_id="opencv-nd-matrix">
  <sizes>
    1 18 3</sizes>
  <dt>f</dt>
  <data>
    4.55840454e+02 1.31164993e+02 8.01100612e-01 4.67626160e+02
    8.60592651e+01 7.97895849e-01 3.71752991e+02 8.41120453e+01
    7.28466153e-01 4.14845062e+02 2.69952942e+02 6.88160896e-01
    4.59796570e+02 3.97171234e+02 8.86705875e-01 5.71345276e+02
    9.77761993e+01 6.71550095e-01 5.36012146e+02 2.83654388e+02
    7.43184745e-01 4.96941772e+02 4.10817047e+02 5.64719439e-01
    3.81499695e+02 2.87585358e+02 4.32650894e-01 3.30627747e+02
    4.30455048e+02 4.09039736e-01 2.85666046e+02 4.83257233e+02
    1.25660613e-01 4.91118195e+02 3.05208252e+02 4.41874087e-01
    5.39993896e+02 4.40217255e+02 5.88726364e-02 0. 0. 0. 4.36309082e+02
    1.09590027e+02 6.15734696e-01 4.75353760e+02 1.11546646e+02
    7.11617768e-01 4.10753510e+02 6.84955368e+01 1.72823444e-01
    5.10616943e+02 5.47393646e+01 4.70567584e-01</data></pose_0>
</opencv_storage>
