<?xml version="1.0"?>
<opencv_storage>
<hand_right_0 type_id="opencv-nd-matrix">
  <sizes>
    1 21 3</sizes>
  <dt>f</dt>
  <data>
    4.59500763e+02 4.17760345e+02 5.38075089e-01 4.77599884e+02 425.
    6.89433575e-01 4.97146942e+02 4.33687561e+02 6.54684246e-01
    5.07282440e+02 4.41651184e+02 7.97345579e-01 5.17417969e+02
    4.53234619e+02 8.10454726e-01 4.83391602e+02 4.40927216e+02
    5.94513774e-01 4.94251068e+02 4.57578400e+02 7.64288187e-01
    5.00042786e+02 4.72057709e+02 8.38223279e-01 5.04386566e+02
    4.83641144e+02 8.40525150e-01 4.69636261e+02 4.44547028e+02
    6.87661171e-01 4.77599884e+02 4.59750305e+02 7.29803145e-01
    4.84115570e+02 4.75677521e+02 8.14047515e-01 4.89907288e+02
    4.87984924e+02 8.88268232e-01 4.54433014e+02 4.47442902e+02
    7.15059876e-01 4.58776794e+02 4.61198212e+02 6.71677053e-01
    4.60948700e+02 4.75677521e+02 8.53764772e-01 4.65292480e+02
    4.87984924e+02 8.34164441e-01 4.39953705e+02 4.48166870e+02
    6.40249252e-01 4.38505798e+02 4.64094086e+02 8.08847845e-01
    4.41401642e+02 4.75677521e+02 7.99161077e-01 4.44297516e+02
    4.85089050e+02 7.68318057e-01</data></hand_right_0>
</opencv_storage>
