<?xml version="1.0"?>
<opencv_storage>
<hand_left_0 type_id="opencv-nd-matrix">
  <sizes>
    1 21 3</sizes>
  <dt>f</dt>
  <data>
    4.58027893e+02 4.16246582e+02 5.03310323e-01 4.45106476e+02
    4.28450165e+02 6.12997890e-01 4.35774323e+02 4.49268005e+02
    3.99068058e-01 4.25724335e+02 4.55728729e+02 5.03319919e-01
    4.17827911e+02 4.56446564e+02 6.09262228e-01 4.45824310e+02
    4.40653717e+02 5.03840506e-01 4.40081482e+02 4.52857300e+02
    6.77485228e-01 4.42235046e+02 4.66496582e+02 7.92922318e-01
    4.44388611e+02 4.76546570e+02 7.93645382e-01 4.63770752e+02
    4.38500153e+02 6.40406847e-01 4.60181458e+02 4.54292999e+02
    6.02337360e-01 4.65206451e+02 4.67932281e+02 7.04352796e-01
    4.68077881e+02 4.79417999e+02 7.87372828e-01 4.80281433e+02
    4.33475159e+02 5.98848879e-01 4.91049286e+02 4.50703705e+02
    5.50972044e-01 4.98945709e+02 4.62907288e+02 5.35937607e-01
    5.04688568e+02 4.74393005e+02 5.65564275e-01 4.94638580e+02
    4.26296600e+02 7.06361771e-01 5.03970734e+02 4.31321594e+02
    8.02031934e-01 5.11149292e+02 4.35628723e+02 8.35283518e-01
    5.16174316e+02 4.43525146e+02 7.57373095e-01</data></hand_left_0>
</opencv_storage>
