<?xml version="1.0"?>
<opencv_storage>
<pose_0 type_id="opencv-nd-matrix">
  <sizes>
    1 18 3</sizes>
  <dt>f</dt>
  <data>
    4.95065186e+02 1.44768951e+02 7.46703923e-01 4.65625092e+02
    8.99688034e+01 7.52722979e-01 3.67777710e+02 8.80451584e+01
    6.37611806e-01 4.08944275e+02 2.71897797e+02 7.05468416e-01
    4.57852478e+02 4.01109070e+02 8.39632273e-01 5.69392700e+02
    9.98119888e+01 6.78074718e-01 5.26324341e+02 2.89570526e+02
    7.17286408e-01 4.98881744e+02 4.04979980e+02 6.62405074e-01
    3.77606567e+02 2.97386108e+02 3.96298915e-01 3.24813110e+02
    4.30487885e+02 4.39142257e-01 2.83697968e+02 4.79382050e+02
    1.20303355e-01 4.91044861e+02 3.11089844e+02 4.22009766e-01
    5.24403687e+02 4.03093140e+02 6.80297390e-02 0. 0. 0. 4.89107025e+02
    1.25196632e+02 6.76850975e-01 5.12594360e+02 1.23281242e+02
    5.02072453e-01 4.30454102e+02 7.04740067e+01 3.34319919e-01 0. 0. 0.</data></pose_0>
</opencv_storage>
