<?xml version="1.0"?>
<opencv_storage>
<hand_right_0 type_id="opencv-nd-matrix">
  <sizes>
    1 21 3</sizes>
  <dt>f</dt>
  <data>
    4.55057617e+02 4.20829559e+02 5.99517941e-01 4.72822601e+02
    4.26751221e+02 6.95545971e-01 4.93548462e+02 4.32672882e+02
    6.92545891e-01 5.04651581e+02 4.39334778e+02 7.64192700e-01
    5.15754700e+02 4.45996643e+02 7.48468339e-01 4.83925751e+02
    4.41555389e+02 6.81482971e-01 4.95028870e+02 4.57099762e+02
    8.40665400e-01 5.01690765e+02 4.69683319e+02 8.95178378e-01
    5.07612427e+02 4.80786469e+02 9.31337953e-01 4.68381378e+02
    4.45256439e+02 7.56138086e-01 4.78744293e+02 4.60800812e+02
    7.67210603e-01 4.88367004e+02 4.74864777e+02 8.17165077e-01
    4.95769073e+02 4.86708130e+02 8.89436901e-01 4.54317413e+02
    4.50437897e+02 7.32184470e-01 4.57278229e+02 4.62281250e+02
    6.79607749e-01 4.61719482e+02 4.77825623e+02 8.04241776e-01
    4.75783447e+02 4.86708130e+02 5.58586240e-01 4.37292603e+02
    4.51178101e+02 6.80574596e-01 4.37292603e+02 4.65242065e+02
    8.55818033e-01 4.38032806e+02 4.75604980e+02 7.85014868e-01
    4.41733856e+02 4.85967926e+02 7.71520138e-01</data></hand_right_0>
</opencv_storage>
