<?xml version="1.0"?>
<opencv_storage>
<pose_0 type_id="opencv-nd-matrix">
  <sizes>
    1 18 3</sizes>
  <dt>f</dt>
  <data>
    4.98931976e+02 1.62380463e+02 7.14309514e-01 4.73471008e+02
    9.97956924e+01 8.21450710e-01 3.69766388e+02 9.78128967e+01
    6.35076165e-01 4.12755554e+02 2.89538910e+02 7.94190586e-01
    4.59690399e+02 4.10891754e+02 8.73825133e-01 5.71349731e+02
    1.05678940e+02 6.64020121e-01 5.26307312e+02 3.01289429e+02
    7.46116161e-01 4.96948212e+02 4.14777374e+02 6.57908201e-01
    3.75670746e+02 2.91540070e+02 3.94486964e-01 3.22796448e+02
    4.30465881e+02 4.40042913e-01 2.79787933e+02 4.77448761e+02
    1.18403569e-01 4.89093567e+02 3.05206238e+02 4.38039362e-01
    5.49759766e+02 4.55858643e+02 1.27938569e-01 0. 0. 0. 4.91156372e+02
    1.46784393e+02 7.48885393e-01 5.12618591e+02 1.46746384e+02
    2.90461183e-01 4.30414490e+02 8.61172333e+01 3.53340387e-01
    5.38181519e+02 9.58679428e+01 1.00844644e-01</data></pose_0>
</opencv_storage>
