<?xml version="1.0"?>
<opencv_storage>
<hand_left_0 type_id="opencv-nd-matrix">
  <sizes>
    1 21 3</sizes>
  <dt>f</dt>
  <data>
    4.60036011e+02 3.85476227e+02 5.25198579e-01 4.48012360e+02
    3.96867035e+02 6.05992079e-01 4.38520020e+02 4.12687622e+02
    5.44792652e-01 4.26496368e+02 4.24078430e+02 6.68213427e-01
    4.15105560e+02 4.31672333e+02 7.26550043e-01 4.51176483e+02
    4.08890686e+02 4.82586235e-01 4.42949768e+02 4.20281494e+02
    6.01662278e-01 4.42949768e+02 4.32937958e+02 7.51324058e-01
    4.43582611e+02 4.46227264e+02 6.70184672e-01 4.66997070e+02
    4.06992218e+02 6.04195774e-01 4.60036011e+02 4.21547150e+02
    5.28273106e-01 4.63200134e+02 4.39266205e+02 6.77922308e-01
    4.56871887e+02 4.54453949e+02 6.78222477e-01 4.83450470e+02
    4.05726563e+02 6.48971736e-01 4.92309998e+02 4.20914337e+02
    6.93611026e-01 4.85348938e+02 4.36102081e+02 4.68379200e-01
    5.03067993e+02 4.45594421e+02 6.43123388e-01 4.98005402e+02
    4.00663971e+02 6.87728822e-01 5.05599304e+02 4.09523499e+02
    5.98397076e-01 5.11927521e+02 4.13953278e+02 7.12146401e-01
    5.13825989e+02 4.15851746e+02 6.12631917e-01</data></hand_left_0>
</opencv_storage>
