<?xml version="1.0"?>
<opencv_storage>
<hand_right_0 type_id="opencv-nd-matrix">
  <sizes>
    1 21 3</sizes>
  <dt>f</dt>
  <data>
    4.57489288e+02 4.17342285e+02 5.94451129e-01 4.75544312e+02
    4.23119873e+02 7.00981438e-01 4.95043762e+02 4.28897491e+02
    6.83855891e-01 5.05154572e+02 4.36119507e+02 7.58074284e-01
    5.16709778e+02 4.43341522e+02 8.05260122e-01 4.83488525e+02
    4.38286102e+02 6.76244378e-01 4.93599335e+02 4.52007935e+02
    7.62243867e-01 5.02987946e+02 4.66451935e+02 8.13956201e-01
    5.07321167e+02 4.76562775e+02 8.42849851e-01 4.69766724e+02
    4.41174927e+02 7.54588842e-01 4.76988739e+02 4.56341125e+02
    7.48705387e-01 4.87099548e+02 4.69340759e+02 7.76588798e-01
    4.95765961e+02 4.81618164e+02 8.70686829e-01 4.53156097e+02
    4.45508118e+02 6.95888221e-01 4.58211487e+02 4.57063324e+02
    6.85220838e-01 4.63266907e+02 4.72951752e+02 7.94489205e-01
    4.66155701e+02 4.85229187e+02 6.37433350e-01 4.40156464e+02
    4.46952515e+02 6.76738918e-01 4.36545471e+02 4.59952148e+02
    8.01566541e-01 4.38712067e+02 4.70062958e+02 7.83766747e-01
    4.40878662e+02 4.80895966e+02 8.39622080e-01</data></hand_right_0>
</opencv_storage>
