<?xml version="1.0"?>
<opencv_storage>
<hand_left_0 type_id="opencv-nd-matrix">
  <sizes>
    1 21 3</sizes>
  <dt>f</dt>
  <data>
    4.60923279e+02 4.23288910e+02 5.53362191e-01 4.49412964e+02
    4.34799225e+02 5.98663330e-01 4.39181580e+02 4.50146301e+02
    5.56271315e-01 4.25752869e+02 4.60377686e+02 7.15003848e-01
    4.14242554e+02 4.67411774e+02 7.47601688e-01 4.50691895e+02
    4.53983063e+02 4.17443156e-01 4.41739410e+02 4.62935516e+02
    6.03497446e-01 4.40460510e+02 4.75724762e+02 8.82054865e-01
    4.39181580e+02 4.85316681e+02 6.90473914e-01 4.67317902e+02
    4.50785767e+02 6.66793525e-01 4.60923279e+02 4.68051208e+02
    5.31902671e-01 4.60923279e+02 4.82119385e+02 6.97765768e-01
    4.54528656e+02 4.96826996e+02 6.37324989e-01 4.85862274e+02
    4.48227905e+02 6.21368289e-01 4.94175293e+02 4.66132843e+02
    6.72906160e-01 5.01209351e+02 4.80840454e+02 5.65774977e-01
    5.05046143e+02 4.91711304e+02 7.35314071e-01 5.01209351e+02
    4.43112213e+02 7.47056067e-01 5.09522369e+02 4.57180359e+02
    6.72424436e-01 5.14638062e+02 4.61656616e+02 6.35492384e-01
    5.17835388e+02 4.65493378e+02 4.72698629e-01</data></hand_left_0>
</opencv_storage>
