<?xml version="1.0"?>
<opencv_storage>
<hand_left_0 type_id="opencv-nd-matrix">
  <sizes>
    1 21 3</sizes>
  <dt>f</dt>
  <data>
    4.62050232e+02 4.06666412e+02 5.65380216e-01 4.48020172e+02
    4.19293488e+02 6.55305505e-01 4.38900635e+02 4.38935577e+02
    5.57325065e-01 4.37497620e+02 4.52264130e+02 6.06760621e-01
    4.14348022e+02 4.48055115e+02 5.05237341e-01 4.55736725e+02
    4.35428040e+02 6.76814854e-01 4.59244232e+02 4.53667145e+02
    5.77982247e-01 4.61348724e+02 4.62085175e+02 4.07490134e-01
    4.46617157e+02 4.70503204e+02 4.19113457e-01 4.71169769e+02
    4.30517517e+02 7.32454598e-01 4.79587830e+02 4.48756622e+02
    6.74958885e-01 4.83796844e+02 4.59980652e+02 5.43395102e-01
    4.69766785e+02 4.73309235e+02 4.19491261e-01 4.85199829e+02
    4.25606995e+02 7.17954516e-01 4.94319366e+02 4.42443085e+02
    6.88111961e-01 5.01334412e+02 4.54368622e+02 7.08574235e-01
    5.05543427e+02 4.66294189e+02 7.17520475e-01 4.99931396e+02
    4.19994995e+02 7.86924958e-01 5.07647949e+02 4.25606995e+02
    8.00766349e-01 5.13961487e+02 4.31219025e+02 8.61764729e-01
    5.18170471e+02 4.37532562e+02 7.74078548e-01</data></hand_left_0>
</opencv_storage>
