<?xml version="1.0"?>
<opencv_storage>
<pose_0 type_id="opencv-nd-matrix">
  <sizes>
    1 18 3</sizes>
  <dt>f</dt>
  <data>
    4.61723297e+02 1.15443298e+02 7.70035505e-01 4.61738403e+02
    7.04480209e+01 7.75789320e-01 3.63888306e+02 7.04153137e+01
    6.90086246e-01 4.10853760e+02 2.56342468e+02 7.59700418e-01
    4.59666595e+02 3.83453003e+02 8.51819932e-01 5.67400024e+02
    8.40475082e+01 6.77007079e-01 5.26338806e+02 2.71904724e+02
    7.71094739e-01 4.95011871e+02 3.91288208e+02 5.73845267e-01
    3.81459198e+02 2.91548523e+02 4.18491244e-01 3.24799530e+02
    4.30409546e+02 4.24587995e-01 2.93465912e+02 4.83268494e+02
    7.43422583e-02 4.91133240e+02 3.07156464e+02 4.18819487e-01
    5.22416138e+02 3.95225433e+02 6.53810576e-02 0. 0. 0. 4.44174805e+02
    9.39262543e+01 6.37105227e-01 4.79365082e+02 9.19699097e+01
    6.71340346e-01 4.08862579e+02 3.72027054e+01 5.79985857e-01
    5.18442017e+02 2.14560871e+01 4.06787217e-01</data></pose_0>
</opencv_storage>
