<?xml version="1.0"?>
<opencv_storage>
<pose_0 type_id="opencv-nd-matrix">
  <sizes>
    1 18 3</sizes>
  <dt>f</dt>
  <data>
    4.85207428e+02 1.70216522e+02 6.71527743e-01 4.63716522e+02
    9.00270157e+01 7.87821114e-01 3.67844452e+02 8.41624680e+01
    6.60462976e-01 4.12870239e+02 2.85623383e+02 7.95818567e-01
    4.57824768e+02 4.10804108e+02 8.68506968e-01 5.59561218e+02
    9.78240280e+01 6.46434605e-01 5.22388550e+02 2.89662323e+02
    8.24072123e-01 4.91054077e+02 4.28409912e+02 5.97115934e-01
    3.75638275e+02 2.81749542e+02 3.79993796e-01 3.22886810e+02
    4.30438477e+02 4.68430340e-01 0. 0. 0. 4.81298065e+02 3.03271301e+02
    4.32674736e-01 5.39952332e+02 4.49982086e+02 1.55761927e-01 0. 0. 0.
    4.75397125e+02 1.58447723e+02 7.63078094e-01 4.95001038e+02
    1.60397308e+02 4.17729616e-01 4.40226074e+02 1.17393600e+02
    1.76237330e-01 5.22373901e+02 9.38757935e+01 6.32288158e-02</data></pose_0>
</opencv_storage>
