<?xml version="1.0"?>
<opencv_storage>
<hand_right_0 type_id="opencv-nd-matrix">
  <sizes>
    1 21 3</sizes>
  <dt>f</dt>
  <data>
    4.55804413e+02 4.04799896e+02 5.91102779e-01 4.73227753e+02
    4.08981476e+02 6.36856258e-01 4.93438812e+02 4.15950806e+02
    6.73874378e-01 5.04589722e+02 4.22223206e+02 7.92616308e-01
    5.16437561e+02 4.30586395e+02 8.28117609e-01 4.82287872e+02
    4.24314026e+02 6.88588679e-01 4.93438812e+02 4.38949615e+02
    8.52491736e-01 5.00408142e+02 4.51494385e+02 8.43994915e-01
    5.05286652e+02 4.61251465e+02 9.29341376e-01 4.67652283e+02
    4.29889465e+02 7.17151701e-01 4.77409332e+02 4.43828125e+02
    6.70841157e-01 4.86469482e+02 4.55675995e+02 7.49274790e-01
    4.94832672e+02 4.68917725e+02 8.94857347e-01 4.53713623e+02
    4.33374146e+02 6.45215571e-01 4.55804413e+02 4.45221985e+02
    7.31697440e-01 4.60682953e+02 4.60554535e+02 8.32606196e-01
    4.64167633e+02 4.72402374e+02 7.24120855e-01 4.38381104e+02
    4.36858795e+02 6.73052788e-01 4.37684174e+02 4.48706665e+02
    8.08502555e-01 4.38381104e+02 4.58463715e+02 7.64406383e-01
    4.39774963e+02 4.67523865e+02 7.59853005e-01</data></hand_right_0>
</opencv_storage>
