<?xml version="1.0"?>
<opencv_storage>
<hand_left_0 type_id="opencv-nd-matrix">
  <sizes>
    1 21 3</sizes>
  <dt>f</dt>
  <data>
    4.58632416e+02 3.90421051e+02 5.52476823e-01 4.46582550e+02
    4.03179718e+02 6.43926442e-01 4.38076782e+02 4.18773651e+02
    5.95540047e-01 4.35241516e+02 4.35076385e+02 4.00752217e-01
    4.41620850e+02 4.52087952e+02 1.99335665e-01 4.49417816e+02
    4.20900085e+02 5.01296878e-01 4.41620850e+02 4.35785217e+02
    5.95147014e-01 4.40912048e+02 4.47126251e+02 6.22909307e-01
    4.45164917e+02 4.58467285e+02 7.60577917e-01 4.63594116e+02
    4.18064819e+02 6.67278826e-01 4.60758850e+02 4.35785217e+02
    5.13289154e-01 4.62885315e+02 4.50670319e+02 5.89419663e-01
    4.63594116e+02 4.62720184e+02 7.34942436e-01 4.80605682e+02
    4.13103119e+02 6.57329977e-01 4.90529083e+02 4.30114685e+02
    6.03286326e-01 4.96199615e+02 4.44290985e+02 5.48844993e-01
    4.86985016e+02 4.59176086e+02 5.62788069e-01 4.97617218e+02
    4.06014984e+02 7.62789786e-01 5.08249451e+02 4.13811951e+02
    6.89403415e-01 5.14628784e+02 4.20191284e+02 7.57129788e-01
    5.19590515e+02 4.27988251e+02 6.53642714e-01</data></hand_left_0>
</opencv_storage>
