<?xml version="1.0"?>
<opencv_storage>
<pose_0 type_id="opencv-nd-matrix">
  <sizes>
    1 18 3</sizes>
  <dt>f</dt>
  <data>
    4.93095581e+02 1.13471214e+02 8.04618776e-01 4.63724243e+02
    7.24060745e+01 7.39201188e-01 3.65918488e+02 7.04551697e+01
    6.71126664e-01 4.12752777e+02 2.56321198e+02 7.59606838e-01
    4.57841278e+02 3.83568146e+02 8.40046346e-01 5.71264404e+02
    8.41975327e+01 6.67864919e-01 5.26281616e+02 2.73870880e+02
    7.67932475e-01 4.95050354e+02 3.91312134e+02 5.81393719e-01
    3.81451752e+02 2.91531555e+02 4.27381575e-01 3.28664917e+02
    4.30429626e+02 4.44478780e-01 2.71944702e+02 4.89120331e+02
    6.53091446e-02 4.91093079e+02 3.07183746e+02 3.99689794e-01
    5.22389160e+02 3.93287048e+02 5.74844405e-02 0. 0. 0. 4.79311096e+02
    8.99898987e+01 7.21059203e-01 5.10615387e+02 9.00213699e+01
    6.92445278e-01 4.34334839e+02 5.08890877e+01 3.66999269e-01
    5.39958435e+02 5.28377647e+01 8.65692347e-02</data></pose_0>
</opencv_storage>
