<?xml version="1.0"?>
<opencv_storage>
<hand_left_0 type_id="opencv-nd-matrix">
  <sizes>
    1 21 3</sizes>
  <dt>f</dt>
  <data>
    4.59419434e+02 3.85549652e+02 5.26635170e-01 4.48046844e+02
    3.96922211e+02 6.10628963e-01 4.38569733e+02 4.11453827e+02
    5.53278625e-01 4.26565338e+02 4.24089996e+02 6.93979323e-01
    4.15192780e+02 4.31671692e+02 7.50131488e-01 4.49310486e+02
    4.07662964e+02 4.58348960e-01 4.42992371e+02 4.20930939e+02
    6.18355215e-01 4.43624207e+02 4.34198944e+02 7.56133020e-01
    4.44256012e+02 4.45571503e+02 6.68892324e-01 4.66369324e+02
    4.06399353e+02 5.79909682e-01 4.60683044e+02 4.23458191e+02
    5.07771969e-01 4.63842072e+02 4.39885223e+02 6.97782040e-01
    4.57523987e+02 4.54416840e+02 6.57970309e-01 4.83428162e+02
    4.05135712e+02 6.13986492e-01 4.92273499e+02 4.21562744e+02
    7.21800685e-01 4.98591583e+02 4.34198944e+02 5.03200293e-01
    5.03014252e+02 4.45571503e+02 6.88324511e-01 4.97327972e+02
    4.00081238e+02 6.84807301e-01 5.05541473e+02 4.09558380e+02
    5.83508313e-01 5.11859558e+02 4.14612854e+02 7.03228176e-01
    5.13755005e+02 4.15876465e+02 5.93317866e-01</data></hand_left_0>
</opencv_storage>
