<?xml version="1.0"?>
<opencv_storage>
<hand_left_0 type_id="opencv-nd-matrix">
  <sizes>
    1 21 3</sizes>
  <dt>f</dt>
  <data>
    4.59640289e+02 3.86742920e+02 5.65291703e-01 4.49408234e+02
    4.00172455e+02 6.14624441e-01 4.39815704e+02 4.16799530e+02
    5.84602118e-01 4.27025635e+02 4.27671082e+02 7.17443645e-01
    4.14875092e+02 4.37263611e+02 8.53724837e-01 4.53884766e+02
    4.16160034e+02 5.65488756e-01 4.44292206e+02 4.27031586e+02
    5.96633077e-01 4.43652710e+02 4.39821625e+02 7.68166840e-01
    4.44931732e+02 4.52611694e+02 7.18021393e-01 4.69232819e+02
    4.12962524e+02 6.94399834e-01 4.60919281e+02 4.28310577e+02
    5.45272171e-01 4.64116791e+02 4.43019135e+02 7.10750043e-01
    4.58361267e+02 4.59006714e+02 6.52811229e-01 4.85220398e+02
    4.11044006e+02 6.32451653e-01 4.94173431e+02 4.27031586e+02
    6.36249959e-01 5.00568451e+02 4.39821625e+02 4.94843632e-01
    5.05684479e+02 4.50693176e+02 6.20827913e-01 4.99928955e+02
    4.05927979e+02 7.10762441e-01 5.06963470e+02 4.14881042e+02
    6.34364128e-01 5.12718994e+02 4.19997040e+02 6.76606536e-01
    5.16556030e+02 4.22555054e+02 5.88531256e-01</data></hand_left_0>
</opencv_storage>
