<?xml version="1.0"?>
<opencv_storage>
<hand_left_0 type_id="opencv-nd-matrix">
  <sizes>
    1 21 3</sizes>
  <dt>f</dt>
  <data>
    4.58563568e+02 3.99224243e+02 5.94178915e-01 4.45131989e+02
    4.12655823e+02 6.68281078e-01 4.35235016e+02 4.31035889e+02
    5.37186384e-01 4.24631134e+02 4.39518982e+02 3.74724030e-01
    4.13320343e+02 4.44467468e+02 7.43579924e-01 4.46545837e+02
    4.29622040e+02 4.99030411e-01 4.38062714e+02 4.38812042e+02
    6.04143679e-01 4.38769653e+02 4.52243652e+02 7.69238889e-01
    4.40890411e+02 4.64261383e+02 7.46406794e-01 4.63512054e+02
    4.27501251e+02 6.69938266e-01 4.58563568e+02 4.43760529e+02
    5.06540835e-01 4.58563568e+02 4.55778259e+02 7.01037467e-01
    4.62805115e+02 4.69916779e+02 7.50717044e-01 4.80478241e+02
    4.23966614e+02 6.29679203e-01 4.87547516e+02 4.43053619e+02
    6.96240962e-01 4.93909851e+02 4.55778259e+02 6.02818429e-01
    5.00272156e+02 4.67089081e+02 5.85332811e-01 4.96030609e+02
    4.19018127e+02 7.14426935e-01 5.04513733e+02 4.31742798e+02
    6.72725379e-01 5.09462189e+02 4.36691284e+02 7.23921001e-01
    5.09462189e+02 4.40225922e+02 5.78689277e-01</data></hand_left_0>
</opencv_storage>
