<?xml version="1.0"?>
<opencv_storage>
<pose_0 type_id="opencv-nd-matrix">
  <sizes>
    1 18 3</sizes>
  <dt>f</dt>
  <data>
    5.02849731e+02 9.97328644e+01 8.06683958e-01 4.61742310e+02
    7.03860397e+01 7.24094570e-01 3.65843658e+02 6.85283203e+01
    6.73506498e-01 4.12876282e+02 2.56303894e+02 7.18577504e-01
    4.59696411e+02 3.81537262e+02 8.50677729e-01 5.69305237e+02
    7.82439651e+01 6.74847424e-01 5.24395813e+02 2.68072632e+02
    7.71472096e-01 4.96964905e+02 3.89326355e+02 5.56551933e-01
    3.79591217e+02 2.91548859e+02 4.21931148e-01 3.24768372e+02
    4.30455139e+02 4.20315057e-01 2.79790710e+02 4.81339294e+02
    9.08797160e-02 4.91063690e+02 3.05250763e+02 4.13566291e-01
    5.22435608e+02 3.89380096e+02 6.19568527e-02 0. 0. 0. 4.81323059e+02
    8.02355728e+01 7.40401804e-01 5.20387024e+02 7.04989777e+01
    7.32985497e-01 4.26495941e+02 3.52072029e+01 6.29977584e-01 0. 0. 0.</data></pose_0>
</opencv_storage>
