<?xml version="1.0"?>
<opencv_storage>
<hand_left_0 type_id="opencv-nd-matrix">
  <sizes>
    1 21 3</sizes>
  <dt>f</dt>
  <data>
    4.61746033e+02 4.24027771e+02 5.68372607e-01 4.47332489e+02
    4.36279297e+02 6.44350588e-01 4.35801636e+02 4.53575562e+02
    5.99662662e-01 4.24270813e+02 4.59340973e+02 5.55826485e-01
    4.12739960e+02 4.63665039e+02 7.99021780e-01 4.48773834e+02
    4.52854858e+02 5.03955066e-01 4.40125702e+02 4.64385712e+02
    5.87723911e-01 4.40125702e+02 4.76637238e+02 7.94549704e-01
    4.43729095e+02 4.88168091e+02 7.88342655e-01 4.63908081e+02
    4.50692841e+02 6.54484630e-01 4.58863342e+02 4.67989105e+02
    5.19031465e-01 4.61746033e+02 4.80961304e+02 5.96275926e-01
    4.63187408e+02 4.93212830e+02 8.25224519e-01 4.80483673e+02
    4.46368774e+02 6.48368835e-01 4.89852478e+02 4.62944366e+02
    6.19125605e-01 4.96338562e+02 4.76637238e+02 6.16639793e-01
    5.03545349e+02 4.88888763e+02 5.80097735e-01 4.96338562e+02
    4.37720642e+02 6.38753772e-01 5.04266022e+02 4.42044708e+02
    8.53132248e-01 5.11472809e+02 4.49251495e+02 8.30305576e-01
    5.18679565e+02 4.57899628e+02 7.67760754e-01</data></hand_left_0>
</opencv_storage>
