<?xml version="1.0"?>
<opencv_storage>
<hand_left_0 type_id="opencv-nd-matrix">
  <sizes>
    1 21 3</sizes>
  <dt>f</dt>
  <data>
    4.56986267e+02 3.95598694e+02 5.36578834e-01 4.44469879e+02
    4.08851349e+02 6.23836875e-01 4.34162262e+02 4.27994049e+02
    4.64315891e-01 4.23118408e+02 4.36829163e+02 5.01295447e-01
    4.15755829e+02 4.40510437e+02 5.62314749e-01 4.49623688e+02
    4.25049011e+02 5.40295303e-01 4.40788605e+02 4.37565399e+02
    6.29073620e-01 4.42261108e+02 4.50818054e+02 7.29197979e-01
    4.45206146e+02 4.61125671e+02 8.15675557e-01 4.65821381e+02
    4.20631470e+02 6.26388729e-01 4.59931305e+02 4.38301666e+02
    5.29092729e-01 4.62876343e+02 4.53026825e+02 6.38734221e-01
    4.62140076e+02 4.66279480e+02 7.15885639e-01 4.80546539e+02
    4.15477661e+02 6.14067018e-01 4.91590393e+02 4.31675354e+02
    5.46037614e-01 4.88645386e+02 4.47873016e+02 5.29271305e-01
    4.95271698e+02 4.58916901e+02 5.79924524e-01 4.96744202e+02
    4.07378815e+02 6.99524999e-01 5.04843048e+02 4.12532623e+02
    7.01074779e-01 5.10733124e+02 4.16950165e+02 7.48518050e-01
    5.15886902e+02 4.21367737e+02 6.67812645e-01</data></hand_left_0>
</opencv_storage>
