<?xml version="1.0"?>
<opencv_storage>
<hand_left_0 type_id="opencv-nd-matrix">
  <sizes>
    1 21 3</sizes>
  <dt>f</dt>
  <data>
    4.58888092e+02 3.96184296e+02 4.88444388e-01 4.45296417e+02
    4.08345276e+02 5.99545598e-01 4.36712219e+02 4.26229034e+02
    4.58849579e-01 4.36712219e+02 4.39820709e+02 3.37996185e-01
    4.15251678e+02 4.34813263e+02 3.62659842e-01 4.48873199e+02
    4.20506226e+02 5.02677083e-01 4.42435028e+02 4.34097900e+02
    6.05405271e-01 4.42435028e+02 4.46974213e+02 6.55625463e-01
    4.45296417e+02 4.57704498e+02 7.33537197e-01 4.65326263e+02
    4.16214142e+02 6.00413263e-01 4.60318787e+02 4.31951843e+02
    4.89680707e-01 4.61034149e+02 4.46974213e+02 5.75076342e-01
    4.60318787e+02 4.59850525e+02 7.41322160e-01 4.82494690e+02
    4.11206665e+02 6.10765040e-01 4.93940308e+02 4.28375092e+02
    5.09658933e-01 4.98947754e+02 4.38390015e+02 4.79806125e-01
    5.06101257e+02 4.47689575e+02 5.32709956e-01 4.97517059e+02
    4.02622467e+02 6.64698124e-01 5.06101257e+02 4.06914581e+02
    7.92282462e-01 5.11824066e+02 4.11922028e+02 8.06569636e-01
    5.16831543e+02 4.17644836e+02 7.32140779e-01</data></hand_left_0>
</opencv_storage>
