<?xml version="1.0"?>
<opencv_storage>
<hand_right_0 type_id="opencv-nd-matrix">
  <sizes>
    1 21 3</sizes>
  <dt>f</dt>
  <data>
    4.62456329e+02 4.25968414e+02 6.65702581e-01 4.79078125e+02
    4.32124634e+02 6.78325534e-01 4.99393677e+02 4.41358978e+02
    7.67060637e-01 5.08628021e+02 4.55518311e+02 7.31360316e-01
    5.17862366e+02 4.64137024e+02 8.14960361e-01 4.88312469e+02
    4.49977692e+02 7.60695934e-01 4.96931183e+02 4.66599487e+02
    7.88037479e-01 5.01856171e+02 4.80143188e+02 8.23396802e-01
    5.03703033e+02 4.91224396e+02 8.85435998e-01 4.73537537e+02
    4.52440186e+02 7.44982719e-01 4.81540619e+02 4.70293243e+02
    6.83993518e-01 4.85849976e+02 4.83836945e+02 5.85108817e-01
    4.88312469e+02 4.92455658e+02 5.18568575e-01 4.58146973e+02
    4.55518311e+02 7.74674416e-01 4.59378235e+02 4.69677612e+02
    5.46875775e-01 4.61225098e+02 4.82605682e+02 5.63475668e-01
    4.57531342e+02 4.95533752e+02 6.13269687e-01 4.43372040e+02
    4.54902679e+02 6.93429887e-01 4.40293915e+02 4.65368256e+02
    7.60379255e-01 4.39062683e+02 4.75218201e+02 7.78891504e-01
    4.38447052e+02 4.84452545e+02 8.58836770e-01</data></hand_right_0>
</opencv_storage>
