<?xml version="1.0"?>
<opencv_storage>
<hand_right_0 type_id="opencv-nd-matrix">
  <sizes>
    1 21 3</sizes>
  <dt>f</dt>
  <data>
    4.61788300e+02 4.30791809e+02 5.93374372e-01 4.80154388e+02
    4.37308838e+02 6.13460302e-01 5.00890320e+02 4.45010742e+02
    6.88343883e-01 5.11554504e+02 4.55082458e+02 7.57817447e-01
    5.21626221e+02 4.63969299e+02 8.35896015e-01 4.90226135e+02
    4.47380554e+02 6.27334714e-01 4.99705414e+02 4.63376831e+02
    7.06158161e-01 5.07407318e+02 4.75818390e+02 7.21852779e-01
    5.09777130e+02 4.86482574e+02 7.55497396e-01 4.75414764e+02
    4.49750366e+02 7.61771917e-01 4.85486481e+02 4.64561737e+02
    6.24626100e-01 4.93780853e+02 4.78188202e+02 5.93620598e-01
    4.99705414e+02 4.88259949e+02 6.67010605e-01 4.61195831e+02
    4.53897552e+02 7.11522579e-01 4.66527924e+02 4.66339111e+02
    4.40190643e-01 4.69490204e+02 4.75818390e+02 5.58334529e-01
    4.70082672e+02 4.83520294e+02 5.23359418e-01 4.46976929e+02
    4.58637207e+02 6.39268994e-01 4.51124115e+02 4.71671204e+02
    7.13949919e-01 4.51124115e+02 4.79965576e+02 6.76684499e-01
    4.51124115e+02 4.87667480e+02 7.30298758e-01</data></hand_right_0>
</opencv_storage>
