<?xml version="1.0"?>
<opencv_storage>
<hand_right_0 type_id="opencv-nd-matrix">
  <sizes>
    1 21 3</sizes>
  <dt>f</dt>
  <data>
    4.55630493e+02 4.04965790e+02 5.86565137e-01 4.73255402e+02
    4.07785797e+02 6.74142480e-01 4.92995300e+02 4.13425751e+02
    6.40022039e-01 5.04275238e+02 4.22590729e+02 8.52381468e-01
    5.16260193e+02 4.28230682e+02 8.74105573e-01 4.82420349e+02
    4.23295715e+02 7.09534049e-01 4.93700287e+02 4.38805634e+02
    8.28561068e-01 5.01455261e+02 4.51495575e+02 8.70465159e-01
    5.05685242e+02 4.62070526e+02 9.12547469e-01 4.67615417e+02
    4.28935669e+02 7.54416108e-01 4.77485382e+02 4.43740601e+02
    7.34549344e-01 4.87355316e+02 4.56430542e+02 7.67914832e-01
    4.95815277e+02 4.68415497e+02 9.12786245e-01 4.53515503e+02
    4.33870667e+02 7.08929300e-01 4.56335480e+02 4.45150604e+02
    7.19458103e-01 4.60565460e+02 4.60660522e+02 8.29708099e-01
    4.65500427e+02 4.72645477e+02 7.85178542e-01 4.37300568e+02
    4.35280640e+02 6.66644752e-01 4.37300568e+02 4.50085571e+02
    8.44028890e-01 4.39415558e+02 4.60660522e+02 7.03155220e-01
    4.42940552e+02 4.69120483e+02 7.36547470e-01</data></hand_right_0>
</opencv_storage>
