<?xml version="1.0"?>
<opencv_storage>
<pose_0 type_id="opencv-nd-matrix">
  <sizes>
    1 18 3</sizes>
  <dt>f</dt>
  <data>
    4.75452118e+02 1.15527618e+02 9.10019755e-01 4.55845551e+02
    7.23919754e+01 7.55292714e-01 3.65866455e+02 7.23675461e+01
    7.21309781e-01 4.12900848e+02 2.42624130e+02 8.36349130e-01
    4.59716705e+02 3.81518494e+02 8.20759475e-01 5.53609192e+02
    8.40688019e+01 7.18190312e-01 5.12576660e+02 2.58194336e+02
    8.06031704e-01 4.91110870e+02 3.93279419e+02 5.09598017e-01
    3.79532227e+02 2.75854248e+02 4.37659562e-01 3.32582581e+02
    4.28522064e+02 5.99825144e-01 3.03221039e+02 4.87166687e+02
    5.84209040e-02 4.75451385e+02 2.85618958e+02 4.82520998e-01
    5.38030945e+02 4.16737335e+02 1.47344261e-01 0. 0. 0. 4.59794861e+02
    9.58496933e+01 7.83016622e-01 4.93112701e+02 9.39109573e+01
    8.53947818e-01 4.06964813e+02 4.30419350e+01 7.93957531e-01
    5.24332703e+02 4.50011520e+01 1.95150957e-01</data></pose_0>
</opencv_storage>
