<?xml version="1.0"?>
<opencv_storage>
<hand_left_0 type_id="opencv-nd-matrix">
  <sizes>
    1 21 3</sizes>
  <dt>f</dt>
  <data>
    4.56977936e+02 3.89427521e+02 6.05357647e-01 4.44816681e+02
    4.03019531e+02 6.08144403e-01 4.39093750e+02 4.23049835e+02
    6.00611091e-01 4.38378357e+02 4.38072571e+02 5.57888627e-01
    4.41955200e+02 4.53095306e+02 4.82322812e-01 4.51255005e+02
    4.17326904e+02 5.86121678e-01 4.40524475e+02 4.30203522e+02
    4.71847236e-01 4.40524475e+02 4.43080170e+02 5.30133367e-01
    4.42670593e+02 4.53810699e+02 5.95085204e-01 4.67708466e+02
    4.13034698e+02 6.56975508e-01 4.74862152e+02 4.25911316e+02
    4.37205166e-01 4.61270172e+02 4.43795532e+02 4.77075815e-01
    4.58408691e+02 4.59533630e+02 6.40490472e-01 4.80585114e+02
    4.07311737e+02 6.89124346e-01 4.92746368e+02 4.23765198e+02
    5.99009931e-01 4.97038574e+02 4.33780365e+02 5.55764079e-01
    5.06338379e+02 4.43080170e+02 5.68208098e-01 4.96323212e+02
    3.99442688e+02 6.76733732e-01 5.04192261e+02 4.02304169e+02
    8.08948338e-01 5.10630585e+02 4.08027100e+02 8.13633800e-01
    5.14922791e+02 4.13034698e+02 7.62840390e-01</data></hand_left_0>
</opencv_storage>
