<?xml version="1.0"?>
<opencv_storage>
<pose_0 type_id="opencv-nd-matrix">
  <sizes>
    1 18 3</sizes>
  <dt>f</dt>
  <data>
    5.02814850e+02 9.97819519e+01 8.38432550e-01 4.63709106e+02
    7.03873062e+01 7.26228654e-01 3.67798889e+02 6.84586411e+01
    6.76610768e-01 4.14820618e+02 2.54340927e+02 7.42856324e-01
    4.59756958e+02 3.81591095e+02 8.37281227e-01 5.69349854e+02
    8.01802292e+01 6.71288788e-01 5.24431763e+02 2.71939087e+02
    7.71871209e-01 4.96939117e+02 3.89348602e+02 5.74358582e-01
    3.81509766e+02 2.93468933e+02 4.18145835e-01 3.26770752e+02
    4.28501221e+02 5.09807825e-01 2.13294556e+02 4.93012970e+02
    1.76660731e-01 4.91106812e+02 3.05219360e+02 3.99093121e-01
    5.22402771e+02 3.89374054e+02 6.22347146e-02 0. 0. 0. 4.85206390e+02
    7.82598419e+01 7.26678610e-01 5.20435181e+02 7.43577805e+01
    7.01380014e-01 4.24512238e+02 2.14720287e+01 6.86785281e-01 0. 0. 0.</data></pose_0>
</opencv_storage>
