<?xml version="1.0"?>
<opencv_storage>
<hand_right_0 type_id="opencv-nd-matrix">
  <sizes>
    1 21 3</sizes>
  <dt>f</dt>
  <data>
    4.55441162e+02 3.90519470e+02 5.41514337e-01 4.74010376e+02
    3.94645966e+02 6.54161930e-01 4.92579590e+02 3.99460205e+02
    6.61383808e-01 5.05646820e+02 4.07713196e+02 7.61361301e-01
    5.17338562e+02 4.15278412e+02 8.10058475e-01 4.82263367e+02
    4.09088684e+02 6.54289305e-01 4.93267334e+02 4.22843658e+02
    6.91028595e-01 5.02895813e+02 4.37286377e+02 8.25250328e-01
    5.08397797e+02 4.47602631e+02 9.20156419e-01 4.68508392e+02
    4.15278412e+02 7.14889348e-01 4.76761353e+02 4.28345642e+02
    6.61779404e-01 4.87765350e+02 4.42788361e+02 6.90413415e-01
    4.97393829e+02 4.54480103e+02 8.06991458e-01 4.53377899e+02
    4.20092682e+02 7.08893836e-01 4.58192139e+02 4.33159882e+02
    6.75903022e-01 4.61630890e+02 4.47602631e+02 7.55051255e-01
    4.67132874e+02 4.58606598e+02 7.35444963e-01 4.38247437e+02
    4.20780426e+02 6.72072828e-01 4.38247437e+02 4.35223145e+02
    7.77700663e-01 4.40310669e+02 4.46227112e+02 7.31000602e-01
    4.43061676e+02 4.57231110e+02 8.35075438e-01</data></hand_right_0>
</opencv_storage>
