<?xml version="1.0"?>
<opencv_storage>
<pose_0 type_id="opencv-nd-matrix">
  <sizes>
    1 18 3</sizes>
  <dt>f</dt>
  <data>
    4.44115326e+02 1.23289185e+02 7.78222024e-01 4.61792389e+02
    8.40895081e+01 8.29657555e-01 3.67801025e+02 8.40664139e+01
    7.28604078e-01 4.12890259e+02 2.69950439e+02 7.54707932e-01
    4.59736450e+02 3.95142120e+02 8.63711596e-01 5.69387573e+02
    8.80668488e+01 6.56859100e-01 5.36023682e+02 2.73969299e+02
    7.87995577e-01 4.96977081e+02 4.03020081e+02 5.77699184e-01
    3.81450653e+02 2.91528107e+02 4.24235284e-01 3.22874817e+02
    4.30470795e+02 4.31401730e-01 2.87611481e+02 4.81316193e+02
    7.55990744e-02 4.91094116e+02 3.09121338e+02 4.31494474e-01
    5.24325378e+02 4.01104889e+02 6.33899570e-02 0. 0. 0. 4.28482513e+02
    1.01671844e+02 6.98125601e-01 4.61808685e+02 1.03697899e+02
    6.67689621e-01 4.10767273e+02 6.84488602e+01 1.23603046e-01
    5.04802673e+02 6.45424271e+01 2.34122619e-01</data></pose_0>
</opencv_storage>
