<?xml version="1.0"?>
<opencv_storage>
<hand_left_0 type_id="opencv-nd-matrix">
  <sizes>
    1 21 3</sizes>
  <dt>f</dt>
  <data>
    4.58297760e+02 4.03019226e+02 4.66301799e-01 4.45925171e+02
    4.16847443e+02 6.06450319e-01 4.37191559e+02 4.36498047e+02
    3.99854034e-01 4.26274536e+02 4.45231659e+02 4.49115068e-01
    4.14629730e+02 4.46687256e+02 6.77948594e-01 4.45925171e+02
    4.29220062e+02 4.85586524e-01 4.40102753e+02 4.42320465e+02
    6.81926370e-01 4.42286163e+02 4.56148682e+02 7.66866326e-01
    4.43741760e+02 4.65610077e+02 7.95733869e-01 4.64120178e+02
    4.27764435e+02 6.64009571e-01 4.60481171e+02 4.43048248e+02
    5.75318038e-01 4.64847992e+02 4.57604279e+02 7.28724182e-01
    4.64847992e+02 4.69976868e+02 7.44078398e-01 4.81587402e+02
    4.22669830e+02 6.29259884e-01 4.93232208e+02 4.38681458e+02
    5.53457499e-01 4.99782410e+02 4.51781860e+02 6.23096168e-01
    5.06332611e+02 4.62698883e+02 5.82522750e-01 4.96143402e+02
    4.13208435e+02 6.75550818e-01 5.07060425e+02 4.19030853e+02
    7.17548013e-01 5.14338440e+02 4.26308838e+02 7.52765059e-01
    5.19433044e+02 4.33586853e+02 6.92003191e-01</data></hand_left_0>
</opencv_storage>
