<?xml version="1.0"?>
<opencv_storage>
<hand_left_0 type_id="opencv-nd-matrix">
  <sizes>
    2 21 3</sizes>
  <dt>f</dt>
  <data>
    4.59021698e+02 4.07650024e+02 5.30528545e-01 4.47897491e+02
    4.22945831e+02 6.14701867e-01 4.38163788e+02 4.42413208e+02
    4.65622425e-01 4.33992188e+02 4.52842163e+02 3.87651294e-01
    4.17305878e+02 4.50756378e+02 5.87196946e-01 4.52069061e+02
    4.37546356e+02 4.98906016e-01 4.40249573e+02 4.49365845e+02
    5.63979328e-01 4.41640106e+02 4.61880585e+02 6.40619218e-01
    4.43725891e+02 4.72309540e+02 7.67871559e-01 4.65974335e+02
    4.33374786e+02 6.38835490e-01 4.59716949e+02 4.48670593e+02
    4.40402687e-01 4.63193268e+02 4.61880585e+02 5.61766744e-01
    4.65279083e+02 4.74395355e+02 6.27169013e-01 4.81965393e+02
    4.28507935e+02 6.45648777e-01 4.92394348e+02 4.45194275e+02
    6.02232575e-01 4.98651733e+02 4.57709015e+02 5.68032920e-01
    5.06299652e+02 4.68137970e+02 6.66538835e-01 4.97956482e+02
    4.21555298e+02 7.24385321e-01 5.05604370e+02 4.26422150e+02
    7.71219671e-01 5.13252258e+02 4.33374786e+02 8.19794595e-01
    5.18119141e+02 4.39632141e+02 7.59176254e-01 0. 0. 0. 0. 0. 0. 0. 0.
    0. 0. 0. 0. 0. 0. 0. 0. 0. 0. 0. 0. 0. 0. 0. 0. 0. 0. 0. 0. 0. 0. 0.
    0. 0. 0. 0. 0. 0. 0. 0. 0. 0. 0. 0. 0. 0. 0. 0. 0. 0. 0. 0. 0. 0. 0.
    0. 0. 0. 0. 0. 0. 0. 0. 0.</data></hand_left_0>
</opencv_storage>
