<?xml version="1.0"?>
<opencv_storage>
<hand_left_0 type_id="opencv-nd-matrix">
  <sizes>
    1 21 3</sizes>
  <dt>f</dt>
  <data>
    4.60413147e+02 3.91083954e+02 5.13292849e-01 4.47539459e+02
    4.03242432e+02 6.22546732e-01 4.36811371e+02 4.23268188e+02
    4.82042968e-01 4.25368073e+02 4.28274628e+02 3.50833178e-01
    4.17500824e+02 4.31850677e+02 4.84361142e-01 4.47539459e+02
    4.16831360e+02 5.43349922e-01 4.41817810e+02 4.29705048e+02
    6.73492789e-01 4.43963409e+02 4.44009155e+02 7.56817162e-01
    4.47539459e+02 4.54022034e+02 7.82361448e-01 4.63989197e+02
    4.12540131e+02 6.41584694e-01 4.60413147e+02 4.31135468e+02
    6.47382140e-01 4.64704376e+02 4.46154785e+02 6.22208476e-01
    4.65419586e+02 4.57598083e+02 7.39281178e-01 4.79723694e+02
    4.07533661e+02 5.98860085e-01 4.92597412e+02 4.25413818e+02
    4.90843862e-01 4.88306183e+02 4.41148346e+02 5.11053503e-01
    4.88306183e+02 4.53306854e+02 5.68882227e-01 4.94743042e+02
    3.99666412e+02 6.72537565e-01 5.04755920e+02 4.03242432e+02
    7.37717271e-01 5.10477570e+02 4.08964081e+02 7.95788109e-01
    5.16199219e+02 4.17546570e+02 7.44982481e-01</data></hand_left_0>
</opencv_storage>
