<?xml version="1.0"?>
<opencv_storage>
<pose_0 type_id="opencv-nd-matrix">
  <sizes>
    1 18 3</sizes>
  <dt>f</dt>
  <data>
    5.06721863e+02 9.19525757e+01 8.41347396e-01 4.65689545e+02
    7.04362793e+01 7.08056867e-01 3.67823151e+02 6.65398102e+01
    6.58760369e-01 4.12838409e+02 2.52359604e+02 7.39201784e-01
    4.59685242e+02 3.81505219e+02 8.51071298e-01 5.69355652e+02
    8.21519623e+01 6.92915380e-01 5.24384888e+02 2.71897522e+02
    7.78755546e-01 4.95010345e+02 3.87385559e+02 5.83712876e-01
    3.79587463e+02 2.97386139e+02 4.02246982e-01 3.22887634e+02
    4.30476868e+02 4.06513542e-01 2.87614166e+02 4.81313385e+02
    1.10338055e-01 4.91055328e+02 3.07168549e+02 3.88951570e-01
    5.22420959e+02 3.89383118e+02 6.18254468e-02 0. 0. 0. 4.87146515e+02
    7.04628677e+01 7.96994627e-01 5.22418396e+02 6.84569778e+01
    8.33852530e-01 4.28412018e+02 1.94743614e+01 7.40776598e-01 0. 0. 0.</data></pose_0>
</opencv_storage>
