<?xml version="1.0"?>
<opencv_storage>
<hand_right_0 type_id="opencv-nd-matrix">
  <sizes>
    1 21 3</sizes>
  <dt>f</dt>
  <data>
    4.59053802e+02 3.92482483e+02 6.04308367e-01 4.76811188e+02
    3.99585449e+02 7.39001870e-01 4.96699463e+02 4.08108978e+02
    6.55364871e-01 5.07353882e+02 4.18053131e+02 7.29763329e-01
    5.17298035e+02 4.28707550e+02 8.09819520e-01 4.85334717e+02
    4.19473724e+02 6.90963566e-01 4.93858276e+02 4.34389923e+02
    7.59919584e-01 4.99540649e+02 4.48595825e+02 8.35762620e-01
    5.04512695e+02 4.58539978e+02 8.98747981e-01 4.70418518e+02
    4.21604614e+02 7.67588258e-01 4.76811188e+02 4.36520813e+02
    6.98251903e-01 4.83203827e+02 4.50726715e+02 7.45076895e-01
    4.91017090e+02 4.64222351e+02 8.12391102e-01 4.54792023e+02
    4.24445770e+02 6.73186302e-01 4.58343506e+02 4.36520813e+02
    7.07467437e-01 4.61894958e+02 4.51437012e+02 7.95516133e-01
    4.65446442e+02 4.64932648e+02 7.62885332e-01 4.39875793e+02
    4.23735474e+02 6.48061991e-01 4.39165527e+02 4.38651703e+02
    8.05718899e-01 4.41296387e+02 4.50016418e+02 7.84736991e-01
    4.44137573e+02 4.60670868e+02 7.46911287e-01</data></hand_right_0>
</opencv_storage>
