<?xml version="1.0"?>
<opencv_storage>
<hand_right_0 type_id="opencv-nd-matrix">
  <sizes>
    1 21 3</sizes>
  <dt>f</dt>
  <data>
    4.62349884e+02 4.10739105e+02 6.77582085e-01 4.79169922e+02
    4.16561432e+02 7.49413669e-01 4.98577637e+02 4.26265289e+02
    7.88257539e-01 5.08281494e+02 4.37909912e+02 7.66125917e-01
    5.17338440e+02 4.47613770e+02 8.08282316e-01 4.86286072e+02
    4.32734528e+02 7.17017829e-01 4.94696075e+02 4.49554535e+02
    8.32057536e-01 4.99871460e+02 4.63786865e+02 8.34069073e-01
    5.04399933e+02 4.74784576e+02 9.17981386e-01 4.72053741e+02
    4.35969147e+02 7.96455503e-01 4.80463745e+02 4.56670715e+02
    5.74269474e-01 4.85639160e+02 4.68962250e+02 6.02094591e-01
    4.87579926e+02 4.78666107e+02 4.84709680e-01 4.57174500e+02
    4.37909912e+02 7.38223255e-01 4.60409119e+02 4.54083008e+02
    5.96313357e-01 4.62349884e+02 4.67021484e+02 7.10884213e-01
    4.60409119e+02 4.79959961e+02 6.98129952e-01 4.41648315e+02
    4.37263000e+02 6.64547026e-01 4.41648315e+02 4.50848389e+02
    7.81946361e-01 4.41001404e+02 4.61199158e+02 7.70484507e-01
    4.41648315e+02 4.71549957e+02 7.81085610e-01</data></hand_right_0>
</opencv_storage>
