<?xml version="1.0"?>
<opencv_storage>
<hand_left_0 type_id="opencv-nd-matrix">
  <sizes>
    1 21 3</sizes>
  <dt>f</dt>
  <data>
    4.59384705e+02 4.13498352e+02 5.91464281e-01 4.46613831e+02
    4.26269226e+02 6.60102963e-01 4.39518921e+02 4.44716064e+02
    5.70698798e-01 4.37390442e+02 4.57486938e+02 6.65360391e-01
    4.44485352e+02 4.73805267e+02 5.61788797e-01 4.55837250e+02
    4.43297089e+02 6.52985334e-01 4.58675232e+02 4.58905914e+02
    6.23418093e-01 4.62222687e+02 4.68129333e+02 5.97175837e-01
    4.63641663e+02 4.78062256e+02 6.15365446e-01 4.71446106e+02
    4.37621124e+02 7.59542525e-01 4.79250519e+02 4.54648956e+02
    7.70952046e-01 4.84216980e+02 4.67419830e+02 6.40102446e-01
    4.90602417e+02 4.78771729e+02 6.04959130e-01 4.85635956e+02
    4.33364166e+02 7.22155333e-01 4.93440399e+02 4.48973022e+02
    7.61191845e-01 5.01244812e+02 4.61034393e+02 7.29600966e-01
    5.05501770e+02 4.72386292e+02 7.38934994e-01 4.98406860e+02
    4.26269226e+02 7.86004424e-01 5.07630249e+02 4.32654663e+02
    7.79296339e-01 5.14015686e+02 4.37621124e+02 8.60378742e-01
    5.18982178e+02 4.44716064e+02 7.83480227e-01</data></hand_left_0>
</opencv_storage>
