<?xml version="1.0"?>
<opencv_storage>
<hand_right_0 type_id="opencv-nd-matrix">
  <sizes>
    1 21 3</sizes>
  <dt>f</dt>
  <data>
    4.61051666e+02 3.76930084e+02 6.46447718e-01 4.77866302e+02
    3.84043976e+02 7.25775421e-01 4.95327637e+02 3.94391418e+02
    7.11828828e-01 5.03734924e+02 4.07325745e+02 7.78463125e-01
    5.14729126e+02 4.14439636e+02 8.79622877e-01 4.84333466e+02
    4.04738892e+02 7.18358338e-01 4.94034180e+02 4.23493652e+02
    7.37933755e-01 4.99207916e+02 4.35134552e+02 7.66059637e-01
    5.01148071e+02 4.46128723e+02 9.07846510e-01 4.69458984e+02
    4.07972473e+02 7.48651922e-01 4.76572845e+02 4.24787079e+02
    6.43356025e-01 4.81746582e+02 4.36427979e+02 6.37591898e-01
    4.83040009e+02 4.47422150e+02 6.00553572e-01 4.56524658e+02
    4.09912628e+02 6.90618634e-01 4.55877960e+02 4.20260071e+02
    5.91014266e-01 4.57818085e+02 4.35781250e+02 6.36409521e-01
    4.53291077e+02 4.51302429e+02 6.10647500e-01 4.42296906e+02
    4.09265900e+02 6.79438829e-01 4.40356750e+02 4.17673218e+02
    7.41547525e-01 4.37123169e+02 4.28020660e+02 7.64319301e-01
    4.36476471e+02 4.39014832e+02 7.97563612e-01</data></hand_right_0>
</opencv_storage>
