<?xml version="1.0"?>
<opencv_storage>
<pose_0 type_id="opencv-nd-matrix">
  <sizes>
    1 18 3</sizes>
  <dt>f</dt>
  <data>
    4.36335449e+02 1.13413719e+02 8.27879310e-01 4.44091888e+02
    8.02223663e+01 7.33838022e-01 3.52175110e+02 8.40540695e+01
    7.63100386e-01 4.08875183e+02 2.42540482e+02 8.20138633e-01
    4.59721680e+02 3.79495697e+02 8.24318111e-01 5.36113586e+02
    8.60208359e+01 7.37787127e-01 5.08658691e+02 2.56319244e+02
    8.60965669e-01 4.91154358e+02 3.97175476e+02 6.04740500e-01
    3.75675537e+02 2.75895386e+02 4.46950048e-01 3.34521637e+02
    4.28498779e+02 6.15756452e-01 3.07172455e+02 4.81307434e+02
    9.92383733e-02 4.73469147e+02 2.83707855e+02 4.71199155e-01
    5.22376160e+02 3.99127563e+02 1.01603940e-01 0. 0. 0. 4.20621704e+02
    8.61610031e+01 7.63516307e-01 4.59826263e+02 8.80456543e+01
    8.42770398e-01 3.81497803e+02 2.93763752e+01 6.84356809e-01
    5.00863770e+02 4.10919151e+01 5.95774889e-01</data></pose_0>
</opencv_storage>
