<?xml version="1.0"?>
<opencv_storage>
<hand_left_0 type_id="opencv-nd-matrix">
  <sizes>
    1 21 3</sizes>
  <dt>f</dt>
  <data>
    4.61933380e+02 4.19281677e+02 5.65616608e-01 4.50272003e+02
    4.30943054e+02 6.59013927e-01 4.39906311e+02 4.47139465e+02
    5.91157198e-01 4.25653473e+02 4.56209412e+02 7.11078167e-01
    4.13992096e+02 4.62040131e+02 7.65232801e-01 4.54806976e+02
    4.49083008e+02 4.90388930e-01 4.41849884e+02 4.57505127e+02
    5.05575716e-01 4.41202026e+02 4.69814392e+02 7.73940504e-01
    4.41849884e+02 4.81475800e+02 7.20941782e-01 4.69059784e+02
    4.45843750e+02 6.79106712e-01 4.77481903e+02 4.63335846e+02
    3.78873110e-01 4.61933380e+02 4.76292938e+02 6.92716777e-01
    4.57398407e+02 4.91193604e+02 6.46098375e-01 4.84608337e+02
    4.41956604e+02 6.34223521e-01 4.94326172e+02 4.62040131e+02
    7.19680846e-01 4.99509003e+02 4.74997223e+02 5.90659022e-01
    5.04043976e+02 4.87306488e+02 7.24208593e-01 5.00804718e+02
    4.36773773e+02 7.40559518e-01 5.11818268e+02 4.53618011e+02
    6.05379343e-01 5.15705383e+02 4.56857269e+02 6.02347434e-01
    5.16353271e+02 4.60744415e+02 3.75144452e-01</data></hand_left_0>
</opencv_storage>
