<?xml version="1.0"?>
<opencv_storage>
<pose_0 type_id="opencv-nd-matrix">
  <sizes>
    1 18 3</sizes>
  <dt>f</dt>
  <data>
    4.46141174e+02 1.29057632e+02 7.77134359e-01 4.69555389e+02
    8.41376801e+01 7.92318940e-01 3.73721313e+02 8.21655502e+01
    7.09568381e-01 4.16756317e+02 2.71887939e+02 7.54090190e-01
    4.59775726e+02 3.95243622e+02 8.79663944e-01 5.73304138e+02
    9.78369827e+01 6.57047987e-01 5.36120789e+02 2.75864136e+02
    7.85072327e-01 4.93116760e+02 4.08894135e+02 5.72607160e-01
    3.81498627e+02 2.89559692e+02 4.40069795e-01 3.24773163e+02
    4.32403931e+02 3.74693781e-01 2.73930481e+02 4.87150909e+02
    1.10930167e-01 4.91071411e+02 3.05217987e+02 4.46755648e-01
    5.24361816e+02 4.06961853e+02 7.07076117e-02 0. 0. 0. 4.30404449e+02
    1.01747757e+02 7.05712557e-01 4.71489838e+02 1.03752937e+02
    6.91587508e-01 4.12662048e+02 7.24346695e+01 1.17730059e-01
    5.14574829e+02 5.28440437e+01 6.61061168e-01</data></pose_0>
</opencv_storage>
