<?xml version="1.0"?>
<opencv_storage>
<hand_right_0 type_id="opencv-nd-matrix">
  <sizes>
    1 21 3</sizes>
  <dt>f</dt>
  <data>
    4.55744446e+02 3.88369324e+02 5.71501076e-01 4.73170776e+02
    3.95742004e+02 7.35766172e-01 4.92607849e+02 4.03784943e+02
    6.71271026e-01 5.01991272e+02 4.15179077e+02 6.69032454e-01
    5.09363953e+02 4.25902985e+02 8.16014707e-01 4.80543457e+02
    4.12498108e+02 7.35362053e-01 4.87916168e+02 4.28583954e+02
    7.96538115e-01 4.95288849e+02 4.42659088e+02 7.50981092e-01
    4.99310303e+02 4.53382996e+02 8.88538599e-01 4.65798096e+02
    4.14508850e+02 7.50512421e-01 4.71160065e+02 4.27913727e+02
    6.42734885e-01 4.77862488e+02 4.43999573e+02 7.49287844e-01
    4.83224457e+02 4.56063965e+02 7.33994663e-01 4.50382477e+02
    4.17189819e+02 6.76266491e-01 4.54403961e+02 4.28583954e+02
    7.02508986e-01 4.59095673e+02 4.43999573e+02 7.70920813e-01
    4.61106384e+02 4.58744934e+02 7.32213736e-01 4.35637115e+02
    4.17189819e+02 6.84388518e-01 4.37647858e+02 4.29924438e+02
    8.05984259e-01 4.38988342e+02 4.39978119e+02 8.24597001e-01
    4.40328827e+02 4.50702026e+02 8.33432555e-01</data></hand_right_0>
</opencv_storage>
