<?xml version="1.0"?>
<opencv_storage>
<pose_0 type_id="opencv-nd-matrix">
  <sizes>
    1 18 3</sizes>
  <dt>f</dt>
  <data>
    4.95000763e+02 1.13399849e+02 7.82392144e-01 4.67616089e+02
    6.65389481e+01 7.35730052e-01 3.67870300e+02 6.64939117e+01
    6.57053232e-01 4.14853699e+02 2.48499725e+02 7.01241255e-01
    4.59785675e+02 3.83510681e+02 8.63685071e-01 5.71311035e+02
    7.82734985e+01 6.56555831e-01 5.24412720e+02 2.69971924e+02
    8.03342223e-01 4.93047150e+02 3.99115784e+02 5.16788781e-01
    3.81460388e+02 2.93495483e+02 3.99482280e-01 3.26728882e+02
    4.32390167e+02 3.85440767e-01 2.87587250e+02 4.81314911e+02
    9.80124027e-02 4.91029510e+02 3.07177307e+02 3.92600417e-01
    5.24283386e+02 3.95216431e+02 6.54862672e-02 0. 0. 0. 4.81339111e+02
    8.61606827e+01 7.04219937e-01 5.10732117e+02 8.80595551e+01
    6.50211394e-01 4.30472137e+02 3.91115875e+01 3.46058697e-01 0. 0. 0.</data></pose_0>
</opencv_storage>
