<?xml version="1.0"?>
<opencv_storage>
<pose_0 type_id="opencv-nd-matrix">
  <sizes>
    1 18 3</sizes>
  <dt>f</dt>
  <data>
    4.61738190e+02 1.27192436e+02 7.23070204e-01 4.61774139e+02
    7.43863525e+01 7.70016134e-01 3.63910248e+02 7.63261108e+01
    6.59513175e-01 4.08910583e+02 2.60210785e+02 7.25511730e-01
    4.59656158e+02 3.89316315e+02 8.19346070e-01 5.69330566e+02
    8.60315247e+01 6.89701617e-01 5.28279114e+02 2.73890991e+02
    7.58684754e-01 4.93112213e+02 3.97098206e+02 5.84829688e-01
    3.79514221e+02 2.89564667e+02 4.09452051e-01 3.24815216e+02
    4.30460052e+02 4.19451386e-01 2.77823547e+02 4.89123230e+02
    5.28166108e-02 4.91137512e+02 3.07162415e+02 3.93251330e-01
    5.24349915e+02 3.97176666e+02 6.71697482e-02 0. 0. 0. 4.46142059e+02
    1.03710770e+02 6.65920556e-01 4.79310516e+02 1.03748703e+02
    6.31997585e-01 4.12791138e+02 6.06360016e+01 3.54342043e-01
    5.20379639e+02 2.93528996e+01 3.68606657e-01</data></pose_0>
</opencv_storage>
