<?xml version="1.0"?>
<opencv_storage>
<hand_right_0 type_id="opencv-nd-matrix">
  <sizes>
    1 21 3</sizes>
  <dt>f</dt>
  <data>
    4.57448242e+02 4.13537628e+02 5.92573166e-01 4.74710602e+02
    4.18572479e+02 6.58318639e-01 4.94130768e+02 4.25045868e+02
    7.04609513e-01 5.04919739e+02 4.32957764e+02 7.55556345e-01
    5.14270203e+02 4.40150421e+02 7.42524743e-01 4.81903259e+02
    4.32957764e+02 6.52735472e-01 4.94130768e+02 4.48062347e+02
    8.23349476e-01 5.02042694e+02 4.61009125e+02 8.36467505e-01
    5.07077545e+02 4.71078827e+02 8.69064927e-01 4.66798706e+02
    4.36554108e+02 6.97583854e-01 4.77587677e+02 4.52377930e+02
    6.43620908e-01 4.87657379e+02 4.65324707e+02 7.06921160e-01
    4.97727112e+02 4.76832947e+02 8.91414165e-01 4.53132660e+02
    4.41588959e+02 6.54089332e-01 4.57448242e+02 4.53097198e+02
    6.86968148e-01 4.62483093e+02 4.68921051e+02 7.85679340e-01
    4.66798706e+02 4.81148560e+02 6.98603034e-01 4.38028076e+02
    4.43746765e+02 6.40052319e-01 4.36589569e+02 4.57412781e+02
    8.00382614e-01 4.38028076e+02 4.66763245e+02 7.24318683e-01
    4.41624420e+02 4.77552216e+02 7.75811255e-01</data></hand_right_0>
</opencv_storage>
