<?xml version="1.0"?>
<opencv_storage>
<pose_0 type_id="opencv-nd-matrix">
  <sizes>
    1 18 3</sizes>
  <dt>f</dt>
  <data>
    4.73449738e+02 1.77928558e+02 7.41789401e-01 4.75364624e+02
    1.03718712e+02 7.90712953e-01 3.67896545e+02 9.98483887e+01
    6.93171382e-01 4.12843689e+02 2.91582062e+02 7.18162239e-01
    4.59794525e+02 4.20637146e+02 8.25442553e-01 5.71373047e+02
    1.15440697e+02 6.86919391e-01 5.30216614e+02 3.05172363e+02
    7.60109663e-01 4.96964508e+02 4.28499603e+02 5.77884555e-01
    3.77631317e+02 2.91536041e+02 4.12943572e-01 3.22799103e+02
    4.42148987e+02 4.04341936e-01 2.71958435e+02 4.87189819e+02
    8.40957463e-02 4.85227081e+02 3.07152924e+02 4.43127364e-01
    5.41954529e+02 4.46108734e+02 1.52786955e-01 0. 0. 0. 4.61728210e+02
    1.58496307e+02 6.65482521e-01 4.91041016e+02 1.62331818e+02
    3.57413977e-01 4.24542480e+02 8.99799118e+01 4.38565493e-01
    5.24403442e+02 9.77994308e+01 3.21560621e-01</data></pose_0>
</opencv_storage>
