<?xml version="1.0"?>
<opencv_storage>
<pose_0 type_id="opencv-nd-matrix">
  <sizes>
    1 18 3</sizes>
  <dt>f</dt>
  <data>
    4.95014160e+02 1.36926529e+02 7.66411901e-01 4.63695740e+02
    8.61315994e+01 7.77242005e-01 3.65914337e+02 8.60236969e+01
    6.79490149e-01 4.10856628e+02 2.73916809e+02 7.43905067e-01
    4.59684998e+02 3.99192230e+02 8.72862041e-01 5.69366455e+02
    9.58680573e+01 6.62667096e-01 5.26308716e+02 2.89520264e+02
    7.36284554e-01 4.98917969e+02 4.01112396e+02 6.71394885e-01
    3.75637909e+02 3.01301392e+02 4.13534343e-01 3.24825012e+02
    4.30483490e+02 4.23706472e-01 2.81750885e+02 4.81296051e+02
    1.27534702e-01 4.91122437e+02 3.18886200e+02 3.93161774e-01
    5.43913818e+02 4.38262543e+02 6.62873909e-02 0. 0. 0. 4.85181580e+02
    1.17395782e+02 7.46205628e-01 5.10676544e+02 1.17392128e+02
    6.35354877e-01 4.32420898e+02 7.04272919e+01 3.99010539e-01
    5.37964233e+02 6.84635925e+01 6.40487224e-02</data></pose_0>
</opencv_storage>
