<?xml version="1.0"?>
<opencv_storage>
<pose_0 type_id="opencv-nd-matrix">
  <sizes>
    1 18 3</sizes>
  <dt>f</dt>
  <data>
    4.98925262e+02 1.50675827e+02 6.98753595e-01 4.73460449e+02
    9.59037704e+01 7.85944760e-01 3.67809692e+02 9.19861908e+01
    6.40829265e-01 4.06936188e+02 2.81757050e+02 6.81192636e-01
    4.57832062e+02 4.10814850e+02 8.55983734e-01 5.71372131e+02
    1.05693336e+02 6.52825475e-01 5.26353638e+02 3.03216187e+02
    7.55080998e-01 4.94973877e+02 4.14803680e+02 6.91222429e-01
    3.69776489e+02 2.93472473e+02 4.12202835e-01 3.20815125e+02
    4.34376190e+02 4.09898818e-01 2.09346283e+02 4.93076752e+02
    5.80276363e-02 4.85222870e+02 3.13032227e+02 4.11612839e-01
    5.45873718e+02 4.59777252e+02 1.40554950e-01 0. 0. 0. 4.91071625e+02
    1.33080429e+02 7.44740248e-01 5.16494812e+02 1.33081650e+02
    4.42459434e-01 4.28406586e+02 7.43660202e+01 5.58358252e-01
    5.39859192e+02 8.41837158e+01 7.23853856e-02</data></pose_0>
</opencv_storage>
