<?xml version="1.0"?>
<opencv_storage>
<hand_left_0 type_id="opencv-nd-matrix">
  <sizes>
    1 21 3</sizes>
  <dt>f</dt>
  <data>
    4.59371765e+02 3.85547272e+02 5.63138604e-01 4.48385620e+02
    3.98472137e+02 6.15401328e-01 4.39338226e+02 4.15274475e+02
    5.76033711e-01 4.26413361e+02 4.26906860e+02 6.70311332e-01
    4.14780975e+02 4.35954254e+02 8.13953876e-01 4.53555573e+02
    4.14628235e+02 5.48198760e-01 4.43861908e+02 4.24968109e+02
    6.16240323e-01 4.43215668e+02 4.37246735e+02 7.94344485e-01
    4.43861908e+02 4.50171600e+02 7.08253026e-01 4.68419159e+02
    4.10750763e+02 6.80526316e-01 4.60664246e+02 4.27553101e+02
    5.62094986e-01 4.63895447e+02 4.42416687e+02 7.03268707e-01
    4.58079285e+02 4.57926514e+02 6.99277401e-01 4.85221497e+02
    4.08812042e+02 6.35519147e-01 4.94268890e+02 4.24968109e+02
    6.31637812e-01 4.86513977e+02 4.40477966e+02 4.75629181e-01
    5.05901276e+02 4.49525360e+02 6.23714387e-01 4.98792603e+02
    4.03642090e+02 7.04816163e-01 5.06547516e+02 4.12689484e+02
    6.45481467e-01 5.11717468e+02 4.17859436e+02 6.83958471e-01
    5.16241150e+02 4.20444427e+02 6.08495057e-01</data></hand_left_0>
</opencv_storage>
