<?xml version="1.0"?>
<opencv_storage>
<hand_right_0 type_id="opencv-nd-matrix">
  <sizes>
    1 21 3</sizes>
  <dt>f</dt>
  <data>
    4.62707001e+02 3.87727905e+02 5.94762206e-01 4.79789734e+02
    3.94133911e+02 7.57283807e-01 4.98296021e+02 4.01251740e+02
    6.76662803e-01 5.08972748e+02 4.11216675e+02 8.79029393e-01
    5.21072998e+02 4.21181580e+02 8.56464386e-01 4.86195770e+02
    4.09793091e+02 6.99609399e-01 4.93313568e+02 4.22605164e+02
    7.25716472e-01 5.03278503e+02 4.38264313e+02 7.90894985e-01
    5.06125610e+02 4.48229248e+02 8.24991047e-01 4.70536591e+02
    4.11216675e+02 7.79695868e-01 4.76942627e+02 4.25452271e+02
    6.63292885e-01 4.86195770e+02 4.39687866e+02 7.12332606e-01
    4.92601807e+02 4.53923492e+02 7.56136179e-01 4.57012756e+02
    4.16199127e+02 6.84205651e-01 4.58436340e+02 4.25452271e+02
    6.21127367e-01 4.62707001e+02 4.40399658e+02 8.73173535e-01
    4.64130554e+02 4.54635284e+02 7.52092600e-01 4.41353577e+02
    4.16910889e+02 7.43507385e-01 4.40641815e+02 4.29722961e+02
    8.24622810e-01 4.42065369e+02 4.40399658e+02 8.04530442e-01
    4.46336060e+02 4.51788147e+02 8.04646671e-01</data></hand_right_0>
</opencv_storage>
