<?xml version="1.0"?>
<opencv_storage>
<pose_0 type_id="opencv-nd-matrix">
  <sizes>
    1 18 3</sizes>
  <dt>f</dt>
  <data>
    4.96980469e+02 9.98284683e+01 8.40696871e-01 4.61795471e+02
    7.04220734e+01 7.18613327e-01 3.65901642e+02 6.85210876e+01
    6.70877814e-01 4.12897125e+02 2.56344757e+02 7.15564430e-01
    4.59673889e+02 3.83403503e+02 8.45848143e-01 5.69268005e+02
    8.21619263e+01 6.76723123e-01 5.24385437e+02 2.71865051e+02
    7.69880474e-01 4.96938507e+02 3.89350006e+02 5.83138883e-01
    3.81456238e+02 2.91506317e+02 4.33717996e-01 3.22832092e+02
    4.28528534e+02 5.16727030e-01 2.15249680e+02 4.93034454e+02
    1.19550414e-01 4.89133514e+02 3.03287384e+02 4.28845108e-01
    5.39999939e+02 4.16734070e+02 6.81389496e-02 0. 0. 0. 4.79393127e+02
    7.82759857e+01 7.64601707e-01 5.12667969e+02 8.02234192e+01
    7.62343526e-01 4.20682373e+02 2.34270668e+01 7.53441453e-01 0. 0. 0.</data></pose_0>
</opencv_storage>
