<?xml version="1.0"?>
<opencv_storage>
<hand_left_0 type_id="opencv-nd-matrix">
  <sizes>
    1 21 3</sizes>
  <dt>f</dt>
  <data>
    4.60045715e+02 3.88835846e+02 5.85009336e-01 4.48380829e+02
    4.03245453e+02 6.44332051e-01 4.38088257e+02 4.21085876e+02
    5.38056672e-01 4.35343567e+02 4.32750793e+02 3.78050238e-01
    4.16130798e+02 4.30006104e+02 5.82928300e-01 4.53184021e+02
    4.16282684e+02 5.68648398e-01 4.42891449e+02 4.27947601e+02
    4.56870764e-01 4.42891449e+02 4.43043335e+02 5.12746036e-01
    4.46322327e+02 4.54022095e+02 5.75666726e-01 4.68965942e+02
    4.11479492e+02 6.68536901e-01 4.79258514e+02 4.28633759e+02
    3.76698792e-01 4.61418060e+02 4.43043335e+02 4.32754397e-01
    4.60731903e+02 4.55394409e+02 6.19130790e-01 4.82689362e+02
    4.05990112e+02 6.52213573e-01 4.95040436e+02 4.24516724e+02
    6.04519129e-01 5.00529816e+02 4.34123138e+02 5.63992083e-01
    5.06019165e+02 4.43729523e+02 6.50520086e-01 4.98471283e+02
    3.99128418e+02 7.61560023e-01 5.07391510e+02 4.05303955e+02
    7.61627853e-01 5.14253235e+02 4.10793304e+02 8.18644822e-01
    5.18370239e+02 4.16968842e+02 7.38551438e-01</data></hand_left_0>
</opencv_storage>
