<?xml version="1.0"?>
<opencv_storage>
<hand_left_0 type_id="opencv-nd-matrix">
  <sizes>
    1 21 3</sizes>
  <dt>f</dt>
  <data>
    4.58151733e+02 4.20807892e+02 4.91435885e-01 4.45896240e+02
    4.33784302e+02 6.11705780e-01 4.35803467e+02 4.51807098e+02
    4.91237402e-01 4.27152527e+02 4.59016205e+02 5.86112916e-01
    4.14176117e+02 4.62620789e+02 7.81641901e-01 4.47338043e+02
    4.46039795e+02 4.89346743e-01 4.40128937e+02 4.59016205e+02
    6.95149958e-01 4.41570770e+02 4.71271729e+02 7.84806550e-01
    4.45896240e+02 4.82085388e+02 8.88621747e-01 4.64639923e+02
    4.43156158e+02 5.97534835e-01 4.59593536e+02 4.57574402e+02
    4.94769752e-01 4.63919006e+02 4.71992615e+02 6.52989924e-01
    4.64639923e+02 4.84969025e+02 7.42285371e-01 4.81220886e+02
    4.39551605e+02 6.04713559e-01 4.92034576e+02 4.53248932e+02
    5.47764838e-01 5.00685516e+02 4.65504425e+02 5.65026939e-01
    5.07173706e+02 4.77759918e+02 5.75787842e-01 4.95639130e+02
    4.30179749e+02 6.37827456e-01 5.05010986e+02 4.35226135e+02
    8.00816596e-01 5.12220093e+02 4.39551605e+02 7.44192421e-01
    5.17266479e+02 4.45318909e+02 6.85447991e-01</data></hand_left_0>
</opencv_storage>
