<?xml version="1.0"?>
<opencv_storage>
<hand_right_0 type_id="opencv-nd-matrix">
  <sizes>
    1 21 3</sizes>
  <dt>f</dt>
  <data>
    4.59306061e+02 4.02980133e+02 5.85703492e-01 4.76850433e+02
    4.10290283e+02 7.34738708e-01 4.97318848e+02 4.20524506e+02
    6.62912905e-01 5.07553070e+02 4.28565674e+02 7.04496682e-01
    5.17787292e+02 4.38068878e+02 7.91391551e-01 4.83429565e+02
    4.26372620e+02 5.83019793e-01 4.92932770e+02 4.41723938e+02
    6.69571280e-01 5.00242920e+02 4.55613220e+02 8.27657938e-01
    5.04628998e+02 4.67309479e+02 8.51384878e-01 4.68078247e+02
    4.28565674e+02 7.04369605e-01 4.76850433e+02 4.43916992e+02
    6.57430530e-01 4.83429565e+02 4.59268311e+02 7.48729765e-01
    4.91470734e+02 4.72426575e+02 8.37049544e-01 4.54188965e+02
    4.32220734e+02 7.06426024e-01 4.58575043e+02 4.44648010e+02
    6.90771759e-01 4.60768097e+02 4.59999329e+02 8.21532607e-01
    4.65885193e+02 4.73157593e+02 8.38393927e-01 4.38106628e+02
    4.32220734e+02 6.25950098e-01 4.37375610e+02 4.45379028e+02
    7.98662007e-01 4.38837646e+02 4.56344238e+02 8.07117701e-01
    4.42492706e+02 4.68040497e+02 8.22057486e-01</data></hand_right_0>
</opencv_storage>
