<?xml version="1.0"?>
<opencv_storage>
<hand_left_0 type_id="opencv-nd-matrix">
  <sizes>
    2 21 3</sizes>
  <dt>f</dt>
  <data>
    4.58431152e+02 4.12243073e+02 5.26088715e-01 4.45880646e+02
    4.25490845e+02 6.60214245e-01 4.36119141e+02 4.44316620e+02
    5.48212171e-01 4.26357605e+02 4.50591858e+02 5.86206198e-01
    4.14504364e+02 4.54775360e+02 7.72839844e-01 4.52155884e+02
    4.40133087e+02 5.55908084e-01 4.40302643e+02 4.50591858e+02
    5.61604321e-01 4.42394379e+02 4.62445129e+02 7.06220448e-01
    4.45880646e+02 4.72903870e+02 8.25635850e-01 4.67495392e+02
    4.34555084e+02 6.46108925e-01 4.63311890e+02 4.51289124e+02
    3.94176632e-01 4.66100891e+02 4.65234131e+02 5.90846539e-01
    4.68889893e+02 4.77087372e+02 7.57386565e-01 4.81440399e+02
    4.28977081e+02 6.04844928e-01 4.92596436e+02 4.45013855e+02
    6.62924707e-01 5.00963440e+02 4.58958862e+02 6.12246990e-01
    5.06541443e+02 4.69417633e+02 5.88427901e-01 4.96082672e+02
    4.22004578e+02 7.08706856e-01 5.04449677e+02 4.26188080e+02
    7.10029542e-01 5.12119446e+02 4.31766083e+02 7.80358195e-01
    5.17697449e+02 4.38738586e+02 7.39278436e-01 0. 0. 0. 0. 0. 0. 0. 0.
    0. 0. 0. 0. 0. 0. 0. 0. 0. 0. 0. 0. 0. 0. 0. 0. 0. 0. 0. 0. 0. 0. 0.
    0. 0. 0. 0. 0. 0. 0. 0. 0. 0. 0. 0. 0. 0. 0. 0. 0. 0. 0. 0. 0. 0. 0.
    0. 0. 0. 0. 0. 0. 0. 0. 0.</data></hand_left_0>
</opencv_storage>
