<?xml version="1.0"?>
<opencv_storage>
<hand_right_0 type_id="opencv-nd-matrix">
  <sizes>
    1 21 3</sizes>
  <dt>f</dt>
  <data>
    4.59683594e+02 4.20304932e+02 5.92631400e-01 4.76734772e+02
    4.26699127e+02 7.28768229e-01 4.96627808e+02 4.33093323e+02
    7.12763131e-01 5.07284790e+02 4.40908447e+02 7.22621143e-01
    5.17941772e+02 4.50144501e+02 8.07080746e-01 4.83839417e+02
    4.40197968e+02 6.21296585e-01 4.94496399e+02 4.55117737e+02
    7.59443760e-01 5.02311523e+02 4.69327057e+02 7.67649174e-01
    5.05863861e+02 4.80694519e+02 8.45878482e-01 4.68919647e+02
    4.43039825e+02 7.40546227e-01 4.77445221e+02 4.56538696e+02
    7.57475674e-01 4.86681274e+02 4.72168915e+02 7.58479595e-01
    4.93785950e+02 4.85667755e+02 8.61114979e-01 4.53999878e+02
    4.45881714e+02 6.72132134e-01 4.57552185e+02 4.57959625e+02
    6.55837774e-01 4.61815002e+02 4.75010773e+02 7.87138939e-01
    4.65367310e+02 4.87088684e+02 5.94657183e-01 4.40501038e+02
    4.49434021e+02 7.06279337e-01 4.37659149e+02 4.60801483e+02
    8.79617572e-01 4.38369629e+02 4.72168915e+02 7.76170254e-01
    4.41211487e+02 4.82825897e+02 7.54498601e-01</data></hand_right_0>
</opencv_storage>
