<?xml version="1.0"?>
<opencv_storage>
<hand_right_0 type_id="opencv-nd-matrix">
  <sizes>
    1 21 3</sizes>
  <dt>f</dt>
  <data>
    4.56215149e+02 3.92870911e+02 5.66760719e-01 4.74534180e+02
    3.98507538e+02 7.25084662e-01 4.93557800e+02 4.08371643e+02
    6.70386255e-01 5.03421906e+02 4.21054077e+02 5.87525129e-01
    5.07649384e+02 4.30213593e+02 7.00833678e-01 4.80170807e+02
    4.15417450e+02 7.56217003e-01 4.88625763e+02 4.32327332e+02
    7.45018601e-01 4.94966980e+02 4.45009735e+02 7.78175473e-01
    4.99194427e+02 4.56987579e+02 8.75826120e-01 4.65374664e+02
    4.16122009e+02 7.74103522e-01 4.71011292e+02 4.29509003e+02
    6.72543943e-01 4.78057068e+02 4.47828064e+02 7.13586748e-01
    4.82989136e+02 4.61215057e+02 7.70194530e-01 4.50578522e+02
    4.19644928e+02 6.71726286e-01 4.54101410e+02 4.31622742e+02
    6.22786939e-01 4.59033447e+02 4.47123474e+02 7.58947849e-01
    4.62556335e+02 4.60510468e+02 7.90950239e-01 4.37191498e+02
    4.18940338e+02 6.63378656e-01 4.37191498e+02 4.33031921e+02
    9.11798239e-01 4.37896088e+02 4.43600586e+02 8.33636343e-01
    4.40714417e+02 4.54169281e+02 7.85370350e-01</data></hand_right_0>
</opencv_storage>
