<?xml version="1.0"?>
<opencv_storage>
<hand_right_0 type_id="opencv-nd-matrix">
  <sizes>
    1 21 3</sizes>
  <dt>f</dt>
  <data>
    4.61994537e+02 4.06741577e+02 6.52790189e-01 4.79212036e+02
    4.13118408e+02 7.46073842e-01 4.98980255e+02 4.22045990e+02
    7.86538243e-01 5.08545502e+02 4.34799683e+02 7.60898769e-01
    5.17473083e+02 4.44364960e+02 8.08670044e-01 4.86864227e+02
    4.29698212e+02 7.33488500e-01 4.94516449e+02 4.45640320e+02
    8.23314369e-01 5.01530975e+02 4.59669373e+02 8.10446620e-01
    5.04081726e+02 4.72423065e+02 8.99696589e-01 4.72835175e+02
    4.32886627e+02 8.09454083e-01 4.79849701e+02 4.50104095e+02
    6.20276093e-01 4.85588867e+02 4.64133148e+02 6.12897396e-01
    4.87501923e+02 4.74336121e+02 4.59289938e-01 4.57530762e+02
    4.34161987e+02 7.29423225e-01 4.60081512e+02 4.48828735e+02
    7.23116636e-01 4.63269928e+02 4.63495483e+02 7.64619231e-01
    4.60719177e+02 4.78162201e+02 7.05887556e-01 4.42226349e+02
    4.33524323e+02 6.59282744e-01 4.41588654e+02 4.46915680e+02
    7.50842333e-01 4.42226349e+02 4.57756317e+02 7.72403479e-01
    4.42226349e+02 4.67959259e+02 8.03425252e-01</data></hand_right_0>
</opencv_storage>
