<?xml version="1.0"?>
<opencv_storage>
<pose_0 type_id="opencv-nd-matrix">
  <sizes>
    1 18 3</sizes>
  <dt>f</dt>
  <data>
    5.04761353e+02 8.60360489e+01 8.40391874e-01 4.63690186e+02
    6.85253525e+01 7.49798357e-01 3.65926178e+02 6.84210358e+01
    6.70315146e-01 4.12894073e+02 2.56231506e+02 7.32927978e-01
    4.59691010e+02 3.81430450e+02 8.51974010e-01 5.67346252e+02
    7.63339691e+01 6.55943811e-01 5.24293457e+02 2.70005707e+02
    7.50609338e-01 4.95045898e+02 3.87422638e+02 5.88434696e-01
    3.79564911e+02 2.95436859e+02 4.27714556e-01 3.30630493e+02
    4.30452942e+02 5.09560585e-01 3.03291046e+02 4.89127197e+02
    1.22236207e-01 4.91056061e+02 3.07187958e+02 4.05342549e-01
    5.22431763e+02 3.89371338e+02 6.24699891e-02 0. 0. 0. 4.81319489e+02
    6.84001541e+01 7.91473806e-01 5.22373657e+02 6.06682510e+01
    7.71251440e-01 0. 0. 0. 0. 0. 0.</data></pose_0>
</opencv_storage>
