<?xml version="1.0"?>
<opencv_storage>
<hand_left_0 type_id="opencv-nd-matrix">
  <sizes>
    2 21 3</sizes>
  <dt>f</dt>
  <data>
    4.57300812e+02 4.06817719e+02 5.29113173e-01 4.45219757e+02
    4.20320099e+02 6.24449253e-01 4.36691925e+02 4.41639618e+02
    4.75455999e-01 4.35270630e+02 4.53010040e+02 3.95473033e-01
    4.18215027e+02 4.49456787e+02 4.90623742e-01 4.50904968e+02
    4.37375732e+02 5.26604116e-01 4.40245178e+02 4.48035492e+02
    5.65599442e-01 4.41666504e+02 4.60116547e+02 6.44581378e-01
    4.45930389e+02 4.70065674e+02 7.87481904e-01 4.67249939e+02
    4.31690521e+02 5.95796704e-01 4.62275360e+02 4.48035492e+02
    4.02303070e-01 4.65117981e+02 4.60827209e+02 5.74721515e-01
    4.67960571e+02 4.72908264e+02 7.48280764e-01 4.81462952e+02
    4.27426605e+02 6.14320159e-01 4.91412048e+02 4.43771576e+02
    6.02645457e-01 4.97097260e+02 4.57273956e+02 5.67601502e-01
    5.04914429e+02 4.67223053e+02 5.83262265e-01 4.96386627e+02
    4.18898804e+02 7.39403665e-01 5.04914429e+02 4.24584015e+02
    8.04155231e-01 5.11310272e+02 4.30269196e+02 8.39116037e-01
    5.15574219e+02 4.37375732e+02 7.36377180e-01 0. 0. 0. 0. 0. 0. 0. 0.
    0. 0. 0. 0. 0. 0. 0. 0. 0. 0. 0. 0. 0. 0. 0. 0. 0. 0. 0. 0. 0. 0. 0.
    0. 0. 0. 0. 0. 0. 0. 0. 0. 0. 0. 0. 0. 0. 0. 0. 0. 0. 0. 0. 0. 0. 0.
    0. 0. 0. 0. 0. 0. 0. 0. 0.</data></hand_left_0>
</opencv_storage>
