<?xml version="1.0"?>
<opencv_storage>
<hand_right_0 type_id="opencv-nd-matrix">
  <sizes>
    1 21 3</sizes>
  <dt>f</dt>
  <data>
    4.62047607e+02 3.88751007e+02 5.95568299e-01 4.79687469e+02
    3.94395782e+02 7.21533954e-01 4.98738525e+02 4.00746124e+02
    7.05823898e-01 5.10733612e+02 4.10624451e+02 8.54097724e-01
    5.23434326e+02 4.20502747e+02 8.01914990e-01 4.86743408e+02
    4.10624451e+02 6.94814026e-01 4.96621735e+02 4.24030731e+02
    7.52591610e-01 5.04383270e+02 4.38848206e+02 8.74830127e-01
    5.08616821e+02 4.49432129e+02 8.36874843e-01 4.70514740e+02
    4.12741211e+02 7.72156715e-01 4.78981873e+02 4.27558716e+02
    6.97009206e-01 4.88154602e+02 4.41670593e+02 6.92434490e-01
    4.96621735e+02 4.53665680e+02 7.90910184e-01 4.55697266e+02
    4.16974792e+02 6.68311179e-01 4.58519653e+02 4.28264282e+02
    6.88258290e-01 4.62047607e+02 4.43787384e+02 8.28984797e-01
    4.65575592e+02 4.55782471e+02 8.04901600e-01 4.40879791e+02
    4.16974792e+02 7.27860332e-01 4.40879791e+02 4.31086670e+02
    8.01351786e-01 4.42290985e+02 4.42376190e+02 8.00329268e-01
    4.45818939e+02 4.53665680e+02 7.53113031e-01</data></hand_right_0>
</opencv_storage>
