<?xml version="1.0"?>
<opencv_storage>
<pose_0 type_id="opencv-nd-matrix">
  <sizes>
    1 18 3</sizes>
  <dt>f</dt>
  <data>
    4.61753418e+02 1.46725052e+02 7.81366944e-01 4.67618805e+02
    8.99942017e+01 8.04700494e-01 3.69762207e+02 8.61373596e+01
    7.05286264e-01 4.14752075e+02 2.71943695e+02 7.60611176e-01
    4.59767609e+02 3.99164490e+02 8.96239996e-01 5.71311035e+02
    9.97863770e+01 6.99882507e-01 5.28294128e+02 2.87584534e+02
    7.46053696e-01 4.96938232e+02 4.12781708e+02 5.39838672e-01
    3.81554565e+02 2.93499420e+02 3.89690846e-01 3.22812347e+02
    4.38262543e+02 3.12025309e-01 2.77841614e+02 4.89097870e+02
    9.31377336e-02 4.91129608e+02 3.07169647e+02 4.27054167e-01
    5.41995972e+02 4.44131622e+02 9.59532782e-02 0. 0. 0. 4.46046661e+02
    1.29152939e+02 6.62503779e-01 4.77429932e+02 1.25200836e+02
    6.44075990e-01 4.12735779e+02 8.80326157e+01 1.64239019e-01
    5.10677185e+02 5.86892052e+01 3.96975338e-01</data></pose_0>
</opencv_storage>
