<?xml version="1.0"?>
<opencv_storage>
<hand_right_0 type_id="opencv-nd-matrix">
  <sizes>
    1 21 3</sizes>
  <dt>f</dt>
  <data>
    4.60492615e+02 3.92852020e+02 6.46919727e-01 4.79151001e+02
    4.00937317e+02 7.27923036e-01 4.99053284e+02 4.09022614e+02
    7.63486028e-01 5.09004425e+02 4.20839600e+02 8.34470034e-01
    5.19577515e+02 4.30790741e+02 8.82488310e-01 4.86614349e+02
    4.17107910e+02 7.10002899e-01 4.95321594e+02 4.33278534e+02
    8.11325610e-01 5.00297180e+02 4.46339417e+02 8.46744895e-01
    5.04650787e+02 4.59400269e+02 9.15738523e-01 4.72309570e+02
    4.20217651e+02 7.93729305e-01 4.80394897e+02 4.36388275e+02
    8.25533032e-01 4.85370453e+02 4.50693024e+02 6.32022500e-01
    4.90346039e+02 4.60644165e+02 5.61806679e-01 4.58626770e+02
    4.22083496e+02 6.81263089e-01 4.60492615e+02 4.35766327e+02
    6.91758752e-01 4.62980377e+02 4.50071075e+02 7.55877495e-01
    4.59248718e+02 4.65619751e+02 7.25302279e-01 4.43078094e+02
    4.22705444e+02 6.42091036e-01 4.41834198e+02 4.35144379e+02
    7.62035251e-01 4.41212250e+02 4.45717468e+02 7.61406124e-01
    4.40590302e+02 4.55046661e+02 7.71812916e-01</data></hand_right_0>
</opencv_storage>
