<?xml version="1.0"?>
<opencv_storage>
<hand_right_0 type_id="opencv-nd-matrix">
  <sizes>
    1 21 3</sizes>
  <dt>f</dt>
  <data>
    4.60445496e+02 3.94828735e+02 6.44236982e-01 4.79735443e+02
    4.01673553e+02 7.45215654e-01 4.99647675e+02 4.10385162e+02
    8.34680319e-01 5.08981506e+02 4.22830292e+02 7.85158098e-01
    5.18937622e+02 4.31541901e+02 8.53996038e-01 4.87202515e+02
    4.19096741e+02 7.03753293e-01 4.95291870e+02 4.34653168e+02
    8.05324316e-01 5.00269928e+02 4.48342804e+02 8.21436644e-01
    5.04625702e+02 4.60165710e+02 9.26209986e-01 4.72890625e+02
    4.20963531e+02 8.00001264e-01 4.80357697e+02 4.38386719e+02
    7.82895207e-01 4.85335754e+02 4.51454102e+02 6.54557168e-01
    4.90313812e+02 4.61410217e+02 5.97694695e-01 4.59200989e+02
    4.24074799e+02 6.79550767e-01 4.60445496e+02 4.35897675e+02
    6.91677809e-01 4.62934509e+02 4.50831848e+02 7.44136035e-01
    4.59200989e+02 4.65765991e+02 7.02864587e-01 4.44266815e+02
    4.24697052e+02 6.75647497e-01 4.41777802e+02 4.35897675e+02
    7.79554486e-01 4.41155518e+02 4.46476044e+02 7.69354641e-01
    4.40533264e+02 4.55809906e+02 7.72531688e-01</data></hand_right_0>
</opencv_storage>
