<?xml version="1.0"?>
<opencv_storage>
<hand_left_0 type_id="opencv-nd-matrix">
  <sizes>
    1 21 3</sizes>
  <dt>f</dt>
  <data>
    4.61875183e+02 4.19908844e+02 5.75195730e-01 4.50221558e+02
    4.31562500e+02 6.31250501e-01 4.39862762e+02 4.47100647e+02
    5.92272103e-01 4.25619446e+02 4.58106873e+02 7.45567858e-01
    4.13318390e+02 4.63933685e+02 7.63455927e-01 4.51516388e+02
    4.50337769e+02 4.36964482e-01 4.42452454e+02 4.59401703e+02
    5.62257171e-01 4.40510193e+02 4.72350189e+02 8.58331740e-01
    4.40510193e+02 4.83356384e+02 7.14929044e-01 4.67701996e+02
    4.48395508e+02 6.91896200e-01 4.61875183e+02 4.65875946e+02
    4.79791552e-01 4.61875183e+02 4.78824432e+02 7.62905061e-01
    4.56695801e+02 4.93715179e+02 6.79652095e-01 4.84535034e+02
    4.45805817e+02 6.21062696e-01 4.93598969e+02 4.63933685e+02
    6.95745170e-01 5.00720612e+02 4.78177002e+02 5.58636248e-01
    5.04605164e+02 4.89183197e+02 7.23265290e-01 5.00720612e+02
    4.39331573e+02 7.32753754e-01 5.10431976e+02 4.54869751e+02
    6.75073743e-01 5.16258789e+02 4.59401703e+02 6.82123423e-01
    5.18848511e+02 4.63286255e+02 5.24539649e-01</data></hand_left_0>
</opencv_storage>
