<?xml version="1.0"?>
<opencv_storage>
<hand_right_0 type_id="opencv-nd-matrix">
  <sizes>
    1 21 3</sizes>
  <dt>f</dt>
  <data>
    4.55482910e+02 4.13186249e+02 5.81458211e-01 4.74567413e+02
    4.17275787e+02 6.27687633e-01 4.95015076e+02 4.24091705e+02
    6.91750228e-01 5.05920502e+02 4.32952362e+02 7.14631259e-01
    5.15462769e+02 4.39086670e+02 7.88904727e-01 4.82746460e+02
    4.32270752e+02 6.74479008e-01 4.93651886e+02 4.46584137e+02
    8.21524024e-01 5.02512573e+02 4.60897522e+02 7.95491338e-01
    5.06602112e+02 4.71802948e+02 8.31916869e-01 4.67751495e+02
    4.35678711e+02 7.16129482e-01 4.77293762e+02 4.50673676e+02
    7.10157037e-01 4.87517609e+02 4.64305450e+02 7.35618830e-01
    4.95015076e+02 4.77937256e+02 8.63274038e-01 4.53438141e+02
    4.40449829e+02 6.34978533e-01 4.55482910e+02 4.52718445e+02
    7.00677454e-01 4.60935608e+02 4.67713409e+02 8.17832589e-01
    4.65025146e+02 4.79300415e+02 7.56698012e-01 4.38443176e+02
    4.41813019e+02 6.68649614e-01 4.37761566e+02 4.56126404e+02
    8.15207601e-01 4.39124756e+02 4.67031830e+02 7.81491518e-01
    4.40487946e+02 4.75892487e+02 7.60668039e-01</data></hand_right_0>
</opencv_storage>
