<?xml version="1.0"?>
<opencv_storage>
<pose_0 type_id="opencv-nd-matrix">
  <sizes>
    1 18 3</sizes>
  <dt>f</dt>
  <data>
    5.00885345e+02 1.35033371e+02 6.93088830e-01 4.69565521e+02
    8.60514221e+01 7.80919254e-01 3.67850403e+02 8.41178055e+01
    6.70696735e-01 4.03086121e+02 2.69989777e+02 6.94924176e-01
    4.57807556e+02 3.97216156e+02 8.60281467e-01 5.71282288e+02
    9.78245544e+01 6.61553085e-01 5.26334229e+02 2.85629059e+02
    6.94597900e-01 4.94995544e+02 4.01092194e+02 6.41569436e-01
    3.77604767e+02 2.95442047e+02 3.90804708e-01 3.22809326e+02
    4.42153625e+02 3.10081452e-01 2.73946930e+02 4.85221741e+02
    8.63608494e-02 4.91076813e+02 3.11087830e+02 4.18057948e-01
    5.45872314e+02 4.50004822e+02 8.84299055e-02 0. 0. 0. 4.93021057e+02
    1.17425461e+02 7.38651216e-01 5.14577393e+02 1.17484856e+02
    3.49379539e-01 4.34337402e+02 6.65282288e+01 3.02254349e-01
    5.38097046e+02 6.45459595e+01 5.16159981e-02</data></pose_0>
</opencv_storage>
