<?xml version="1.0"?>
<opencv_storage>
<hand_right_0 type_id="opencv-nd-matrix">
  <sizes>
    1 21 3</sizes>
  <dt>f</dt>
  <data>
    4.59989655e+02 3.84782440e+02 6.05354846e-01 4.77486938e+02
    3.93181152e+02 7.23706961e-01 4.98483704e+02 4.00180054e+02
    6.93333983e-01 5.09681976e+02 4.09278656e+02 7.75503337e-01
    5.20880249e+02 4.18377258e+02 8.27255130e-01 4.86585541e+02
    4.09978546e+02 6.21282220e-01 4.94284363e+02 4.22576630e+02
    7.56269693e-01 5.03382965e+02 4.35174683e+02 8.15703988e-01
    5.06182526e+02 4.45673065e+02 8.77038062e-01 4.70488037e+02
    4.12078247e+02 7.54451513e-01 4.77486938e+02 4.26076080e+02
    6.89044178e-01 4.85185760e+02 4.39374023e+02 7.23259747e-01
    4.93584473e+02 4.52671967e+02 8.59645963e-01 4.55090393e+02
    4.14877808e+02 5.99101901e-01 4.57190063e+02 4.26775970e+02
    6.90923810e-01 4.59989655e+02 4.42173584e+02 8.13127875e-01
    4.64888885e+02 4.56171448e+02 8.18037629e-01 4.41092560e+02
    4.16277588e+02 6.92954421e-01 4.38992889e+02 4.28875641e+02
    8.12367618e-01 4.41092560e+02 4.40073914e+02 7.77158797e-01
    4.43892120e+02 4.51972076e+02 7.22320735e-01</data></hand_right_0>
</opencv_storage>
