<?xml version="1.0"?>
<opencv_storage>
<hand_right_0 type_id="opencv-nd-matrix">
  <sizes>
    1 21 3</sizes>
  <dt>f</dt>
  <data>
    4.59807556e+02 4.12216675e+02 5.74552357e-01 4.78141541e+02
    4.17350189e+02 6.98979318e-01 4.98675629e+02 4.23950439e+02
    6.52346492e-01 5.09676025e+02 4.32750763e+02 7.00563967e-01
    5.18476318e+02 4.40084351e+02 7.56491423e-01 4.85475159e+02
    4.32750763e+02 6.36774600e-01 4.95742188e+02 4.45951233e+02
    7.54388452e-01 5.03075775e+02 4.58418335e+02 8.56491864e-01
    5.08942657e+02 4.69418732e+02 8.56607854e-01 4.69341248e+02
    4.34950836e+02 7.33239532e-01 4.78874908e+02 4.49618011e+02
    6.98633552e-01 4.89141937e+02 4.63551849e+02 8.01076055e-01
    4.97208923e+02 4.76018982e+02 9.26646054e-01 4.54674042e+02
    4.40084351e+02 6.77275300e-01 4.59807556e+02 4.51818115e+02
    7.33785093e-01 4.65674438e+02 4.65751953e+02 7.77119398e-01
    4.68607880e+02 4.76752350e+02 7.27205396e-01 4.41473572e+02
    4.42284424e+02 6.58402145e-01 4.40740204e+02 4.56218262e+02
    7.49532402e-01 4.42940277e+02 4.65751953e+02 7.85438955e-01
    4.46607086e+02 4.76018982e+02 7.80292392e-01</data></hand_right_0>
</opencv_storage>
