<?xml version="1.0"?>
<opencv_storage>
<hand_right_0 type_id="opencv-nd-matrix">
  <sizes>
    1 21 3</sizes>
  <dt>f</dt>
  <data>
    4.60107300e+02 3.92508362e+02 5.50595224e-01 4.76911469e+02
    3.98809937e+02 7.04407096e-01 4.97216461e+02 4.06511841e+02
    7.04505742e-01 5.08419220e+02 4.16314240e+02 8.18554699e-01
    5.20322144e+02 4.26816833e+02 8.48823667e-01 4.86013702e+02
    4.17014404e+02 6.55937672e-01 4.95816132e+02 4.31718048e+02
    7.45896935e-01 5.02817841e+02 4.44321136e+02 8.51063609e-01
    5.06318695e+02 4.54823730e+02 8.54212582e-01 4.71310089e+02
    4.21215454e+02 7.34386444e-01 4.80412323e+02 4.37319427e+02
    6.90353990e-01 4.86713867e+02 4.49222351e+02 6.93824112e-01
    4.93715607e+02 4.60425110e+02 8.32599282e-01 4.57306610e+02
    4.25416473e+02 6.83477044e-01 4.59407135e+02 4.37319427e+02
    5.07857800e-01 4.63608185e+02 4.49922516e+02 6.64620757e-01
    4.65008514e+02 4.61125305e+02 6.25966072e-01 4.41202667e+02
    4.24016144e+02 6.30119324e-01 4.40502472e+02 4.38019592e+02
    7.98604488e-01 4.42602997e+02 4.49222351e+02 7.92017400e-01
    4.47504211e+02 4.59724945e+02 7.82917142e-01</data></hand_right_0>
</opencv_storage>
