<?xml version="1.0"?>
<opencv_storage>
<pose_0 type_id="opencv-nd-matrix">
  <sizes>
    1 18 3</sizes>
  <dt>f</dt>
  <data>
    4.46059601e+02 1.60466965e+02 7.90282249e-01 4.69586914e+02
    1.05685242e+02 7.69409180e-01 3.71772491e+02 9.97693710e+01
    7.24631488e-01 4.16743958e+02 2.91547150e+02 7.68607557e-01
    4.59743774e+02 4.14728394e+02 8.84604931e-01 5.71378662e+02
    1.21289841e+02 6.06927872e-01 5.34107605e+02 3.05145081e+02
    7.78741837e-01 4.93097870e+02 4.26499542e+02 5.60397267e-01
    3.79538483e+02 2.95420776e+02 4.19457585e-01 3.24774902e+02
    4.32398254e+02 3.70427489e-01 2.85650879e+02 4.77416565e+02
    1.38222024e-01 4.89087067e+02 3.13032288e+02 4.28758711e-01
    5.40058716e+02 4.53904938e+02 1.03068098e-01 0. 0. 0. 4.28531464e+02
    1.33056641e+02 7.38866687e-01 4.65697144e+02 1.44706573e+02
    6.90898299e-01 4.04946686e+02 1.03683365e+02 1.36244506e-01
    5.14543457e+02 8.60502014e+01 5.30396640e-01</data></pose_0>
</opencv_storage>
