<?xml version="1.0"?>
<opencv_storage>
<hand_left_0 type_id="opencv-nd-matrix">
  <sizes>
    1 21 3</sizes>
  <dt>f</dt>
  <data>
    4.61740662e+02 4.04952881e+02 5.43616652e-01 4.49954010e+02
    4.17394348e+02 6.43393517e-01 4.40131805e+02 4.35074341e+02
    5.74270308e-01 4.25725891e+02 4.42932098e+02 7.12164521e-01
    4.13939240e+02 4.50789856e+02 8.00686419e-01 4.55192535e+02
    4.35074341e+02 5.57740986e-01 4.43405884e+02 4.44896545e+02
    5.04372239e-01 4.42751068e+02 4.57992828e+02 7.65251935e-01
    4.44715485e+02 4.70434296e+02 7.45690167e-01 4.70253235e+02
    4.32455078e+02 6.80554032e-01 4.77456207e+02 4.48825439e+02
    4.21511859e-01 4.63050293e+02 4.63231354e+02 6.19344532e-01
    4.60431030e+02 4.77637238e+02 6.30313575e-01 4.85313965e+02
    4.27871368e+02 6.65758312e-01 4.95136200e+02 4.47515808e+02
    7.24932373e-01 5.01029510e+02 4.59957275e+02 6.06828213e-01
    5.05613220e+02 4.71743927e+02 6.92291439e-01 4.99719879e+02
    4.21978058e+02 7.49247611e-01 5.10196899e+02 4.37038788e+02
    6.55453205e-01 5.14780640e+02 4.42277283e+02 6.70987964e-01
    5.18054688e+02 4.44896545e+02 4.92022246e-01</data></hand_left_0>
</opencv_storage>
