<?xml version="1.0"?>
<opencv_storage>
<hand_right_0 type_id="opencv-nd-matrix">
  <sizes>
    1 21 3</sizes>
  <dt>f</dt>
  <data>
    4.56662781e+02 4.02970673e+02 5.83571911e-01 4.73672211e+02
    4.08640472e+02 6.85840070e-01 4.94225220e+02 4.14310272e+02
    6.30744159e-01 5.06273560e+02 4.22814972e+02 7.70077229e-01
    5.17613159e+02 4.29902222e+02 8.43533218e-01 4.83594360e+02
    4.23523712e+02 6.77449703e-01 4.94933960e+02 4.38406952e+02
    7.93408990e-01 5.02021210e+02 4.51872711e+02 8.26653600e-01
    5.06982269e+02 4.61794861e+02 9.06429708e-01 4.68711121e+02
    4.27067322e+02 7.11577177e-01 4.77924561e+02 4.41950562e+02
    6.63112998e-01 4.87846710e+02 4.55416351e+02 7.31056690e-01
    4.95642670e+02 4.68173401e+02 8.72735322e-01 4.54536621e+02
    4.31319702e+02 6.50289237e-01 4.56662781e+02 4.42659302e+02
    7.24181652e-01 4.61623871e+02 4.58959961e+02 8.53188992e-01
    4.66584961e+02 4.71008301e+02 8.06681633e-01 4.38944672e+02
    4.32737152e+02 6.68085575e-01 4.38235931e+02 4.46911652e+02
    8.20542872e-01 4.38944672e+02 4.56125061e+02 8.13426971e-01
    4.40362122e+02 4.66047211e+02 8.31036389e-01</data></hand_right_0>
</opencv_storage>
