<?xml version="1.0"?>
<opencv_storage>
<hand_right_0 type_id="opencv-nd-matrix">
  <sizes>
    1 21 3</sizes>
  <dt>f</dt>
  <data>
    4.61051208e+02 3.86055359e+02 6.16572261e-01 4.77788239e+02
    3.92604645e+02 7.45574117e-01 4.97436035e+02 3.99881622e+02
    6.86450720e-01 5.09079193e+02 4.10797058e+02 8.13624144e-01
    5.20722351e+02 4.21712524e+02 8.32354426e-01 4.86520599e+02
    4.10069366e+02 7.14378238e-01 4.93797546e+02 4.24623291e+02
    7.92217135e-01 5.01074524e+02 4.39177246e+02 8.73257637e-01
    5.04713013e+02 4.50092682e+02 9.13900256e-01 4.70511261e+02
    4.12252472e+02 7.39579499e-01 4.77060516e+02 4.27534088e+02
    6.39960229e-01 4.85065186e+02 4.42088043e+02 7.18124509e-01
    4.91614471e+02 4.55914276e+02 8.62403929e-01 4.56685028e+02
    4.16618652e+02 7.05861390e-01 4.58140411e+02 4.28261780e+02
    6.16124570e-01 4.62506592e+02 4.44271118e+02 8.05896759e-01
    4.64689697e+02 4.57369659e+02 8.46424282e-01 4.40675690e+02
    4.16618652e+02 7.03574419e-01 4.41403381e+02 4.31900269e+02
    8.26198816e-01 4.42131073e+02 4.42815735e+02 8.12626183e-01
    4.46497253e+02 4.53731171e+02 7.94669151e-01</data></hand_right_0>
</opencv_storage>
