<?xml version="1.0"?>
<opencv_storage>
<hand_left_0 type_id="opencv-nd-matrix">
  <sizes>
    1 21 3</sizes>
  <dt>f</dt>
  <data>
    4.59008606e+02 3.88042480e+02 5.51477611e-01 4.46005432e+02
    4.01768036e+02 6.19931281e-01 4.38781464e+02 4.19827972e+02
    6.34516895e-01 4.39503876e+02 4.33553528e+02 6.21068120e-01
    4.45283051e+02 4.49446259e+02 4.53580320e-01 4.54674225e+02
    4.15493591e+02 5.91870070e-01 4.43838257e+02 4.27774353e+02
    3.95970404e-01 4.43838257e+02 4.40777496e+02 5.09666681e-01
    4.46005432e+02 4.50891083e+02 6.39086723e-01 4.69122162e+02
    4.09714386e+02 6.52469039e-01 4.79235748e+02 4.24884766e+02
    3.50168824e-01 4.62620605e+02 4.41499908e+02 5.02130628e-01
    4.61898193e+02 4.53780670e+02 6.85377479e-01 4.84292511e+02
    4.04657623e+02 6.70576870e-01 4.95128479e+02 4.21272766e+02
    5.81860185e-01 5.01630066e+02 4.31386322e+02 5.52042127e-01
    4.95850891e+02 4.45111877e+02 5.67752123e-01 4.97295685e+02
    3.96711243e+02 7.16197252e-01 5.06686859e+02 3.99600830e+02
    7.37948060e-01 5.13188416e+02 4.04657623e+02 7.90984392e-01
    5.16800415e+02 4.10436798e+02 7.02282071e-01</data></hand_left_0>
</opencv_storage>
