<?xml version="1.0"?>
<opencv_storage>
<hand_right_0 type_id="opencv-nd-matrix">
  <sizes>
    1 21 3</sizes>
  <dt>f</dt>
  <data>
    4.61919708e+02 3.88878662e+02 5.71023285e-01 4.79178223e+02
    3.95350616e+02 7.23267674e-01 4.98594055e+02 4.03979858e+02
    6.79154396e-01 5.09380615e+02 4.15485535e+02 8.07238102e-01
    5.20167175e+02 4.24833893e+02 7.95394182e-01 4.85650177e+02
    4.12609131e+02 7.14928091e-01 4.93560303e+02 4.27710327e+02
    8.19308519e-01 5.00032257e+02 4.41373322e+02 8.17538321e-01
    5.04346893e+02 4.52159882e+02 9.27732348e-01 4.70548950e+02
    4.16204651e+02 7.66757786e-01 4.77020905e+02 4.30586731e+02
    6.69733107e-01 4.83492859e+02 4.45687927e+02 7.65865684e-01
    4.91403015e+02 4.58631836e+02 8.77831519e-01 4.55447754e+02
    4.18361969e+02 7.00882733e-01 4.59043274e+02 4.32744049e+02
    6.94207847e-01 4.63357910e+02 4.47126160e+02 8.01182091e-01
    4.64796143e+02 4.61508240e+02 7.87396252e-01 4.40346558e+02
    4.20519287e+02 6.92634404e-01 4.41784790e+02 4.34901367e+02
    8.08972538e-01 4.42503876e+02 4.45687927e+02 7.97404885e-01
    4.47537598e+02 4.57193604e+02 8.01255822e-01</data></hand_right_0>
</opencv_storage>
