<?xml version="1.0"?>
<opencv_storage>
<pose_0 type_id="opencv-nd-matrix">
  <sizes>
    1 18 3</sizes>
  <dt>f</dt>
  <data>
    4.57790405e+02 1.64322601e+02 6.66531205e-01 4.73432953e+02
    1.01792976e+02 8.02149415e-01 3.73709564e+02 9.97123718e+01
    6.96042418e-01 4.16703979e+02 2.87655121e+02 7.56132364e-01
    4.59845825e+02 4.12886292e+02 8.63369942e-01 5.75198914e+02
    1.15368904e+02 6.44274771e-01 5.34116638e+02 3.01276611e+02
    7.60903001e-01 4.94990112e+02 4.26481995e+02 5.43141842e-01
    3.81451447e+02 2.97375061e+02 4.04167175e-01 3.20857819e+02
    4.44146973e+02 2.13022009e-01 0. 0. 0. 4.89139862e+02 3.11085785e+02
    4.34101164e-01 5.39983521e+02 4.57784119e+02 1.17512479e-01 0. 0. 0.
    4.44104736e+02 1.46703354e+02 5.68369687e-01 4.77404327e+02
    1.48722519e+02 6.81140661e-01 4.06946259e+02 9.97588577e+01
    2.09494263e-01 5.14584167e+02 8.02236404e+01 2.59991765e-01</data></pose_0>
</opencv_storage>
