<?xml version="1.0"?>
<opencv_storage>
<hand_right_0 type_id="opencv-nd-matrix">
  <sizes>
    1 21 3</sizes>
  <dt>f</dt>
  <data>
    4.61207062e+02 4.19743927e+02 6.19079590e-01 4.78337463e+02
    4.25454071e+02 7.33241439e-01 4.99036713e+02 4.32591736e+02
    7.22984016e-01 5.10456970e+02 4.41156952e+02 8.49027634e-01
    5.19735962e+02 4.51863434e+02 7.68888950e-01 4.86188904e+02
    4.40443176e+02 6.46902561e-01 4.94754089e+02 4.54004730e+02
    7.89920092e-01 5.03319305e+02 4.69707611e+02 8.02141666e-01
    5.06174377e+02 4.81127899e+02 8.45907807e-01 4.70486023e+02
    4.41870697e+02 7.59539664e-01 4.77623688e+02 4.56146057e+02
    7.43090689e-01 4.86902649e+02 4.71135162e+02 7.79271722e-01
    4.94040344e+02 4.86124268e+02 9.15979505e-01 4.55496918e+02
    4.46153320e+02 6.29575729e-01 4.59065765e+02 4.57573578e+02
    7.34948993e-01 4.62634583e+02 4.71848907e+02 7.97332048e-01
    4.66203430e+02 4.84696716e+02 7.75380850e-01 4.41935333e+02
    4.47580841e+02 6.96025193e-01 4.39080292e+02 4.59714874e+02
    8.32288027e-01 4.41935333e+02 4.71135162e+02 8.02171052e-01
    4.45504181e+02 4.81841644e+02 7.90129781e-01</data></hand_right_0>
</opencv_storage>
