<?xml version="1.0"?>
<opencv_storage>
<hand_left_0 type_id="opencv-nd-matrix">
  <sizes>
    1 21 3</sizes>
  <dt>f</dt>
  <data>
    4.61700012e+02 4.06766510e+02 5.48314929e-01 4.50545105e+02
    4.20546112e+02 6.67393267e-01 4.40046356e+02 4.37606567e+02
    5.98069429e-01 4.26266754e+02 4.46792969e+02 6.20034754e-01
    4.15111847e+02 4.53354675e+02 7.53423393e-01 4.55794495e+02
    4.38262726e+02 5.71813762e-01 4.43327209e+02 4.48105316e+02
    4.31213349e-01 4.42671051e+02 4.61228729e+02 6.27765775e-01
    4.44639557e+02 4.73696014e+02 6.97820067e-01 4.70886444e+02
    4.34981873e+02 6.78234577e-01 4.80729004e+02 4.54667023e+02
    4.57330883e-01 4.62356201e+02 4.65165771e+02 5.30300856e-01
    4.59731506e+02 4.80257721e+02 6.36924446e-01 4.85978363e+02
    4.31701019e+02 6.73952878e-01 4.94508606e+02 4.51386169e+02
    6.95704222e-01 5.01070313e+02 4.63197266e+02 6.48842812e-01
    5.05007355e+02 4.74352173e+02 7.60053217e-01 4.99101807e+02
    4.25139313e+02 7.72027254e-01 5.08944397e+02 4.39575073e+02
    7.04899669e-01 5.14849915e+02 4.44168274e+02 7.30159223e-01
    5.18786987e+02 4.48105316e+02 5.85892856e-01</data></hand_left_0>
</opencv_storage>
