<?xml version="1.0"?>
<opencv_storage>
<pose_0 type_id="opencv-nd-matrix">
  <sizes>
    1 18 3</sizes>
  <dt>f</dt>
  <data>
    4.63701263e+02 1.01794769e+02 8.17757249e-01 4.63669739e+02
    7.03911514e+01 7.23327219e-01 3.63870819e+02 6.85363235e+01
    6.78440928e-01 4.12881592e+02 2.56364532e+02 7.44460940e-01
    4.59669647e+02 3.81563843e+02 8.42284679e-01 5.67402588e+02
    8.21730881e+01 6.73268497e-01 5.26292969e+02 2.68058319e+02
    7.54432440e-01 4.94990936e+02 3.95170227e+02 5.46344221e-01
    3.81473450e+02 2.91543243e+02 4.34254020e-01 3.24756622e+02
    4.30381592e+02 4.75963414e-01 2.87612213e+02 4.83256165e+02
    7.79998675e-02 4.91053131e+02 3.03259277e+02 4.46171701e-01
    5.26315002e+02 3.97191315e+02 7.74707943e-02 0. 0. 0. 4.46047394e+02
    8.40716324e+01 7.86838531e-01 4.83287964e+02 8.21171646e+01
    7.87909865e-01 3.95189026e+02 1.95241241e+01 6.14589095e-01
    5.24414185e+02 4.83432531e+00 5.95202625e-01</data></pose_0>
</opencv_storage>
