<?xml version="1.0"?>
<opencv_storage>
<hand_right_0 type_id="opencv-nd-matrix">
  <sizes>
    1 21 3</sizes>
  <dt>f</dt>
  <data>
    4.58768951e+02 4.14759247e+02 4.97656912e-01 4.76666840e+02
    4.21202484e+02 6.55555964e-01 4.95996582e+02 4.27645752e+02
    6.69945538e-01 5.06735321e+02 4.37668579e+02 8.17541361e-01
    5.17474060e+02 4.45543640e+02 7.49670684e-01 4.85973755e+02
    4.36952667e+02 6.40132904e-01 4.95280670e+02 4.51270996e+02
    7.73801029e-01 5.03155762e+02 4.65589294e+02 8.23229194e-01
    5.06735321e+02 4.74896210e+02 8.38506520e-01 4.70223602e+02
    4.39100403e+02 7.53649712e-01 4.78814606e+02 4.53418732e+02
    7.11659074e-01 4.88121521e+02 4.67737061e+02 7.81753659e-01
    4.95996582e+02 4.79907623e+02 8.97758722e-01 4.55189362e+02
    4.41248138e+02 6.66279912e-01 4.58053009e+02 4.53418732e+02
    6.87640965e-01 4.61632599e+02 4.68452972e+02 8.35886955e-01
    4.66644012e+02 4.79907623e+02 7.94651866e-01 4.40871033e+02
    4.41248138e+02 6.37197793e-01 4.38007355e+02 4.55566467e+02
    8.55813086e-01 4.38723267e+02 4.67021149e+02 7.89148211e-01
    4.41586945e+02 4.77043976e+02 7.91578352e-01</data></hand_right_0>
</opencv_storage>
