<?xml version="1.0"?>
<opencv_storage>
<hand_left_0 type_id="opencv-nd-matrix">
  <sizes>
    1 21 3</sizes>
  <dt>f</dt>
  <data>
    4.60760132e+02 3.98359894e+02 5.24323463e-01 4.48864929e+02
    4.10915955e+02 6.26245677e-01 4.38952240e+02 4.28097931e+02
    5.24169087e-01 4.26396179e+02 4.37349792e+02 7.83834517e-01
    4.14500946e+02 4.47262451e+02 8.56704473e-01 4.53490845e+02
    4.26776245e+02 5.64407885e-01 4.42917297e+02 4.36688934e+02
    6.31760120e-01 4.42917297e+02 4.49905853e+02 8.37873518e-01
    4.43578156e+02 4.62461914e+02 7.74804473e-01 4.70011963e+02
    4.24132874e+02 7.11343169e-01 4.64064362e+02 4.42636536e+02
    4.22986388e-01 4.64064362e+02 4.55853455e+02 6.74924076e-01
    4.59438446e+02 4.69731201e+02 7.14843392e-01 4.85872253e+02
    4.21489502e+02 7.52310276e-01 4.95124084e+02 4.39332306e+02
    6.62482321e-01 5.01071686e+02 4.52549225e+02 5.47179580e-01
    5.06358459e+02 4.63783600e+02 7.07197428e-01 5.00410858e+02
    4.14881042e+02 7.66876698e-01 5.08341003e+02 4.26776245e+02
    6.98118329e-01 5.14288574e+02 4.32063019e+02 7.05769598e-01
    5.18253662e+02 4.36688934e+02 5.94070375e-01</data></hand_left_0>
</opencv_storage>
