<?xml version="1.0"?>
<opencv_storage>
<hand_left_0 type_id="opencv-nd-matrix">
  <sizes>
    2 21 3</sizes>
  <dt>f</dt>
  <data>
    4.60489075e+02 3.99787048e+02 5.42559326e-01 4.46365051e+02
    4.14654419e+02 6.30756557e-01 4.38187988e+02 4.32495300e+02
    5.33220589e-01 4.35957855e+02 4.46619324e+02 3.34888130e-01
    4.14400146e+02 4.42902466e+02 2.61748910e-01 4.49338531e+02
    4.31751923e+02 4.80364323e-01 4.39674713e+02 4.42902466e+02
    5.77187717e-01 4.41161438e+02 4.56283142e+02 6.74972773e-01
    4.44134918e+02 4.67433685e+02 7.86023736e-01 4.66436005e+02
    4.28035095e+02 6.50380611e-01 4.61975800e+02 4.45132599e+02
    4.96623278e-01 4.61975800e+02 4.57769867e+02 6.06926858e-01
    4.64205902e+02 4.71893890e+02 7.58608043e-01 4.81303406e+02
    4.23574860e+02 6.05084300e-01 4.90223846e+02 4.40672363e+02
    6.70104980e-01 4.96914185e+02 4.56283142e+02 6.38029158e-01
    5.02861115e+02 4.67433685e+02 5.43884635e-01 4.97657532e+02
    4.16884552e+02 7.66817689e-01 5.08064728e+02 4.25804962e+02
    7.88141608e-01 5.14755066e+02 4.31008575e+02 8.44159603e-01
    5.16985168e+02 4.39185638e+02 7.09128082e-01 0. 0. 0. 0. 0. 0. 0. 0.
    0. 0. 0. 0. 0. 0. 0. 0. 0. 0. 0. 0. 0. 0. 0. 0. 0. 0. 0. 0. 0. 0. 0.
    0. 0. 0. 0. 0. 0. 0. 0. 0. 0. 0. 0. 0. 0. 0. 0. 0. 0. 0. 0. 0. 0. 0.
    0. 0. 0. 0. 0. 0. 0. 0. 0.</data></hand_left_0>
</opencv_storage>
