<?xml version="1.0"?>
<opencv_storage>
<hand_left_0 type_id="opencv-nd-matrix">
  <sizes>
    1 21 3</sizes>
  <dt>f</dt>
  <data>
    4.57715607e+02 4.19665588e+02 4.14692581e-01 4.45129578e+02
    4.31511261e+02 5.81267893e-01 4.35504944e+02 4.50020142e+02
    4.58998680e-01 4.25139984e+02 4.56683350e+02 5.43764472e-01
    4.14034637e+02 4.59644775e+02 7.86823094e-01 4.45129578e+02
    4.42616608e+02 5.36163032e-01 4.39206726e+02 4.55942993e+02
    7.02289462e-01 4.42168152e+02 4.69269379e+02 7.38194764e-01
    4.44389221e+02 4.78894012e+02 8.22661102e-01 4.62898102e+02
    4.40395538e+02 6.59184694e-01 4.60677032e+02 4.55202637e+02
    5.86004496e-01 4.64378815e+02 4.70750092e+02 6.97770000e-01
    4.65859528e+02 4.82595795e+02 7.57850170e-01 4.79926270e+02
    4.35953400e+02 6.86089873e-01 4.91031616e+02 4.52241211e+02
    5.76344073e-01 4.96954437e+02 4.64827271e+02 5.58532834e-01
    5.06579071e+02 4.75192230e+02 6.01649821e-01 4.95473755e+02
    4.28549835e+02 7.12796748e-01 5.03617645e+02 4.32251617e+02
    8.24528396e-01 5.11021210e+02 4.37434113e+02 8.28516424e-01
    5.16203674e+02 4.43356964e+02 7.63825178e-01</data></hand_left_0>
</opencv_storage>
