<?xml version="1.0"?>
<opencv_storage>
<hand_left_0 type_id="opencv-nd-matrix">
  <sizes>
    1 21 3</sizes>
  <dt>f</dt>
  <data>
    4.57420349e+02 4.22511841e+02 5.83761930e-01 4.45165466e+02
    4.34766724e+02 6.14272535e-01 4.35794098e+02 4.52067719e+02
    4.96854842e-01 4.24260071e+02 4.57834747e+02 4.53738838e-01
    4.14167816e+02 4.62160004e+02 7.22767234e-01 4.48769867e+02
    4.47021606e+02 4.82592523e-01 4.40119354e+02 4.58555603e+02
    6.48704112e-01 4.40840210e+02 4.71531372e+02 7.45140195e-01
    4.41561096e+02 4.81623627e+02 8.10893893e-01 4.64629120e+02
    4.43417236e+02 6.39272034e-01 4.58862122e+02 4.58555603e+02
    4.83959764e-01 4.63187378e+02 4.73694000e+02 6.48348749e-01
    4.62466492e+02 4.85948883e+02 6.90845370e-01 4.81209259e+02
    4.39091980e+02 6.78413868e-01 4.92743256e+02 4.55672119e+02
    5.89290261e-01 4.99952026e+02 4.67206116e+02 5.79501629e-01
    5.04998169e+02 4.79460999e+02 6.86465919e-01 4.96347656e+02
    4.31883209e+02 6.97981417e-01 5.04998169e+02 4.35487579e+02
    7.60862947e-01 5.11486023e+02 4.39812836e+02 8.06103468e-01
    5.15811279e+02 4.45579865e+02 7.57194757e-01</data></hand_left_0>
</opencv_storage>
