<?xml version="1.0"?>
<opencv_storage>
<pose_0 type_id="opencv-nd-matrix">
  <sizes>
    1 18 3</sizes>
  <dt>f</dt>
  <data>
    4.26472870e+02 1.33047226e+02 8.83031368e-01 4.42120941e+02
    9.19636078e+01 7.87477434e-01 3.50180359e+02 9.78373795e+01
    7.38977551e-01 4.06939301e+02 2.60179688e+02 8.02340806e-01
    4.59786102e+02 3.97157288e+02 8.36807609e-01 5.38008179e+02
    9.00160599e+01 7.09715545e-01 5.08759949e+02 2.71874908e+02
    8.58182847e-01 4.93024902e+02 4.14721466e+02 6.07714415e-01
    3.75678284e+02 2.91537201e+02 4.39523906e-01 3.32634338e+02
    4.42164764e+02 5.07060230e-01 3.05241913e+02 4.91087555e+02
    1.06937669e-01 4.75399658e+02 2.99339874e+02 4.88161802e-01
    5.12601624e+02 4.05022980e+02 1.13706574e-01 0. 0. 0. 4.01136230e+02
    1.15389999e+02 7.78270721e-01 4.44114502e+02 1.11535423e+02
    8.10295463e-01 3.77596100e+02 8.80521164e+01 1.71053514e-01
    4.89110260e+02 5.28533669e+01 7.51169086e-01</data></pose_0>
</opencv_storage>
