<?xml version="1.0"?>
<opencv_storage>
<hand_right_0 type_id="opencv-nd-matrix">
  <sizes>
    1 21 3</sizes>
  <dt>f</dt>
  <data>
    4.62376923e+02 4.04908020e+02 6.69320822e-01 4.79191162e+02
    4.10728333e+02 7.36967683e-01 4.99238861e+02 4.19782135e+02
    7.95645714e-01 5.08939362e+02 4.32069458e+02 7.77854204e-01
    5.17346497e+02 4.42416656e+02 7.82640636e-01 4.87598267e+02
    4.28835938e+02 7.52860188e-01 4.95358673e+02 4.45003448e+02
    8.10298562e-01 5.01825653e+02 4.59230865e+02 7.88038135e-01
    5.04412476e+02 4.70871490e+02 9.08432364e-01 4.72724152e+02
    4.30776031e+02 8.47914994e-01 4.79837860e+02 4.47590271e+02
    6.93589151e-01 4.86304840e+02 4.62464355e+02 6.24745548e-01
    4.86951538e+02 4.72164886e+02 4.48878556e-01 4.57850037e+02
    4.34009552e+02 7.13703930e-01 4.60436829e+02 4.46296844e+02
    7.11964965e-01 4.63023621e+02 4.61170959e+02 7.93560565e-01
    4.62376923e+02 4.74751678e+02 7.26768255e-01 4.42329224e+02
    4.34009552e+02 6.39161825e-01 4.41682526e+02 4.45650146e+02
    7.85149932e-01 4.42329224e+02 4.56644073e+02 8.25308740e-01
    4.42329224e+02 4.66344574e+02 7.89529800e-01</data></hand_right_0>
</opencv_storage>
