<?xml version="1.0"?>
<opencv_storage>
<hand_left_0 type_id="opencv-nd-matrix">
  <sizes>
    1 21 3</sizes>
  <dt>f</dt>
  <data>
    4.57646790e+02 4.04611481e+02 5.56510329e-01 4.46388794e+02
    4.19387573e+02 6.14463210e-01 4.35834473e+02 4.39089020e+02
    3.97501767e-01 4.25280121e+02 4.46125244e+02 5.18472433e-01
    4.15429382e+02 4.48939758e+02 7.41537213e-01 4.51314178e+02
    4.34867279e+02 5.33854663e-01 4.40759827e+02 4.46828888e+02
    6.61606669e-01 4.41463440e+02 4.57383240e+02 7.26563096e-01
    4.46388794e+02 4.67233948e+02 8.01067948e-01 4.67497498e+02
    4.29941925e+02 6.40996814e-01 4.63275757e+02 4.44718018e+02
    4.92064118e-01 4.65386627e+02 4.58790466e+02 6.85981214e-01
    4.68201141e+02 4.70752075e+02 7.43550062e-01 4.81569977e+02
    4.24312927e+02 6.38521910e-01 4.92827942e+02 4.39089020e+02
    6.47267997e-01 5.01271423e+02 4.52457855e+02 6.07904017e-01
    5.08307648e+02 4.61604950e+02 5.70782900e-01 4.97049683e+02
    4.15165833e+02 7.24880338e-01 5.05493164e+02 4.21498444e+02
    7.14690328e-01 5.13936646e+02 4.27831055e+02 8.11187446e-01
    5.17454773e+02 4.34163666e+02 6.70628190e-01</data></hand_left_0>
</opencv_storage>
