<?xml version="1.0"?>
<opencv_storage>
<hand_left_0 type_id="opencv-nd-matrix">
  <sizes>
    1 21 3</sizes>
  <dt>f</dt>
  <data>
    4.58619080e+02 4.06196686e+02 5.29628813e-01 4.46700500e+02
    4.18115265e+02 6.07979357e-01 4.37586273e+02 4.39148071e+02
    4.44426864e-01 4.29874237e+02 4.46159027e+02 4.45282221e-01
    4.15852356e+02 4.48262299e+02 7.63122439e-01 4.50907043e+02
    4.34240417e+02 5.53895831e-01 4.39689545e+02 4.45457916e+02
    6.55376315e-01 4.41091736e+02 4.57376526e+02 7.29653656e-01
    4.44597198e+02 4.67892914e+02 8.31406355e-01 4.67733307e+02
    4.30033875e+02 6.83833659e-01 4.60722351e+02 4.46860107e+02
    4.41676378e-01 4.63526733e+02 4.60180908e+02 5.66883206e-01
    4.64227844e+02 4.70697296e+02 7.42480397e-01 4.83858459e+02
    4.24425110e+02 6.51119828e-01 4.93673767e+02 4.40550262e+02
    6.63701057e-01 4.99983612e+02 4.53871063e+02 6.13239944e-01
    5.06293457e+02 4.64387451e+02 6.04853988e-01 4.97179230e+02
    4.17414185e+02 7.23182321e-01 5.06994537e+02 4.23022919e+02
    8.10364544e-01 5.12603271e+02 4.28631683e+02 8.51245582e-01
    5.17510925e+02 4.35642609e+02 7.64190853e-01</data></hand_left_0>
</opencv_storage>
