<?xml version="1.0"?>
<opencv_storage>
<hand_left_0 type_id="opencv-nd-matrix">
  <sizes>
    1 21 3</sizes>
  <dt>f</dt>
  <data>
    4.59536011e+02 3.91544403e+02 5.29032111e-01 4.47638855e+02
    4.05541077e+02 6.06177807e-01 4.37141357e+02 4.23736755e+02
    4.36425984e-01 4.35041840e+02 4.35633911e+02 2.87660837e-01
    4.17546021e+02 4.32134735e+02 4.33090717e-01 4.47638855e+02
    4.17438232e+02 5.37749171e-01 4.42040192e+02 4.30035248e+02
    7.18982816e-01 4.42040192e+02 4.44731750e+02 7.18403757e-01
    4.46239197e+02 4.55229248e+02 7.25453317e-01 4.64434845e+02
    4.13939087e+02 6.31558061e-01 4.58836182e+02 4.30735077e+02
    5.73152065e-01 4.60235840e+02 4.46131409e+02 6.20181859e-01
    4.60235840e+02 4.57328735e+02 7.57025003e-01 4.81930695e+02
    4.11139740e+02 5.94790578e-01 4.93128021e+02 4.28635590e+02
    5.01697063e-01 4.98026855e+02 4.39832916e+02 4.69130397e-01
    5.06424866e+02 4.48230927e+02 5.72344303e-01 4.98026855e+02
    4.02741730e+02 6.96700990e-01 5.07124695e+02 4.08340393e+02
    7.24598348e-01 5.14123047e+02 4.15338745e+02 7.47658014e-01
    5.17622192e+02 4.22337067e+02 7.04924107e-01</data></hand_left_0>
</opencv_storage>
