<?xml version="1.0"?>
<opencv_storage>
<hand_right_0 type_id="opencv-nd-matrix">
  <sizes>
    1 21 3</sizes>
  <dt>f</dt>
  <data>
    4.60224274e+02 4.37050537e+02 5.81471086e-01 4.79944916e+02
    4.42850708e+02 5.57454884e-01 5.01985657e+02 4.50390961e+02
    7.12899089e-01 5.14166077e+02 4.60831329e+02 8.03132474e-01
    5.24606384e+02 4.68951599e+02 8.38952541e-01 4.94445404e+02
    4.53871094e+02 6.10202074e-01 5.05465790e+02 4.68371552e+02
    7.23737180e-01 5.11845978e+02 4.81131989e+02 7.79747188e-01
    5.16486145e+02 4.91572327e+02 8.01658452e-01 4.79364899e+02
    4.56191162e+02 7.48418152e-01 4.92125336e+02 4.73011719e+02
    6.17443919e-01 5.00825623e+02 4.84612091e+02 6.78998411e-01
    5.06045807e+02 4.93312378e+02 7.40082264e-01 4.64864441e+02
    4.60831329e+02 7.35232472e-01 4.73564728e+02 4.75331787e+02
    5.50321162e-01 4.77624847e+02 4.84032074e+02 5.36085546e-01
    4.78204865e+02 4.88672241e+02 4.46308911e-01 4.50943970e+02
    4.64891449e+02 5.89773655e-01 4.56744171e+02 4.79971954e+02
    6.55759752e-01 4.58484222e+02 4.89252258e+02 6.72013819e-01
    4.59644257e+02 4.94472443e+02 6.16648376e-01</data></hand_right_0>
</opencv_storage>
