<?xml version="1.0"?>
<opencv_storage>
<hand_right_0 type_id="opencv-nd-matrix">
  <sizes>
    1 21 3</sizes>
  <dt>f</dt>
  <data>
    4.61989380e+02 4.31280273e+02 5.93908370e-01 4.80712769e+02
    4.37716431e+02 5.75845599e-01 5.02946808e+02 4.45322815e+02
    7.19493032e-01 5.13478699e+02 4.57610046e+02 7.82474816e-01
    5.25765930e+02 4.64046204e+02 8.49202156e-01 4.94170197e+02
    4.49418579e+02 6.53599799e-01 5.03531891e+02 4.64046204e+02
    8.03285718e-01 5.09968079e+02 4.77503662e+02 8.45933795e-01
    5.14063782e+02 4.87450439e+02 8.33594024e-01 4.79542572e+02
    4.51173889e+02 7.59701550e-01 4.91244690e+02 4.68727051e+02
    5.98463833e-01 4.98265961e+02 4.81014282e+02 6.45946503e-01
    5.03531891e+02 4.89205780e+02 6.87516630e-01 4.65500031e+02
    4.54684509e+02 7.70768940e-01 4.74276611e+02 4.77503662e+02
    5.17113686e-01 4.74861725e+02 4.82184509e+02 4.49882299e-01
    4.88904266e+02 4.92131287e+02 4.27606374e-01 4.51457489e+02
    4.59365356e+02 7.01504588e-01 4.55553223e+02 4.73993011e+02
    7.25351274e-01 4.56138336e+02 4.82769592e+02 6.90008879e-01
    4.57893646e+02 4.89205780e+02 6.59516871e-01</data></hand_right_0>
</opencv_storage>
