<?xml version="1.0"?>
<opencv_storage>
<hand_right_0 type_id="opencv-nd-matrix">
  <sizes>
    1 21 3</sizes>
  <dt>f</dt>
  <data>
    4.56897400e+02 4.14161987e+02 5.75796068e-01 4.75172607e+02
    4.19279022e+02 6.80439472e-01 4.95640808e+02 4.25858093e+02
    7.01633632e-01 5.06605927e+02 4.34630188e+02 7.63686061e-01
    5.16109009e+02 4.42671265e+02 7.85078406e-01 4.84675690e+02
    4.34630188e+02 6.26416564e-01 4.95640808e+02 4.49250336e+02
    7.36488879e-01 5.03681885e+02 4.62408478e+02 8.10120761e-01
    5.08067932e+02 4.72642578e+02 8.80334258e-01 4.69324524e+02
    4.37554230e+02 7.58882403e-01 4.78827637e+02 4.52174377e+02
    6.54913723e-01 4.89061737e+02 4.66063507e+02 8.01742673e-01
    4.97102814e+02 4.78490631e+02 8.85180235e-01 4.53973389e+02
    4.41209259e+02 6.67423010e-01 4.59090424e+02 4.52905365e+02
    7.30574191e-01 4.65669495e+02 4.67525513e+02 8.51814568e-01
    4.70786560e+02 4.79221649e+02 7.44877994e-01 4.40084229e+02
    4.43402283e+02 6.63418770e-01 4.37891235e+02 4.55829407e+02
    7.94521928e-01 4.41546265e+02 4.66794525e+02 7.65761733e-01
    4.43008270e+02 4.77028625e+02 7.83868790e-01</data></hand_right_0>
</opencv_storage>
