<?xml version="1.0"?>
<opencv_storage>
<hand_left_0 type_id="opencv-nd-matrix">
  <sizes>
    1 21 3</sizes>
  <dt>f</dt>
  <data>
    4.60759491e+02 3.94758759e+02 5.25985181e-01 4.47167816e+02
    4.06919708e+02 6.62470281e-01 4.37868256e+02 4.24803467e+02
    4.61434722e-01 4.37152924e+02 4.38395142e+02 2.93507338e-01
    4.16407745e+02 4.34818390e+02 3.23483229e-01 4.49313873e+02
    4.20511383e+02 4.86605763e-01 4.42875732e+02 4.31956970e+02
    5.96270859e-01 4.43591064e+02 4.46264008e+02 7.00624347e-01
    4.45737122e+02 4.56994263e+02 7.51454413e-01 4.65766937e+02
    4.15503937e+02 6.18811727e-01 4.62190186e+02 4.32672333e+02
    5.33066213e-01 4.63620880e+02 4.46979340e+02 6.55792177e-01
    4.64336243e+02 4.59855652e+02 7.33906627e-01 4.80789307e+02
    4.11211823e+02 5.99613547e-01 4.92950256e+02 4.28380219e+02
    5.47824800e-01 4.99388397e+02 4.40541199e+02 5.18510103e-01
    4.92950256e+02 4.54132843e+02 5.44439793e-01 4.96527008e+02
    4.01912262e+02 7.00122654e-01 5.06541901e+02 4.06919708e+02
    7.68211007e-01 5.12980042e+02 4.13357880e+02 7.78751552e-01
    5.17987488e+02 4.19796021e+02 7.24931419e-01</data></hand_left_0>
</opencv_storage>
