<?xml version="1.0"?>
<opencv_storage>
<hand_right_0 type_id="opencv-nd-matrix">
  <sizes>
    2 21 3</sizes>
  <dt>f</dt>
  <data>
    4.59480316e+02 4.17072998e+02 5.93414664e-01 4.77365082e+02
    4.22796112e+02 7.11701512e-01 4.98111420e+02 4.29950012e+02
    6.93239391e-01 5.07411499e+02 4.39250122e+02 7.76136816e-01
    5.17426941e+02 4.47119415e+02 6.97734237e-01 4.85234375e+02
    4.38534729e+02 6.77719474e-01 4.95249847e+02 4.55704102e+02
    7.92463660e-01 5.02403748e+02 4.67865723e+02 8.16501200e-01
    5.06696106e+02 4.79311981e+02 9.05684590e-01 4.70211182e+02
    4.40680878e+02 7.19589114e-01 4.78080475e+02 4.55704102e+02
    6.79164231e-01 4.87380554e+02 4.72158081e+02 7.58936167e-01
    4.95249847e+02 4.85035126e+02 9.01299298e-01 4.55187958e+02
    4.44973236e+02 7.23899186e-01 4.59480316e+02 4.56419495e+02
    7.16225684e-01 4.65203430e+02 4.72873474e+02 7.85321176e-01
    4.69495789e+02 4.84319733e+02 8.14738452e-01 4.39449371e+02
    4.47119415e+02 6.61421716e-01 4.38733978e+02 4.59996429e+02
    8.23914051e-01 4.40164764e+02 4.70011902e+02 7.29407012e-01
    4.43026306e+02 4.80027374e+02 8.33807170e-01 0. 0. 0. 0. 0. 0. 0. 0.
    0. 0. 0. 0. 0. 0. 0. 0. 0. 0. 0. 0. 0. 0. 0. 0. 0. 0. 0. 0. 0. 0. 0.
    0. 0. 0. 0. 0. 0. 0. 0. 0. 0. 0. 0. 0. 0. 0. 0. 0. 0. 0. 0. 0. 0. 0.
    0. 0. 0. 0. 0. 0. 0. 0. 0.</data></hand_right_0>
</opencv_storage>
