<?xml version="1.0"?>
<opencv_storage>
<pose_0 type_id="opencv-nd-matrix">
  <sizes>
    1 18 3</sizes>
  <dt>f</dt>
  <data>
    4.98945557e+02 1.48741257e+02 7.60579765e-01 4.67590820e+02
    9.39250412e+01 7.74772525e-01 3.67774231e+02 9.19623642e+01
    6.25771761e-01 4.05024811e+02 2.75889008e+02 6.73962831e-01
    4.59686981e+02 4.08875031e+02 8.58666122e-01 5.69388489e+02
    1.01765472e+02 6.79442108e-01 5.30208313e+02 2.93448486e+02
    7.06845760e-01 4.96986481e+02 4.12762268e+02 6.82029605e-01
    3.75641144e+02 2.93488037e+02 4.05448586e-01 3.24774261e+02
    4.30469757e+02 4.47543085e-01 2.81738129e+02 4.81295288e+02
    1.21452332e-01 4.89158173e+02 3.11106018e+02 3.98174763e-01
    5.51708008e+02 4.49991730e+02 1.07138850e-01 0. 0. 0. 4.89117798e+02
    1.32976700e+02 7.86478698e-01 5.10739227e+02 1.31112854e+02
    5.00816762e-01 4.34359802e+02 8.40827179e+01 3.19081187e-01 0. 0. 0.</data></pose_0>
</opencv_storage>
