<?xml version="1.0"?>
<opencv_storage>
<hand_left_0 type_id="opencv-nd-matrix">
  <sizes>
    1 21 3</sizes>
  <dt>f</dt>
  <data>
    4.59295593e+02 3.86459747e+02 5.54127157e-01 4.47278870e+02
    4.00597107e+02 6.44239426e-01 4.38089600e+02 4.18975616e+02
    6.21549606e-01 4.38089600e+02 4.34526703e+02 5.92379570e-01
    4.43037659e+02 4.49370911e+02 4.74428743e-01 4.52933777e+02
    4.14027557e+02 5.66377342e-01 4.43037659e+02 4.26751160e+02
    4.05023754e-01 4.42330780e+02 4.40888489e+02 4.74977583e-01
    4.45865112e+02 4.52198364e+02 5.71969390e-01 4.66364258e+02
    4.08372620e+02 6.31107152e-01 4.60002472e+02 4.25337433e+02
    3.90543103e-01 4.63536804e+02 4.40181641e+02 5.93831778e-01
    4.62123047e+02 4.52198364e+02 7.17026830e-01 4.81915314e+02
    4.03424561e+02 6.19327784e-01 4.91104584e+02 4.19682495e+02
    5.90188444e-01 4.98173248e+02 4.32406097e+02 5.59913695e-01
    5.04535065e+02 4.41595367e+02 5.60819566e-01 4.93932068e+02
    3.94942169e+02 7.41686165e-01 5.04535065e+02 4.01303955e+02
    7.78347313e-01 5.10190002e+02 4.06958893e+02 8.10812891e-01
    5.15844910e+02 4.13320709e+02 7.58943498e-01</data></hand_left_0>
</opencv_storage>
