<?xml version="1.0"?>
<opencv_storage>
<hand_left_0 type_id="opencv-nd-matrix">
  <sizes>
    1 21 3</sizes>
  <dt>f</dt>
  <data>
    4.63185822e+02 4.32269501e+02 5.44563532e-01 4.50740387e+02
    4.41751740e+02 6.07633829e-01 4.41850800e+02 4.55382446e+02
    6.31196201e-01 4.27627472e+02 4.67827850e+02 7.36408412e-01
    4.11626221e+02 4.70198425e+02 8.91941309e-01 4.56074127e+02
    4.55382446e+02 6.08336449e-01 4.45406647e+02 4.61901459e+02
    4.10965413e-01 4.44813995e+02 4.71383698e+02 5.74220181e-01
    4.44813995e+02 4.80865906e+02 4.60863799e-01 4.71482758e+02
    4.51826599e+02 7.19746232e-01 4.78594421e+02 4.66049927e+02
    5.51249087e-01 4.64963715e+02 4.76124817e+02 6.10080123e-01
    4.65556366e+02 4.85014404e+02 6.21793926e-01 4.88076660e+02
    4.51233978e+02 6.77742004e-01 4.96373596e+02 4.69013123e+02
    6.29076302e-01 5.00522064e+02 4.79680634e+02 5.66613793e-01
    5.04077911e+02 4.89755493e+02 6.01739824e-01 5.02299988e+02
    4.47085480e+02 7.65116513e-01 5.09411652e+02 4.60716187e+02
    6.70354128e-01 5.13560120e+02 4.64272034e+02 7.70932615e-01
    5.17115967e+02 4.64272034e+02 6.10287786e-01</data></hand_left_0>
</opencv_storage>
