<?xml version="1.0"?>
<opencv_storage>
<pose_0 type_id="opencv-nd-matrix">
  <sizes>
    1 18 3</sizes>
  <dt>f</dt>
  <data>
    5.06772583e+02 1.21298782e+02 8.05198252e-01 4.67590149e+02
    7.82816849e+01 7.34076083e-01 3.67839020e+02 7.82322006e+01
    6.46381974e-01 4.10885712e+02 2.60251770e+02 7.38587141e-01
    4.57835480e+02 3.95205444e+02 8.61747563e-01 5.71345703e+02
    8.99901199e+01 6.64215922e-01 5.26269104e+02 2.83700653e+02
    7.29687810e-01 4.93070160e+02 4.03044800e+02 5.96315444e-01
    3.79575134e+02 2.91551025e+02 4.22457099e-01 3.24773865e+02
    4.30428986e+02 4.27366495e-01 2.77831360e+02 4.87147278e+02
    1.00582406e-01 4.91097595e+02 3.13045349e+02 4.21509087e-01
    5.49755554e+02 4.32377747e+02 9.39105004e-02 0. 0. 0. 4.93037323e+02
    1.01743210e+02 7.54171789e-01 5.22421265e+02 1.01663681e+02
    6.46424055e-01 4.49998352e+02 5.87002869e+01 3.35582614e-01 0. 0. 0.</data></pose_0>
</opencv_storage>
