<?xml version="1.0"?>
<opencv_storage>
<pose_0 type_id="opencv-nd-matrix">
  <sizes>
    1 18 3</sizes>
  <dt>f</dt>
  <data>
    4.22577637e+02 1.09595375e+02 8.03166628e-01 4.42167267e+02
    8.21506271e+01 7.84572601e-01 3.50275757e+02 8.41642151e+01
    7.83789396e-01 4.08933594e+02 2.44601273e+02 7.95161188e-01
    4.59783295e+02 3.81494751e+02 8.50178838e-01 5.32171570e+02
    8.41874466e+01 7.26555824e-01 5.06782410e+02 2.56379089e+02
    8.62381697e-01 4.92976563e+02 3.97214233e+02 6.40104055e-01
    3.75667603e+02 2.79792297e+02 4.40032750e-01 3.34514191e+02
    4.30387939e+02 6.00960374e-01 3.07166870e+02 4.81334930e+02
    1.06387012e-01 4.73430878e+02 2.85670349e+02 4.80715305e-01
    5.24372314e+02 4.01081726e+02 1.05827831e-01 0. 0. 0. 4.06965424e+02
    8.40315323e+01 7.82151103e-01 4.46104584e+02 8.80982742e+01
    8.24261725e-01 3.79559235e+02 2.15901623e+01 7.82561660e-01
    4.93103760e+02 5.08449516e+01 6.21476650e-01</data></pose_0>
</opencv_storage>
