<?xml version="1.0"?>
<opencv_storage>
<hand_right_0 type_id="opencv-nd-matrix">
  <sizes>
    1 21 3</sizes>
  <dt>f</dt>
  <data>
    4.60059814e+02 3.93316528e+02 5.69756448e-01 4.77348877e+02
    3.99540588e+02 7.09705412e-01 4.98095764e+02 4.07147766e+02
    6.58760905e-01 5.09852325e+02 4.14754974e+02 7.98390567e-01
    5.22300476e+02 4.25128387e+02 8.63765836e-01 4.84264526e+02
    4.14754974e+02 6.49100184e-01 4.94637939e+02 4.28586212e+02
    7.84807742e-01 5.02936707e+02 4.42417450e+02 8.48312557e-01
    5.07086090e+02 4.53482452e+02 8.71530175e-01 4.70433258e+02
    4.18904327e+02 7.45779812e-01 4.78040466e+02 4.32044037e+02
    7.37011611e-01 4.87030762e+02 4.47258392e+02 7.38800883e-01
    4.94637939e+02 4.59706512e+02 8.96275282e-01 4.55218903e+02
    4.20979034e+02 6.65313005e-01 4.58676697e+02 4.34810272e+02
    7.20544040e-01 4.62826080e+02 4.49333099e+02 8.10350120e-01
    4.66283875e+02 4.63855896e+02 7.62417912e-01 4.40004517e+02
    4.22362152e+02 6.58927619e-01 4.39312958e+02 4.36193390e+02
    8.02459955e-01 4.42770752e+02 4.47949951e+02 7.72246420e-01
    4.44845459e+02 4.58323395e+02 8.11962843e-01</data></hand_right_0>
</opencv_storage>
