<?xml version="1.0"?>
<opencv_storage>
<hand_left_0 type_id="opencv-nd-matrix">
  <sizes>
    1 21 3</sizes>
  <dt>f</dt>
  <data>
    4.56689636e+02 4.13612213e+02 5.20332336e-01 4.44573486e+02
    4.25728363e+02 5.91502845e-01 4.34595490e+02 4.44258942e+02
    4.24011558e-01 4.24617493e+02 4.51386078e+02 4.80734050e-01
    4.16777649e+02 4.54236938e+02 7.11648762e-01 4.49562500e+02
    4.39982635e+02 5.30100346e-01 4.38871796e+02 4.49960632e+02
    7.17703104e-01 4.40297211e+02 4.62076782e+02 7.75836766e-01
    4.43860779e+02 4.73480194e+02 8.43916893e-01 4.65954926e+02
    4.34993652e+02 6.63368344e-01 4.59540497e+02 4.49960632e+02
    4.90543246e-01 4.62391357e+02 4.64214935e+02 6.46535873e-01
    4.62391357e+02 4.77043762e+02 7.11078405e-01 4.80921906e+02
    4.28579224e+02 6.23586774e-01 4.90899902e+02 4.44258942e+02
    6.03450716e-01 4.98739746e+02 4.56375061e+02 5.46938598e-01
    5.05154175e+02 4.67778503e+02 5.78687906e-01 4.95176178e+02
    4.20739380e+02 7.21017778e-01 5.05154175e+02 4.26441071e+02
    7.49971509e-01 5.12281311e+02 4.32142792e+02 8.11446488e-01
    5.17270325e+02 4.37844513e+02 6.78143561e-01</data></hand_left_0>
</opencv_storage>
