<?xml version="1.0"?>
<opencv_storage>
<hand_left_0 type_id="opencv-nd-matrix">
  <sizes>
    1 21 3</sizes>
  <dt>f</dt>
  <data>
    4.61113708e+02 4.18580475e+02 5.02739429e-01 4.47354156e+02
    4.30167480e+02 6.18764997e-01 4.36491364e+02 4.48272156e+02
    5.18880427e-01 4.26352753e+02 4.54789825e+02 5.05257487e-01
    4.14765747e+02 4.59134949e+02 8.30838978e-01 4.48802551e+02
    4.47547974e+02 4.89564359e-01 4.39388123e+02 4.59134949e+02
    6.38278544e-01 4.39388123e+02 4.70721954e+02 7.64993608e-01
    4.43733246e+02 4.82308929e+02 8.27592969e-01 4.64734650e+02
    4.43927032e+02 6.26063883e-01 4.59665344e+02 4.59134949e+02
    4.89561886e-01 4.61837921e+02 4.73618683e+02 6.13381505e-01
    4.63286285e+02 4.87378235e+02 8.12101722e-01 4.79942596e+02
    4.41030273e+02 5.94952464e-01 4.90081207e+02 4.58410767e+02
    6.22079074e-01 4.95874695e+02 4.70721954e+02 6.18700504e-01
    5.01668182e+02 4.83757324e+02 5.71775615e-01 4.96598877e+02
    4.33788422e+02 7.11488008e-01 5.05289124e+02 4.40306091e+02
    7.68623412e-01 5.12531006e+02 4.46099579e+02 8.19017828e-01
    5.16151917e+02 4.53341461e+02 6.86507761e-01</data></hand_left_0>
</opencv_storage>
