<?xml version="1.0"?>
<opencv_storage>
<pose_0 type_id="opencv-nd-matrix">
  <sizes>
    1 18 3</sizes>
  <dt>f</dt>
  <data>
    5.04811676e+02 1.62447861e+02 7.59323835e-01 4.77417328e+02
    1.01744682e+02 8.44867408e-01 3.77590149e+02 9.58873825e+01
    6.34212673e-01 4.14745026e+02 2.87603851e+02 8.08555901e-01
    4.59757446e+02 4.10898224e+02 8.71511638e-01 5.81075745e+02
    1.15357040e+02 6.49099827e-01 5.30205872e+02 3.01290100e+02
    7.26831615e-01 5.00837585e+02 4.12855499e+02 6.77230000e-01
    3.79573730e+02 2.91509064e+02 4.14955080e-01 3.28715424e+02
    4.30418518e+02 5.50489545e-01 0. 0. 0. 4.89143738e+02 3.03288727e+02
    4.39205557e-01 5.51725464e+02 4.57816254e+02 9.15673077e-02 0. 0. 0.
    4.92998840e+02 1.46830231e+02 8.06968868e-01 5.20449829e+02
    1.44764786e+02 4.97632414e-01 4.30469025e+02 8.40653915e+01
    5.73836327e-01 5.51762390e+02 1.01688789e+02 1.52592123e-01</data></pose_0>
</opencv_storage>
