<?xml version="1.0"?>
<opencv_storage>
<hand_right_0 type_id="opencv-nd-matrix">
  <sizes>
    1 21 3</sizes>
  <dt>f</dt>
  <data>
    4.58107391e+02 4.01780365e+02 5.68315864e-01 4.76490601e+02
    4.06729675e+02 6.68991208e-01 4.96287872e+02 4.13093079e+02
    7.55865276e-01 5.07600616e+02 4.20870575e+02 7.29488730e-01
    5.18206299e+02 4.29355133e+02 8.37554693e-01 4.84268097e+02
    4.22284668e+02 6.55864418e-01 4.94873779e+02 4.36425598e+02
    8.41666579e-01 5.02651276e+02 4.49859467e+02 8.03280234e-01
    5.07600616e+02 4.61172211e+02 8.53532076e-01 4.68006042e+02
    4.25112854e+02 7.36688077e-01 4.78611725e+02 4.40667877e+02
    7.02059746e-01 4.87803314e+02 4.53394684e+02 7.20731854e-01
    4.95580841e+02 4.66121521e+02 8.65673125e-01 4.54572174e+02
    4.30062195e+02 6.88316166e-01 4.58107391e+02 4.41374908e+02
    6.38926327e-01 4.62349670e+02 4.56929932e+02 8.11842084e-01
    4.67299011e+02 4.68949707e+02 7.74553180e-01 4.39017181e+02
    4.30062195e+02 6.77506685e-01 4.39017181e+02 4.44910156e+02
    8.35742474e-01 4.39017181e+02 4.54101746e+02 7.70884216e-01
    4.43259430e+02 4.64707428e+02 8.11681271e-01</data></hand_right_0>
</opencv_storage>
