<?xml version="1.0"?>
<opencv_storage>
<pose_0 type_id="opencv-nd-matrix">
  <sizes>
    1 18 3</sizes>
  <dt>f</dt>
  <data>
    4.63679840e+02 1.48599823e+02 7.69998133e-01 4.73508514e+02
    9.58613129e+01 7.83568561e-01 3.73707123e+02 8.80799561e+01
    6.80508018e-01 4.14833069e+02 2.75863159e+02 7.67629027e-01
    4.59793152e+02 4.06922882e+02 8.68099809e-01 5.71331909e+02
    1.01791794e+02 6.78888619e-01 5.34110107e+02 2.87669891e+02
    7.67719865e-01 4.94982941e+02 4.14751282e+02 5.73316932e-01
    3.81573792e+02 2.89577881e+02 3.91279399e-01 3.22829559e+02
    4.38269501e+02 2.00204775e-01 0. 0. 0. 4.91138702e+02 3.05222351e+02
    4.19401914e-01 5.51700684e+02 4.36299713e+02 1.84315830e-01 0. 0. 0.
    4.48016907e+02 1.29134308e+02 6.13844693e-01 4.81287628e+02
    1.29057129e+02 6.69650674e-01 4.10795868e+02 7.82499084e+01
    1.70470223e-01 5.14572693e+02 6.85012436e+01 2.95995772e-01</data></pose_0>
</opencv_storage>
