<?xml version="1.0"?>
<opencv_storage>
<hand_right_0 type_id="opencv-nd-matrix">
  <sizes>
    1 21 3</sizes>
  <dt>f</dt>
  <data>
    4.59076385e+02 3.84081726e+02 5.71310520e-01 4.76662689e+02
    3.90412811e+02 7.41876245e-01 4.96359375e+02 3.97447327e+02
    6.71482503e-01 5.07614624e+02 4.05185333e+02 7.54686713e-01
    5.18869873e+02 4.14330200e+02 7.96681404e-01 4.84400665e+02
    4.05888763e+02 6.69827342e-01 4.95655914e+02 4.21364746e+02
    7.26132333e-01 5.03393890e+02 4.35433807e+02 7.98342228e-01
    5.05504272e+02 4.45282135e+02 8.70997071e-01 4.69628174e+02
    4.09406036e+02 7.53966808e-01 4.77366150e+02 4.24178558e+02
    6.25312448e-01 4.86511047e+02 4.38247620e+02 6.85037136e-01
    4.93545563e+02 4.51613220e+02 8.20058405e-01 4.54855652e+02
    4.13626770e+02 7.02697873e-01 4.58372925e+02 4.25585449e+02
    6.39015853e-01 4.62593628e+02 4.39654510e+02 7.36072898e-01
    4.66110901e+02 4.53723572e+02 7.46458828e-01 4.38676239e+02
    4.15033661e+02 7.27138937e-01 4.39379700e+02 4.28399261e+02
    7.57330835e-01 4.42896942e+02 4.39654510e+02 7.82290518e-01
    4.45710754e+02 4.49502838e+02 7.41140306e-01</data></hand_right_0>
</opencv_storage>
