<?xml version="1.0"?>
<opencv_storage>
<pose_0 type_id="opencv-nd-matrix">
  <sizes>
    1 18 3</sizes>
  <dt>f</dt>
  <data>
    5.06796814e+02 1.31025925e+02 7.75810361e-01 4.73507507e+02
    8.21374054e+01 7.70608544e-01 3.73686615e+02 8.02024384e+01
    6.27069890e-01 4.14768433e+02 2.68050415e+02 7.75966167e-01
    4.59724640e+02 3.95155090e+02 8.53454471e-01 5.75230896e+02
    9.00071869e+01 6.41095281e-01 5.32184753e+02 2.75864380e+02
    7.43560493e-01 4.98908508e+02 3.99142853e+02 5.96092165e-01
    3.81511475e+02 2.91515869e+02 4.20112193e-01 3.24821106e+02
    4.30419037e+02 4.76976573e-01 2.13256332e+02 4.93015869e+02
    1.80508733e-01 4.93018158e+02 3.05209564e+02 4.17114645e-01
    5.51704590e+02 4.16731750e+02 1.02413297e-01 0. 0. 0. 4.96973083e+02
    1.13436554e+02 7.02456951e-01 5.24294128e+02 1.11503647e+02
    3.61538380e-01 4.34369995e+02 5.08874321e+01 4.02228415e-01 0. 0. 0.</data></pose_0>
</opencv_storage>
