<?xml version="1.0"?>
<opencv_storage>
<hand_left_0 type_id="opencv-nd-matrix">
  <sizes>
    1 21 3</sizes>
  <dt>f</dt>
  <data>
    4.59151093e+02 4.14387329e+02 5.01338184e-01 4.47800507e+02
    4.27866150e+02 6.06770039e-01 4.37159332e+02 4.44892029e+02
    5.00219643e-01 4.26518188e+02 4.51986145e+02 4.97259974e-01
    4.14458191e+02 4.56242584e+02 7.86376595e-01 4.51347565e+02
    4.40635559e+02 5.68426967e-01 4.40706390e+02 4.51986145e+02
    6.36780024e-01 4.41415802e+02 4.64046112e+02 7.36984253e-01
    4.42834625e+02 4.74687286e+02 7.99269259e-01 4.67664032e+02
    4.37088501e+02 6.33958876e-01 4.59151093e+02 4.51986145e+02
    4.56360906e-01 4.63407562e+02 4.66174347e+02 5.66633999e-01
    4.64116974e+02 4.78234344e+02 7.50236511e-01 4.82561676e+02
    4.33541443e+02 6.66373372e-01 4.93912231e+02 4.50567322e+02
    6.18450522e-01 4.99587524e+02 4.61917877e+02 5.93924642e-01
    5.04553406e+02 4.73268463e+02 6.16626918e-01 4.97459290e+02
    4.25028503e+02 6.75831556e-01 5.05262817e+02 4.29994385e+02
    8.11285257e-01 5.11647522e+02 4.35669678e+02 8.04629803e-01
    5.16613403e+02 4.43473206e+02 7.57485926e-01</data></hand_left_0>
</opencv_storage>
