<?xml version="1.0"?>
<opencv_storage>
<hand_left_0 type_id="opencv-nd-matrix">
  <sizes>
    1 21 3</sizes>
  <dt>f</dt>
  <data>
    4.61129333e+02 4.03644104e+02 5.56765854e-01 4.49998016e+02
    4.16084991e+02 6.46761894e-01 4.40176270e+02 4.32454559e+02
    5.68517268e-01 4.25771057e+02 4.42931091e+02 7.58282721e-01
    4.14639740e+02 4.51443268e+02 8.09717178e-01 4.54581512e+02
    4.34418915e+02 4.99437749e-01 4.43450195e+02 4.44240662e+02
    5.46890318e-01 4.42795410e+02 4.57991089e+02 7.86913693e-01
    4.44759766e+02 4.69777191e+02 7.48310506e-01 4.68986725e+02
    4.31799774e+02 6.69771135e-01 4.61784119e+02 4.48169342e+02
    4.78848964e-01 4.62438904e+02 4.62574585e+02 6.29233301e-01
    4.61129333e+02 4.76325043e+02 6.47904038e-01 4.85356323e+02
    4.27871063e+02 6.67089403e-01 4.95178070e+02 4.47514557e+02
    7.24686980e-01 5.01071106e+02 4.59955444e+02 5.88700891e-01
    5.06964172e+02 4.70431976e+02 6.82372153e-01 4.99761536e+02
    4.21978027e+02 7.52349615e-01 5.10238068e+02 4.37038055e+02
    6.81416929e-01 5.14821533e+02 4.42276306e+02 7.02071786e-01
    5.18095459e+02 4.44240662e+02 5.35263777e-01</data></hand_left_0>
</opencv_storage>
