<?xml version="1.0"?>
<opencv_storage>
<pose_0 type_id="opencv-nd-matrix">
  <sizes>
    1 18 3</sizes>
  <dt>f</dt>
  <data>
    4.91116455e+02 9.98071289e+01 8.40761065e-01 4.69588074e+02
    6.64838791e+01 7.16158628e-01 3.69810181e+02 6.25889130e+01
    6.21853888e-01 4.20672455e+02 2.56221466e+02 7.12354422e-01
    4.59816376e+02 3.85423187e+02 8.52727354e-01 5.71269165e+02
    8.02292328e+01 7.00267792e-01 5.24438232e+02 2.66070007e+02
    7.83444107e-01 4.94986267e+02 3.99113861e+02 5.41210413e-01
    3.81548035e+02 2.89557800e+02 3.93553346e-01 3.24797821e+02
    4.28509644e+02 4.14789796e-01 0. 0. 0. 4.89103851e+02 3.01321259e+02
    4.17941988e-01 5.22381714e+02 3.99143494e+02 7.29051083e-02 0. 0. 0.
    4.77383698e+02 8.01615143e+01 7.13311315e-01 5.08786224e+02
    7.82963943e+01 7.36945391e-01 4.16731354e+02 3.88663030e+00
    5.37983119e-01 5.39976440e+02 4.11368942e+01 5.98753579e-02</data></pose_0>
</opencv_storage>
