<?xml version="1.0"?>
<opencv_storage>
<pose_0 type_id="opencv-nd-matrix">
  <sizes>
    1 18 3</sizes>
  <dt>f</dt>
  <data>
    5.04785950e+02 1.79915970e+02 7.98241317e-01 4.77396118e+02
    1.11535316e+02 7.87256181e-01 3.75658203e+02 1.01772881e+02
    6.31494164e-01 4.12839264e+02 2.93472290e+02 7.89779782e-01
    4.59783691e+02 4.20672668e+02 8.42084050e-01 5.79120483e+02
    1.17348381e+02 6.55727267e-01 5.32147644e+02 3.07191223e+02
    7.40975320e-01 4.98883850e+02 4.20628143e+02 6.11675143e-01
    3.79596436e+02 2.91512695e+02 4.20896441e-01 3.26738403e+02
    4.30502411e+02 5.41978717e-01 2.13240662e+02 4.92991364e+02
    2.30455324e-01 4.91020752e+02 3.03257996e+02 4.48910326e-01
    5.43934937e+02 4.51941956e+02 1.67112261e-01 0. 0. 0. 4.92993408e+02
    1.64276703e+02 8.79672289e-01 5.20401428e+02 1.62365631e+02
    4.38168883e-01 4.30422913e+02 9.97974091e+01 4.84499812e-01
    5.49724670e+02 1.11487480e+02 1.03433840e-01</data></pose_0>
</opencv_storage>
