<?xml version="1.0"?>
<opencv_storage>
<pose_0 type_id="opencv-nd-matrix">
  <sizes>
    1 18 3</sizes>
  <dt>f</dt>
  <data>
    5.00873444e+02 1.15379860e+02 7.45225847e-01 4.63684326e+02
    7.23852386e+01 7.01102316e-01 3.67775604e+02 7.23806610e+01
    6.15312278e-01 4.10860687e+02 2.60203308e+02 6.83446288e-01
    4.57802734e+02 3.85468292e+02 8.38316202e-01 5.69384827e+02
    8.60200500e+01 6.84217274e-01 5.24380127e+02 2.73923889e+02
    7.71020114e-01 4.93107574e+02 3.91285431e+02 6.24210358e-01
    3.79565674e+02 3.03241730e+02 4.12383318e-01 3.26740997e+02
    4.32370422e+02 4.14283216e-01 2.77823242e+02 4.81305206e+02
    1.21170446e-01 4.91117188e+02 3.13056702e+02 4.11655247e-01
    5.22384094e+02 3.91349731e+02 6.01953790e-02 0. 0. 0. 4.93084747e+02
    9.38906784e+01 6.70370102e-01 5.14583679e+02 9.97248383e+01
    3.34843576e-01 4.59748169e+02 5.67700195e+01 3.19786131e-01 0. 0. 0.</data></pose_0>
</opencv_storage>
