<?xml version="1.0"?>
<opencv_storage>
<hand_left_0 type_id="opencv-nd-matrix">
  <sizes>
    1 21 3</sizes>
  <dt>f</dt>
  <data>
    4.60293640e+02 3.79586823e+02 5.74297547e-01 4.48121918e+02
    3.91758575e+02 6.79241478e-01 4.38512634e+02 4.08414612e+02
    6.12735569e-01 4.26340912e+02 4.19945740e+02 5.86019754e-01
    4.15450409e+02 4.27633148e+02 7.70036101e-01 4.53246857e+02
    4.10977081e+02 5.53913653e-01 4.40434479e+02 4.18664490e+02
    3.72496426e-01 4.39153259e+02 4.30195618e+02 5.94623208e-01
    4.35309540e+02 4.39164276e+02 6.58039689e-01 4.67340424e+02
    4.06492767e+02 6.68589294e-01 4.76309082e+02 4.24430054e+02
    3.77469599e-01 4.59653015e+02 4.39164276e+02 5.40689409e-01
    4.49403137e+02 4.53257874e+02 6.17133379e-01 4.81434021e+02
    4.02649048e+02 6.60110176e-01 4.91043304e+02 4.21226990e+02
    7.38417089e-01 4.96808868e+02 4.33398712e+02 6.81469977e-01
    5.01293182e+02 4.44289215e+02 7.50386715e-01 4.96168243e+02
    3.97524109e+02 7.28346944e-01 5.03215027e+02 4.07774017e+02
    6.28929675e-01 5.08980591e+02 4.12898956e+02 7.26814806e-01
    5.12824280e+02 4.13539551e+02 5.77259362e-01</data></hand_left_0>
</opencv_storage>
