<?xml version="1.0"?>
<opencv_storage>
<pose_0 type_id="opencv-nd-matrix">
  <sizes>
    1 18 3</sizes>
  <dt>f</dt>
  <data>
    4.95024567e+02 1.64289093e+02 7.41570950e-01 4.75489868e+02
    9.97903900e+01 8.46927941e-01 3.73703094e+02 9.00427170e+01
    6.10177755e-01 4.14839172e+02 2.87535583e+02 7.23875642e-01
    4.59796570e+02 4.12829834e+02 8.98323417e-01 5.75234436e+02
    1.09552536e+02 6.24189258e-01 5.28289429e+02 3.01297394e+02
    7.49063730e-01 4.93027435e+02 4.26506256e+02 5.86289823e-01
    3.79511322e+02 2.89574249e+02 4.25143123e-01 3.24798401e+02
    4.32408173e+02 5.07793367e-01 2.81721039e+02 4.85201111e+02
    8.11399296e-02 4.89090851e+02 3.11065125e+02 4.70040083e-01
    5.40022827e+02 4.44130768e+02 1.37252390e-01 0. 0. 0. 4.89094818e+02
    1.46807983e+02 7.26474762e-01 5.10694153e+02 1.48739487e+02
    4.86823648e-01 4.32363373e+02 8.40821609e+01 3.98499072e-01
    5.40173279e+02 9.78189392e+01 8.02722126e-02</data></pose_0>
</opencv_storage>
