<?xml version="1.0"?>
<opencv_storage>
<hand_left_0 type_id="opencv-nd-matrix">
  <sizes>
    1 21 3</sizes>
  <dt>f</dt>
  <data>
    4.61591949e+02 3.91840424e+02 5.69755793e-01 4.49555084e+02
    4.03877289e+02 6.32284224e-01 4.38226288e+02 4.18746368e+02
    6.18364334e-01 4.29021606e+02 4.30783234e+02 6.05016530e-01
    4.16276703e+02 4.35739594e+02 6.98086858e-01 4.50263153e+02
    4.23702728e+02 5.24540424e-01 4.40350433e+02 4.42820099e+02
    7.17470109e-01 4.43890686e+02 4.54148895e+02 6.75099909e-01
    4.46014832e+02 4.63353577e+02 7.80767620e-01 4.65840271e+02
    4.21578552e+02 6.29202127e-01 4.61591949e+02 4.42112030e+02
    5.82327783e-01 4.63008057e+02 4.54856964e+02 6.01726830e-01
    4.63008057e+02 4.66185760e+02 7.57948756e-01 4.81417389e+02
    4.16622223e+02 6.04368865e-01 4.90622040e+02 4.35739594e+02
    6.47100568e-01 4.96286438e+02 4.48484497e+02 6.22498393e-01
    4.85665680e+02 4.64769684e+02 5.64891875e-01 4.97702545e+02
    4.10249756e+02 7.38106012e-01 5.07615265e+02 4.20870514e+02
    7.44878113e-01 5.13279663e+02 4.26534912e+02 8.07647884e-01
    5.16111877e+02 4.32199341e+02 7.08569646e-01</data></hand_left_0>
</opencv_storage>
