<?xml version="1.0"?>
<opencv_storage>
<hand_right_0 type_id="opencv-nd-matrix">
  <sizes>
    1 21 3</sizes>
  <dt>f</dt>
  <data>
    4.59789337e+02 3.91314697e+02 5.31173170e-01 4.76837036e+02
    3.99128235e+02 7.04832911e-01 4.96725983e+02 4.07652069e+02
    6.92806005e-01 5.07380768e+02 4.18306854e+02 7.66220272e-01
    5.19456238e+02 4.28961670e+02 7.58168280e-01 4.85360870e+02
    4.17596558e+02 6.63130462e-01 4.93174377e+02 4.33933899e+02
    7.64541507e-01 4.99567261e+02 4.47429993e+02 8.55242848e-01
    5.04539490e+02 4.58795105e+02 9.30127382e-01 4.70444153e+02
    4.19727509e+02 7.43212223e-01 4.76837036e+02 4.35354553e+02
    6.21492445e-01 4.83229889e+02 4.50981598e+02 7.32895494e-01
    4.89622772e+02 4.64477661e+02 8.25448871e-01 4.54106781e+02
    4.22568787e+02 6.63996696e-01 4.58368713e+02 4.34644226e+02
    7.04880714e-01 4.61209991e+02 4.50271271e+02 8.16153586e-01
    4.64761597e+02 4.64477661e+02 8.37153494e-01 4.37769440e+02
    4.21148163e+02 6.64419889e-01 4.39900391e+02 4.36775177e+02
    7.99036860e-01 4.41321014e+02 4.48140320e+02 7.62705326e-01
    4.46293274e+02 4.60215759e+02 7.10375428e-01</data></hand_right_0>
</opencv_storage>
