<?xml version="1.0"?>
<opencv_storage>
<pose_0 type_id="opencv-nd-matrix">
  <sizes>
    1 18 3</sizes>
  <dt>f</dt>
  <data>
    4.83238647e+02 1.31003250e+02 7.84971774e-01 4.61710999e+02
    7.04977722e+01 8.22243035e-01 3.65807465e+02 7.05101700e+01
    6.81186199e-01 4.14731934e+02 2.58197296e+02 8.42716932e-01
    4.59688904e+02 3.93247925e+02 8.29421818e-01 5.57578674e+02
    8.21665955e+01 6.61668003e-01 5.20448181e+02 2.66050110e+02
    7.82038331e-01 4.92981384e+02 4.04989471e+02 5.78392863e-01
    3.79522675e+02 2.81741913e+02 4.13937658e-01 3.26764374e+02
    4.28479401e+02 5.75155854e-01 0. 0. 0. 4.77432495e+02 2.93473541e+02
    4.75021183e-01 5.38054626e+02 4.30420166e+02 1.11621864e-01 0. 0. 0.
    4.65690063e+02 1.15315399e+02 7.15149164e-01 5.02847168e+02
    1.05657776e+02 7.63818383e-01 4.12774536e+02 5.47185783e+01
    8.45121980e-01 5.24458618e+02 6.06624680e+01 1.35892838e-01</data></pose_0>
</opencv_storage>
