<?xml version="1.0"?>
<opencv_storage>
<hand_left_0 type_id="opencv-nd-matrix">
  <sizes>
    1 21 3</sizes>
  <dt>f</dt>
  <data>
    4.61671783e+02 3.88905579e+02 5.89552760e-01 4.47606232e+02
    4.02267822e+02 6.63178921e-01 4.39870178e+02 4.17739929e+02
    6.63048029e-01 4.39166901e+02 4.36025116e+02 6.35816157e-01
    4.44089844e+02 4.52200500e+02 5.06414235e-01 4.53232452e+02
    4.18443207e+02 5.93239129e-01 4.42683289e+02 4.32508728e+02
    3.21682930e-01 4.42683289e+02 4.44464447e+02 4.13759351e-01
    4.46199677e+02 4.55716888e+02 5.28330863e-01 4.68001251e+02
    4.14223541e+02 6.49784327e-01 4.75034027e+02 4.30398895e+02
    4.49613392e-01 4.63781616e+02 4.46574280e+02 4.52132076e-01
    4.63781616e+02 4.59936554e+02 6.50590539e-01 4.81363525e+02
    4.10707153e+02 6.37035012e-01 4.91912689e+02 4.27585785e+02
    6.13188148e-01 4.97538910e+02 4.39541504e+02 6.21115506e-01
    5.03868378e+02 4.50793945e+02 6.51084840e-01 4.97538910e+02
    4.04377655e+02 7.76158154e-01 5.08088043e+02 4.10707153e+02
    7.93065071e-01 5.14417542e+02 4.17036652e+02 8.40644121e-01
    5.20043762e+02 4.22662872e+02 7.65138268e-01</data></hand_left_0>
</opencv_storage>
