<?xml version="1.0"?>
<opencv_storage>
<hand_left_0 type_id="opencv-nd-matrix">
  <sizes>
    1 21 3</sizes>
  <dt>f</dt>
  <data>
    4.59402130e+02 3.98623352e+02 4.90482092e-01 4.46737122e+02
    4.12033356e+02 6.27291918e-01 4.36307098e+02 4.29913361e+02
    5.48442245e-01 4.26622101e+02 4.38108368e+02 5.21354318e-01
    4.16192078e+02 4.41833374e+02 7.21158862e-01 4.49717102e+02
    4.26188385e+02 5.11472642e-01 4.42267120e+02 4.39598389e+02
    6.22076213e-01 4.43757111e+02 4.52263397e+02 7.83403635e-01
    4.46737122e+02 4.63438416e+02 8.66860569e-01 4.66852142e+02
    4.22463379e+02 6.31186604e-01 4.61637115e+02 4.38853394e+02
    5.54280341e-01 4.64617126e+02 4.53008392e+02 7.22338080e-01
    4.64617126e+02 4.64928406e+02 7.48161256e-01 4.82497131e+02
    4.18738373e+02 6.26074255e-01 4.92927155e+02 4.33638367e+02
    5.09197891e-01 4.89947144e+02 4.50028381e+02 5.80016255e-01
    4.97397156e+02 4.60458405e+02 5.99332452e-01 4.98887146e+02
    4.10543365e+02 6.76064014e-01 5.07082153e+02 4.15013367e+02
    7.81472623e-01 5.13042175e+02 4.18738373e+02 7.63298690e-01
    5.18257202e+02 4.23208374e+02 6.93229258e-01</data></hand_left_0>
</opencv_storage>
