<?xml version="1.0"?>
<opencv_storage>
<pose_0 type_id="opencv-nd-matrix">
  <sizes>
    1 18 3</sizes>
  <dt>f</dt>
  <data>
    4.28535950e+02 1.35069519e+02 8.65363181e-01 4.44094543e+02
    9.39013748e+01 7.94311941e-01 3.50230103e+02 9.78210449e+01
    7.35942900e-01 4.06991455e+02 2.58349396e+02 8.05134058e-01
    4.59792847e+02 3.97241333e+02 8.26472878e-01 5.38047485e+02
    9.19685211e+01 7.10313320e-01 5.08789459e+02 2.71919434e+02
    8.50273013e-01 4.91126007e+02 4.14772156e+02 5.73055685e-01
    3.77581787e+02 2.93480164e+02 4.31752443e-01 3.32581390e+02
    4.44075562e+02 5.36767364e-01 3.01287964e+02 4.91058899e+02
    1.40866458e-01 4.75451569e+02 3.01293854e+02 4.81688172e-01
    5.12601685e+02 4.08936829e+02 1.18571877e-01 0. 0. 0. 4.10810669e+02
    1.17326401e+02 7.80703425e-01 4.46168823e+02 1.15447731e+02
    8.24990809e-01 3.79567291e+02 9.19353943e+01 1.96659967e-01
    4.89098267e+02 5.67524452e+01 6.02606714e-01</data></pose_0>
</opencv_storage>
