<?xml version="1.0"?>
<opencv_storage>
<hand_left_0 type_id="opencv-nd-matrix">
  <sizes>
    1 21 3</sizes>
  <dt>f</dt>
  <data>
    4.59390869e+02 3.84378784e+02 5.12710333e-01 4.48423431e+02
    3.95991364e+02 6.01971149e-01 4.39391388e+02 4.10829712e+02
    5.86540699e-01 4.25843353e+02 4.23087463e+02 6.93117917e-01
    4.14875885e+02 4.30829193e+02 7.64144540e-01 4.52294281e+02
    4.10184570e+02 5.03399253e-01 4.43262268e+02 4.19861725e+02
    5.56880236e-01 4.43907410e+02 4.32119476e+02 7.14385152e-01
    4.44552551e+02 4.44377228e+02 6.63005352e-01 4.67132629e+02
    4.06958832e+02 6.45506620e-01 4.74229218e+02 4.23732605e+02
    3.94695938e-01 4.62616608e+02 4.36635498e+02 6.79664910e-01
    4.57455444e+02 4.54054413e+02 6.48074985e-01 4.81970947e+02
    4.04378265e+02 6.48115754e-01 4.91002960e+02 4.20506866e+02
    6.60194218e-01 4.97454407e+02 4.34054932e+02 5.17813921e-01
    5.01970428e+02 4.45022369e+02 6.75518632e-01 4.96809265e+02
    3.99217102e+02 7.03299582e-01 5.05196167e+02 4.06958832e+02
    5.73017478e-01 5.11002472e+02 4.12765137e+02 6.73230410e-01
    5.14228210e+02 4.14700562e+02 5.72176099e-01</data></hand_left_0>
</opencv_storage>
