<?xml version="1.0"?>
<opencv_storage>
<hand_left_0 type_id="opencv-nd-matrix">
  <sizes>
    1 21 3</sizes>
  <dt>f</dt>
  <data>
    4.59637695e+02 3.84106445e+02 5.77385306e-01 4.47858765e+02
    3.95885376e+02 6.76047027e-01 4.37388580e+02 4.11590607e+02
    6.89164877e-01 4.24300873e+02 4.22715179e+02 7.12697983e-01
    4.11213165e+02 4.27950256e+02 7.34210372e-01 4.51785065e+02
    4.16171326e+02 4.87555146e-01 4.41969299e+02 4.22715179e+02
    4.79409933e-01 4.40660522e+02 4.33839722e+02 7.66095519e-01
    4.39351746e+02 4.43655518e+02 6.78315520e-01 4.64872772e+02
    4.11590607e+02 6.97956085e-01 4.60292084e+02 4.29259033e+02
    3.70682806e-01 4.59637695e+02 4.43001129e+02 6.80527210e-01
    4.53748230e+02 4.58706360e+02 5.98114729e-01 4.79923645e+02
    4.07664307e+02 7.06323683e-01 4.89739441e+02 4.27295868e+02
    7.41488576e-01 4.95628906e+02 4.38420410e+02 5.46826601e-01
    4.99555206e+02 4.50199371e+02 6.88896656e-01 4.94974518e+02
    4.01774841e+02 7.38251209e-01 5.04135895e+02 4.16171326e+02
    7.46195972e-01 5.09371002e+02 4.18788849e+02 6.73026919e-01
    5.14606079e+02 4.17480103e+02 5.90399921e-01</data></hand_left_0>
</opencv_storage>
