<?xml version="1.0"?>
<opencv_storage>
<hand_left_0 type_id="opencv-nd-matrix">
  <sizes>
    1 21 3</sizes>
  <dt>f</dt>
  <data>
    4.58166351e+02 4.04647400e+02 5.27539730e-01 4.46107300e+02
    4.18125183e+02 6.50821149e-01 4.36885651e+02 4.37277802e+02
    5.24761677e-01 4.34757568e+02 4.48627533e+02 4.73020256e-01
    4.17023651e+02 4.47918182e+02 6.47134066e-01 4.53910217e+02
    4.35149750e+02 5.95415592e-01 4.40432434e+02 4.45790100e+02
    4.31149721e-01 4.42560516e+02 4.57139801e+02 5.15199006e-01
    4.45397949e+02 4.67780182e+02 6.62820041e-01 4.68806732e+02
    4.28056183e+02 6.76439404e-01 4.78028351e+02 4.42952667e+02
    5.81362605e-01 4.67388000e+02 4.57849182e+02 5.38638651e-01
    4.69516083e+02 4.69198883e+02 6.34251118e-01 4.83703217e+02
    4.23800018e+02 6.69353604e-01 4.94343567e+02 4.39405884e+02
    7.01626897e-01 5.02146515e+02 4.52174316e+02 6.96333766e-01
    5.06402649e+02 4.62814667e+02 6.47854686e-01 4.97181000e+02
    4.15287750e+02 7.47751474e-01 5.07821350e+02 4.23090668e+02
    7.26903200e-01 5.14205566e+02 4.28765533e+02 7.97878206e-01
    5.19171082e+02 4.35149750e+02 6.92161679e-01</data></hand_left_0>
</opencv_storage>
