<?xml version="1.0"?>
<opencv_storage>
<pose_0 type_id="opencv-nd-matrix">
  <sizes>
    1 18 3</sizes>
  <dt>f</dt>
  <data>
    4.30405792e+02 1.42836746e+02 8.76600623e-01 4.46109833e+02
    9.58778992e+01 8.06678414e-01 3.54129028e+02 9.78632431e+01
    7.21800447e-01 4.10860443e+02 2.62188110e+02 7.97991276e-01
    4.59789917e+02 3.99142151e+02 8.26232791e-01 5.40057617e+02
    9.78051910e+01 7.13597119e-01 5.10658508e+02 2.73856415e+02
    8.47943485e-01 4.91141968e+02 4.14765137e+02 5.28417706e-01
    3.77623962e+02 2.93477509e+02 4.25819308e-01 3.32609314e+02
    4.46107788e+02 5.23598373e-01 3.03219116e+02 4.93024017e+02
    1.51283219e-01 4.75454987e+02 3.01315216e+02 4.80358064e-01
    5.08700684e+02 4.14740051e+02 1.52332619e-01 0. 0. 0. 4.12736328e+02
    1.19380104e+02 7.58794367e-01 4.48030884e+02 1.19342964e+02
    7.79974937e-01 3.81581482e+02 9.97969818e+01 1.99789643e-01
    4.91083984e+02 6.06611748e+01 5.78442693e-01</data></pose_0>
</opencv_storage>
