<?xml version="1.0"?>
<opencv_storage>
<hand_left_0 type_id="opencv-nd-matrix">
  <sizes>
    1 21 3</sizes>
  <dt>f</dt>
  <data>
    4.58396515e+02 4.14595886e+02 5.10680139e-01 4.45626831e+02
    4.27365570e+02 6.12078190e-01 4.37113678e+02 4.45101288e+02
    4.49019074e-01 4.25762848e+02 4.51486115e+02 5.02637506e-01
    4.15121429e+02 4.54323853e+02 7.35970259e-01 4.52011658e+02
    4.41554138e+02 5.21735907e-01 4.39951385e+02 4.51486115e+02
    6.10373616e-01 4.42079681e+02 4.62836975e+02 7.32726753e-01
    4.44207947e+02 4.73478394e+02 7.90417731e-01 4.66200226e+02
    4.35878723e+02 6.66776717e-01 4.60524811e+02 4.50776703e+02
    4.68987107e-01 4.66200226e+02 4.64965271e+02 6.69528723e-01
    4.67619080e+02 4.77734955e+02 7.45587230e-01 4.82517059e+02
    4.31622131e+02 6.69531047e-01 4.93867920e+02 4.46520142e+02
    5.97182035e-01 5.00962189e+02 4.58580414e+02 6.01854265e-01
    5.09475342e+02 4.69931244e+02 6.27219498e-01 4.95286774e+02
    4.21690155e+02 6.93168581e-01 5.05218781e+02 4.27365570e+02
    7.83822060e-01 5.11603607e+02 4.33040985e+02 8.31945300e-01
    5.17279053e+02 4.39425842e+02 7.70463109e-01</data></hand_left_0>
</opencv_storage>
