<?xml version="1.0"?>
<opencv_storage>
<hand_left_0 type_id="opencv-nd-matrix">
  <sizes>
    1 21 3</sizes>
  <dt>f</dt>
  <data>
    4.57544830e+02 3.88609497e+02 5.79831779e-01 4.45265442e+02
    4.03055817e+02 6.57215595e-01 4.38764587e+02 4.21836060e+02
    6.51721537e-01 4.39486908e+02 4.35560059e+02 7.38351405e-01
    4.44543121e+02 4.51451019e+02 6.82308972e-01 4.54655548e+02
    4.16057526e+02 5.83878756e-01 4.56822510e+02 4.29059204e+02
    5.73834181e-01 4.61878723e+02 4.40616272e+02 5.59406698e-01
    4.62601044e+02 4.50728699e+02 3.78921449e-01 4.69824219e+02
    4.09556671e+02 7.36072779e-01 4.78492004e+02 4.24725311e+02
    7.95401871e-01 4.84992859e+02 4.36282379e+02 5.56628048e-01
    4.92216003e+02 4.47117126e+02 4.57654625e-01 4.83548218e+02
    4.04500458e+02 6.81886196e-01 4.92216003e+02 4.18224457e+02
    7.16965258e-01 5.00883820e+02 4.29781525e+02 6.60230041e-01
    5.06662354e+02 4.40616272e+02 6.80608511e-01 4.95827606e+02
    3.95832672e+02 7.53206849e-01 5.03773071e+02 4.00166565e+02
    8.15533996e-01 5.10996246e+02 4.05222778e+02 8.48411798e-01
    5.15330139e+02 4.11001312e+02 7.58314431e-01</data></hand_left_0>
</opencv_storage>
