<?xml version="1.0"?>
<opencv_storage>
<hand_left_0 type_id="opencv-nd-matrix">
  <sizes>
    1 21 3</sizes>
  <dt>f</dt>
  <data>
    4.61594238e+02 3.93127808e+02 5.36825955e-01 4.49440796e+02
    4.05281219e+02 6.42484665e-01 4.40485626e+02 4.23831207e+02
    5.59729099e-01 4.27052887e+02 4.34705322e+02 8.11322391e-01
    4.15539124e+02 4.43020844e+02 8.44225466e-01 4.55197693e+02
    4.23191559e+02 5.27507722e-01 4.43044250e+02 4.31507050e+02
    5.21772325e-01 4.42404602e+02 4.44939819e+02 7.71863103e-01
    4.44323578e+02 4.57732910e+02 6.96758389e-01 4.69909760e+02
    4.19353638e+02 6.95415020e-01 4.77585602e+02 4.35345001e+02
    4.57007021e-01 4.62873535e+02 4.48777740e+02 6.99261367e-01
    4.59035614e+02 4.64769104e+02 6.45762801e-01 4.85901123e+02
    4.15515686e+02 6.56597316e-01 4.94216614e+02 4.33426025e+02
    6.65143311e-01 4.99973511e+02 4.45579468e+02 5.93807101e-01
    5.07009705e+02 4.57093231e+02 6.86951637e-01 4.99973511e+02
    4.09758820e+02 7.55360246e-01 5.08928680e+02 4.21272583e+02
    6.74554050e-01 5.14685547e+02 4.25750183e+02 7.12782562e-01
    5.18523499e+02 4.30227753e+02 6.09938204e-01</data></hand_left_0>
</opencv_storage>
