<?xml version="1.0"?>
<opencv_storage>
<pose_0 type_id="opencv-nd-matrix">
  <sizes>
    2 18 3</sizes>
  <dt>f</dt>
  <data>
    4.71540466e+02 1.46720413e+02 7.28842497e-01 4.65696075e+02
    8.80738068e+01 8.51332784e-01 3.67773743e+02 8.60510025e+01
    6.86733902e-01 4.10834656e+02 2.73895752e+02 7.24701822e-01
    4.59689117e+02 4.03036987e+02 8.56595039e-01 5.69411194e+02
    9.98021317e+01 6.77807808e-01 5.30202026e+02 2.89510773e+02
    7.58223712e-01 4.98899353e+02 4.10839569e+02 6.29553974e-01
    3.77572266e+02 2.89599548e+02 4.09448624e-01 3.24758484e+02
    4.30445404e+02 4.92947131e-01 2.85635803e+02 4.79340851e+02
    1.03345416e-01 4.89100342e+02 3.05245331e+02 4.14804786e-01
    5.41967712e+02 4.46077454e+02 1.02335900e-01 0. 0. 0. 4.59795959e+02
    1.31027527e+02 5.65910459e-01 4.89090759e+02 1.31043442e+02
    5.07060349e-01 4.18723511e+02 6.45701523e+01 1.95126608e-01
    5.10625549e+02 5.28215828e+01 3.84796798e-01 0. 0. 0. 0. 0. 0. 0. 0.
    0. 0. 0. 0. 0. 0. 0. 0. 0. 0. 0. 0. 0. 0. 0. 0. 0. 0. 0. 0. 0. 0. 0.
    0. 0. 6.84775879e+02 4.83262268e+02 5.39938770e-02 9.66538879e+02
    5.24308228e+02 1.36187211e-01 1.11522839e+03 5.28280273e+02
    3.51200283e-01 0. 0. 0. 0. 0. 0. 0. 0. 0. 0. 0. 0.</data></pose_0>
</opencv_storage>
