<?xml version="1.0"?>
<opencv_storage>
<hand_right_0 type_id="opencv-nd-matrix">
  <sizes>
    1 21 3</sizes>
  <dt>f</dt>
  <data>
    4.62236847e+02 4.18161346e+02 5.84091425e-01 4.79832367e+02
    4.24495728e+02 7.33415782e-01 4.98131714e+02 4.30830139e+02
    6.98452950e-01 5.09392853e+02 4.40683624e+02 8.40231061e-01
    5.19950195e+02 4.49833313e+02 7.92162240e-01 4.86166779e+02
    4.39979797e+02 7.15071678e-01 4.94612610e+02 4.54056244e+02
    6.97256625e-01 5.03058472e+02 4.68836487e+02 8.17356408e-01
    5.06577576e+02 4.80097626e+02 8.38763893e-01 4.69978882e+02
    4.41387451e+02 7.85794199e-01 4.77720917e+02 4.54760040e+02
    6.80251658e-01 4.86166779e+02 4.70244110e+02 8.03304195e-01
    4.93204987e+02 4.85024353e+02 8.71132255e-01 4.55902466e+02
    4.44906555e+02 6.14187658e-01 4.58717743e+02 4.56871521e+02
    7.17451990e-01 4.62940674e+02 4.70947937e+02 7.95284450e-01
    4.65052124e+02 4.83616730e+02 7.89158583e-01 4.41122223e+02
    4.46314209e+02 7.06388474e-01 4.39714569e+02 4.58279144e+02
    8.56933355e-01 4.41826019e+02 4.70244110e+02 8.45360100e-01
    4.46048950e+02 4.80097626e+02 8.11984658e-01</data></hand_right_0>
</opencv_storage>
