<?xml version="1.0"?>
<opencv_storage>
<hand_right_0 type_id="opencv-nd-matrix">
  <sizes>
    1 21 3</sizes>
  <dt>f</dt>
  <data>
    4.55440369e+02 4.20476471e+02 6.24683022e-01 4.73918060e+02
    4.24740570e+02 6.72545910e-01 4.93817078e+02 4.30425995e+02
    6.85442626e-01 5.05187958e+02 4.37532806e+02 7.98059642e-01
    5.15848145e+02 4.43928925e+02 7.79317915e-01 4.83156891e+02
    4.41086182e+02 7.30419755e-01 4.94527771e+02 4.55299774e+02
    8.09355259e-01 5.02345245e+02 4.68802704e+02 8.06364954e-01
    5.06609314e+02 4.78752228e+02 8.74647677e-01 4.68232605e+02
    4.43928925e+02 7.52802670e-01 4.77471436e+02 4.58853180e+02
    7.48658180e-01 4.87420959e+02 4.71645416e+02 7.53326833e-01
    4.95238434e+02 4.85148346e+02 8.82699728e-01 4.53308319e+02
    4.48903656e+02 7.06835151e-01 4.56151062e+02 4.59563873e+02
    7.00001240e-01 4.61125824e+02 4.75198822e+02 8.27075183e-01
    4.66100555e+02 4.87280365e+02 6.71717346e-01 4.37673370e+02
    4.50325043e+02 6.73078895e-01 4.36962708e+02 4.63827942e+02
    8.41251493e-01 4.37673370e+02 4.73777466e+02 7.62059391e-01
    4.40516083e+02 4.83016296e+02 7.71811545e-01</data></hand_right_0>
</opencv_storage>
