<?xml version="1.0"?>
<opencv_storage>
<hand_left_0 type_id="opencv-nd-matrix">
  <sizes>
    1 21 3</sizes>
  <dt>f</dt>
  <data>
    4.60114197e+02 3.85585022e+02 5.33891082e-01 4.48108124e+02
    3.96959229e+02 6.18274868e-01 4.37997742e+02 4.13388611e+02
    5.39799690e-01 4.27255463e+02 4.24762787e+02 7.11978197e-01
    4.16513153e+02 4.31713684e+02 7.30700850e-01 4.50635712e+02
    4.08965302e+02 4.88380551e-01 4.43052917e+02 4.20339478e+02
    6.18329108e-01 4.43052917e+02 4.32977478e+02 7.36901581e-01
    4.43052917e+02 4.43719757e+02 6.44141674e-01 4.67065094e+02
    4.07069611e+02 6.16360247e-01 4.60114197e+02 4.21603271e+02
    5.57294607e-01 4.63273712e+02 4.38664551e+02 6.94767594e-01
    4.57586609e+02 4.54462036e+02 6.51334941e-01 4.82862579e+02
    4.05173920e+02 6.46674573e-01 4.91709167e+02 4.20971375e+02
    6.98662698e-01 4.98028137e+02 4.34241272e+02 5.19434154e-01
    5.03083344e+02 4.44983551e+02 6.03557348e-01 4.97396240e+02
    4.00750610e+02 7.09526837e-01 5.05610931e+02 4.09597198e+02
    5.94355464e-01 5.11929932e+02 4.14020508e+02 7.20801830e-01
    5.13825623e+02 4.15284302e+02 6.15924954e-01</data></hand_left_0>
</opencv_storage>
