<?xml version="1.0"?>
<opencv_storage>
<hand_right_0 type_id="opencv-nd-matrix">
  <sizes>
    1 21 3</sizes>
  <dt>f</dt>
  <data>
    4.61336426e+02 3.85156769e+02 6.10988975e-01 4.79445190e+02
    3.91193024e+02 7.49443471e-01 4.97553955e+02 3.97899994e+02
    7.30798662e-01 5.08955780e+02 4.07289703e+02 8.26608062e-01
    5.20357605e+02 4.17350128e+02 8.19190621e-01 4.86152161e+02
    4.07289703e+02 6.45051122e-01 4.96212585e+02 4.21374298e+02
    7.36239731e-01 5.02919525e+02 4.34117493e+02 8.60214651e-01
    5.06943695e+02 4.44848633e+02 8.98430765e-01 4.71396851e+02
    4.09972473e+02 7.54479885e-01 4.78774506e+02 4.24057068e+02
    6.79691017e-01 4.86152161e+02 4.37470978e+02 7.05341578e-01
    4.93529785e+02 4.49543488e+02 8.09368968e-01 4.55970886e+02
    4.12655273e+02 6.53254628e-01 4.57982971e+02 4.24057068e+02
    6.95275605e-01 4.60665741e+02 4.39483063e+02 8.43011737e-01
    4.64019226e+02 4.53567657e+02 7.32051611e-01 4.42556976e+02
    4.13996643e+02 7.06897497e-01 4.40544891e+02 4.26069153e+02
    7.22482026e-01 4.40544891e+02 4.36800293e+02 7.38861561e-01
    4.43227692e+02 4.48872803e+02 7.36506045e-01</data></hand_right_0>
</opencv_storage>
