<?xml version="1.0"?>
<opencv_storage>
<pose_0 type_id="opencv-nd-matrix">
  <sizes>
    1 18 3</sizes>
  <dt>f</dt>
  <data>
    5.02801239e+02 1.64370438e+02 7.82229185e-01 4.75425262e+02
    9.97777405e+01 8.18762422e-01 3.69823120e+02 9.39292603e+01
    6.20751262e-01 4.12897461e+02 2.81766785e+02 7.22775221e-01
    4.59736328e+02 4.10889282e+02 8.89363289e-01 5.73242126e+02
    1.05682533e+02 6.35551333e-01 5.26374756e+02 3.01333221e+02
    7.53796756e-01 4.91110596e+02 4.28403198e+02 5.70339203e-01
    3.77601166e+02 2.89586151e+02 4.10221100e-01 3.22830566e+02
    4.32437500e+02 5.01827121e-01 2.79769775e+02 4.85202850e+02
    8.40865225e-02 4.87155670e+02 3.07200562e+02 4.52481866e-01
    5.40015686e+02 4.46104004e+02 1.38569266e-01 0. 0. 0. 4.91099304e+02
    1.48695587e+02 8.01920295e-01 5.16495239e+02 1.48709137e+02
    4.28378284e-01 4.30483521e+02 8.41910477e+01 3.62964392e-01
    5.39893921e+02 9.19560242e+01 7.34221116e-02</data></pose_0>
</opencv_storage>
