<?xml version="1.0"?>
<opencv_storage>
<hand_left_0 type_id="opencv-nd-matrix">
  <sizes>
    1 21 3</sizes>
  <dt>f</dt>
  <data>
    4.61903137e+02 4.22990051e+02 5.20563245e-01 4.49120758e+02
    4.34352142e+02 6.69147313e-01 4.37758636e+02 4.52815582e+02
    5.67604184e-01 4.26396545e+02 4.57786499e+02 5.35012543e-01
    4.14324310e+02 4.59916901e+02 8.15825164e-01 4.53381561e+02
    4.48554779e+02 5.96340477e-01 4.41309296e+02 4.59206757e+02
    5.36217868e-01 4.42729584e+02 4.71989136e+02 6.92703366e-01
    4.44859955e+02 4.81930969e+02 7.86094248e-01 4.67584167e+02
    4.44294006e+02 6.61250889e-01 4.60482880e+02 4.59916901e+02
    3.98860842e-01 4.64743652e+02 4.74829651e+02 5.14016211e-01
    4.65453796e+02 4.86191772e+02 7.52739906e-01 4.82496948e+02
    4.41453461e+02 6.36903763e-01 4.90308411e+02 4.53525696e+02
    6.19098604e-01 4.99540100e+02 4.69858734e+02 6.87062621e-01
    5.05931305e+02 4.81220856e+02 6.72302723e-01 4.95279327e+02
    4.31511627e+02 6.27372384e-01 5.05221161e+02 4.36482544e+02
    8.72609198e-01 5.11612335e+02 4.42163605e+02 8.80979061e-01
    5.17293396e+02 4.51395325e+02 7.94379056e-01</data></hand_left_0>
</opencv_storage>
