<?xml version="1.0"?>
<opencv_storage>
<hand_right_0 type_id="opencv-nd-matrix">
  <sizes>
    1 21 3</sizes>
  <dt>f</dt>
  <data>
    4.57648834e+02 3.95800140e+02 6.28310919e-01 4.76588013e+02
    4.00710297e+02 6.78571641e-01 4.96930115e+02 4.06321899e+02
    7.31682777e-01 5.08153351e+02 4.16142212e+02 8.00844133e-01
    5.19376587e+02 4.22455292e+02 8.43567371e-01 4.84303986e+02
    4.16142212e+02 7.14949131e-01 4.94825775e+02 4.30872711e+02
    8.35918307e-01 5.03243164e+02 4.44901733e+02 8.16327512e-01
    5.07451874e+02 4.56124939e+02 8.91485929e-01 4.69573517e+02
    4.19649475e+02 7.26944149e-01 4.77990936e+02 4.34379944e+02
    7.30544925e-01 4.87811249e+02 4.48408997e+02 7.14366913e-01
    4.94825775e+02 4.61736572e+02 8.86363029e-01 4.54843048e+02
    4.23858185e+02 7.42064595e-01 4.59051727e+02 4.35782867e+02
    6.84372604e-01 4.62558990e+02 4.51214783e+02 8.11575353e-01
    4.66767700e+02 4.63139465e+02 7.40259409e-01 4.39411102e+02
    4.25261078e+02 6.73922718e-01 4.39411102e+02 4.39290131e+02
    8.25773120e-01 4.40813995e+02 4.50513336e+02 7.58209646e-01
    4.44321259e+02 4.61035095e+02 8.22876036e-01</data></hand_right_0>
</opencv_storage>
