<?xml version="1.0"?>
<opencv_storage>
<pose_0 type_id="opencv-nd-matrix">
  <sizes>
    1 18 3</sizes>
  <dt>f</dt>
  <data>
    4.28430206e+02 7.24260864e+01 7.94820309e-01 4.42206421e+02
    8.21563950e+01 7.56449342e-01 3.52149414e+02 8.41095886e+01
    7.68419385e-01 4.10864227e+02 2.44548065e+02 8.18260908e-01
    4.59746735e+02 3.81518005e+02 8.50131869e-01 5.34102722e+02
    8.60151978e+01 7.06950247e-01 5.08676483e+02 2.56324738e+02
    8.82113099e-01 4.92983185e+02 3.99065643e+02 5.93386233e-01
    3.75633148e+02 2.87629395e+02 4.34518039e-01 3.34522491e+02
    4.30381744e+02 6.17472529e-01 3.01322540e+02 4.79336761e+02
    1.16477951e-01 4.75369385e+02 2.91538818e+02 4.65012461e-01
    5.18489807e+02 3.97172455e+02 9.05513316e-02 0. 0. 0. 4.06945404e+02
    5.08416328e+01 8.32904458e-01 4.49982330e+02 5.28602753e+01
    8.61249566e-01 3.67829285e+02 4.84418249e+00 5.50653934e-01
    4.92971069e+02 2.34530888e+01 8.84872258e-01</data></pose_0>
</opencv_storage>
