<?xml version="1.0"?>
<opencv_storage>
<hand_left_0 type_id="opencv-nd-matrix">
  <sizes>
    1 21 3</sizes>
  <dt>f</dt>
  <data>
    4.60644257e+02 4.26261292e+02 5.72023869e-01 4.45649261e+02
    4.38400085e+02 6.73092723e-01 4.33510468e+02 4.54823181e+02
    6.75258279e-01 4.22799744e+02 4.60535553e+02 5.85214794e-01
    4.12089050e+02 4.61249603e+02 7.40337372e-01 4.50647614e+02
    4.53395081e+02 5.67328215e-01 4.39936890e+02 4.65533875e+02
    4.32460606e-01 4.41364990e+02 4.76244598e+02 6.05153322e-01
    4.44935211e+02 4.88383392e+02 7.57000089e-01 4.67070679e+02
    4.49110779e+02 6.63315058e-01 4.72783081e+02 4.64819824e+02
    3.49594831e-01 4.62072357e+02 4.78386719e+02 5.39290369e-01
    4.62786407e+02 4.92667664e+02 7.76453137e-01 4.81351624e+02
    4.44112457e+02 6.35686755e-01 4.90634247e+02 4.60535553e+02
    6.89305127e-01 4.97060669e+02 4.76244598e+02 6.62554801e-01
    5.02773041e+02 4.88383392e+02 6.30998194e-01 4.95632568e+02
    4.37686035e+02 7.19637454e-01 5.03487091e+02 4.42684357e+02
    8.52903366e-01 5.10627563e+02 4.48396759e+02 8.36082101e-01
    5.15625916e+02 4.54823181e+02 7.37407148e-01</data></hand_left_0>
</opencv_storage>
