<?xml version="1.0"?>
<opencv_storage>
<hand_left_0 type_id="opencv-nd-matrix">
  <sizes>
    1 21 3</sizes>
  <dt>f</dt>
  <data>
    4.56773895e+02 3.88465057e+02 5.69390953e-01 4.43497528e+02
    4.01077606e+02 6.66493237e-01 4.34204102e+02 4.18336853e+02
    5.32512546e-01 4.23583008e+02 4.29621735e+02 5.49619496e-01
    4.14289551e+02 4.35596100e+02 6.86738849e-01 4.48144257e+02
    4.17673035e+02 5.07470608e-01 4.38850800e+02 4.26302643e+02
    5.88922501e-01 4.39514618e+02 4.39579010e+02 7.47704625e-01
    4.42169891e+02 4.52855347e+02 6.93426490e-01 4.63412048e+02
    4.14353943e+02 6.96616650e-01 4.62748230e+02 4.31613190e+02
    4.24793720e-01 4.59429138e+02 4.43561920e+02 7.10507751e-01
    4.58101532e+02 4.58829712e+02 6.30893767e-01 4.77352234e+02
    4.11034851e+02 6.72796786e-01 4.86645660e+02 4.28957916e+02
    6.81152225e-01 4.82662750e+02 4.43561920e+02 5.36667168e-01
    4.97930573e+02 4.52191528e+02 6.08237743e-01 4.92620026e+02
    4.05060486e+02 7.83230007e-01 5.03241119e+02 4.19000671e+02
    6.56282663e-01 5.07887817e+02 4.22319763e+02 6.64702237e-01
    5.08551636e+02 4.24311218e+02 4.84308183e-01</data></hand_left_0>
</opencv_storage>
