<?xml version="1.0"?>
<opencv_storage>
<pose_0 type_id="opencv-nd-matrix">
  <sizes>
    1 18 3</sizes>
  <dt>f</dt>
  <data>
    4.91069763e+02 1.11515839e+02 6.99901283e-01 4.65638977e+02
    6.65032806e+01 7.66773760e-01 3.67878174e+02 6.45564117e+01
    6.44621968e-01 4.14853241e+02 2.50422653e+02 7.29651272e-01
    4.59780457e+02 3.83493805e+02 8.59024584e-01 5.69282837e+02
    7.63379669e+01 6.65403843e-01 5.24439758e+02 2.62144348e+02
    7.89767146e-01 4.93022034e+02 3.97225220e+02 5.65502167e-01
    3.81472839e+02 2.79803192e+02 3.88091773e-01 3.24760895e+02
    4.30437225e+02 3.80078673e-01 0. 0. 0. 4.87181946e+02 2.93464722e+02
    4.24232572e-01 5.22417969e+02 3.97157990e+02 8.35131779e-02 0. 0. 0.
    4.79315216e+02 8.99748459e+01 6.03900135e-01 5.08668243e+02
    8.61664734e+01 6.13591909e-01 4.32417145e+02 4.30417633e+01
    2.54877955e-01 5.37982910e+02 5.27723351e+01 7.86221698e-02</data></pose_0>
</opencv_storage>
