<?xml version="1.0"?>
<opencv_storage>
<pose_0 type_id="opencv-nd-matrix">
  <sizes>
    1 18 3</sizes>
  <dt>f</dt>
  <data>
    4.40242645e+02 9.98577652e+01 7.90183783e-01 4.65618469e+02
    6.85158997e+01 7.44995534e-01 3.69760986e+02 6.84453583e+01
    6.95295215e-01 4.14857239e+02 2.56312897e+02 7.17204213e-01
    4.59727295e+02 3.83410980e+02 8.67438674e-01 5.71284241e+02
    8.41575165e+01 6.47140026e-01 5.30235291e+02 2.70015350e+02
    7.48271286e-01 4.95035126e+02 3.95187469e+02 5.66141486e-01
    3.79593323e+02 2.89555908e+02 4.28997874e-01 3.26756592e+02
    4.30404602e+02 4.71640497e-01 2.87608704e+02 4.79354736e+02
    8.90044570e-02 4.89095886e+02 3.05199677e+02 4.25243378e-01
    5.20454224e+02 3.89363678e+02 6.47769645e-02 0. 0. 0. 4.22597260e+02
    7.63139267e+01 7.23333359e-01 4.59794739e+02 8.02076187e+01
    7.25477755e-01 3.99131561e+02 5.48919983e+01 1.23348311e-01
    5.12635132e+02 2.54956131e+01 7.38760114e-01</data></pose_0>
</opencv_storage>
