<?xml version="1.0"?>
<opencv_storage>
<hand_right_0 type_id="opencv-nd-matrix">
  <sizes>
    1 21 3</sizes>
  <dt>f</dt>
  <data>
    4.61541870e+02 4.06381958e+02 5.79773605e-01 4.79847656e+02
    4.12718567e+02 6.99548125e-01 5.00265686e+02 4.19759277e+02
    6.87898040e-01 5.10122650e+02 4.28912170e+02 6.97910607e-01
    5.18571472e+02 4.35952881e+02 7.12235510e-01 4.86184296e+02
    4.28208099e+02 7.15416074e-01 4.94633118e+02 4.42289490e+02
    7.09066927e-01 5.03081970e+02 4.57074951e+02 7.98832774e-01
    5.05898224e+02 4.67635986e+02 8.08848262e-01 4.69990692e+02
    4.29616241e+02 7.80562758e-01 4.77735474e+02 4.45105774e+02
    6.53973758e-01 4.86184296e+02 4.58483093e+02 7.58170843e-01
    4.93224976e+02 4.71860413e+02 8.46830606e-01 4.55205231e+02
    4.34544739e+02 6.29086733e-01 4.58725586e+02 4.45809845e+02
    6.75271392e-01 4.62950012e+02 4.59891235e+02 7.82670856e-01
    4.65062225e+02 4.73268555e+02 7.70660102e-01 4.40419769e+02
    4.34544739e+02 6.69646561e-01 4.39011658e+02 4.47217987e+02
    8.14009190e-01 4.41827911e+02 4.58483093e+02 8.14418733e-01
    4.46052338e+02 4.69044128e+02 8.10959220e-01</data></hand_right_0>
</opencv_storage>
