<?xml version="1.0"?>
<opencv_storage>
<hand_left_0 type_id="opencv-nd-matrix">
  <sizes>
    1 21 3</sizes>
  <dt>f</dt>
  <data>
    4.61521606e+02 4.27259552e+02 5.69930315e-01 4.49033020e+02
    4.38499268e+02 6.31258070e-01 4.39666595e+02 4.54109985e+02
    5.59767485e-01 4.26553589e+02 4.64100861e+02 5.76556087e-01
    4.14689423e+02 4.70969574e+02 7.39639938e-01 4.55277313e+02
    4.57232147e+02 5.41195512e-01 4.42164307e+02 4.65974152e+02
    5.59599996e-01 4.40291016e+02 4.77213867e+02 7.57785022e-01
    4.37168884e+02 4.84082581e+02 6.81823611e-01 4.70263611e+02
    4.52861145e+02 6.69162571e-01 4.80254486e+02 4.72218445e+02
    3.73003930e-01 4.61521606e+02 4.82833740e+02 5.79483032e-01
    4.54652893e+02 4.97195587e+02 5.50482750e-01 4.86498779e+02
    4.51612274e+02 6.89843774e-01 4.95240784e+02 4.69096283e+02
    7.13379085e-01 5.01485077e+02 4.81584869e+02 6.76393628e-01
    5.05856079e+02 4.92824585e+02 7.82889664e-01 5.01485077e+02
    4.45992432e+02 7.78921306e-01 5.08978210e+02 4.58480988e+02
    6.64222598e-01 5.13973633e+02 4.62851990e+02 7.29676843e-01
    5.17095764e+02 4.65974152e+02 6.01567030e-01</data></hand_left_0>
</opencv_storage>
