<?xml version="1.0"?>
<opencv_storage>
<pose_0 type_id="opencv-nd-matrix">
  <sizes>
    1 18 3</sizes>
  <dt>f</dt>
  <data>
    3.97125610e+02 1.66393951e+02 8.78402829e-01 4.36296906e+02
    1.44789658e+02 6.96702421e-01 3.50200806e+02 1.46692429e+02
    7.91449130e-01 4.12783691e+02 2.93452850e+02 7.97096848e-01
    4.61695801e+02 4.28416870e+02 8.16638887e-01 5.30203064e+02
    1.48702072e+02 6.93716764e-01 5.08697571e+02 3.07231537e+02
    8.36299241e-01 4.91141602e+02 4.42166229e+02 5.30684590e-01
    3.69756500e+02 3.34582520e+02 4.39809591e-01 3.22876984e+02
    4.89144501e+02 5.76773524e-01 0. 0. 0. 4.73478729e+02 3.38489380e+02
    4.79437768e-01 5.20414185e+02 4.49989746e+02 1.09548375e-01 0. 0. 0.
    3.79525177e+02 1.46814423e+02 8.79715443e-01 4.14795959e+02
    1.48674210e+02 8.27544630e-01 3.56073059e+02 1.31138046e+02
    6.20530099e-02 4.61829590e+02 1.03704453e+02 8.75167847e-01</data></pose_0>
</opencv_storage>
