<?xml version="1.0"?>
<opencv_storage>
<hand_right_0 type_id="opencv-nd-matrix">
  <sizes>
    1 21 3</sizes>
  <dt>f</dt>
  <data>
    4.58875000e+02 3.90371246e+02 5.49922585e-01 4.77301453e+02
    3.95332214e+02 7.22704649e-01 4.97145294e+02 4.02419312e+02
    6.86716557e-01 5.07775940e+02 4.10215118e+02 7.89701879e-01
    5.19115295e+02 4.18719635e+02 7.79466152e-01 4.84388519e+02
    4.10215118e+02 6.82412446e-01 4.95019165e+02 4.25098022e+02
    7.87596107e-01 5.03523682e+02 4.38563477e+02 8.31426322e-01
    5.07775940e+02 4.49194122e+02 8.96889508e-01 4.69505646e+02
    4.14467377e+02 7.25038171e-01 4.78010162e+02 4.27932861e+02
    7.12383509e-01 4.87932068e+02 4.43524445e+02 7.30727851e-01
    4.95019165e+02 4.55572510e+02 9.13724720e-01 4.54622742e+02
    4.16593506e+02 6.91165566e-01 4.58875000e+02 4.30767700e+02
    6.97323680e-01 4.63127258e+02 4.44941864e+02 7.71557570e-01
    4.66670807e+02 4.57698639e+02 7.14016855e-01 4.39031128e+02
    4.20137054e+02 6.85884178e-01 4.39031128e+02 4.32893829e+02
    8.61328840e-01 4.41865967e+02 4.44233154e+02 7.66651034e-01
    4.45409515e+02 4.55572510e+02 7.80533612e-01</data></hand_right_0>
</opencv_storage>
