<?xml version="1.0"?>
<opencv_storage>
<hand_right_0 type_id="opencv-nd-matrix">
  <sizes>
    1 21 3</sizes>
  <dt>f</dt>
  <data>
    4.58745026e+02 4.20766815e+02 6.57563508e-01 4.76915924e+02
    4.29852234e+02 7.63466537e-01 4.98115295e+02 4.38180573e+02
    6.96934760e-01 5.07957855e+02 4.46508881e+02 7.10892141e-01
    5.17800415e+02 4.56351471e+02 7.84820795e-01 4.83730011e+02
    4.44237549e+02 5.98448992e-01 4.90544098e+02 4.59379944e+02
    6.99351788e-01 4.98115295e+02 4.74522339e+02 8.19466412e-01
    5.02658020e+02 4.86636261e+02 8.57465088e-01 4.67073364e+02
    4.44994659e+02 7.37727821e-01 4.75401672e+02 4.60137054e+02
    6.82284176e-01 4.82972870e+02 4.76793701e+02 7.82183707e-01
    4.89786957e+02 4.91178986e+02 8.65791202e-01 4.53445190e+02
    4.49537384e+02 7.37604976e-01 4.57230804e+02 4.62408417e+02
    7.66763330e-01 4.59502167e+02 4.79065063e+02 8.47991943e-01
    4.64044861e+02 4.92693237e+02 8.32729578e-01 4.39817017e+02
    4.51808746e+02 6.80801928e-01 4.38302795e+02 4.66951141e+02
    8.03821564e-01 4.40574158e+02 4.78307953e+02 8.02680910e-01
    4.44359741e+02 4.87393402e+02 8.08018327e-01</data></hand_right_0>
</opencv_storage>
