<?xml version="1.0"?>
<opencv_storage>
<hand_left_0 type_id="opencv-nd-matrix">
  <sizes>
    1 21 3</sizes>
  <dt>f</dt>
  <data>
    4.57212555e+02 3.96079987e+02 5.26323140e-01 4.45136139e+02
    4.08866760e+02 6.28121018e-01 4.35901245e+02 4.25915802e+02
    5.46146750e-01 4.37321991e+02 4.37992218e+02 5.55332482e-01
    4.17431427e+02 4.34440338e+02 3.89753461e-01 4.52950287e+02
    4.21653534e+02 6.17398441e-01 4.40873871e+02 4.33729950e+02
    4.06642705e-01 4.43715393e+02 4.47227112e+02 5.05660355e-01
    4.46556885e+02 4.57172394e+02 6.46077454e-01 4.68578583e+02
    4.15970520e+02 6.54203355e-01 4.78523865e+02 4.30888458e+02
    4.08011466e-01 4.64316315e+02 4.47937500e+02 4.73790258e-01
    4.62895569e+02 4.57172394e+02 7.31225312e-01 4.84206879e+02
    4.10287506e+02 6.38174236e-01 4.94152161e+02 4.26626190e+02
    4.89635587e-01 5.01255920e+02 4.37281830e+02 4.81731236e-01
    4.96993652e+02 4.52199768e+02 5.69014966e-01 4.96993652e+02
    4.02473358e+02 6.99509799e-01 5.04807800e+02 4.03894135e+02
    7.93128014e-01 5.11911591e+02 4.09577148e+02 8.11776757e-01
    5.16884216e+02 4.15260162e+02 7.52523065e-01</data></hand_left_0>
</opencv_storage>
