<?xml version="1.0"?>
<opencv_storage>
<pose_0 type_id="opencv-nd-matrix">
  <sizes>
    1 18 3</sizes>
  <dt>f</dt>
  <data>
    4.30515198e+02 1.44767288e+02 8.53673100e-01 4.46159912e+02
    9.77994690e+01 7.96843827e-01 3.54160156e+02 9.98279572e+01
    7.27069974e-01 4.10899323e+02 2.64094818e+02 8.06092441e-01
    4.59860504e+02 4.01147919e+02 7.92395771e-01 5.41951477e+02
    9.97349472e+01 7.11248279e-01 5.10724304e+02 2.73872131e+02
    8.29643726e-01 4.91115540e+02 4.12856781e+02 5.32970488e-01
    3.79571930e+02 2.91523712e+02 4.37908590e-01 3.32555511e+02
    4.46114258e+02 5.18011749e-01 3.01293243e+02 4.95012329e+02
    1.05791286e-01 4.77358124e+02 2.99367828e+02 4.59385931e-01
    5.08733032e+02 4.12820892e+02 1.36333540e-01 0. 0. 0. 4.12778107e+02
    1.23223869e+02 7.58061945e-01 4.50018250e+02 1.19322334e+02
    7.70496666e-01 3.81531738e+02 1.01737175e+02 2.25835949e-01
    4.91108093e+02 5.48286705e+01 8.09901595e-01</data></pose_0>
</opencv_storage>
