<?xml version="1.0"?>
<opencv_storage>
<hand_right_0 type_id="opencv-nd-matrix">
  <sizes>
    1 21 3</sizes>
  <dt>f</dt>
  <data>
    4.57160767e+02 4.05935760e+02 5.49985528e-01 4.75563080e+02
    4.10352325e+02 6.67792499e-01 4.95437592e+02 4.16977142e+02
    6.64640188e-01 5.05742889e+02 4.25074158e+02 7.27648258e-01
    5.16784302e+02 4.30226807e+02 8.05616319e-01 4.82187927e+02
    4.24338074e+02 6.96301222e-01 4.93965393e+02 4.39059937e+02
    8.19650531e-01 5.02798523e+02 4.52309601e+02 8.36685181e-01
    5.07215088e+02 4.61142700e+02 8.64729047e-01 4.68202148e+02
    4.28754639e+02 6.82367206e-01 4.77035278e+02 4.43476501e+02
    7.03588486e-01 4.87340576e+02 4.56726166e+02 6.96066320e-01
    4.97645874e+02 4.67767548e+02 9.34538245e-01 4.52744202e+02
    4.31699005e+02 6.79630637e-01 4.57896851e+02 4.45684753e+02
    7.16779888e-01 4.62313416e+02 4.60406616e+02 8.05843949e-01
    4.66729980e+02 4.72184113e+02 6.92284465e-01 4.38758453e+02
    4.35379456e+02 6.23515368e-01 4.38022369e+02 4.49365234e+02
    7.80878186e-01 4.40230652e+02 4.60406616e+02 7.54936576e-01
    4.42438904e+02 4.69975830e+02 7.58106232e-01</data></hand_right_0>
</opencv_storage>
