<?xml version="1.0"?>
<opencv_storage>
<hand_right_0 type_id="opencv-nd-matrix">
  <sizes>
    1 21 3</sizes>
  <dt>f</dt>
  <data>
    4.56618530e+02 4.11529144e+02 5.87574005e-01 4.74178558e+02
    4.17382477e+02 6.74571931e-01 4.93201904e+02 4.23235809e+02
    6.80340886e-01 5.03445251e+02 4.29820831e+02 7.87652910e-01
    5.15151917e+02 4.36405823e+02 8.06195080e-01 4.82226898e+02
    4.31284149e+02 6.83589339e-01 4.93933563e+02 4.45917511e+02
    8.35621357e-01 5.02713593e+02 4.58355835e+02 8.89695406e-01
    5.07835266e+02 4.69330872e+02 8.98313046e-01 4.68325226e+02
    4.35674164e+02 7.50468612e-01 4.78568573e+02 4.50307495e+02
    6.88096941e-01 4.88080231e+02 4.64209198e+02 7.40205288e-01
    4.96860260e+02 4.75184204e+02 9.36035752e-01 4.53691864e+02
    4.40064148e+02 6.61900878e-01 4.57350220e+02 4.52502502e+02
    6.21261477e-01 4.62471863e+02 4.68599182e+02 7.64419913e-01
    4.63935211e+02 4.78110870e+02 5.61556458e-01 4.39058533e+02
    4.42259155e+02 6.75175369e-01 4.38326843e+02 4.56160858e+02
    8.25202465e-01 4.39058533e+02 4.64940857e+02 8.19385231e-01
    4.41253510e+02 4.75184204e+02 7.86215663e-01</data></hand_right_0>
</opencv_storage>
