<?xml version="1.0"?>
<opencv_storage>
<hand_right_0 type_id="opencv-nd-matrix">
  <sizes>
    1 21 3</sizes>
  <dt>f</dt>
  <data>
    4.58828857e+02 3.98300903e+02 5.95345020e-01 4.77428986e+02
    4.06885559e+02 7.37501264e-01 4.98890656e+02 4.16185638e+02
    7.35417604e-01 5.06759949e+02 4.28347260e+02 6.56460047e-01
    5.11767670e+02 4.35501160e+02 7.25733876e-01 4.82436707e+02
    4.22624146e+02 7.14057207e-01 4.88875214e+02 4.37647308e+02
    7.94669807e-01 4.96744507e+02 4.52670502e+02 8.69463027e-01
    5.00321442e+02 4.64116730e+02 8.86113524e-01 4.66698120e+02
    4.24770294e+02 7.49721944e-01 4.73852020e+02 4.41224274e+02
    6.32030904e-01 4.81721313e+02 4.55532074e+02 7.47328401e-01
    4.88159821e+02 4.69124451e+02 8.48707914e-01 4.53821106e+02
    4.29062653e+02 7.26747155e-01 4.56682678e+02 4.41939667e+02
    6.34828866e-01 4.59544250e+02 4.57678223e+02 8.09999824e-01
    4.60975006e+02 4.69839844e+02 8.13914776e-01 4.37367157e+02
    4.29062653e+02 6.53521776e-01 4.37367157e+02 4.41939667e+02
    8.43295336e-01 4.37367157e+02 4.53385895e+02 8.45107496e-01
    4.38797943e+02 4.63401337e+02 7.84633815e-01</data></hand_right_0>
</opencv_storage>
