<?xml version="1.0"?>
<opencv_storage>
<pose_0 type_id="opencv-nd-matrix">
  <sizes>
    1 18 3</sizes>
  <dt>f</dt>
  <data>
    4.77368713e+02 1.17387314e+02 8.99544775e-01 4.57866913e+02
    7.04856796e+01 7.84359276e-01 3.65909515e+02 7.05035324e+01
    7.12119460e-01 4.14709351e+02 2.44570480e+02 8.09286892e-01
    4.59662659e+02 3.83439331e+02 8.22620630e-01 5.53725281e+02
    8.21158447e+01 7.19654858e-01 5.12623779e+02 2.58337860e+02
    7.78208137e-01 4.91094940e+02 3.99101410e+02 5.55861652e-01
    3.75652374e+02 2.81754395e+02 4.23316777e-01 3.30663696e+02
    4.30442596e+02 5.79935133e-01 3.03241791e+02 4.87152039e+02
    7.56217986e-02 4.73494110e+02 2.91531616e+02 5.04172325e-01
    5.38051025e+02 4.28458191e+02 1.32326335e-01 0. 0. 0. 4.61761749e+02
    9.77907867e+01 8.04455280e-01 4.96944641e+02 9.77662811e+01
    8.41204405e-01 4.10904572e+02 4.69755669e+01 8.11615705e-01
    5.24435974e+02 4.69463539e+01 1.97277829e-01</data></pose_0>
</opencv_storage>
