<?xml version="1.0"?>
<opencv_storage>
<hand_left_0 type_id="opencv-nd-matrix">
  <sizes>
    1 21 3</sizes>
  <dt>f</dt>
  <data>
    4.60644226e+02 4.26495117e+02 5.68156838e-01 4.47012939e+02
    4.38691528e+02 6.19914770e-01 4.37686279e+02 4.55910004e+02
    5.35700381e-01 4.26207306e+02 4.60932068e+02 5.94838142e-01
    4.16163208e+02 4.63801819e+02 7.90419757e-01 4.54904755e+02
    4.53040253e+02 5.42248726e-01 4.40556030e+02 4.60932068e+02
    5.85125089e-01 4.43425751e+02 4.74563354e+02 6.85047805e-01
    4.45578064e+02 4.84607452e+02 7.58742452e-01 4.68536041e+02
    4.47300781e+02 6.67247832e-01 4.62079102e+02 4.61649506e+02
    3.94260019e-01 4.65666290e+02 4.75998230e+02 5.76250017e-01
    4.67101166e+02 4.88194641e+02 6.97172165e-01 4.85037048e+02
    4.42996155e+02 6.63677931e-01 4.95081177e+02 4.57344879e+02
    5.84232628e-01 5.02255524e+02 4.70258728e+02 6.27240479e-01
    5.07995026e+02 4.81737701e+02 6.85366511e-01 4.97233459e+02
    4.33669495e+02 6.71942472e-01 5.07277588e+02 4.37974091e+02
    8.01437318e-01 5.13734497e+02 4.42996155e+02 8.68057787e-01
    5.18756531e+02 4.49453094e+02 7.34171867e-01</data></hand_left_0>
</opencv_storage>
