<?xml version="1.0"?>
<opencv_storage>
<hand_right_0 type_id="opencv-nd-matrix">
  <sizes>
    1 21 3</sizes>
  <dt>f</dt>
  <data>
    4.59950256e+02 3.83836212e+02 5.84923983e-01 4.77319885e+02
    3.90089264e+02 7.37761855e-01 4.98163483e+02 3.98426697e+02
    6.65119588e-01 5.09280029e+02 4.07458923e+02 7.90599108e-01
    5.20396606e+02 4.15101563e+02 8.18838596e-01 4.84962555e+02
    4.06764130e+02 6.45480156e-01 4.94689545e+02 4.20659851e+02
    8.07911754e-01 5.03026978e+02 4.33860779e+02 8.22154403e-01
    5.06500885e+02 4.43587769e+02 8.87371480e-01 4.70372040e+02
    4.10932831e+02 7.81663120e-01 4.78014679e+02 4.24828552e+02
    7.07146049e-01 4.86352112e+02 4.37334686e+02 7.18814194e-01
    4.93994751e+02 4.49840851e+02 8.72850239e-01 4.54391968e+02
    4.15101563e+02 7.02267826e-01 4.55781555e+02 4.26218140e+02
    7.17612028e-01 4.59950256e+02 4.40808624e+02 8.04247439e-01
    4.63424194e+02 4.54704346e+02 7.43265927e-01 4.39106689e+02
    4.15101563e+02 7.20995903e-01 4.39106689e+02 4.28997284e+02
    7.65796006e-01 4.41191040e+02 4.41503418e+02 6.99639678e-01
    4.44664978e+02 4.53314758e+02 6.69244528e-01</data></hand_right_0>
</opencv_storage>
