<?xml version="1.0"?>
<opencv_storage>
<pose_0 type_id="opencv-nd-matrix">
  <sizes>
    1 18 3</sizes>
  <dt>f</dt>
  <data>
    4.30390991e+02 9.77667160e+01 8.39292645e-01 4.44074677e+02
    8.21417465e+01 7.25843310e-01 3.52127350e+02 8.60417862e+01
    7.65443087e-01 4.10803040e+02 2.44636551e+02 7.92658567e-01
    4.59750977e+02 3.81519318e+02 8.48567247e-01 5.32185547e+02
    8.41819916e+01 7.01225877e-01 5.06825714e+02 2.56353821e+02
    8.79037321e-01 4.91141602e+02 3.99075928e+02 5.98824084e-01
    3.73723206e+02 2.87622620e+02 4.37370896e-01 3.34551483e+02
    4.30399200e+02 6.20783746e-01 2.99346863e+02 4.77443329e+02
    1.36601970e-01 4.73436279e+02 2.91500916e+02 4.59596604e-01
    5.18479553e+02 3.97159088e+02 8.75664055e-02 0. 0. 0. 4.12820801e+02
    6.85225754e+01 8.38112712e-01 4.55835114e+02 7.24464951e+01
    8.12583089e-01 3.79527435e+02 2.34330120e+01 8.20033371e-01
    4.96961884e+02 3.90957451e+01 7.71840215e-01</data></pose_0>
</opencv_storage>
