<?xml version="1.0"?>
<opencv_storage>
<pose_0 type_id="opencv-nd-matrix">
  <sizes>
    1 18 3</sizes>
  <dt>f</dt>
  <data>
    4.51981781e+02 1.03664734e+02 8.10974896e-01 4.73424377e+02
    6.85131378e+01 7.57929742e-01 3.77619354e+02 6.65514832e+01
    6.98920906e-01 4.22583862e+02 2.52387985e+02 6.58723056e-01
    4.59869568e+02 3.81524445e+02 8.46069276e-01 5.71283997e+02
    8.40463638e+01 6.67170942e-01 5.30187439e+02 2.66092651e+02
    7.35832810e-01 4.96958923e+02 3.91294037e+02 5.54158092e-01
    3.83433319e+02 2.83682220e+02 4.22685534e-01 3.30637146e+02
    4.28511169e+02 4.20426786e-01 2.89556396e+02 4.83264130e+02
    1.17644921e-01 4.91111115e+02 3.03249237e+02 4.24505055e-01
    5.22428406e+02 3.85472198e+02 6.02661744e-02 0. 0. 0. 4.32375153e+02
    8.41306763e+01 7.85713315e-01 4.75359131e+02 8.40459671e+01
    8.42882752e-01 4.01125519e+02 6.64441223e+01 1.77794829e-01 0. 0. 0.</data></pose_0>
</opencv_storage>
