<?xml version="1.0"?>
<opencv_storage>
<hand_right_0 type_id="opencv-nd-matrix">
  <sizes>
    2 21 3</sizes>
  <dt>f</dt>
  <data>
    4.57560455e+02 4.12497040e+02 5.72085083e-01 4.77356232e+02
    4.18152985e+02 6.85718536e-01 4.98566010e+02 4.25222900e+02
    6.87046409e-01 5.08463898e+02 4.33706818e+02 6.96272314e-01
    5.16947815e+02 4.42190735e+02 7.57250488e-01 4.85840149e+02
    4.33706818e+02 6.40058935e-01 4.95031036e+02 4.49260651e+02
    7.42384315e-01 5.02100983e+02 4.63400513e+02 7.62238622e-01
    5.06342926e+02 4.75419373e+02 8.34580541e-01 4.70286316e+02
    4.35827789e+02 7.42676258e-01 4.78770233e+02 4.50674652e+02
    7.07054079e-01 4.87961121e+02 4.66228485e+02 8.12492073e-01
    4.94324066e+02 4.79661316e+02 8.72635067e-01 4.55439484e+02
    4.37948761e+02 6.95408285e-01 4.60388428e+02 4.52088623e+02
    7.04436362e-01 4.65337372e+02 4.66935455e+02 7.97919750e-01
    4.70993317e+02 4.78247345e+02 7.48353183e-01 4.39178650e+02
    4.40776733e+02 6.38883829e-01 4.39178650e+02 4.54209595e+02
    8.31293821e-01 4.41299622e+02 4.65521484e+02 7.47241139e-01
    4.44127594e+02 4.75419373e+02 8.41058731e-01 0. 0. 0. 0. 0. 0. 0. 0.
    0. 0. 0. 0. 0. 0. 0. 0. 0. 0. 0. 0. 0. 0. 0. 0. 0. 0. 0. 0. 0. 0. 0.
    0. 0. 0. 0. 0. 0. 0. 0. 0. 0. 0. 0. 0. 0. 0. 0. 0. 0. 0. 0. 0. 0. 0.
    0. 0. 0. 0. 0. 0. 0. 0. 0.</data></hand_right_0>
</opencv_storage>
