<?xml version="1.0"?>
<opencv_storage>
<pose_0 type_id="opencv-nd-matrix">
  <sizes>
    1 18 3</sizes>
  <dt>f</dt>
  <data>
    4.32435883e+02 1.42859818e+02 8.22923720e-01 4.48028595e+02
    9.77943726e+01 7.87069142e-01 3.54110352e+02 1.01678978e+02
    7.33481467e-01 4.10903870e+02 2.68036865e+02 8.24774623e-01
    4.59820007e+02 4.03068024e+02 7.95274019e-01 5.41993713e+02
    9.78504791e+01 6.98682487e-01 5.10721252e+02 2.73963013e+02
    8.10252786e-01 4.91130890e+02 4.14764313e+02 5.62313557e-01
    3.81482239e+02 2.95434052e+02 4.27460462e-01 3.30627686e+02
    4.49995239e+02 5.08104742e-01 0. 0. 0. 4.79344116e+02 3.01311584e+02
    4.54417557e-01 5.10691345e+02 4.12821289e+02 1.38271987e-01 0. 0. 0.
    4.12786011e+02 1.21323578e+02 7.51373887e-01 4.53907867e+02
    1.17445343e+02 7.82867432e-01 3.81470947e+02 1.01706116e+02
    2.49606088e-01 4.91005127e+02 5.48419456e+01 6.33884668e-01</data></pose_0>
</opencv_storage>
