<?xml version="1.0"?>
<opencv_storage>
<hand_left_0 type_id="opencv-nd-matrix">
  <sizes>
    1 21 3</sizes>
  <dt>f</dt>
  <data>
    4.61020630e+02 3.88633423e+02 5.22490740e-01 4.48047058e+02
    4.01606995e+02 6.18407726e-01 4.40118774e+02 4.21067352e+02
    5.81814289e-01 4.40118774e+02 4.34761688e+02 5.19343078e-01
    4.46605560e+02 4.51339050e+02 4.38853085e-01 4.52371582e+02
    4.14580566e+02 5.70467234e-01 4.42281036e+02 4.28274902e+02
    5.31818986e-01 4.43722534e+02 4.41248474e+02 5.62467217e-01
    4.47326324e+02 4.52059784e+02 6.48374796e-01 4.68228180e+02
    4.09535278e+02 6.29291892e-01 4.60299896e+02 4.27554138e+02
    4.46775377e-01 4.63903656e+02 4.40527710e+02 6.05471194e-01
    4.65345154e+02 4.52780548e+02 7.26153970e-01 4.81922516e+02
    4.05210754e+02 6.45585895e-01 4.92733826e+02 4.21788116e+02
    5.25326252e-01 4.97779114e+02 4.34040924e+02 4.89032447e-01
    4.93454590e+02 4.48456024e+02 5.54988921e-01 4.97058350e+02
    3.95840973e+02 6.67632163e-01 5.05707397e+02 4.00165497e+02
    8.71802926e-01 5.12194214e+02 4.05931519e+02 8.15126359e-01
    5.17239502e+02 4.13139069e+02 7.51812339e-01</data></hand_left_0>
</opencv_storage>
