<?xml version="1.0"?>
<opencv_storage>
<hand_right_0 type_id="opencv-nd-matrix">
  <sizes>
    1 21 3</sizes>
  <dt>f</dt>
  <data>
    4.58797211e+02 3.87627808e+02 5.66993177e-01 4.76734131e+02
    3.96237518e+02 6.98564410e-01 4.94671082e+02 4.04129791e+02
    6.93981111e-01 5.06868195e+02 4.14891937e+02 8.05007458e-01
    5.21935242e+02 4.23501678e+02 8.28797340e-01 4.83191437e+02
    4.14174469e+02 6.38800681e-01 4.93236115e+02 4.29241486e+02
    7.45965838e-01 4.99693420e+02 4.44308502e+02 8.47447813e-01
    5.03998291e+02 4.55788147e+02 8.61555874e-01 4.69559357e+02
    4.17044373e+02 6.88948393e-01 4.76734131e+02 4.32828888e+02
    6.69726014e-01 4.83191437e+02 4.48613373e+02 7.30121255e-01
    4.90366211e+02 4.60810486e+02 8.17958117e-01 4.54492340e+02
    4.21349243e+02 7.47906804e-01 4.58079712e+02 4.34263824e+02
    6.49166107e-01 4.60949646e+02 4.50048340e+02 8.43186259e-01
    4.63819550e+02 4.62962921e+02 7.94799089e-01 4.39425323e+02
    4.21349243e+02 6.67242706e-01 4.39425323e+02 4.37133728e+02
    7.78691888e-01 4.40860260e+02 4.48613373e+02 7.41050482e-01
    4.43012695e+02 4.58658051e+02 7.43914664e-01</data></hand_right_0>
</opencv_storage>
