<?xml version="1.0"?>
<opencv_storage>
<pose_0 type_id="opencv-nd-matrix">
  <sizes>
    1 18 3</sizes>
  <dt>f</dt>
  <data>
    5.08736969e+02 9.78167038e+01 8.46837103e-01 4.65680969e+02
    7.04435654e+01 7.03822851e-01 3.67858215e+02 6.84486084e+01
    6.79892123e-01 4.14759705e+02 2.56332794e+02 7.51664400e-01
    4.59721680e+02 3.81563873e+02 8.55671823e-01 5.71263611e+02
    8.21523972e+01 6.82140648e-01 5.26361694e+02 2.71951050e+02
    7.61040807e-01 4.96963898e+02 3.89339783e+02 6.16975725e-01
    3.79550598e+02 2.95432709e+02 4.09628600e-01 3.22835236e+02
    4.30416656e+02 4.13035512e-01 2.75866669e+02 4.81342651e+02
    8.06457251e-02 4.91048553e+02 3.07177307e+02 4.01262671e-01
    5.22454224e+02 3.87447266e+02 5.81020713e-02 0. 0. 0. 4.92975800e+02
    7.62593613e+01 7.85775363e-01 5.26354614e+02 7.05121384e+01
    7.84050286e-01 4.30385162e+02 2.34512653e+01 8.51451993e-01 0. 0. 0.</data></pose_0>
</opencv_storage>
