<?xml version="1.0"?>
<opencv_storage>
<pose_0 type_id="opencv-nd-matrix">
  <sizes>
    1 18 3</sizes>
  <dt>f</dt>
  <data>
    4.48048706e+02 1.48749664e+02 7.78103888e-01 4.71504517e+02
    1.01715935e+02 7.80050039e-01 3.73694366e+02 9.77665710e+01
    7.03105211e-01 4.16709930e+02 2.85685883e+02 7.63461888e-01
    4.59777435e+02 4.08913757e+02 8.60110819e-01 5.73303894e+02
    1.13502197e+02 6.64390147e-01 5.37936401e+02 2.91523651e+02
    8.03613544e-01 4.96974060e+02 4.14856598e+02 6.35854542e-01
    3.81514618e+02 2.89598389e+02 4.41955328e-01 3.28690796e+02
    4.30386047e+02 4.59577948e-01 2.89537781e+02 4.79394135e+02
    1.40657067e-01 4.91103485e+02 3.07203674e+02 4.33729321e-01
    5.40001343e+02 4.57800446e+02 6.80185109e-02 0. 0. 0. 4.30444458e+02
    1.29097290e+02 7.12930799e-01 4.73467499e+02 1.31079742e+02
    7.97605813e-01 4.08913727e+02 8.02100067e+01 1.59725949e-01
    5.16534851e+02 7.23770447e+01 6.36212945e-01</data></pose_0>
</opencv_storage>
