<?xml version="1.0"?>
<opencv_storage>
<hand_right_0 type_id="opencv-nd-matrix">
  <sizes>
    1 21 3</sizes>
  <dt>f</dt>
  <data>
    4.59647430e+02 3.89812775e+02 4.96269464e-01 4.76662994e+02
    3.94775635e+02 6.76921070e-01 4.97223511e+02 4.01156494e+02
    6.71165943e-01 5.09985199e+02 4.08246307e+02 8.15056860e-01
    5.22037903e+02 4.16754089e+02 8.19579005e-01 4.85879791e+02
    4.11082245e+02 6.96165323e-01 4.97932495e+02 4.25261902e+02
    7.40478933e-01 5.05022308e+02 4.36605621e+02 8.60352039e-01
    5.10694183e+02 4.47240356e+02 9.56757069e-01 4.70991150e+02
    4.14627167e+02 7.51469731e-01 4.81625885e+02 4.29515778e+02
    6.58091187e-01 4.90842651e+02 4.41568481e+02 6.90350771e-01
    4.99350464e+02 4.52912231e+02 8.99894416e-01 4.54684540e+02
    4.18881042e+02 7.12883592e-01 4.60356415e+02 4.30933746e+02
    6.98422432e-01 4.64610291e+02 4.46531372e+02 7.70731509e-01
    4.66028259e+02 4.57166107e+02 6.74360991e-01 4.41213867e+02
    4.18881042e+02 6.77904069e-01 4.41922852e+02 4.35187653e+02
    8.38906527e-01 4.43340820e+02 4.45822388e+02 8.09221923e-01
    4.48303711e+02 4.55039154e+02 7.85998285e-01</data></hand_right_0>
</opencv_storage>
