<?xml version="1.0"?>
<opencv_storage>
<hand_left_0 type_id="opencv-nd-matrix">
  <sizes>
    1 21 3</sizes>
  <dt>f</dt>
  <data>
    4.59498810e+02 3.91909393e+02 5.47658205e-01 4.47597626e+02
    4.03810577e+02 6.21437550e-01 4.38496765e+02 4.22712402e+02
    5.13640344e-01 4.37796692e+02 4.36013702e+02 3.52161407e-01
    4.44097290e+02 4.52115265e+02 2.74288118e-01 4.50397919e+02
    4.15711731e+02 5.02494931e-01 4.42697174e+02 4.29013031e+02
    5.79943240e-01 4.42697174e+02 4.42314301e+02 6.77752316e-01
    4.45497437e+02 4.53515411e+02 7.53270328e-01 4.65799408e+02
    4.12911438e+02 6.62301123e-01 4.60198853e+02 4.29713074e+02
    5.48871756e-01 4.62999146e+02 4.42314301e+02 6.63043737e-01
    4.64399261e+02 4.54215485e+02 7.41110384e-01 4.81900970e+02
    4.08711029e+02 6.75380170e-01 4.93102081e+02 4.24812622e+02
    5.77941716e-01 4.98702606e+02 4.36013702e+02 5.07974446e-01
    5.05003235e+02 4.46514709e+02 5.43386281e-01 4.97302490e+02
    4.01010284e+02 6.86524749e-01 5.05003235e+02 4.05910767e+02
    7.01704800e-01 5.11303833e+02 4.12911438e+02 7.50139952e-01
    5.15504272e+02 4.19212067e+02 7.18668401e-01</data></hand_left_0>
</opencv_storage>
