<?xml version="1.0"?>
<opencv_storage>
<hand_left_0 type_id="opencv-nd-matrix">
  <sizes>
    1 21 3</sizes>
  <dt>f</dt>
  <data>
    4.58422546e+02 4.19244019e+02 5.58193505e-01 4.44456482e+02
    4.31115173e+02 6.49311543e-01 4.33981934e+02 4.46477844e+02
    5.69539070e-01 4.23507385e+02 4.54159180e+02 5.36627233e-01
    4.11636230e+02 4.58348999e+02 8.02795351e-01 4.46551392e+02
    4.46477844e+02 5.24258256e-01 4.38171753e+02 4.58348999e+02
    6.66339755e-01 4.38870056e+02 4.70220154e+02 8.34880114e-01
    4.43059875e+02 4.81393005e+02 8.20809841e-01 4.61914063e+02
    4.43684631e+02 6.47273242e-01 4.57025940e+02 4.61142212e+02
    5.33369958e-01 4.60517456e+02 4.75108276e+02 6.64139271e-01
    4.61215759e+02 4.86281128e+02 8.54864240e-01 4.77975037e+02
    4.40891418e+02 6.13155842e-01 4.88449585e+02 4.57650696e+02
    6.58025324e-01 4.94036011e+02 4.72315063e+02 5.63513517e-01
    4.87052979e+02 4.86281128e+02 6.15977407e-01 4.95432617e+02
    4.34606689e+02 7.11274087e-01 5.03812256e+02 4.40891418e+02
    6.49646699e-01 5.09398682e+02 4.47176147e+02 6.89605474e-01
    5.12191895e+02 4.52762573e+02 6.37377560e-01</data></hand_left_0>
</opencv_storage>
