<?xml version="1.0"?>
<opencv_storage>
<hand_right_0 type_id="opencv-nd-matrix">
  <sizes>
    1 21 3</sizes>
  <dt>f</dt>
  <data>
    4.60178009e+02 3.86471863e+02 6.42321706e-01 4.76771240e+02
    3.93385712e+02 7.58964658e-01 4.96821381e+02 4.01682312e+02
    7.17032611e-01 5.09266296e+02 4.11361694e+02 8.56577396e-01
    5.21019836e+02 4.20349701e+02 9.00636256e-01 4.85067841e+02
    4.11361694e+02 6.22315764e-01 4.93364441e+02 4.25189392e+02
    8.02243412e-01 4.99586914e+02 4.41091217e+02 8.29153180e-01
    5.03735229e+02 4.52153351e+02 9.19806719e-01 4.70548767e+02
    4.14127228e+02 7.46590137e-01 4.76771240e+02 4.28646301e+02
    7.22038805e-01 4.83685089e+02 4.42473969e+02 7.63467133e-01
    4.90598907e+02 4.57684448e+02 8.53473842e-01 4.54646942e+02
    4.16201385e+02 6.86661124e-01 4.58103851e+02 4.30029053e+02
    6.43433928e-01 4.60869385e+02 4.45239532e+02 8.18474293e-01
    4.64326324e+02 4.58375824e+02 8.26648355e-01 4.40127869e+02
    4.18275543e+02 7.05841482e-01 4.39436493e+02 4.30720459e+02
    8.12032104e-01 4.39436493e+02 4.41782593e+02 8.00999165e-01
    4.42893402e+02 4.52844757e+02 7.47587979e-01</data></hand_right_0>
</opencv_storage>
