<?xml version="1.0"?>
<opencv_storage>
<pose_0 type_id="opencv-nd-matrix">
  <sizes>
    1 18 3</sizes>
  <dt>f</dt>
  <data>
    4.01146881e+02 1.50659286e+02 8.40725899e-01 4.40181152e+02
    1.15397041e+02 6.82804704e-01 3.52132019e+02 1.17448456e+02
    7.77544379e-01 4.10880310e+02 2.77805603e+02 8.00061285e-01
    4.59799957e+02 4.18708771e+02 7.61845350e-01 5.39952820e+02
    1.17460945e+02 6.90274358e-01 5.12645630e+02 2.89659882e+02
    7.93502688e-01 4.91024475e+02 4.30486877e+02 5.19504189e-01
    3.73693817e+02 3.18883057e+02 4.21199411e-01 3.24806976e+02
    4.67635223e+02 5.68306565e-01 0. 0. 0. 4.75415894e+02 3.22820496e+02
    4.94295359e-01 5.38014771e+02 4.61713837e+02 1.82703152e-01 0. 0. 0.
    3.83445374e+02 1.31139557e+02 9.06068146e-01 4.24550476e+02
    1.29155823e+02 8.04930866e-01 3.65721649e+02 1.13504639e+02
    6.24549761e-02 4.71536285e+02 7.24368134e+01 8.64979744e-01</data></pose_0>
</opencv_storage>
