<?xml version="1.0"?>
<opencv_storage>
<hand_right_0 type_id="opencv-nd-matrix">
  <sizes>
    1 21 3</sizes>
  <dt>f</dt>
  <data>
    4.60800629e+02 4.03962555e+02 6.45675957e-01 4.79101593e+02
    4.09642181e+02 7.63369024e-01 4.98664642e+02 4.18477112e+02
    7.87790358e-01 5.08130646e+02 4.29836304e+02 7.99625218e-01
    5.16965576e+02 4.40564453e+02 8.06536794e-01 4.86674377e+02
    4.27312042e+02 7.42757201e-01 4.94878265e+02 4.43719788e+02
    8.06298018e-01 5.01188934e+02 4.57603271e+02 8.00896525e-01
    5.04344269e+02 4.68962463e+02 9.03974414e-01 4.72790924e+02
    4.29836304e+02 8.34914863e-01 4.79732635e+02 4.47506195e+02
    7.30082393e-01 4.86043304e+02 4.60758606e+02 6.22221172e-01
    4.89198639e+02 4.69593536e+02 4.74729240e-01 4.58276367e+02
    4.32991638e+02 7.25851357e-01 4.60169586e+02 4.46244049e+02
    6.77865744e-01 4.62693848e+02 4.60758606e+02 7.35355914e-01
    4.59538513e+02 4.74642059e+02 6.95545793e-01 4.43130768e+02
    4.32991638e+02 6.63275719e-01 4.41868622e+02 4.44350861e+02
    7.47056246e-01 4.41868622e+02 4.55078979e+02 7.70711184e-01
    4.41237549e+02 4.64544983e+02 7.39111841e-01</data></hand_right_0>
</opencv_storage>
