<?xml version="1.0"?>
<opencv_storage>
<hand_right_0 type_id="opencv-nd-matrix">
  <sizes>
    1 21 3</sizes>
  <dt>f</dt>
  <data>
    4.60444580e+02 3.99377380e+02 6.40581429e-01 4.79105591e+02
    4.05597687e+02 7.33067870e-01 4.99010651e+02 4.14306152e+02
    7.86014438e-01 5.08963196e+02 4.26746826e+02 7.95683742e-01
    5.18915710e+02 4.36077332e+02 8.20412934e-01 4.86569977e+02
    4.23014618e+02 7.32132435e-01 4.95278442e+02 4.39187500e+02
    8.29443932e-01 5.00254730e+02 4.52250183e+02 8.27388644e-01
    5.04608948e+02 4.64690857e+02 9.25083041e-01 4.72263214e+02
    4.25502747e+02 8.13601196e-01 4.80349670e+02 4.42297668e+02
    7.24821746e-01 4.85325928e+02 4.55360352e+02 7.10104167e-01
    4.89680145e+02 4.65934937e+02 6.24182165e-01 4.57956451e+02
    4.27990906e+02 6.51191771e-01 4.60444580e+02 4.40431549e+02
    7.18801320e-01 4.62932739e+02 4.55360352e+02 7.60258973e-01
    4.59822571e+02 4.70289154e+02 7.16509819e-01 4.41161560e+02
    4.27368866e+02 6.21583819e-01 4.41161560e+02 4.39809540e+02
    7.45044470e-01 4.41161560e+02 4.50384094e+02 7.76927233e-01
    4.41161560e+02 4.60336609e+02 7.88537323e-01</data></hand_right_0>
</opencv_storage>
