<?xml version="1.0"?>
<opencv_storage>
<hand_left_0 type_id="opencv-nd-matrix">
  <sizes>
    1 21 3</sizes>
  <dt>f</dt>
  <data>
    4.60440094e+02 4.06035980e+02 5.09913504e-01 4.47011353e+02
    4.18757965e+02 6.06082678e-01 4.36409729e+02 4.38547699e+02
    4.72469568e-01 4.26514862e+02 4.44908661e+02 5.25581002e-01
    4.14499664e+02 4.47735779e+02 7.72194028e-01 4.49131683e+02
    4.34307037e+02 5.15944362e-01 4.39943604e+02 4.45615448e+02
    6.74181998e-01 4.40650360e+02 4.57630646e+02 7.80677557e-01
    4.44184265e+02 4.68939056e+02 8.17743480e-01 4.66094299e+02
    4.30066376e+02 6.36646032e-01 4.61146881e+02 4.46322205e+02
    4.62977260e-01 4.63267212e+02 4.61871277e+02 6.68817282e-01
    4.61853638e+02 4.73886475e+02 7.52683818e-01 4.82350159e+02
    4.25118927e+02 5.90725839e-01 4.91538239e+02 4.40667999e+02
    6.12710297e-01 4.99312775e+02 4.55510315e+02 5.89609623e-01
    4.91538239e+02 4.69645813e+02 5.71435928e-01 4.95778900e+02
    4.16637634e+02 6.88715816e-01 5.06380524e+02 4.22998627e+02
    8.09560299e-01 5.12741516e+02 4.28652832e+02 8.41011405e-01
    5.18395752e+02 4.35720581e+02 7.47079492e-01</data></hand_left_0>
</opencv_storage>
