<?xml version="1.0"?>
<opencv_storage>
<hand_right_0 type_id="opencv-nd-matrix">
  <sizes>
    1 21 3</sizes>
  <dt>f</dt>
  <data>
    4.59694061e+02 4.09053009e+02 5.75254560e-01 4.77568909e+02
    4.16500854e+02 7.11232543e-01 4.99167664e+02 4.25438263e+02
    6.83969617e-01 5.10339417e+02 4.32886108e+02 7.02147543e-01
    5.19276855e+02 4.42568329e+02 7.88593054e-01 4.85016754e+02
    4.32886108e+02 6.36885166e-01 4.94698944e+02 4.47781830e+02
    7.34601915e-01 5.01402008e+02 4.61932739e+02 8.32909644e-01
    5.05870728e+02 4.73104492e+02 8.55583072e-01 4.70121063e+02
    4.35120483e+02 7.21671999e-01 4.76824127e+02 4.50016174e+02
    6.66601539e-01 4.84271973e+02 4.64911865e+02 7.54581213e-01
    4.91719818e+02 4.79062775e+02 8.69454801e-01 4.53735779e+02
    4.38099609e+02 6.91016614e-01 4.58949280e+02 4.50760956e+02
    7.09610045e-01 4.61928436e+02 4.67146210e+02 8.23924720e-01
    4.65652344e+02 4.79807556e+02 8.47362101e-01 4.40329681e+02
    4.38099609e+02 6.28108442e-01 4.37350525e+02 4.52250519e+02
    7.85634577e-01 4.40329681e+02 4.63422302e+02 7.61502862e-01
    4.42564026e+02 4.74594055e+02 7.86034226e-01</data></hand_right_0>
</opencv_storage>
