<?xml version="1.0"?>
<opencv_storage>
<hand_right_0 type_id="opencv-nd-matrix">
  <sizes>
    1 21 3</sizes>
  <dt>f</dt>
  <data>
    4.59944122e+02 3.83341583e+02 6.16618454e-01 4.76822968e+02
    3.90374451e+02 7.45934904e-01 4.97921539e+02 3.98110565e+02
    6.84401155e-01 5.09174133e+02 4.07253296e+02 8.15026879e-01
    5.19723389e+02 4.15692719e+02 8.20822775e-01 4.85965698e+02
    4.07253296e+02 6.70019627e-01 4.93701843e+02 4.20615723e+02
    7.42863119e-01 5.02844543e+02 4.33274872e+02 8.18157077e-01
    5.06360962e+02 4.43824127e+02 8.83087695e-01 4.69790131e+02
    4.10066437e+02 7.44241416e-01 4.76822968e+02 4.23428864e+02
    7.20556259e-01 4.85965698e+02 4.37494568e+02 7.39483714e-01
    4.92998535e+02 4.49450439e+02 9.18739796e-01 4.54317841e+02
    4.13582855e+02 6.18798792e-01 4.57130981e+02 4.24835419e+02
    7.05484927e-01 4.59944122e+02 4.39604431e+02 8.07066560e-01
    4.64867126e+02 4.52263580e+02 6.75298393e-01 4.40955414e+02
    4.14989441e+02 7.31535017e-01 4.40955414e+02 4.27648560e+02
    7.66388893e-01 4.41658691e+02 4.38901154e+02 7.32147455e-01
    4.47284973e+02 4.51560272e+02 7.24009037e-01</data></hand_right_0>
</opencv_storage>
