<?xml version="1.0"?>
<opencv_storage>
<hand_right_0 type_id="opencv-nd-matrix">
  <sizes>
    1 21 3</sizes>
  <dt>f</dt>
  <data>
    4.61182709e+02 3.90679016e+02 6.56317830e-01 4.79229340e+02
    3.98413300e+02 7.13452578e-01 4.99209564e+02 4.05503052e+02
    7.49703944e-01 5.08877411e+02 4.16459961e+02 7.75052726e-01
    5.19189758e+02 4.26127777e+02 8.76430452e-01 4.86963623e+02
    4.14526367e+02 7.28405714e-01 4.95342438e+02 4.30639465e+02
    8.26686561e-01 5.01143127e+02 4.45463470e+02 8.07776332e-01
    5.05010284e+02 4.56420380e+02 9.36948836e-01 4.72784119e+02
    4.16459961e+02 8.17362964e-01 4.79873871e+02 4.34506592e+02
    7.32048333e-01 4.86319092e+02 4.47397064e+02 6.39539301e-01
    4.89541718e+02 4.57064911e+02 5.68212032e-01 4.58604614e+02
    4.19682556e+02 7.56636143e-01 4.60538177e+02 4.33217560e+02
    6.64584160e-01 4.63116272e+02 4.47397064e+02 7.72597194e-01
    4.60538177e+02 4.62221069e+02 7.33909070e-01 4.43136047e+02
    4.20327087e+02 6.97757483e-01 4.42491547e+02 4.33217560e+02
    7.35155463e-01 4.42491547e+02 4.43529907e+02 7.76024222e-01
    4.43136047e+02 4.52553223e+02 6.81584358e-01</data></hand_right_0>
</opencv_storage>
