<?xml version="1.0"?>
<opencv_storage>
<pose_0 type_id="opencv-nd-matrix">
  <sizes>
    1 18 3</sizes>
  <dt>f</dt>
  <data>
    5.04804474e+02 1.70260818e+02 6.82097554e-01 4.73494446e+02
    1.03683136e+02 8.06260407e-01 3.69808594e+02 9.97147675e+01
    6.53412879e-01 4.03062622e+02 2.87661865e+02 6.89123750e-01
    4.57849091e+02 4.14746521e+02 8.88728917e-01 5.73311584e+02
    1.11498207e+02 6.35879278e-01 5.32186218e+02 3.01330109e+02
    7.48939633e-01 4.94970062e+02 4.16766479e+02 6.94246411e-01
    3.75635345e+02 2.89542847e+02 4.05475318e-01 3.18911255e+02
    4.32417786e+02 3.69468033e-01 2.56308563e+02 4.87159149e+02
    7.00850934e-02 4.87177979e+02 3.05257629e+02 4.36923355e-01
    5.47803223e+02 4.50007141e+02 1.36598274e-01 0. 0. 0. 4.93070435e+02
    1.56540161e+02 7.49936342e-01 5.22400513e+02 1.52646225e+02
    3.69651169e-01 4.55872681e+02 1.07620461e+02 2.89093852e-01
    5.43883423e+02 1.01829727e+02 8.14855769e-02</data></pose_0>
</opencv_storage>
