<?xml version="1.0"?>
<opencv_storage>
<hand_right_0 type_id="opencv-nd-matrix">
  <sizes>
    1 21 3</sizes>
  <dt>f</dt>
  <data>
    4.55265015e+02 3.86159332e+02 5.80033839e-01 4.71844543e+02
    3.94117493e+02 7.47074962e-01 4.91739960e+02 4.02738831e+02
    6.74750388e-01 4.99698120e+02 4.14012909e+02 6.70904696e-01
    5.08982666e+02 4.23960632e+02 8.46066177e-01 4.79139526e+02
    4.10033813e+02 7.31069207e-01 4.87760864e+02 4.26613342e+02
    8.09730053e-01 4.94392670e+02 4.40540131e+02 7.46638358e-01
    4.98371765e+02 4.51151031e+02 9.10369575e-01 4.65212738e+02
    4.12686554e+02 7.48604476e-01 4.71181366e+02 4.26613342e+02
    6.31993532e-01 4.77813171e+02 4.41866486e+02 7.50854731e-01
    4.81792236e+02 4.54466919e+02 6.39945805e-01 4.50622772e+02
    4.15339264e+02 6.92118645e-01 4.53275482e+02 4.25950165e+02
    6.84584022e-01 4.58580933e+02 4.41866486e+02 7.69468188e-01
    4.59907288e+02 4.57119659e+02 7.45444953e-01 4.35369598e+02
    4.15339264e+02 6.88227773e-01 4.37359161e+02 4.27276520e+02
    7.98796415e-01 4.38685516e+02 4.37224243e+02 7.88959563e-01
    4.40011871e+02 4.48498291e+02 8.29051197e-01</data></hand_right_0>
</opencv_storage>
