<?xml version="1.0"?>
<opencv_storage>
<pose_0 type_id="opencv-nd-matrix">
  <sizes>
    1 18 3</sizes>
  <dt>f</dt>
  <data>
    4.61746307e+02 1.01766319e+02 8.08481514e-01 4.63697388e+02
    7.04201813e+01 7.65845478e-01 3.65931854e+02 6.84951324e+01
    7.04696953e-01 4.14724091e+02 2.56319580e+02 7.63206661e-01
    4.59714539e+02 3.81534424e+02 8.52865100e-01 5.67400452e+02
    8.21363068e+01 6.50544822e-01 5.26293030e+02 2.68011139e+02
    7.57097900e-01 4.95018463e+02 3.91310455e+02 5.56928277e-01
    3.81484131e+02 2.91533081e+02 4.25657362e-01 3.22886475e+02
    4.30456207e+02 3.83513689e-01 0. 0. 0. 4.91088593e+02 3.03287445e+02
    4.23450083e-01 5.22403687e+02 3.93267242e+02 6.99433312e-02 0. 0. 0.
    4.44135681e+02 8.40119476e+01 6.61398411e-01 4.79388885e+02
    8.21611023e+01 7.71785736e-01 3.93274750e+02 4.84680605e+00
    4.54144716e-01 5.24427490e+02 4.85914898e+00 2.79989481e-01</data></pose_0>
</opencv_storage>
