<?xml version="1.0"?>
<opencv_storage>
<pose_0 type_id="opencv-nd-matrix">
  <sizes>
    1 18 3</sizes>
  <dt>f</dt>
  <data>
    4.77367493e+02 1.33076904e+02 7.48727918e-01 4.73490997e+02
    8.60929489e+01 7.82644391e-01 3.71772125e+02 8.41760559e+01
    6.80606484e-01 4.14840332e+02 2.71970764e+02 7.77770579e-01
    4.59800812e+02 4.04977661e+02 8.57816756e-01 5.73316833e+02
    9.98135681e+01 6.70367122e-01 5.28288879e+02 2.89515930e+02
    7.56652713e-01 4.96960480e+02 4.12888794e+02 6.05765224e-01
    3.79543274e+02 2.99366821e+02 3.97047639e-01 3.22871399e+02
    4.44092712e+02 3.38189065e-01 2.77830231e+02 4.91045685e+02
    7.85188526e-02 4.89133026e+02 3.11091827e+02 4.26454842e-01
    5.51686707e+02 4.40220093e+02 1.52720541e-01 0. 0. 0. 4.61762085e+02
    1.15454445e+02 6.70991182e-01 4.93139191e+02 1.15470146e+02
    6.89230621e-01 4.12776306e+02 5.67375526e+01 3.42406690e-01
    5.26289612e+02 4.30261726e+01 3.65234077e-01</data></pose_0>
</opencv_storage>
