<?xml version="1.0"?>
<opencv_storage>
<hand_left_0 type_id="opencv-nd-matrix">
  <sizes>
    1 21 3</sizes>
  <dt>f</dt>
  <data>
    4.58132538e+02 3.96424500e+02 5.64230084e-01 4.44970917e+02
    4.09586121e+02 6.30187750e-01 4.36927704e+02 4.27866119e+02
    6.27909184e-01 4.37658905e+02 4.43221313e+02 5.83896995e-01
    4.44239716e+02 4.57114136e+02 5.28128386e-01 4.53745331e+02
    4.22016510e+02 5.69633424e-01 4.54476532e+02 4.38102936e+02
    3.46427143e-01 4.43508514e+02 4.48339722e+02 3.96086514e-01
    4.46433319e+02 4.59307739e+02 4.70214427e-01 4.69831726e+02
    4.17629303e+02 6.42163157e-01 4.77874939e+02 4.32253326e+02
    6.29599452e-01 4.83724518e+02 4.44683716e+02 4.22340035e-01
    4.61057312e+02 4.62963745e+02 5.54089367e-01 4.83724518e+02
    4.11779724e+02 6.64485157e-01 4.93230133e+02 4.27134918e+02
    6.42780542e-01 4.99810944e+02 4.38834106e+02 6.10587120e-01
    5.05660553e+02 4.49802124e+02 6.10654771e-01 4.96154938e+02
    4.03005310e+02 7.20815659e-01 5.06391754e+02 4.08854919e+02
    7.62246430e-01 5.12241333e+02 4.13973297e+02 8.09600294e-01
    5.16628540e+02 4.19822906e+02 7.32268810e-01</data></hand_left_0>
</opencv_storage>
