<?xml version="1.0"?>
<opencv_storage>
<hand_right_0 type_id="opencv-nd-matrix">
  <sizes>
    1 21 3</sizes>
  <dt>f</dt>
  <data>
    4.59977509e+02 3.83774902e+02 6.12025976e-01 4.77340485e+02
    3.90025604e+02 7.49446273e-01 4.96787048e+02 3.98359833e+02
    6.38405800e-01 5.07204834e+02 4.06694061e+02 7.63832510e-01
    5.17622620e+02 4.16417328e+02 8.01440239e-01 4.84285675e+02
    4.05999542e+02 6.83526635e-01 4.94703461e+02 4.21278961e+02
    7.75977612e-01 5.03037720e+02 4.33780304e+02 8.23615611e-01
    5.05815796e+02 4.44198090e+02 9.10011292e-01 4.70395294e+02
    4.10861176e+02 7.75863647e-01 4.78035004e+02 4.25446075e+02
    7.00032413e-01 4.86369232e+02 4.37947418e+02 6.91957116e-01
    4.94008942e+02 4.49754272e+02 8.76817048e-01 4.55115875e+02
    4.15722809e+02 7.13398874e-01 4.56504913e+02 4.26835114e+02
    6.56755328e-01 4.59977509e+02 4.41420013e+02 7.92292535e-01
    4.61366547e+02 4.54615906e+02 7.02193379e-01 4.39141937e+02
    4.15722809e+02 7.35686898e-01 4.40530975e+02 4.31002228e+02
    7.75996566e-01 4.41920013e+02 4.42114532e+02 7.02464998e-01
    4.44698090e+02 4.52532349e+02 6.68879628e-01</data></hand_right_0>
</opencv_storage>
