<?xml version="1.0"?>
<opencv_storage>
<pose_0 type_id="opencv-nd-matrix">
  <sizes>
    1 18 3</sizes>
  <dt>f</dt>
  <data>
    5.06734192e+02 1.13470848e+02 7.82177329e-01 4.63735992e+02
    7.04398499e+01 7.13245749e-01 3.69784607e+02 7.04604721e+01
    6.50029004e-01 4.12794952e+02 2.56323334e+02 7.62509227e-01
    4.59653381e+02 3.83554718e+02 8.46468866e-01 5.71298035e+02
    8.40949249e+01 6.73218608e-01 5.26374207e+02 2.73864441e+02
    7.39049375e-01 4.96935699e+02 3.93240570e+02 5.88623106e-01
    3.79557983e+02 2.93481842e+02 4.20537502e-01 3.26748932e+02
    4.30474701e+02 4.52880532e-01 2.71951385e+02 4.83297516e+02
    9.37813967e-02 4.91105896e+02 3.07186951e+02 4.00239229e-01
    5.22438599e+02 3.89388153e+02 6.12342730e-02 0. 0. 0. 4.93074921e+02
    9.39098969e+01 7.30856717e-01 5.22398743e+02 8.80355377e+01
    5.61610758e-01 4.51966278e+02 5.86656761e+01 3.46831441e-01 0. 0. 0.</data></pose_0>
</opencv_storage>
