<?xml version="1.0"?>
<opencv_storage>
<hand_right_0 type_id="opencv-nd-matrix">
  <sizes>
    1 21 3</sizes>
  <dt>f</dt>
  <data>
    4.58932983e+02 4.13202759e+02 5.36107063e-01 4.77314026e+02
    4.22393280e+02 6.94511950e-01 4.96402039e+02 4.30169891e+02
    6.81487620e-01 5.07713470e+02 4.40067383e+02 7.91398048e-01
    5.18317932e+02 4.49964874e+02 7.67187715e-01 4.83676697e+02
    4.38653442e+02 6.04089260e-01 4.92867249e+02 4.54913605e+02
    7.16065764e-01 4.99936859e+02 4.69052887e+02 8.00409317e-01
    5.04178650e+02 4.80364319e+02 8.32757890e-01 4.68830475e+02
    4.41481293e+02 6.70522988e-01 4.75900116e+02 4.55620575e+02
    6.37490153e-01 4.83676697e+02 4.71880737e+02 7.80359745e-01
    4.89332428e+02 4.84606079e+02 9.14370894e-01 4.54691193e+02
    4.45016113e+02 6.79277241e-01 4.56812073e+02 4.56327545e+02
    6.44007325e-01 4.60346893e+02 4.72587708e+02 7.93455839e-01
    4.62467804e+02 4.84606079e+02 8.10778141e-01 4.38431030e+02
    4.45723083e+02 6.65365875e-01 4.37724060e+02 4.60569336e+02
    8.34394634e-01 4.39138000e+02 4.71173798e+02 7.44969368e-01
    4.43379761e+02 4.80364319e+02 7.61924982e-01</data></hand_right_0>
</opencv_storage>
