<?xml version="1.0"?>
<opencv_storage>
<hand_right_0 type_id="opencv-nd-matrix">
  <sizes>
    1 21 3</sizes>
  <dt>f</dt>
  <data>
    4.58420105e+02 3.84088257e+02 6.18529260e-01 4.74712250e+02
    3.89101227e+02 7.12914646e-01 4.92884277e+02 3.95367462e+02
    6.89927042e-01 5.03536865e+02 4.05393402e+02 7.91646838e-01
    5.16069275e+02 4.14166107e+02 8.40668738e-01 4.82858337e+02
    4.02260284e+02 6.33645415e-01 4.93510895e+02 4.19179077e+02
    7.88905025e-01 4.99777130e+02 4.33591370e+02 7.42948711e-01
    5.02910217e+02 4.44870575e+02 9.20094907e-01 4.68446045e+02
    4.04766785e+02 7.25279510e-01 4.75965515e+02 4.18552460e+02
    5.47613502e-01 4.82858337e+02 4.34217987e+02 6.51546955e-01
    4.84111572e+02 4.48630280e+02 6.69549346e-01 4.56540222e+02
    4.08526489e+02 5.99987328e-01 4.57793457e+02 4.19179077e+02
    7.01546311e-01 4.62806458e+02 4.35471222e+02 6.99160814e-01
    4.62806458e+02 4.49883545e+02 6.65141165e-01 4.43381165e+02
    4.11032990e+02 6.31450653e-01 4.42754547e+02 4.20432312e+02
    7.29080081e-01 4.42754547e+02 4.29831635e+02 7.32870400e-01
    4.42754547e+02 4.39230957e+02 7.86310554e-01</data></hand_right_0>
</opencv_storage>
