<?xml version="1.0"?>
<opencv_storage>
<hand_left_0 type_id="opencv-nd-matrix">
  <sizes>
    1 21 3</sizes>
  <dt>f</dt>
  <data>
    4.62276886e+02 4.16640594e+02 5.60802102e-01 4.48525085e+02
    4.27773010e+02 6.40687048e-01 4.38702393e+02 4.44144165e+02
    5.67661762e-01 4.26260315e+02 4.52002319e+02 7.00832725e-01
    4.13163361e+02 4.59205627e+02 7.46552289e-01 4.53109009e+02
    4.46108704e+02 5.35248160e-01 4.42631470e+02 4.55931396e+02
    5.90806186e-01 4.41976624e+02 4.67063812e+02 8.61116886e-01
    4.41976624e+02 4.78851044e+02 7.43917286e-01 4.69480194e+02
    4.42834473e+02 7.14007378e-01 4.63586578e+02 4.61825043e+02
    4.16410118e-01 4.62931732e+02 4.73612274e+02 7.20547736e-01
    4.58347778e+02 4.88673737e+02 7.38170683e-01 4.85196503e+02
    4.40869934e+02 7.28159547e-01 4.95019196e+02 4.60515350e+02
    7.04866648e-01 5.00257965e+02 4.72302582e+02 5.73761880e-01
    5.05496765e+02 4.83434967e+02 7.34522164e-01 5.00257965e+02
    4.34976318e+02 7.93873310e-01 5.10735535e+02 4.50692627e+02
    6.85008705e-01 5.15319458e+02 4.55276550e+02 5.84549546e-01
    5.19248535e+02 4.57895935e+02 3.90700728e-01</data></hand_left_0>
</opencv_storage>
