<?xml version="1.0"?>
<opencv_storage>
<hand_right_0 type_id="opencv-nd-matrix">
  <sizes>
    1 21 3</sizes>
  <dt>f</dt>
  <data>
    4.62113861e+02 4.17037140e+02 6.93503380e-01 4.79109131e+02
    4.22702209e+02 6.83955729e-01 4.99251678e+02 4.32144043e+02
    7.84380972e-01 5.08064056e+02 4.46621490e+02 7.72764087e-01
    5.17505859e+02 4.56063324e+02 8.24491799e-01 4.87292053e+02
    4.40326935e+02 7.86674380e-01 4.96733887e+02 4.57951691e+02
    7.95162320e-01 5.01140045e+02 4.71799683e+02 8.37892294e-01
    5.03657867e+02 4.82500427e+02 9.10815418e-01 4.72185150e+02
    4.42215302e+02 8.08984518e-01 4.80368042e+02 4.61728394e+02
    7.07312167e-01 4.84774231e+02 4.76205872e+02 5.88051915e-01
    4.86033142e+02 4.84388763e+02 4.28393364e-01 4.57707672e+02
    4.45992035e+02 7.48868823e-01 4.59596039e+02 4.59840057e+02
    5.76098561e-01 4.61484406e+02 4.72429138e+02 6.83352351e-01
    4.58966583e+02 4.86906586e+02 7.10803032e-01 4.42600769e+02
    4.45362579e+02 6.67322934e-01 4.41971313e+02 4.56063324e+02
    7.68233657e-01 4.41341858e+02 4.66764038e+02 7.99594820e-01
    4.40712402e+02 4.76835327e+02 7.72162735e-01</data></hand_right_0>
</opencv_storage>
