<?xml version="1.0"?>
<opencv_storage>
<hand_right_0 type_id="opencv-nd-matrix">
  <sizes>
    1 21 3</sizes>
  <dt>f</dt>
  <data>
    4.59837708e+02 4.08370850e+02 5.89447141e-01 4.77552765e+02
    4.15752136e+02 7.20511258e-01 4.98958496e+02 4.26085938e+02
    6.82362914e-01 5.08554169e+02 4.34943481e+02 7.01257348e-01
    5.17411682e+02 4.44539154e+02 7.29197979e-01 4.83457794e+02
    4.31990967e+02 6.22188866e-01 4.93053467e+02 4.46753540e+02
    7.50543714e-01 4.99696625e+02 4.62254211e+02 8.40555787e-01
    5.03387268e+02 4.74064270e+02 8.27107787e-01 4.68695251e+02
    4.33467224e+02 7.34686613e-01 4.76814636e+02 4.50444153e+02
    6.86838567e-01 4.83457794e+02 4.65206726e+02 7.40894735e-01
    4.90839081e+02 4.77754913e+02 8.08178067e-01 4.53932678e+02
    4.37157867e+02 6.50461078e-01 4.57623322e+02 4.49706024e+02
    7.18889832e-01 4.60575836e+02 4.65944855e+02 8.44868183e-01
    4.65004608e+02 4.78493042e+02 7.53537953e-01 4.39908234e+02
    4.38634125e+02 6.63971543e-01 4.37693848e+02 4.51920410e+02
    7.77196229e-01 4.39908234e+02 4.62992340e+02 7.69790411e-01
    4.42122620e+02 4.74064270e+02 7.86260784e-01</data></hand_right_0>
</opencv_storage>
