<?xml version="1.0"?>
<opencv_storage>
<hand_left_0 type_id="opencv-nd-matrix">
  <sizes>
    1 21 3</sizes>
  <dt>f</dt>
  <data>
    4.59197601e+02 3.96708984e+02 5.44964075e-01 4.47181641e+02
    4.09431732e+02 6.62947237e-01 4.36579346e+02 4.25688599e+02
    5.58928847e-01 4.25270203e+02 4.33463623e+02 4.11387771e-01
    4.14667908e+02 4.38411377e+02 6.66096210e-01 4.48595276e+02
    4.26395447e+02 4.83957887e-01 4.41527069e+02 4.39118195e+02
    6.11506164e-01 4.40820251e+02 4.51134155e+02 7.51186311e-01
    4.42940735e+02 4.62443268e+02 8.03797662e-01 4.64852142e+02
    4.22861328e+02 6.59352362e-01 4.59904419e+02 4.39825012e+02
    5.60758650e-01 4.62024872e+02 4.54668243e+02 6.70032680e-01
    4.64145325e+02 4.67391022e+02 7.85840690e-01 4.81815826e+02
    4.20034058e+02 5.87923527e-01 4.91004517e+02 4.36290924e+02
    6.08311117e-01 4.97365875e+02 4.49720490e+02 5.75555801e-01
    5.00193176e+02 4.61029633e+02 5.57887554e-01 4.97365875e+02
    4.11552216e+02 7.13469625e-01 5.05847717e+02 4.17913574e+02
    7.59647846e-01 5.12915955e+02 4.25688599e+02 7.76320636e-01
    5.17863647e+02 4.32756805e+02 7.08170712e-01</data></hand_left_0>
</opencv_storage>
