<?xml version="1.0"?>
<opencv_storage>
<hand_left_0 type_id="opencv-nd-matrix">
  <sizes>
    1 21 3</sizes>
  <dt>f</dt>
  <data>
    4.62917084e+02 4.25111511e+02 6.09222233e-01 4.48883423e+02
    4.36338409e+02 6.92408919e-01 4.36954834e+02 4.53178802e+02
    5.41888952e-01 4.25727905e+02 4.58792236e+02 6.66364551e-01
    4.12395966e+02 4.63704010e+02 8.22541595e-01 4.49585114e+02
    4.49670380e+02 5.40134311e-01 4.41866608e+02 4.63704010e+02
    6.11019194e-01 4.41866608e+02 4.76334290e+02 8.21846247e-01
    4.44673340e+02 4.87561218e+02 7.91135728e-01 4.65723816e+02
    4.47565338e+02 6.87146068e-01 4.59408661e+02 4.65809082e+02
    5.75607181e-01 4.61513702e+02 4.79842712e+02 5.61991572e-01
    4.64320435e+02 4.91771301e+02 7.72767127e-01 4.82564178e+02
    4.44056915e+02 6.08802021e-01 4.91686035e+02 4.60195618e+02
    6.03368819e-01 4.98702850e+02 4.74930939e+02 6.75187409e-01
    5.04316315e+02 4.86859528e+02 5.72800279e-01 4.98001190e+02
    4.37040100e+02 6.95785880e-01 5.05719696e+02 4.41951874e+02
    8.29827428e-01 5.12736511e+02 4.47565338e+02 8.09316754e-01
    5.17648254e+02 4.55283844e+02 7.18557715e-01</data></hand_left_0>
</opencv_storage>
