<?xml version="1.0"?>
<opencv_storage>
<hand_right_0 type_id="opencv-nd-matrix">
  <sizes>
    1 21 3</sizes>
  <dt>f</dt>
  <data>
    4.57911407e+02 4.05161652e+02 5.23499012e-01 4.76145538e+02
    4.10772156e+02 6.67813480e-01 4.96483643e+02 4.17083984e+02
    7.06722021e-01 5.07704651e+02 4.24097137e+02 7.24939525e-01
    5.16821716e+02 4.29006317e+02 7.77695835e-01 4.83859985e+02
    4.25499756e+02 6.42111480e-01 4.93678375e+02 4.39526031e+02
    8.04515481e-01 5.02795471e+02 4.51448364e+02 8.61962557e-01
    5.07704651e+02 4.61968048e+02 8.63574505e-01 4.69833740e+02
    4.29006317e+02 7.24131942e-01 4.77548187e+02 4.43733917e+02
    6.95533574e-01 4.87366577e+02 4.57058868e+02 7.60428250e-01
    4.97886261e+02 4.68279877e+02 9.15189683e-01 4.53703522e+02
    4.33214203e+02 6.13256872e-01 4.57911407e+02 4.45136536e+02
    7.04636037e-01 4.62119293e+02 4.60565430e+02 7.63108671e-01
    4.65625854e+02 4.72487762e+02 6.96266890e-01 4.38975922e+02
    4.33915527e+02 6.31801665e-01 4.37573303e+02 4.48643097e+02
    7.56637871e-01 4.39677246e+02 4.57760162e+02 7.56523252e-01
    4.42482513e+02 4.68279877e+02 8.17596138e-01</data></hand_right_0>
</opencv_storage>
