<?xml version="1.0"?>
<opencv_storage>
<hand_left_0 type_id="opencv-nd-matrix">
  <sizes>
    1 21 3</sizes>
  <dt>f</dt>
  <data>
    4.58837433e+02 3.91893463e+02 5.48057258e-01 4.47394501e+02
    4.06197113e+02 6.13118589e-01 4.36666748e+02 4.23361511e+02
    5.57769656e-01 4.26654205e+02 4.29798157e+02 4.34844494e-01
    4.18071991e+02 4.33374084e+02 6.11729860e-01 4.53115967e+02
    4.19070435e+02 5.83754778e-01 4.42388245e+02 4.30513367e+02
    4.25484896e-01 4.42388245e+02 4.42671478e+02 5.08678198e-01
    4.43818604e+02 4.53399231e+02 5.66849232e-01 4.69565186e+02
    4.14064148e+02 6.62586868e-01 4.78147400e+02 4.29798157e+02
    4.96277958e-01 4.65989288e+02 4.46247375e+02 5.18837273e-01
    4.63128540e+02 4.56975128e+02 6.34082675e-01 4.83153687e+02
    4.09057861e+02 6.83845758e-01 4.93881409e+02 4.25507080e+02
    6.51225567e-01 4.99602905e+02 4.36234833e+02 6.05532169e-01
    5.05324341e+02 4.46962585e+02 6.43774927e-01 4.96742157e+02
    4.01190857e+02 6.76296175e-01 5.05324341e+02 4.07627502e+02
    7.66687870e-01 5.11761017e+02 4.14779327e+02 8.04319382e-01
    5.16052124e+02 4.20500793e+02 7.24718273e-01</data></hand_left_0>
</opencv_storage>
