<?xml version="1.0"?>
<opencv_storage>
<hand_left_0 type_id="opencv-nd-matrix">
  <sizes>
    1 21 3</sizes>
  <dt>f</dt>
  <data>
    4.62473480e+02 3.90598907e+02 5.75772882e-01 4.48439453e+02
    4.02527832e+02 6.34450078e-01 4.40019043e+02 4.20070374e+02
    6.63160324e-01 4.40019043e+02 4.36209503e+02 6.94539189e-01
    4.44930939e+02 4.50945221e+02 5.59911251e-01 4.54053070e+02
    4.16561859e+02 6.48053467e-01 4.43527527e+02 4.29894196e+02
    2.92390913e-01 4.44229248e+02 4.42524811e+02 4.33264881e-01
    4.47036041e+02 4.53752045e+02 5.38336873e-01 4.68788788e+02
    4.11649963e+02 6.98786199e-01 4.79314301e+02 4.30595886e+02
    4.27785307e-01 4.63175171e+02 4.43226501e+02 4.64084476e-01
    4.63175171e+02 4.55155426e+02 6.69802248e-01 4.84226196e+02
    4.08141449e+02 6.42574966e-01 4.94050018e+02 4.25683990e+02
    6.27581120e-01 5.00365326e+02 4.36911194e+02 5.78498602e-01
    5.05277252e+02 4.48138428e+02 6.19221687e-01 4.97558533e+02
    4.01826141e+02 7.40539849e-01 5.07382355e+02 4.08141449e+02
    7.42996812e-01 5.13697632e+02 4.14456757e+02 8.08621645e-01
    5.17907898e+02 4.20772064e+02 7.38072157e-01</data></hand_left_0>
</opencv_storage>
