<?xml version="1.0"?>
<opencv_storage>
<hand_right_0 type_id="opencv-nd-matrix">
  <sizes>
    1 21 3</sizes>
  <dt>f</dt>
  <data>
    4.59746704e+02 3.95480865e+02 5.63329577e-01 4.76676361e+02
    3.99713257e+02 6.72863960e-01 4.95016876e+02 4.05356506e+02
    6.24114752e-01 5.09124939e+02 4.11705139e+02 8.28983426e-01
    5.21822205e+02 4.20875366e+02 8.42070520e-01 4.87257416e+02
    4.14526733e+02 6.83199584e-01 4.99249298e+02 4.29340210e+02
    7.66102850e-01 5.05597931e+02 4.42037476e+02 8.65758836e-01
    5.10535736e+02 4.51207733e+02 9.06058729e-01 4.71033142e+02
    4.18759155e+02 7.52445400e-01 4.82319611e+02 4.32867249e+02
    6.99008524e-01 4.92195251e+02 4.46269897e+02 7.44495809e-01
    4.99954681e+02 4.57556366e+02 9.32380617e-01 4.55514282e+02
    4.22991577e+02 7.05260932e-01 4.60452087e+02 4.34983429e+02
    6.67975783e-01 4.65389923e+02 4.50502319e+02 8.11028481e-01
    4.66800720e+02 4.61788788e+02 7.06507206e-01 4.41406189e+02
    4.23696991e+02 6.52312517e-01 4.42111603e+02 4.38510468e+02
    8.06222320e-01 4.43522400e+02 4.49796906e+02 7.99405098e-01
    4.45638611e+02 4.59672577e+02 7.86128163e-01</data></hand_right_0>
</opencv_storage>
