<?xml version="1.0"?>
<opencv_storage>
<hand_right_0 type_id="opencv-nd-matrix">
  <sizes>
    1 21 3</sizes>
  <dt>f</dt>
  <data>
    4.59173065e+02 3.98254395e+02 5.71555972e-01 4.76561035e+02
    4.02935760e+02 6.69981003e-01 4.95286530e+02 4.08954681e+02
    6.56440496e-01 5.08661896e+02 4.16311127e+02 8.00950825e-01
    5.20699707e+02 4.25673889e+02 8.70897532e-01 4.83917480e+02
    4.17648651e+02 6.33109987e-01 4.94617767e+02 4.31692780e+02
    7.83923566e-01 5.03311737e+02 4.46405670e+02 8.31351042e-01
    5.06655579e+02 4.57774719e+02 8.73118043e-01 4.70542114e+02
    4.22330048e+02 7.43323267e-01 4.77898560e+02 4.35705383e+02
    6.64696991e-01 4.86592560e+02 4.49749512e+02 6.79614067e-01
    4.93949005e+02 4.63124878e+02 7.83793390e-01 4.55160461e+02
    4.26342651e+02 7.00495839e-01 4.56498016e+02 4.37711700e+02
    6.86045945e-01 4.61179382e+02 4.53093353e+02 8.19250584e-01
    4.65860748e+02 4.65799957e+02 7.64238656e-01 4.39778809e+02
    4.25673889e+02 6.96040750e-01 4.39110046e+02 4.39717987e+02
    7.59608686e-01 4.39778809e+02 4.50418274e+02 7.73477376e-01
    4.42453888e+02 4.61787323e+02 8.00385356e-01</data></hand_right_0>
</opencv_storage>
