<?xml version="1.0"?>
<opencv_storage>
<hand_right_0 type_id="opencv-nd-matrix">
  <sizes>
    1 21 3</sizes>
  <dt>f</dt>
  <data>
    4.55994019e+02 3.97392426e+02 6.00305438e-01 4.74052582e+02
    4.02254364e+02 6.49978340e-01 4.92805756e+02 4.07810852e+02
    6.94928527e-01 5.04613281e+02 4.14756470e+02 8.16035271e-01
    5.17115417e+02 4.23091187e+02 8.00619125e-01 4.82387329e+02
    4.17534698e+02 6.99687243e-01 4.93500305e+02 4.31425934e+02
    8.30223680e-01 5.02529602e+02 4.45317169e+02 8.23179543e-01
    5.06696960e+02 4.55041016e+02 8.41448367e-01 4.69190674e+02
    4.23091187e+02 7.42632270e-01 4.76830841e+02 4.36287872e+02
    6.50450468e-01 4.86554688e+02 4.48789948e+02 7.10927427e-01
    4.95583984e+02 4.60597504e+02 8.54499042e-01 4.53910309e+02
    4.26563995e+02 6.82227731e-01 4.55994019e+02 4.38371552e+02
    6.67516947e-01 4.60161377e+02 4.52957336e+02 8.13321173e-01
    4.64328735e+02 4.66848541e+02 6.97326541e-01 4.37935425e+02
    4.27258575e+02 6.45991683e-01 4.37240845e+02 4.41149780e+02
    8.35043073e-01 4.37935425e+02 4.52262756e+02 7.51167834e-01
    4.42797333e+02 4.63375732e+02 7.34546900e-01</data></hand_right_0>
</opencv_storage>
