<?xml version="1.0"?>
<opencv_storage>
<hand_right_0 type_id="opencv-nd-matrix">
  <sizes>
    1 21 3</sizes>
  <dt>f</dt>
  <data>
    4.61908081e+02 4.05480743e+02 6.71534836e-01 4.79132660e+02
    4.11222260e+02 7.46961832e-01 4.98909027e+02 4.20153503e+02
    7.83936262e-01 5.08478210e+02 4.32912445e+02 7.55868435e-01
    5.18047424e+02 4.43757568e+02 8.06204021e-01 4.87425964e+02
    4.29722717e+02 7.65367031e-01 4.95719269e+02 4.45671387e+02
    8.22094858e-01 5.02098755e+02 4.60344177e+02 8.02557290e-01
    5.04012604e+02 4.71189270e+02 9.31760907e-01 4.72753174e+02
    4.31636566e+02 8.39735508e-01 4.79770599e+02 4.50137024e+02
    6.37362242e-01 4.85512115e+02 4.62258026e+02 6.14099205e-01
    4.86788025e+02 4.73103119e+02 4.64256287e-01 4.57442444e+02
    4.34826294e+02 7.16439486e-01 4.59994232e+02 4.46947296e+02
    7.09510565e-01 4.63183990e+02 4.61620087e+02 7.94700682e-01
    4.61270142e+02 4.76292847e+02 7.34162331e-01 4.42131714e+02
    4.34188354e+02 6.51879072e-01 4.42131714e+02 4.45671387e+02
    7.61574507e-01 4.42131714e+02 4.56516510e+02 8.16424191e-01
    4.42131714e+02 4.66723663e+02 8.05288672e-01</data></hand_right_0>
</opencv_storage>
