<?xml version="1.0"?>
<opencv_storage>
<hand_left_0 type_id="opencv-nd-matrix">
  <sizes>
    1 21 3</sizes>
  <dt>f</dt>
  <data>
    4.60386871e+02 4.01036896e+02 5.51195264e-01 4.48348175e+02
    4.14413239e+02 6.64925277e-01 4.38984741e+02 4.31133636e+02
    4.96040642e-01 4.26946045e+02 4.42503510e+02 8.26122105e-01
    4.14907349e+02 4.51198151e+02 8.41457009e-01 4.53029877e+02
    4.31802460e+02 5.54339945e-01 4.42997620e+02 4.41834717e+02
    6.60511136e-01 4.42328827e+02 4.54542206e+02 8.69135380e-01
    4.42997620e+02 4.67249725e+02 7.74708569e-01 4.69081482e+02
    4.28458374e+02 6.78541303e-01 4.64399750e+02 4.47854065e+02
    5.06583512e-01 4.63730957e+02 4.59892761e+02 6.79114878e-01
    4.59049225e+02 4.74606720e+02 7.63636827e-01 4.85133087e+02
    4.26451935e+02 7.29351997e-01 4.94496521e+02 4.43841156e+02
    7.01839209e-01 5.01184692e+02 4.57886292e+02 5.48521996e-01
    5.05866394e+02 4.68587372e+02 6.47478938e-01 5.01184692e+02
    4.20432587e+02 7.76656985e-01 5.09879303e+02 4.33140076e+02
    6.55464709e-01 5.14561035e+02 4.37821808e+02 6.49232149e-01
    5.17236267e+02 4.42503510e+02 4.82248574e-01</data></hand_left_0>
</opencv_storage>
