<?xml version="1.0"?>
<opencv_storage>
<hand_right_0 type_id="opencv-nd-matrix">
  <sizes>
    1 21 3</sizes>
  <dt>f</dt>
  <data>
    4.58351440e+02 3.84065247e+02 6.77280724e-01 4.75898102e+02
    3.89705261e+02 7.20508039e-01 4.93444763e+02 3.95971924e+02
    6.98092341e-01 5.04098083e+02 4.05371918e+02 7.81460226e-01
    5.16631409e+02 4.14145264e+02 8.51197183e-01 4.83418091e+02
    4.02238586e+02 6.22391224e-01 4.93444763e+02 4.18531921e+02
    8.19855213e-01 5.00964752e+02 4.32945251e+02 7.70091057e-01
    5.03471436e+02 4.44225250e+02 8.72838140e-01 4.69004761e+02
    4.05371918e+02 7.24480093e-01 4.78404755e+02 4.21038574e+02
    6.88832700e-01 4.87178101e+02 4.34825256e+02 6.74392641e-01
    4.92191437e+02 4.47985260e+02 6.99203670e-01 4.57098083e+02
    4.09131927e+02 6.54024601e-01 4.58351440e+02 4.21038574e+02
    6.13608956e-01 4.63991425e+02 4.35451904e+02 6.47587717e-01
    4.63364777e+02 4.48611908e+02 5.79277575e-01 4.42684753e+02
    4.12265259e+02 7.13024259e-01 4.41431427e+02 4.21038574e+02
    6.98360085e-01 4.40178101e+02 4.29811920e+02 7.26527989e-01
    4.40804749e+02 4.39838593e+02 7.74104238e-01</data></hand_right_0>
</opencv_storage>
