<?xml version="1.0"?>
<opencv_storage>
<hand_right_0 type_id="opencv-nd-matrix">
  <sizes>
    1 21 3</sizes>
  <dt>f</dt>
  <data>
    4.61195679e+02 3.91963043e+02 6.52676523e-01 4.79243256e+02
    3.98408600e+02 7.45514929e-01 4.99224518e+02 4.06787842e+02
    7.78399944e-01 5.08892883e+02 4.17745300e+02 8.37547898e-01
    5.19850342e+02 4.28058228e+02 8.74937654e-01 4.86977936e+02
    4.15167084e+02 7.22859383e-01 4.95357178e+02 4.31925568e+02
    8.24364841e-01 5.01158203e+02 4.44816681e+02 8.08182120e-01
    5.05025543e+02 4.57063263e+02 9.16664124e-01 4.72797699e+02
    4.17745300e+02 8.20324838e-01 4.79887817e+02 4.34503784e+02
    7.40875900e-01 4.86333405e+02 4.48684021e+02 6.62477136e-01
    4.89556183e+02 4.58352386e+02 5.96500218e-01 4.57972900e+02
    4.19678986e+02 7.28505015e-01 4.60551117e+02 4.33859222e+02
    6.65575504e-01 4.63129364e+02 4.48684021e+02 7.56766677e-01
    4.59262024e+02 4.64153381e+02 7.32404053e-01 4.43148102e+02
    4.20968109e+02 6.63079262e-01 4.42503540e+02 4.32570129e+02
    7.36699522e-01 4.42503540e+02 4.43527588e+02 7.86754489e-01
    4.42503540e+02 4.53195923e+02 7.33387947e-01</data></hand_right_0>
</opencv_storage>
