<?xml version="1.0"?>
<opencv_storage>
<hand_right_0 type_id="opencv-nd-matrix">
  <sizes>
    1 21 3</sizes>
  <dt>f</dt>
  <data>
    4.61906982e+02 4.05445190e+02 6.79817259e-01 4.79131439e+02
    4.11186676e+02 7.51919448e-01 4.98907654e+02 4.20117859e+02
    7.86873698e-01 5.08476807e+02 4.32238770e+02 7.63218641e-01
    5.18045959e+02 4.43083801e+02 8.05008948e-01 4.87424683e+02
    4.29687012e+02 7.76535690e-01 4.95717957e+02 4.45635590e+02
    8.13950002e-01 5.02097382e+02 4.60308258e+02 7.94826388e-01
    5.04649139e+02 4.71153290e+02 9.19322014e-01 4.72752014e+02
    4.31600830e+02 8.56825352e-01 4.79769379e+02 4.49463226e+02
    6.36615515e-01 4.86148804e+02 4.62222107e+02 6.12971604e-01
    4.86786743e+02 4.73067139e+02 4.58392084e-01 4.58079315e+02
    4.34790558e+02 7.21177936e-01 4.59993164e+02 4.46911469e+02
    7.21567571e-01 4.62544922e+02 4.61584167e+02 7.91549802e-01
    4.60631104e+02 4.76256836e+02 7.27621794e-01 4.42130768e+02
    4.34790558e+02 6.50807679e-01 4.42130768e+02 4.45635590e+02
    7.65051723e-01 4.42130768e+02 4.56480621e+02 8.15580606e-01
    4.42130768e+02 4.66687683e+02 8.02007973e-01</data></hand_right_0>
</opencv_storage>
