<?xml version="1.0"?>
<opencv_storage>
<hand_left_0 type_id="opencv-nd-matrix">
  <sizes>
    1 21 3</sizes>
  <dt>f</dt>
  <data>
    4.61929382e+02 4.04854004e+02 5.36082685e-01 4.50896240e+02
    4.18483185e+02 6.53108478e-01 4.40512085e+02 4.36006409e+02
    5.61378181e-01 4.26233917e+02 4.45092529e+02 7.29248226e-01
    4.14551758e+02 4.51582611e+02 8.13985825e-01 4.55439301e+02
    4.36655426e+02 5.51998079e-01 4.43108124e+02 4.46390564e+02
    4.65674639e-01 4.43108124e+02 4.60019745e+02 6.86837554e-01
    4.45055145e+02 4.71701874e+02 7.01623797e-01 4.70366486e+02
    4.33410370e+02 6.71658993e-01 4.80750641e+02 4.52880646e+02
    4.12234217e-01 4.62578400e+02 4.64562805e+02 5.66829979e-01
    4.59333344e+02 4.79489990e+02 6.38320327e-01 4.85942688e+02
    4.30165344e+02 6.81681514e-01 4.95028809e+02 4.49635590e+02
    7.04876840e-01 5.00869904e+02 4.61317749e+02 6.41276896e-01
    5.05412964e+02 4.72350891e+02 7.38212228e-01 4.99571869e+02
    4.23675262e+02 7.55758643e-01 5.09307007e+02 4.38602448e+02
    6.63210332e-01 5.14499084e+02 4.42496490e+02 6.92596495e-01
    5.17744141e+02 4.45741547e+02 5.46760440e-01</data></hand_left_0>
</opencv_storage>
