<?xml version="1.0"?>
<opencv_storage>
<hand_right_0 type_id="opencv-nd-matrix">
  <sizes>
    1 21 3</sizes>
  <dt>f</dt>
  <data>
    4.58772491e+02 3.94229584e+02 5.91796577e-01 4.76819611e+02
    4.03253113e+02 7.31084168e-01 4.97122589e+02 4.11524719e+02
    6.95415974e-01 5.08402039e+02 4.21300232e+02 7.21992254e-01
    5.19681458e+02 4.30323792e+02 8.16542983e-01 4.83587280e+02
    4.19044342e+02 5.98066509e-01 4.91858856e+02 4.34835541e+02
    7.88182318e-01 4.99378479e+02 4.49122833e+02 8.50755215e-01
    5.02386322e+02 4.60402283e+02 9.07415390e-01 4.69299988e+02
    4.22804138e+02 7.06876457e-01 4.76067627e+02 4.37091431e+02
    6.76204443e-01 4.82835297e+02 4.53634613e+02 8.05557966e-01
    4.89602966e+02 4.66417999e+02 8.26338410e-01 4.53508759e+02
    4.25060028e+02 7.14650214e-01 4.58020538e+02 4.40851257e+02
    7.12178111e-01 4.61028381e+02 4.55138550e+02 8.30825388e-01
    4.64788208e+02 4.67921906e+02 8.04301858e-01 4.39221466e+02
    4.25812012e+02 6.38192117e-01 4.39221466e+02 4.41603210e+02
    7.99064279e-01 4.40725403e+02 4.53634613e+02 8.33493590e-01
    4.44485199e+02 4.64914063e+02 7.84807444e-01</data></hand_right_0>
</opencv_storage>
