<?xml version="1.0"?>
<opencv_storage>
<hand_right_0 type_id="opencv-nd-matrix">
  <sizes>
    1 21 3</sizes>
  <dt>f</dt>
  <data>
    4.61351685e+02 4.18141571e+02 6.21838510e-01 4.79033569e+02
    4.24507050e+02 7.32414484e-01 4.98837250e+02 4.32287079e+02
    7.53536940e-01 5.10153656e+02 4.40067108e+02 8.52963924e-01
    5.20055481e+02 4.49968933e+02 7.80808210e-01 4.86106323e+02
    4.39359833e+02 6.31726205e-01 4.94593597e+02 4.52798035e+02
    7.90851057e-01 5.03788177e+02 4.68358063e+02 8.32670927e-01
    5.06617279e+02 4.79674469e+02 8.49403799e-01 4.71253540e+02
    4.40774353e+02 7.61534333e-01 4.77619019e+02 4.55627136e+02
    7.43973255e-01 4.87520844e+02 4.71187164e+02 7.60986149e-01
    4.93886322e+02 4.84625397e+02 9.17904615e-01 4.55693512e+02
    4.45018005e+02 6.39682055e-01 4.58522614e+02 4.56334412e+02
    7.37087071e-01 4.62766235e+02 4.71894440e+02 7.74614036e-01
    4.65595337e+02 4.84625397e+02 7.75203645e-01 4.42255280e+02
    4.45725281e+02 7.00633824e-01 4.38011627e+02 4.57748962e+02
    8.34128618e-01 4.41548004e+02 4.69065338e+02 7.65739739e-01
    4.42962555e+02 4.79674469e+02 8.13290894e-01</data></hand_right_0>
</opencv_storage>
