<?xml version="1.0"?>
<opencv_storage>
<hand_left_0 type_id="opencv-nd-matrix">
  <sizes>
    1 21 3</sizes>
  <dt>f</dt>
  <data>
    4.62115173e+02 3.90821899e+02 5.85416257e-01 4.48518341e+02
    4.04418732e+02 6.75520122e-01 4.39215271e+02 4.20878021e+02
    5.88122666e-01 4.28480927e+02 4.28034241e+02 2.87890196e-01
    4.17030975e+02 4.31612366e+02 4.50928599e-01 4.50665222e+02
    4.20878021e+02 4.79831040e-01 4.42793365e+02 4.33043610e+02
    5.50329566e-01 4.42793365e+02 4.45209167e+02 7.04924285e-01
    4.45655853e+02 4.57374756e+02 7.84353793e-01 4.66408905e+02
    4.16584290e+02 6.41996503e-01 4.61399536e+02 4.33759216e+02
    5.82764506e-01 4.62830780e+02 4.46640411e+02 6.07029140e-01
    4.63546417e+02 4.61668488e+02 7.70525098e-01 4.82868195e+02
    4.12290558e+02 5.72305143e-01 4.92886902e+02 4.30181122e+02
    5.90089023e-01 4.96465027e+02 4.43777924e+02 5.18285215e-01
    4.87161926e+02 4.58806000e+02 5.66351831e-01 5.00758759e+02
    4.05849976e+02 7.34483600e-01 5.09346222e+02 4.15868683e+02
    6.98562980e-01 5.16502441e+02 4.22309265e+02 7.53722191e-01
    5.20080566e+02 4.28749878e+02 5.99663794e-01</data></hand_left_0>
</opencv_storage>
