<?xml version="1.0"?>
<opencv_storage>
<pose_0 type_id="opencv-nd-matrix">
  <sizes>
    1 18 3</sizes>
  <dt>f</dt>
  <data>
    5.06686127e+02 1.78112793e+02 7.89908051e-01 4.75374329e+02
    1.09595558e+02 7.75362074e-01 3.69761841e+02 1.03678406e+02
    6.36300862e-01 4.10793060e+02 3.01237915e+02 6.78365827e-01
    4.59658020e+02 4.20653473e+02 8.50789845e-01 5.75237488e+02
    1.15424698e+02 6.68112159e-01 5.30200500e+02 3.05282898e+02
    7.40047812e-01 4.93094788e+02 4.22609039e+02 6.30230784e-01
    3.73710907e+02 2.91536377e+02 4.15514708e-01 3.20828430e+02
    4.46091949e+02 3.52342278e-01 2.11328476e+02 4.93011810e+02
    1.77780226e-01 4.85204437e+02 3.05250488e+02 4.60198790e-01
    5.45872253e+02 4.44125153e+02 1.96623892e-01 0. 0. 0. 4.93044586e+02
    1.64268616e+02 8.43482852e-01 5.22387573e+02 1.62301941e+02
    4.81210858e-01 4.28521881e+02 9.97764969e+01 4.65882361e-01
    5.45862671e+02 1.07620796e+02 7.52186179e-02</data></pose_0>
</opencv_storage>
