<?xml version="1.0"?>
<opencv_storage>
<pose_0 type_id="opencv-nd-matrix">
  <sizes>
    1 18 3</sizes>
  <dt>f</dt>
  <data>
    4.95025452e+02 9.38811417e+01 8.06262076e-01 4.69538849e+02
    6.26023674e+01 6.78743064e-01 3.67889862e+02 6.06603127e+01
    6.17244065e-01 4.18690796e+02 2.46555176e+02 6.94231749e-01
    4.59863953e+02 3.81536041e+02 8.37815404e-01 5.71266357e+02
    7.43461838e+01 6.83337092e-01 5.24431702e+02 2.60257599e+02
    8.00535977e-01 4.93086426e+02 3.97164825e+02 5.64271569e-01
    3.81513702e+02 2.89571869e+02 3.93747240e-01 3.22861969e+02
    4.32377045e+02 3.96980375e-01 0. 0. 0. 4.91046967e+02 3.03248322e+02
    3.86426628e-01 5.22386597e+02 3.91325653e+02 6.26490042e-02 0. 0. 0.
    4.79363861e+02 7.04692230e+01 7.74082184e-01 5.12619507e+02
    7.04012604e+01 7.87079573e-01 4.18673279e+02 3.88223505e+00
    6.77146137e-01 5.40147095e+02 3.72667122e+01 7.70870522e-02</data></pose_0>
</opencv_storage>
