<?xml version="1.0"?>
<opencv_storage>
<hand_right_0 type_id="opencv-nd-matrix">
  <sizes>
    1 21 3</sizes>
  <dt>f</dt>
  <data>
    4.60798218e+02 3.86806396e+02 6.13613665e-01 4.77635223e+02
    3.93120300e+02 7.33030975e-01 4.97979919e+02 4.00135712e+02
    7.33809590e-01 5.09906128e+02 4.10658813e+02 8.48816276e-01
    5.21130798e+02 4.19778870e+02 8.19370508e-01 4.86053711e+02
    4.09255737e+02 6.57571197e-01 4.93770660e+02 4.21883484e+02
    7.80364633e-01 5.02890717e+02 4.35212769e+02 8.46204460e-01
    5.07099945e+02 4.45735901e+02 8.68099332e-01 4.70619781e+02
    4.11360352e+02 7.45764375e-01 4.76933655e+02 4.23988129e+02
    7.52324998e-01 4.86755249e+02 4.39422028e+02 7.43575454e-01
    4.93069122e+02 4.51348236e+02 8.78207564e-01 4.55185883e+02
    4.15569611e+02 6.39780521e-01 4.58693573e+02 4.26794281e+02
    6.71012342e-01 4.62902832e+02 4.40825104e+02 8.41466725e-01
    4.65007446e+02 4.55557495e+02 7.38210082e-01 4.41155060e+02
    4.16972687e+02 7.69006491e-01 4.41155060e+02 4.29600433e+02
    8.04852068e-01 4.41856598e+02 4.40123566e+02 8.16667080e-01
    4.46767395e+02 4.51348236e+02 7.46552944e-01</data></hand_right_0>
</opencv_storage>
