<?xml version="1.0"?>
<opencv_storage>
<hand_right_0 type_id="opencv-nd-matrix">
  <sizes>
    1 21 3</sizes>
  <dt>f</dt>
  <data>
    4.58903198e+02 4.04332397e+02 5.38614333e-01 4.77333252e+02
    4.10003174e+02 6.86059713e-01 4.95763275e+02 4.15673950e+02
    6.63733363e-01 5.06395996e+02 4.25597809e+02 7.78339207e-01
    5.17737549e+02 4.33395142e+02 8.34130049e-01 4.85130554e+02
    4.26306671e+02 6.75489843e-01 4.95054413e+02 4.41901306e+02
    7.97591567e-01 5.02142914e+02 4.54660553e+02 8.53280365e-01
    5.06395996e+02 4.66002136e+02 9.42719162e-01 4.70953613e+02
    4.29142059e+02 7.19038606e-01 4.78042084e+02 4.44027863e+02
    6.79466009e-01 4.87257111e+02 4.59622498e+02 7.57809997e-01
    4.95054413e+02 4.71672913e+02 9.19055104e-01 4.55358978e+02
    4.31977448e+02 7.26436198e-01 4.60320892e+02 4.44736694e+02
    7.26648629e-01 4.65282837e+02 4.60331329e+02 7.87478566e-01
    4.68118225e+02 4.71672913e+02 7.75479138e-01 4.39764343e+02
    4.32686310e+02 6.40364647e-01 4.39055481e+02 4.47572083e+02
    8.12629998e-01 4.41890869e+02 4.58913635e+02 7.46151030e-01
    4.43308563e+02 4.68128662e+02 8.46256793e-01</data></hand_right_0>
</opencv_storage>
