<?xml version="1.0"?>
<opencv_storage>
<hand_right_0 type_id="opencv-nd-matrix">
  <sizes>
    1 21 3</sizes>
  <dt>f</dt>
  <data>
    4.59970490e+02 4.12910065e+02 5.33754706e-01 4.77471039e+02
    4.20610321e+02 6.88902080e-01 4.97071686e+02 4.27610535e+02
    6.87399328e-01 5.07572052e+02 4.36710846e+02 6.73191309e-01
    5.17372375e+02 4.44411102e+02 7.82450974e-01 4.85171295e+02
    4.35310791e+02 6.29589856e-01 4.94271606e+02 4.49311249e+02
    7.70252347e-01 5.03371918e+02 4.64011749e+02 7.77041852e-01
    5.07572052e+02 4.74512085e+02 8.28170896e-01 4.71170837e+02
    4.37410858e+02 7.41348982e-01 4.78171082e+02 4.51411316e+02
    7.20618010e-01 4.86571350e+02 4.66111816e+02 7.43884325e-01
    4.94271606e+02 4.78712219e+02 8.75610232e-01 4.55070313e+02
    4.39510925e+02 6.68652117e-01 4.58570435e+02 4.51411316e+02
    6.89100921e-01 4.62770569e+02 4.67511841e+02 8.07961226e-01
    4.66970703e+02 4.79412231e+02 6.93793952e-01 4.41069855e+02
    4.41610992e+02 6.45354748e-01 4.38269775e+02 4.54911438e+02
    9.09155369e-01 4.38969788e+02 4.66111816e+02 7.68604040e-01
    4.42469910e+02 4.77312164e+02 8.12860370e-01</data></hand_right_0>
</opencv_storage>
