<?xml version="1.0"?>
<opencv_storage>
<pose_0 type_id="opencv-nd-matrix">
  <sizes>
    1 18 3</sizes>
  <dt>f</dt>
  <data>
    4.22575012e+02 5.87204628e+01 7.69894063e-01 4.44055054e+02
    8.40778046e+01 7.85409033e-01 3.52121490e+02 8.41950073e+01
    7.54567623e-01 4.10879120e+02 2.44577652e+02 8.13851118e-01
    4.59745087e+02 3.81527832e+02 8.50381076e-01 5.36029053e+02
    8.42007523e+01 6.81615591e-01 5.08713501e+02 2.56353577e+02
    8.88650298e-01 4.92990204e+02 3.99099518e+02 5.89995205e-01
    3.75669800e+02 2.87633179e+02 4.36782658e-01 3.34528656e+02
    4.28531311e+02 6.31288052e-01 3.01275085e+02 4.79333344e+02
    1.22857384e-01 4.75445068e+02 2.91513214e+02 4.73404825e-01
    5.20411682e+02 3.99112061e+02 1.03534631e-01 0. 0. 0. 3.99126801e+02
    3.70738258e+01 8.82367551e-01 4.46059448e+02 3.70772705e+01
    9.03792739e-01 3.67766235e+02 4.84232283e+00 5.05000353e-01
    4.87163788e+02 1.36919937e+01 7.91604340e-01</data></pose_0>
</opencv_storage>
