<?xml version="1.0"?>
<opencv_storage>
<hand_right_0 type_id="opencv-nd-matrix">
  <sizes>
    1 21 3</sizes>
  <dt>f</dt>
  <data>
    4.59669830e+02 3.83762421e+02 5.83650231e-01 4.77432434e+02
    3.90156952e+02 7.45064497e-01 4.98037048e+02 3.96551483e+02
    6.83081388e-01 5.10826141e+02 4.06498566e+02 7.99480438e-01
    5.22194214e+02 4.14314087e+02 8.31563175e-01 4.87379486e+02
    4.07209045e+02 6.24520183e-01 4.95195038e+02 4.19287628e+02
    7.60629892e-01 5.04431610e+02 4.33497711e+02 8.27831686e-01
    5.08694611e+02 4.43444763e+02 8.38807642e-01 4.71037903e+02
    4.08630066e+02 7.61941493e-01 4.78142944e+02 4.23550659e+02
    7.19013929e-01 4.88089996e+02 4.37050232e+02 7.92258620e-01
    4.95905548e+02 4.49128815e+02 8.66449475e-01 4.54696320e+02
    4.13603607e+02 6.72144592e-01 4.58248840e+02 4.24971649e+02
    7.00423717e-01 4.60380341e+02 4.41313263e+02 8.11661005e-01
    4.64643372e+02 4.54102325e+02 7.63330042e-01 4.40486237e+02
    4.14314087e+02 7.03088939e-01 4.40486237e+02 4.29234680e+02
    7.65624046e-01 4.42617737e+02 4.41313263e+02 7.41599262e-01
    4.45459747e+02 4.51970825e+02 7.15906203e-01</data></hand_right_0>
</opencv_storage>
