<?xml version="1.0"?>
<opencv_storage>
<pose_0 type_id="opencv-nd-matrix">
  <sizes>
    1 18 3</sizes>
  <dt>f</dt>
  <data>
    5.06699615e+02 1.01754814e+02 8.59421015e-01 4.61775940e+02
    7.43577194e+01 7.21757352e-01 3.65894073e+02 7.04729996e+01
    6.70971990e-01 4.12763672e+02 2.58197540e+02 7.54471242e-01
    4.57843597e+02 3.89334869e+02 8.30804586e-01 5.69321960e+02
    8.60637283e+01 6.84841692e-01 5.22438782e+02 2.79791229e+02
    7.44787574e-01 4.94979675e+02 3.97173248e+02 6.39673352e-01
    3.79513336e+02 2.93482117e+02 4.06838179e-01 3.24803711e+02
    4.30443665e+02 4.69368637e-01 2.95426971e+02 4.85241272e+02
    8.73814225e-02 4.89128418e+02 3.09133026e+02 4.13315117e-01
    5.41959717e+02 4.20643097e+02 7.98405930e-02 0. 0. 0. 4.89107330e+02
    8.40427475e+01 7.71138608e-01 5.24307861e+02 7.63383102e+01
    7.29949057e-01 4.28405029e+02 3.52385750e+01 5.61892569e-01 0. 0. 0.</data></pose_0>
</opencv_storage>
