<?xml version="1.0"?>
<opencv_storage>
<pose_0 type_id="opencv-nd-matrix">
  <sizes>
    1 18 3</sizes>
  <dt>f</dt>
  <data>
    4.96971466e+02 1.23257515e+02 7.55534291e-01 4.67608093e+02
    7.82891998e+01 7.43151188e-01 3.67851929e+02 8.01726456e+01
    6.50529265e-01 4.12791565e+02 2.64146179e+02 7.52792239e-01
    4.59728851e+02 3.95184845e+02 8.68502498e-01 5.73263000e+02
    8.80843353e+01 6.57052696e-01 5.30196655e+02 2.77854980e+02
    6.94240153e-01 4.96939423e+02 4.01092438e+02 6.25183940e-01
    3.79530792e+02 2.95448700e+02 4.12356645e-01 3.22865753e+02
    4.32426422e+02 4.10076588e-01 2.71956024e+02 4.87185272e+02
    9.83377248e-02 4.91089752e+02 3.11087494e+02 3.99229169e-01
    5.41949585e+02 4.36301941e+02 5.68230711e-02 0. 0. 0. 4.87178619e+02
    1.01669060e+02 6.99043632e-01 5.14548584e+02 1.01806931e+02
    6.43292010e-01 4.30429718e+02 5.27943077e+01 4.82469916e-01 0. 0. 0.</data></pose_0>
</opencv_storage>
