<?xml version="1.0"?>
<opencv_storage>
<hand_right_0 type_id="opencv-nd-matrix">
  <sizes>
    1 21 3</sizes>
  <dt>f</dt>
  <data>
    4.59377747e+02 3.85510590e+02 5.83481073e-01 4.77440399e+02
    3.95625671e+02 7.41299629e-01 4.97670532e+02 4.05018250e+02
    6.69957459e-01 5.07785614e+02 4.13688293e+02 7.47160316e-01
    5.18623169e+02 4.23803375e+02 8.45686555e-01 4.83942932e+02
    4.13688293e+02 6.05524361e-01 4.92613007e+02 4.29583435e+02
    6.70515180e-01 4.99115540e+02 4.42588531e+02 8.21842194e-01
    5.02728088e+02 4.53426086e+02 8.59490573e-01 4.68770325e+02
    4.16578339e+02 6.91047907e-01 4.75272858e+02 4.30305939e+02
    6.19675636e-01 4.82497925e+02 4.46923553e+02 7.62057066e-01
    4.88277954e+02 4.59206146e+02 7.91862667e-01 4.54320221e+02
    4.18745850e+02 7.13653982e-01 4.57932739e+02 4.31750946e+02
    6.83940828e-01 4.60822754e+02 4.47646057e+02 8.58034313e-01
    4.64435303e+02 4.61373657e+02 7.99528956e-01 4.38425110e+02
    4.18745850e+02 6.78138435e-01 4.40592621e+02 4.35363464e+02
    7.88064778e-01 4.42037628e+02 4.46923553e+02 7.94129074e-01
    4.44927643e+02 4.57761139e+02 7.48427510e-01</data></hand_right_0>
</opencv_storage>
