<?xml version="1.0"?>
<opencv_storage>
<pose_0 type_id="opencv-nd-matrix">
  <sizes>
    1 18 3</sizes>
  <dt>f</dt>
  <data>
    4.01090057e+02 1.50620941e+02 8.53688240e-01 4.40199768e+02
    1.13484444e+02 6.84339464e-01 3.52127838e+02 1.17358856e+02
    7.89465666e-01 4.10852234e+02 2.75901428e+02 8.01320374e-01
    4.59784943e+02 4.18722992e+02 7.60436296e-01 5.39947754e+02
    1.17444633e+02 6.82666957e-01 5.12639160e+02 2.89594635e+02
    8.13681245e-01 4.91016785e+02 4.30460052e+02 5.27790189e-01
    3.73712158e+02 3.16971466e+02 4.17559326e-01 3.22814423e+02
    4.67586456e+02 5.30874670e-01 0. 0. 0. 4.75433380e+02 3.20906311e+02
    4.80480790e-01 5.38035156e+02 4.55846100e+02 1.83269694e-01 0. 0. 0.
    3.83426605e+02 1.31083755e+02 9.11444068e-01 4.20674805e+02
    1.31009323e+02 7.76501656e-01 3.63922394e+02 1.09597755e+02
    5.68787009e-02 4.71537384e+02 7.24152451e+01 8.69862676e-01</data></pose_0>
</opencv_storage>
