<?xml version="1.0"?>
<opencv_storage>
<pose_0 type_id="opencv-nd-matrix">
  <sizes>
    2 18 3</sizes>
  <dt>f</dt>
  <data>
    4.98934113e+02 1.40883850e+02 6.76446974e-01 4.73468933e+02
    8.61760330e+01 8.20759296e-01 3.69779877e+02 8.41024857e+01
    6.64420128e-01 4.14817444e+02 2.73986786e+02 7.63271630e-01
    4.59759369e+02 3.99166290e+02 9.05747414e-01 5.71306702e+02
    9.97434311e+01 6.67121649e-01 5.26382385e+02 2.87601044e+02
    7.73204267e-01 4.93102753e+02 4.12825684e+02 5.50262034e-01
    3.79510193e+02 2.93480499e+02 3.96321297e-01 3.22868103e+02
    4.34356262e+02 4.38281059e-01 2.85658112e+02 4.85237030e+02
    9.28649306e-02 4.87169189e+02 3.07207794e+02 4.52794254e-01
    5.41945129e+02 4.38243683e+02 1.16263859e-01 0. 0. 0. 4.93024353e+02
    1.21282089e+02 6.30013525e-01 5.16510864e+02 1.23282181e+02
    4.23256814e-01 4.28429260e+02 5.87276649e+01 5.81438661e-01 0. 0. 0.
    0. 0. 0. 0. 0. 0. 0. 0. 0. 0. 0. 0. 0. 0. 0. 0. 0. 0. 0. 0. 0. 0. 0.
    0. 0. 0. 0. 0. 0. 0. 0. 0. 0. 6.90652466e+02 4.87154205e+02
    8.20109397e-02 9.62625366e+02 5.24335815e+02 1.55238435e-01
    1.11912756e+03 5.28288696e+02 3.50908548e-01 0. 0. 0. 0. 0. 0. 0. 0.
    0. 0. 0. 0.</data></pose_0>
</opencv_storage>
