<?xml version="1.0"?>
<opencv_storage>
<hand_right_0 type_id="opencv-nd-matrix">
  <sizes>
    1 21 3</sizes>
  <dt>f</dt>
  <data>
    4.59387115e+02 4.15814758e+02 5.55726051e-01 4.77455750e+02
    4.21596741e+02 7.16991842e-01 4.96247131e+02 4.28101440e+02
    6.87258363e-01 5.08533813e+02 4.38219879e+02 7.49632299e-01
    5.17929504e+02 4.46170074e+02 7.16183662e-01 4.83960449e+02
    4.36051636e+02 5.37517846e-01 4.94801636e+02 4.50506561e+02
    7.51157463e-01 5.03474579e+02 4.66406952e+02 8.07647824e-01
    5.07088318e+02 4.76525391e+02 7.74560630e-01 4.69505554e+02
    4.38942627e+02 7.19765306e-01 4.78178497e+02 4.54120270e+02
    6.89181447e-01 4.87574188e+02 4.67852448e+02 7.51209736e-01
    4.95524384e+02 4.80139130e+02 8.72653544e-01 4.54327881e+02
    4.42556335e+02 6.59945786e-01 4.58664368e+02 4.54120270e+02
    6.73838496e-01 4.64446320e+02 4.69297943e+02 8.00306141e-01
    4.68060059e+02 4.81584595e+02 6.33392870e-01 4.41318481e+02
    4.44001831e+02 6.99280143e-01 4.37704742e+02 4.56288513e+02
    8.24268639e-01 4.39872986e+02 4.67852448e+02 7.39223301e-01
    4.42041229e+02 4.78693634e+02 8.18391025e-01</data></hand_right_0>
</opencv_storage>
