<?xml version="1.0"?>
<opencv_storage>
<hand_left_0 type_id="opencv-nd-matrix">
  <sizes>
    1 21 3</sizes>
  <dt>f</dt>
  <data>
    4.58618958e+02 4.20263641e+02 5.89763105e-01 4.46604370e+02
    4.34398438e+02 6.48734331e-01 4.36003265e+02 4.53480438e+02
    5.58857024e-01 4.26108917e+02 4.58427612e+02 5.36239743e-01
    4.14801056e+02 4.59841095e+02 7.44857132e-01 4.52965027e+02
    4.47826508e+02 6.09896004e-01 4.40243713e+02 4.58427612e+02
    4.97006267e-01 4.41657196e+02 4.70442200e+02 6.21075988e-01
    4.45190887e+02 4.81043304e+02 7.28390813e-01 4.69220062e+02
    4.42879333e+02 6.83380425e-01 4.80527924e+02 4.58427612e+02
    3.71791571e-01 4.65686371e+02 4.70442200e+02 6.04852617e-01
    4.69220062e+02 4.83163513e+02 7.01389551e-01 4.82648132e+02
    4.37932129e+02 6.37179077e-01 4.93955963e+02 4.53480438e+02
    6.63868666e-01 5.02436859e+02 4.65494995e+02 6.69152975e-01
    5.08797516e+02 4.76096100e+02 6.43117487e-01 4.97489685e+02
    4.30864746e+02 7.06310570e-01 5.05263824e+02 4.36518677e+02
    7.53286481e-01 5.12331238e+02 4.41465851e+02 7.53918409e-01
    5.16571655e+02 4.47119751e+02 7.11814940e-01</data></hand_left_0>
</opencv_storage>
