<?xml version="1.0"?>
<opencv_storage>
<hand_right_0 type_id="opencv-nd-matrix">
  <sizes>
    1 21 3</sizes>
  <dt>f</dt>
  <data>
    4.57218201e+02 3.98992157e+02 5.88651776e-01 4.76475952e+02
    4.04494385e+02 6.58574343e-01 4.97109253e+02 4.11372162e+02
    7.09811449e-01 5.06738129e+02 4.21688812e+02 6.64735794e-01
    5.16367004e+02 4.28566559e+02 7.18091905e-01 4.84729248e+02
    4.20313263e+02 7.00106204e-01 4.95045898e+02 4.34756561e+02
    8.39942038e-01 5.02611450e+02 4.48512085e+02 8.46908391e-01
    5.06050354e+02 4.58828735e+02 8.85594785e-01 4.69598175e+02
    4.23064362e+02 7.40244210e-01 4.78539276e+02 4.38195435e+02
    7.16066420e-01 4.87480377e+02 4.52638763e+02 7.07571864e-01
    4.95045898e+02 4.65018738e+02 9.24880445e-01 4.55154877e+02
    4.27191010e+02 7.11137891e-01 4.57905975e+02 4.38195435e+02
    6.59532249e-01 4.62720398e+02 4.54014313e+02 8.42885017e-01
    4.67534851e+02 4.65706512e+02 8.32604825e-01 4.40023773e+02
    4.27191010e+02 6.76082551e-01 4.40023773e+02 4.41634338e+02
    8.00744891e-01 4.40711548e+02 4.51263214e+02 7.76268125e-01
    4.43462646e+02 4.61579865e+02 8.00115645e-01</data></hand_right_0>
</opencv_storage>
