<?xml version="1.0"?>
<opencv_storage>
<hand_left_0 type_id="opencv-nd-matrix">
  <sizes>
    1 21 3</sizes>
  <dt>f</dt>
  <data>
    4.60550201e+02 3.91906372e+02 5.74329197e-01 4.47351837e+02
    4.04410095e+02 6.66982830e-01 4.39016022e+02 4.23165649e+02
    5.68219185e-01 4.38321381e+02 4.37753326e+02 4.66934651e-01
    4.44573242e+02 4.53730316e+02 3.19176197e-01 4.52909058e+02
    4.20387054e+02 5.84217131e-01 4.41794617e+02 4.31501465e+02
    4.50258583e-01 4.42489288e+02 4.45394501e+02 5.38043857e-01
    4.45962524e+02 4.57203583e+02 6.41423166e-01 4.68191376e+02
    4.14829865e+02 6.59010887e-01 4.59855560e+02 4.34974731e+02
    3.79216582e-01 4.64023468e+02 4.48173096e+02 5.80396175e-01
    4.63328796e+02 4.60676819e+02 7.41048872e-01 4.82779053e+02
    4.10661957e+02 5.82602382e-01 4.93198822e+02 4.29417511e+02
    6.00238740e-01 4.98061371e+02 4.41921234e+02 5.56679130e-01
    4.87641602e+02 4.57898224e+02 5.52884042e-01 4.99450684e+02
    4.05104736e+02 7.34530866e-01 5.08481140e+02 4.12745911e+02
    6.50722623e-01 5.15427673e+02 4.18997772e+02 7.33065784e-01
    5.18900879e+02 4.23860321e+02 5.86733103e-01</data></hand_left_0>
</opencv_storage>
