<?xml version="1.0"?>
<opencv_storage>
<hand_right_0 type_id="opencv-nd-matrix">
  <sizes>
    1 21 3</sizes>
  <dt>f</dt>
  <data>
    4.56700195e+02 3.85190430e+02 5.74854374e-01 4.74795868e+02
    3.90062317e+02 7.09779322e-01 4.92891510e+02 3.94934235e+02
    6.84216440e-01 5.06811249e+02 4.03982056e+02 8.35242331e-01
    5.18643005e+02 4.10245941e+02 8.43777001e-01 4.84539673e+02
    4.05374023e+02 6.67487085e-01 4.94283478e+02 4.20685730e+02
    8.00528884e-01 5.02635315e+02 4.32517517e+02 8.58771324e-01
    5.07507233e+02 4.42957306e+02 8.95835400e-01 4.69227966e+02
    4.10245941e+02 7.46927738e-01 4.76187836e+02 4.21381714e+02
    6.32812440e-01 4.86627625e+02 4.36693420e+02 7.72849381e-01
    4.97067444e+02 4.48525208e+02 8.60669076e-01 4.53220276e+02
    4.14421844e+02 6.62849069e-01 4.56004211e+02 4.25557648e+02
    7.01971650e-01 4.59484161e+02 4.38781372e+02 7.99488544e-01
    4.64356049e+02 4.52701111e+02 7.63105273e-01 4.37908569e+02
    4.15117828e+02 7.19293296e-01 4.37212585e+02 4.27645599e+02
    8.09731662e-01 4.39300537e+02 4.38085388e+02 7.62063444e-01
    4.42780487e+02 4.48525208e+02 7.37651885e-01</data></hand_right_0>
</opencv_storage>
