<?xml version="1.0"?>
<opencv_storage>
<hand_left_0 type_id="opencv-nd-matrix">
  <sizes>
    1 21 3</sizes>
  <dt>f</dt>
  <data>
    4.61860870e+02 4.09281433e+02 5.25293887e-01 4.50170746e+02
    4.22270477e+02 6.19698644e-01 4.39779510e+02 4.39805695e+02
    5.67156255e-01 4.26790466e+02 4.47599121e+02 6.18390083e-01
    4.15100311e+02 4.53444183e+02 7.50255644e-01 4.54716919e+02
    4.39156250e+02 5.76453328e-01 4.43026764e+02 4.48248566e+02
    5.09550452e-01 4.42377319e+02 4.61237610e+02 7.09071040e-01
    4.43026764e+02 4.73577209e+02 6.92071974e-01 4.69654297e+02
    4.35908966e+02 7.14428663e-01 4.82643341e+02 4.58639801e+02
    4.01605517e-01 4.63809235e+02 4.67082672e+02 5.14115214e-01
    4.59263062e+02 4.82669525e+02 6.54564023e-01 4.85241150e+02
    4.32661713e+02 7.54810333e-01 4.94982941e+02 4.52145264e+02
    7.48169184e-01 5.00828003e+02 4.63835419e+02 7.15492845e-01
    5.05374176e+02 4.74876099e+02 7.84388304e-01 5.00178558e+02
    4.26816650e+02 8.11739445e-01 5.09920349e+02 4.41754028e+02
    6.97202444e-01 5.15115967e+02 4.45650757e+02 6.91936553e-01
    5.18363220e+02 4.49547485e+02 5.13611138e-01</data></hand_left_0>
</opencv_storage>
