<?xml version="1.0"?>
<opencv_storage>
<hand_right_0 type_id="opencv-nd-matrix">
  <sizes>
    1 21 3</sizes>
  <dt>f</dt>
  <data>
    4.62316498e+02 4.35973175e+02 5.79806328e-01 4.80618164e+02
    4.42467316e+02 5.76799929e-01 5.01871704e+02 4.49551819e+02
    7.06735313e-01 5.14859985e+02 4.61359344e+02 8.37630987e-01
    5.25486755e+02 4.68443848e+02 8.00814211e-01 4.95967926e+02
    4.53684448e+02 6.52369440e-01 5.06004333e+02 4.69034210e+02
    7.20012665e-01 5.13679199e+02 4.81432129e+02 7.93679893e-01
    5.17221497e+02 4.90878143e+02 8.00909758e-01 4.80618164e+02
    4.56636322e+02 7.23294079e-01 4.92425690e+02 4.71395721e+02
    6.37867928e-01 5.01281311e+02 4.84974365e+02 7.11053371e-01
    5.06594696e+02 4.93830017e+02 7.27226138e-01 4.67039520e+02
    4.60768951e+02 7.26312399e-01 4.72943268e+02 4.74347595e+02
    5.13715267e-01 4.77666290e+02 4.82022491e+02 5.26379406e-01
    4.91835297e+02 4.96191528e+02 4.60702002e-01 4.52280121e+02
    4.65491974e+02 6.42994046e-01 4.57593506e+02 4.80251373e+02
    6.54038846e-01 4.58774261e+02 4.87926239e+02 6.24100924e-01
    4.59954987e+02 4.94420380e+02 5.78966200e-01</data></hand_right_0>
</opencv_storage>
