<?xml version="1.0"?>
<opencv_storage>
<pose_0 type_id="opencv-nd-matrix">
  <sizes>
    1 18 3</sizes>
  <dt>f</dt>
  <data>
    4.24552643e+02 1.03760414e+02 7.99173117e-01 4.42191803e+02
    8.21304550e+01 7.76243031e-01 3.52148041e+02 8.41986542e+01
    7.79866934e-01 4.10803009e+02 2.44620560e+02 7.88265884e-01
    4.59784454e+02 3.81510895e+02 8.42444420e-01 5.34123413e+02
    8.60375900e+01 7.28496432e-01 5.06795990e+02 2.56361267e+02
    8.79090726e-01 4.91146210e+02 3.97203278e+02 6.24052644e-01
    3.73720123e+02 2.85669098e+02 4.36069101e-01 3.34518585e+02
    4.30391907e+02 5.91866612e-01 3.01282349e+02 4.77400513e+02
    1.34276852e-01 4.73454773e+02 2.89552338e+02 4.79538441e-01
    5.20424561e+02 3.97167511e+02 8.80937204e-02 0. 0. 0. 4.10850159e+02
    8.01772614e+01 7.45059133e-01 4.48052521e+02 8.61234589e+01
    8.43120754e-01 3.81455963e+02 2.15028667e+01 7.59642005e-01
    4.94969330e+02 5.08289032e+01 6.79540873e-01</data></pose_0>
</opencv_storage>
