<?xml version="1.0"?>
<opencv_storage>
<pose_0 type_id="opencv-nd-matrix">
  <sizes>
    1 18 3</sizes>
  <dt>f</dt>
  <data>
    4.20677094e+02 1.15375153e+02 8.40150595e-01 4.40228607e+02
    8.60396881e+01 7.81402111e-01 3.52112274e+02 8.99998245e+01
    7.16046214e-01 4.08903381e+02 2.56269897e+02 8.10742736e-01
    4.59851990e+02 3.87372559e+02 8.19372118e-01 5.36080566e+02
    8.61417694e+01 7.06332266e-01 5.08788971e+02 2.58317627e+02
    8.67441535e-01 4.91079773e+02 3.99175720e+02 5.25024593e-01
    3.73707397e+02 2.91518158e+02 4.42321986e-01 3.34535492e+02
    4.36283295e+02 5.40333331e-01 3.09141754e+02 4.91084564e+02
    9.50198546e-02 4.75481567e+02 2.95420563e+02 4.88654464e-01
    5.22418396e+02 4.05004333e+02 1.32522210e-01 0. 0. 0. 3.99124664e+02
    9.19702072e+01 8.01516771e-01 4.44051910e+02 8.80476913e+01
    8.38821650e-01 3.71769714e+02 8.02102661e+01 1.77337930e-01
    4.79408783e+02 4.88828239e+01 7.95371652e-01</data></pose_0>
</opencv_storage>
