<?xml version="1.0"?>
<opencv_storage>
<hand_right_0 type_id="opencv-nd-matrix">
  <sizes>
    1 21 3</sizes>
  <dt>f</dt>
  <data>
    4.59500336e+02 4.17439362e+02 5.68111181e-01 4.77394806e+02
    4.26028717e+02 7.32614160e-01 4.98868195e+02 4.34618073e+02
    7.21574426e-01 5.10320648e+02 4.43923187e+02 7.62883723e-01
    5.19625793e+02 4.53944092e+02 7.89479434e-01 4.83836823e+02
    4.43207428e+02 6.00825012e-01 4.93141937e+02 4.58954559e+02
    7.63140559e-01 4.99583954e+02 4.74701691e+02 8.18917871e-01
    5.03878632e+02 4.86154175e+02 8.43433440e-01 4.69521240e+02
    4.46070526e+02 7.00407743e-01 4.76679016e+02 4.61817688e+02
    6.33857071e-01 4.83121033e+02 4.76133270e+02 7.88298786e-01
    4.89563049e+02 4.88301514e+02 8.36646318e-01 4.54489868e+02
    4.48217865e+02 6.90692544e-01 4.57352997e+02 4.62533447e+02
    6.57763898e-01 4.59500336e+02 4.77564819e+02 7.80868709e-01
    4.63079224e+02 4.91880402e+02 8.21283579e-01 4.38742737e+02
    4.49649445e+02 6.65138006e-01 4.37311157e+02 4.63965027e+02
    8.51273119e-01 4.38742737e+02 4.75417480e+02 8.08562279e-01
    4.43037415e+02 4.86154175e+02 7.87272751e-01</data></hand_right_0>
</opencv_storage>
