<?xml version="1.0"?>
<opencv_storage>
<hand_left_0 type_id="opencv-nd-matrix">
  <sizes>
    1 21 3</sizes>
  <dt>f</dt>
  <data>
    4.57509521e+02 4.13598419e+02 4.50092524e-01 4.45393921e+02
    4.25714020e+02 5.80742896e-01 4.36129059e+02 4.44243744e+02
    4.44803655e-01 4.25438812e+02 4.50657867e+02 5.66567779e-01
    4.14035889e+02 4.53508606e+02 7.28830934e-01 4.46106598e+02
    4.37116913e+02 4.92043793e-01 4.38979767e+02 4.49232513e+02
    6.79334164e-01 4.41830505e+02 4.62060791e+02 7.48315990e-01
    4.43968536e+02 4.72751038e+02 8.20274234e-01 4.63923645e+02
    4.33553497e+02 6.29894197e-01 4.59647552e+02 4.49232513e+02
    5.88029265e-01 4.63923645e+02 4.62060791e+02 6.71681583e-01
    4.66061707e+02 4.75601746e+02 7.39855766e-01 4.81028015e+02
    4.27852051e+02 5.98439932e-01 4.92430939e+02 4.44243744e+02
    5.48478425e-01 4.99557739e+02 4.56359344e+02 5.77775776e-01
    5.06684570e+02 4.67762238e+02 6.38774216e-01 4.94568970e+02
    4.20725220e+02 7.27229238e-01 5.05259216e+02 4.25001312e+02
    7.74212062e-01 5.11673340e+02 4.29990112e+02 8.24151576e-01
    5.16662109e+02 4.37829590e+02 7.77190745e-01</data></hand_left_0>
</opencv_storage>
