<?xml version="1.0"?>
<opencv_storage>
<pose_0 type_id="opencv-nd-matrix">
  <sizes>
    1 18 3</sizes>
  <dt>f</dt>
  <data>
    4.96957916e+02 1.42800858e+02 6.05124891e-01 4.71549469e+02
    8.80299759e+01 8.42600703e-01 3.67885742e+02 8.40542984e+01
    6.58475578e-01 4.08863708e+02 2.69960815e+02 6.66459084e-01
    4.59658356e+02 3.99140961e+02 8.82767379e-01 5.71313721e+02
    9.97658081e+01 6.80524826e-01 5.28255493e+02 2.87590637e+02
    7.35969782e-01 4.98892181e+02 4.06953339e+02 6.34052753e-01
    3.73726807e+02 3.01317078e+02 3.76951396e-01 3.20862915e+02
    4.44110748e+02 2.40196615e-01 0. 0. 0. 4.91114319e+02 3.16933868e+02
    3.89135480e-01 5.49759277e+02 4.55866150e+02 6.45355210e-02 0. 0. 0.
    4.91013031e+02 1.29064377e+02 5.74955821e-01 5.10667938e+02
    1.29114685e+02 4.03237998e-01 4.30452454e+02 7.04128036e+01
    3.13758492e-01 5.36106262e+02 7.43133850e+01 6.34568781e-02</data></pose_0>
</opencv_storage>
