<?xml version="1.0"?>
<opencv_storage>
<hand_right_0 type_id="opencv-nd-matrix">
  <sizes>
    1 21 3</sizes>
  <dt>f</dt>
  <data>
    4.57203308e+02 4.15808868e+02 6.12780392e-01 4.73750366e+02
    4.24834534e+02 6.59076810e-01 4.93306000e+02 4.32355927e+02
    6.29009902e-01 5.01579529e+02 4.42133759e+02 7.13669538e-01
    5.10605225e+02 4.56424408e+02 7.78577149e-01 4.79767487e+02
    4.40629456e+02 6.35693550e-01 4.88793182e+02 4.57928680e+02
    7.18056381e-01 4.95562439e+02 4.73723602e+02 8.10887635e-01
    5.00075256e+02 4.84253571e+02 8.19644213e-01 4.65476837e+02
    4.44390167e+02 7.17438579e-01 4.72246094e+02 4.59432953e+02
    6.53037667e-01 4.79767487e+02 4.74475739e+02 8.19056630e-01
    4.85784607e+02 4.87262115e+02 8.68087471e-01 4.51938324e+02
    4.48150879e+02 7.08971858e-01 4.54946899e+02 4.62441528e+02
    6.67889059e-01 4.58707581e+02 4.75227905e+02 8.31987143e-01
    4.60211853e+02 4.87262115e+02 8.81277680e-01 4.36895538e+02
    4.49655151e+02 6.67740643e-01 4.35391266e+02 4.62441528e+02
    8.65143120e-01 4.36143402e+02 4.73723602e+02 7.97568202e-01
    4.38399811e+02 4.81997162e+02 7.85862684e-01</data></hand_right_0>
</opencv_storage>
