<?xml version="1.0"?>
<opencv_storage>
<hand_right_0 type_id="opencv-nd-matrix">
  <sizes>
    1 21 3</sizes>
  <dt>f</dt>
  <data>
    4.60485626e+02 4.17394623e+02 6.04001641e-01 4.78166748e+02
    4.24467072e+02 7.46371150e-01 4.99384064e+02 4.32954010e+02
    7.32704222e-01 5.09992737e+02 4.40026459e+02 7.64114797e-01
    5.19186951e+02 4.49927887e+02 7.51907825e-01 4.85946442e+02
    4.38611969e+02 6.18762493e-01 4.95140625e+02 4.53464111e+02
    7.58888006e-01 5.03627533e+02 4.68316254e+02 7.94501901e-01
    5.06456512e+02 4.79632141e+02 8.65177453e-01 4.71094299e+02
    4.40026459e+02 7.59067118e-01 4.78166748e+02 4.54171356e+02
    7.10290968e-01 4.86653687e+02 4.69730743e+02 7.12508678e-01
    4.93726135e+02 4.84582855e+02 8.79796743e-01 4.55534912e+02
    4.44269928e+02 6.48929417e-01 4.59071136e+02 4.55585846e+02
    6.99889183e-01 4.62607361e+02 4.71145233e+02 7.06719995e-01
    4.66143585e+02 4.83875610e+02 7.07703054e-01 4.41390015e+02
    4.45684418e+02 6.86102986e-01 4.37853790e+02 4.57707581e+02
    8.50949049e-01 4.40682770e+02 4.69023499e+02 7.53404975e-01
    4.43511749e+02 4.80339386e+02 8.02860439e-01</data></hand_right_0>
</opencv_storage>
