<?xml version="1.0"?>
<opencv_storage>
<pose_0 type_id="opencv-nd-matrix">
  <sizes>
    1 18 3</sizes>
  <dt>f</dt>
  <data>
    4.98950256e+02 1.34990250e+02 7.13920176e-01 4.67642212e+02
    8.61355591e+01 7.74369657e-01 3.67814484e+02 8.41249084e+01
    6.83719814e-01 4.06934998e+02 2.70032166e+02 7.05434859e-01
    4.57827179e+02 3.99133789e+02 8.73951316e-01 5.71343567e+02
    9.97770309e+01 6.87661171e-01 5.24420898e+02 2.91497131e+02
    7.25979745e-01 4.93115936e+02 4.03047577e+02 6.40778542e-01
    3.75662079e+02 2.95445587e+02 4.06319559e-01 3.22888123e+02
    4.30454132e+02 4.58988786e-01 2.95424194e+02 4.87178925e+02
    7.66587481e-02 4.91046906e+02 3.15013275e+02 4.39459682e-01
    5.41961670e+02 4.48041290e+02 9.93790179e-02 0. 0. 0. 4.91033356e+02
    1.17322845e+02 7.22282648e-01 5.12624451e+02 1.17406090e+02
    5.38393497e-01 4.30402527e+02 6.06704941e+01 4.54365402e-01
    5.37927063e+02 6.64207840e+01 5.75115271e-02</data></pose_0>
</opencv_storage>
