<?xml version="1.0"?>
<opencv_storage>
<pose_0 type_id="opencv-nd-matrix">
  <sizes>
    1 18 3</sizes>
  <dt>f</dt>
  <data>
    4.42140503e+02 9.78536530e+01 8.09022546e-01 4.71527313e+02
    7.04292374e+01 7.32802033e-01 3.77613037e+02 6.65356827e+01
    6.91844583e-01 4.22575745e+02 2.54309082e+02 7.03902125e-01
    4.59828217e+02 3.81501892e+02 8.55064452e-01 5.71354126e+02
    8.41866531e+01 6.51603758e-01 5.32146057e+02 2.66096619e+02
    7.29171038e-01 4.98902405e+02 3.91295502e+02 5.77506661e-01
    3.81544586e+02 2.87606934e+02 4.28053409e-01 3.28679993e+02
    4.28504669e+02 3.79284739e-01 2.87611267e+02 4.79372192e+02
    1.24588773e-01 4.89136932e+02 3.03258789e+02 4.19210345e-01
    5.22430481e+02 3.85477478e+02 6.13737479e-02 0. 0. 0. 4.20647278e+02
    7.24368515e+01 7.99214065e-01 4.61702240e+02 7.43622971e+01
    7.76431441e-01 3.99083130e+02 5.68001747e+01 6.56027421e-02 0. 0. 0.</data></pose_0>
</opencv_storage>
