<?xml version="1.0"?>
<opencv_storage>
<hand_right_0 type_id="opencv-nd-matrix">
  <sizes>
    1 21 3</sizes>
  <dt>f</dt>
  <data>
    4.57022552e+02 3.85883057e+02 6.33027196e-01 4.73222015e+02
    3.93010803e+02 7.45985210e-01 4.92661346e+02 4.01434509e+02
    6.89402878e-01 5.00437073e+02 4.13098114e+02 6.74360037e-01
    5.08860779e+02 4.21521820e+02 8.39510322e-01 4.79053802e+02
    4.08562256e+02 7.30563581e-01 4.88125488e+02 4.24761719e+02
    7.92718053e-01 4.95253235e+02 4.39017212e+02 7.23637819e-01
    4.98493134e+02 4.50032837e+02 9.41512942e-01 4.65446259e+02
    4.11154175e+02 7.56103396e-01 4.71926056e+02 4.25409698e+02
    5.88890016e-01 4.77757843e+02 4.39665192e+02 7.38156438e-01
    4.81645721e+02 4.51976776e+02 6.24095440e-01 4.51190765e+02
    4.13746094e+02 7.40227520e-01 4.53134705e+02 4.24113739e+02
    6.67948723e-01 4.57670532e+02 4.39665192e+02 7.63914347e-01
    4.57670532e+02 4.55864624e+02 7.60763645e-01 4.36287292e+02
    4.13746094e+02 7.02782214e-01 4.38231201e+02 4.25409698e+02
    7.93559670e-01 4.38879181e+02 4.35777344e+02 7.58474112e-01
    4.40823120e+02 4.46792938e+02 7.94203162e-01</data></hand_right_0>
</opencv_storage>
