<?xml version="1.0"?>
<opencv_storage>
<hand_left_0 type_id="opencv-nd-matrix">
  <sizes>
    1 21 3</sizes>
  <dt>f</dt>
  <data>
    4.59255341e+02 3.89376373e+02 5.54161549e-01 4.46533142e+02
    4.02098541e+02 6.22889221e-01 4.38758453e+02 4.22595428e+02
    6.23416007e-01 4.40172028e+02 4.36024414e+02 5.86401880e-01
    4.45826355e+02 4.50866943e+02 5.47167957e-01 4.53601013e+02
    4.16234314e+02 5.72764993e-01 4.42999207e+02 4.28249725e+02
    3.39071006e-01 4.43705994e+02 4.40265137e+02 4.02174711e-01
    4.47239929e+02 4.51573730e+02 4.60128725e-01 4.67736786e+02
    4.09873230e+02 6.50486410e-01 4.76218262e+02 4.24715790e+02
    4.58384186e-01 4.65616425e+02 4.40265137e+02 4.78283197e-01
    4.68443573e+02 4.52280518e+02 6.30882621e-01 4.81872559e+02
    4.05632507e+02 6.72383845e-01 4.92474396e+02 4.21181854e+02
    5.72499692e-01 4.98835480e+02 4.32490448e+02 6.01100564e-01
    5.05903351e+02 4.42385498e+02 6.05336666e-01 4.95301544e+02
    3.96444244e+02 6.57271743e-01 5.04489777e+02 4.00684967e+02
    8.03864539e-01 5.10850891e+02 4.06339294e+02 8.12133491e-01
    5.15798401e+02 4.12700378e+02 7.61016071e-01</data></hand_left_0>
</opencv_storage>
