<?xml version="1.0"?>
<opencv_storage>
<hand_left_0 type_id="opencv-nd-matrix">
  <sizes>
    1 21 3</sizes>
  <dt>f</dt>
  <data>
    4.59448242e+02 3.93774994e+02 5.00687122e-01 4.45986633e+02
    4.05819611e+02 6.41489506e-01 4.35359039e+02 4.22823761e+02
    5.33396006e-01 4.24731445e+02 4.29200317e+02 4.65935946e-01
    4.16229370e+02 4.32034332e+02 5.18543661e-01 4.50237671e+02
    4.18572723e+02 5.37992775e-01 4.42444092e+02 4.29908813e+02
    5.51617801e-01 4.44569611e+02 4.42661926e+02 7.09533751e-01
    4.46695129e+02 4.53289520e+02 7.42999732e-01 4.66533325e+02
    4.12904663e+02 6.23456836e-01 4.62282288e+02 4.30617310e+02
    5.19863486e-01 4.65824799e+02 4.45495941e+02 6.01278424e-01
    4.67950317e+02 4.56832062e+02 7.43521154e-01 4.79994934e+02
    4.07236603e+02 6.23544395e-01 4.94873566e+02 4.24949280e+02
    5.41798651e-01 5.00541626e+02 4.36285370e+02 5.21803558e-01
    5.06918182e+02 4.46912964e+02 5.67450106e-01 4.94873566e+02
    3.98734558e+02 6.70607090e-01 5.03375641e+02 4.01568573e+02
    7.67423451e-01 5.11877716e+02 4.07945129e+02 7.79176712e-01
    5.18254272e+02 4.17155701e+02 7.40195036e-01</data></hand_left_0>
</opencv_storage>
