<?xml version="1.0"?>
<opencv_storage>
<hand_left_0 type_id="opencv-nd-matrix">
  <sizes>
    1 21 3</sizes>
  <dt>f</dt>
  <data>
    4.58954559e+02 4.21085999e+02 5.21733940e-01 4.45934448e+02
    4.33382751e+02 6.43314421e-01 4.36531036e+02 4.52912933e+02
    5.62532246e-01 4.27127625e+02 4.59422974e+02 5.53204238e-01
    4.15554199e+02 4.61592987e+02 8.21338832e-01 4.54614532e+02
    4.49296234e+02 5.91527045e-01 4.39424408e+02 4.57976288e+02
    4.99879330e-01 4.42317749e+02 4.69549713e+02 6.20765805e-01
    4.45211121e+02 4.80399811e+02 7.21639216e-01 4.67634644e+02
    4.40616150e+02 6.79748774e-01 4.78484711e+02 4.56529602e+02
    5.16309261e-01 4.66911285e+02 4.71719727e+02 5.51702440e-01
    4.68357971e+02 4.83293152e+02 7.04614162e-01 4.81378082e+02
    4.36276123e+02 6.42917633e-01 4.93674835e+02 4.52912933e+02
    6.77708924e-01 5.02354919e+02 4.65933014e+02 7.02200413e-01
    5.08141602e+02 4.76059784e+02 6.38299465e-01 4.95844849e+02
    4.28319397e+02 7.51026392e-01 5.04524933e+02 4.34106110e+02
    7.55949616e-01 5.13205017e+02 4.39169495e+02 8.21917057e-01
    5.16821655e+02 4.45679535e+02 7.09721625e-01</data></hand_left_0>
</opencv_storage>
