<?xml version="1.0"?>
<opencv_storage>
<pose_0 type_id="opencv-nd-matrix">
  <sizes>
    1 18 3</sizes>
  <dt>f</dt>
  <data>
    5.08691132e+02 9.77534943e+01 7.65059412e-01 4.63687531e+02
    7.04168015e+01 6.99751377e-01 3.67806854e+02 6.84506836e+01
    6.78832471e-01 4.12764771e+02 2.54303070e+02 7.26366282e-01
    4.59669830e+02 3.81586792e+02 8.63403440e-01 5.69360046e+02
    8.21326218e+01 6.79053545e-01 5.24344666e+02 2.72027924e+02
    7.84113169e-01 4.93079559e+02 3.91269165e+02 6.06285155e-01
    3.79528839e+02 2.97391632e+02 3.93544823e-01 3.22868683e+02
    4.32418121e+02 4.08407241e-01 2.87602844e+02 4.83254944e+02
    1.04014665e-01 4.91045776e+02 3.09119629e+02 3.81308049e-01
    5.24292419e+02 3.93297516e+02 6.20637536e-02 0. 0. 0. 4.91046844e+02
    7.82240753e+01 7.16463685e-01 5.24426819e+02 6.84590988e+01
    6.70933902e-01 4.30412506e+02 2.73906631e+01 6.49565279e-01 0. 0. 0.</data></pose_0>
</opencv_storage>
