<?xml version="1.0"?>
<opencv_storage>
<hand_left_0 type_id="opencv-nd-matrix">
  <sizes>
    1 21 3</sizes>
  <dt>f</dt>
  <data>
    4.59722595e+02 3.86402222e+02 6.16834760e-01 4.47562073e+02
    4.00708710e+02 6.41049981e-01 4.39693512e+02 4.20737762e+02
    6.24028623e-01 4.40408844e+02 4.35044250e+02 6.78305447e-01
    4.44700775e+02 4.49350708e+02 6.55089319e-01 454. 4.13584534e+02
    6.52847886e-01 4.57576599e+02 4.27175690e+02 4.85245138e-01
    4.59007263e+02 4.38620850e+02 4.05470103e-01 454. 4.50781372e+02
    3.40216160e-01 4.69737122e+02 4.08577271e+02 7.31935859e-01
    4.76890350e+02 4.22883728e+02 6.53899074e-01 4.81897614e+02
    4.35759552e+02 3.35454524e-01 4.74744385e+02 4.50781372e+02
    5.33970594e-01 4.82612946e+02 4.03570007e+02 7.35009015e-01
    4.92627472e+02 4.19307129e+02 6.54526234e-01 4.99065399e+02
    4.30036987e+02 6.36340618e-01 5.05503296e+02 4.39336182e+02
    5.87994576e-01 4.96204102e+02 3.96416748e+02 7.20564604e-01
    5.04787994e+02 3.99278046e+02 7.73802280e-01 5.11225891e+02
    4.03570007e+02 8.30529749e-01 5.16233154e+02 4.09292572e+02
    7.65414834e-01</data></hand_left_0>
</opencv_storage>
