<?xml version="1.0"?>
<opencv_storage>
<pose_0 type_id="opencv-nd-matrix">
  <sizes>
    1 18 3</sizes>
  <dt>f</dt>
  <data>
    4.38287170e+02 9.58428650e+01 7.72626042e-01 4.65669373e+02
    6.84807510e+01 7.18394458e-01 3.69807434e+02 6.65012665e+01
    6.79678917e-01 4.14850250e+02 2.46531433e+02 7.14989245e-01
    4.59756104e+02 3.81463409e+02 8.58395696e-01 5.69381470e+02
    8.21979218e+01 6.50762558e-01 5.28292786e+02 2.64112396e+02
    7.37189531e-01 4.95025940e+02 3.91294403e+02 5.50036073e-01
    3.81458923e+02 2.89549652e+02 4.29910690e-01 3.28701202e+02
    4.30402588e+02 4.60211694e-01 2.89580475e+02 4.79371765e+02
    9.71022397e-02 4.89111237e+02 3.03236664e+02 4.14489090e-01
    5.22355774e+02 3.87411957e+02 6.74592927e-02 0. 0. 0. 4.18713043e+02
    7.03770828e+01 8.43761742e-01 4.59784576e+02 7.43187256e+01
    7.71920979e-01 3.97254517e+02 5.47150612e+01 1.13043763e-01
    5.12637146e+02 1.76106720e+01 6.38314426e-01</data></pose_0>
</opencv_storage>
