<?xml version="1.0"?>
<opencv_storage>
<hand_right_0 type_id="opencv-nd-matrix">
  <sizes>
    1 21 3</sizes>
  <dt>f</dt>
  <data>
    4.60361389e+02 3.96175964e+02 6.34515226e-01 4.79646027e+02
    4.03640991e+02 7.34078467e-01 4.98930695e+02 4.11728119e+02
    7.86309898e-01 5.08884064e+02 4.23547729e+02 7.99264491e-01
    5.18837402e+02 4.33501099e+02 8.52899373e-01 4.86488983e+02
    4.21059387e+02 7.31098771e-01 4.95198181e+02 4.36611542e+02
    8.22571039e-01 5.00174866e+02 4.50297424e+02 8.21185708e-01
    5.04529449e+02 4.62117035e+02 9.27373528e-01 4.72181000e+02
    4.22925659e+02 8.15287530e-01 4.80268127e+02 4.39721954e+02
    7.55461156e-01 4.85244812e+02 4.52785767e+02 6.84213579e-01
    4.90221497e+02 4.63361206e+02 5.99524558e-01 4.58495117e+02
    4.25414001e+02 6.63815796e-01 4.60361389e+02 4.37855713e+02
    7.25667119e-01 4.62849731e+02 4.52785767e+02 7.68662810e-01
    4.59739288e+02 4.67715820e+02 7.06936717e-01 4.42320892e+02
    4.26658173e+02 6.63075507e-01 4.41698822e+02 4.37855713e+02
    7.46644676e-01 4.41076721e+02 4.47809082e+02 7.69328713e-01
    4.41076721e+02 4.57762451e+02 7.62005031e-01</data></hand_right_0>
</opencv_storage>
