<?xml version="1.0"?>
<opencv_storage>
<hand_right_0 type_id="opencv-nd-matrix">
  <sizes>
    2 21 3</sizes>
  <dt>f</dt>
  <data>
    4.59526550e+02 4.01679291e+02 5.29373467e-01 4.77416840e+02
    4.08119781e+02 7.17569888e-01 4.98169556e+02 4.15275909e+02
    6.73154235e-01 5.08903717e+02 4.25294464e+02 7.04751134e-01
    5.18206665e+02 4.31734955e+02 7.81778395e-01 4.84572937e+02
    4.24578857e+02 6.04752004e-01 4.93875885e+02 4.37459839e+02
    7.72381425e-01 5.01747620e+02 4.52487701e+02 8.14234376e-01
    5.06041290e+02 4.61790649e+02 8.55167925e-01 4.68829498e+02
    4.26010071e+02 7.27438033e-01 4.77416840e+02 4.42469116e+02
    7.21065044e-01 4.86719788e+02 4.55350128e+02 7.04056978e-01
    4.94591492e+02 4.67515533e+02 8.75267506e-01 4.54517273e+02
    4.31019348e+02 6.63509965e-01 4.58095337e+02 4.42469116e+02
    6.89090133e-01 4.61673370e+02 4.58212585e+02 7.68741429e-01
    4.66682648e+02 4.70377960e+02 6.94122195e-01 4.39489441e+02
    4.31019348e+02 6.27167881e-01 4.37342590e+02 4.45331573e+02
    7.84037292e-01 4.40920654e+02 4.56781372e+02 6.90995574e-01
    4.45214325e+02 4.67515533e+02 6.97416723e-01 0. 0. 0. 0. 0. 0. 0. 0.
    0. 0. 0. 0. 0. 0. 0. 0. 0. 0. 0. 0. 0. 0. 0. 0. 0. 0. 0. 0. 0. 0. 0.
    0. 0. 0. 0. 0. 0. 0. 0. 0. 0. 0. 0. 0. 0. 0. 0. 0. 0. 0. 0. 0. 0. 0.
    0. 0. 0. 0. 0. 0. 0. 0. 0.</data></hand_right_0>
</opencv_storage>
