<?xml version="1.0"?>
<opencv_storage>
<hand_right_0 type_id="opencv-nd-matrix">
  <sizes>
    2 21 3</sizes>
  <dt>f</dt>
  <data>
    4.58857330e+02 4.12081787e+02 5.49772382e-01 4.77240417e+02
    4.17738129e+02 6.81937397e-01 4.97744629e+02 4.24101501e+02
    7.00882912e-01 5.06936188e+02 4.33293060e+02 6.91960692e-01
    5.15420715e+02 4.40363464e+02 7.42723286e-01 4.85724915e+02
    4.34707153e+02 6.52959764e-01 4.95623505e+02 4.49555023e+02
    7.28065729e-01 5.02693939e+02 4.62988831e+02 8.08109045e-01
    5.06936188e+02 4.72887421e+02 8.69016290e-01 4.69462952e+02
    4.36121216e+02 7.33613431e-01 4.78654510e+02 4.50262054e+02
    6.32287204e-01 4.87846039e+02 4.65816986e+02 7.06596971e-01
    4.95623505e+02 4.78543762e+02 8.05239856e-01 4.55322113e+02
    4.39656433e+02 6.35371149e-01 4.59564362e+02 4.50262054e+02
    6.64516807e-01 4.65220703e+02 4.65109955e+02 7.81769276e-01
    4.70170013e+02 4.77129669e+02 7.59661615e-01 4.39767181e+02
    4.41070526e+02 6.78170204e-01 4.39060150e+02 4.53797272e+02
    8.63654435e-01 4.39767181e+02 4.64402924e+02 7.81418025e-01
    4.43302399e+02 4.75008545e+02 8.38875234e-01 0. 0. 0. 0. 0. 0. 0. 0.
    0. 0. 0. 0. 0. 0. 0. 0. 0. 0. 0. 0. 0. 0. 0. 0. 0. 0. 0. 0. 0. 0. 0.
    0. 0. 0. 0. 0. 0. 0. 0. 0. 0. 0. 0. 0. 0. 0. 0. 0. 0. 0. 0. 0. 0. 0.
    0. 0. 0. 0. 0. 0. 0. 0. 0.</data></hand_right_0>
</opencv_storage>
