<?xml version="1.0"?>
<opencv_storage>
<hand_left_0 type_id="opencv-nd-matrix">
  <sizes>
    1 21 3</sizes>
  <dt>f</dt>
  <data>
    4.60079193e+02 4.00416138e+02 5.51508665e-01 4.47915009e+02
    4.14607666e+02 6.56282425e-01 4.39129761e+02 4.32178131e+02
    4.94974822e-01 4.26289825e+02 4.42990723e+02 8.49378467e-01
    4.14801422e+02 4.52451752e+02 8.76081944e-01 4.52645538e+02
    4.32178131e+02 5.35490274e-01 4.42508728e+02 4.42314941e+02
    6.06603622e-01 4.41832916e+02 4.55154907e+02 8.04657042e-01
    4.43184509e+02 4.67994873e+02 7.59392321e-01 4.69540222e+02
    4.28799194e+02 6.69717073e-01 4.64133911e+02 4.47721252e+02
    5.17437160e-01 4.63458130e+02 4.60561218e+02 6.54743552e-01
    4.58727600e+02 4.75428528e+02 7.53947556e-01 4.85083313e+02
    4.26096039e+02 7.27019548e-01 4.95220123e+02 4.44342316e+02
    6.82687879e-01 5.01302216e+02 4.57858063e+02 5.46287894e-01
    5.06032715e+02 4.69346436e+02 6.74090207e-01 5.00626434e+02
    4.20689758e+02 7.75726438e-01 5.09411652e+02 4.33529724e+02
    6.40116096e-01 5.14817993e+02 4.38260223e+02 6.58730984e-01
    5.17521118e+02 4.42314941e+02 4.94924068e-01</data></hand_left_0>
</opencv_storage>
