<?xml version="1.0"?>
<opencv_storage>
<pose_0 type_id="opencv-nd-matrix">
  <sizes>
    1 18 3</sizes>
  <dt>f</dt>
  <data>
    4.96995636e+02 1.23234032e+02 7.67208695e-01 4.61727661e+02
    7.82690887e+01 7.43286014e-01 3.65834198e+02 8.02387695e+01
    6.60397828e-01 4.10905579e+02 2.62171692e+02 7.31463552e-01
    4.59669708e+02 3.95242676e+02 8.67609382e-01 5.69317627e+02
    8.61179886e+01 6.74991071e-01 5.24444275e+02 2.83674713e+02
    7.38570213e-01 4.95043030e+02 3.99164246e+02 6.67046666e-01
    3.79526855e+02 2.93489136e+02 4.26227182e-01 3.28664154e+02
    4.30430847e+02 4.71786618e-01 2.85650482e+02 4.79387817e+02
    1.41722426e-01 4.91050079e+02 3.11080109e+02 4.16036546e-01
    5.49740723e+02 4.28456360e+02 1.19753763e-01 0. 0. 0. 4.85238403e+02
    1.01713928e+02 7.47462988e-01 5.18469971e+02 9.97330017e+01
    6.78355694e-01 4.28472900e+02 5.28312950e+01 5.69839954e-01 0. 0. 0.</data></pose_0>
</opencv_storage>
