<?xml version="1.0"?>
<opencv_storage>
<hand_left_0 type_id="opencv-nd-matrix">
  <sizes>
    1 21 3</sizes>
  <dt>f</dt>
  <data>
    4.60410767e+02 3.87817200e+02 5.88878214e-01 4.48240875e+02
    3.99987091e+02 6.66399717e-01 4.38099335e+02 4.16213562e+02
    5.07054746e-01 4.27281677e+02 4.24326813e+02 5.19235969e-01
    4.17140106e+02 4.29735657e+02 6.13685369e-01 4.50945313e+02
    4.13509155e+02 5.17471254e-01 4.42155945e+02 4.27031250e+02
    6.44293427e-01 4.42155945e+02 4.41229431e+02 7.17771769e-01
    4.43508148e+02 4.52723175e+02 7.17881382e-01 4.67171783e+02
    4.10804749e+02 6.66240096e-01 4.59058563e+02 4.27707336e+02
    5.16558468e-01 4.59734650e+02 4.41905518e+02 5.70032775e-01
    4.59734650e+02 4.55427582e+02 6.39755189e-01 4.82722168e+02
    4.06072021e+02 6.29716396e-01 4.95568146e+02 4.25679016e+02
    5.74886441e-01 4.99624786e+02 4.35144470e+02 4.88224357e-01
    5.06385803e+02 4.44609924e+02 5.83447397e-01 4.98948669e+02
    3.99987091e+02 7.24744439e-01 5.07738037e+02 4.06748108e+02
    6.39454424e-01 5.13146851e+02 4.13509155e+02 7.12450743e-01
    5.15851257e+02 4.18241882e+02 6.30496383e-01</data></hand_left_0>
</opencv_storage>
