<?xml version="1.0"?>
<opencv_storage>
<hand_left_0 type_id="opencv-nd-matrix">
  <sizes>
    1 21 3</sizes>
  <dt>f</dt>
  <data>
    4.57393066e+02 3.98525024e+02 4.63211387e-01 4.45230072e+02
    4.09972534e+02 5.88028371e-01 4.36644440e+02 4.26428314e+02
    4.36132669e-01 4.25196930e+02 4.33583038e+02 5.43333173e-01
    4.14464874e+02 4.37160370e+02 7.78889656e-01 4.47376495e+02
    4.22135498e+02 5.26668906e-01 4.40937256e+02 4.34298492e+02
    7.35449016e-01 4.42368195e+02 4.47176941e+02 7.69817233e-01
    4.43799133e+02 4.57908997e+02 8.03315639e-01 4.64547760e+02
    4.17842682e+02 6.28124952e-01 4.59539459e+02 4.34298492e+02
    5.92690110e-01 4.64547760e+02 4.50038818e+02 6.62619531e-01
    4.63832275e+02 4.62201813e+02 7.79570043e-01 4.79572632e+02
    4.12118927e+02 5.77273786e-01 4.90304657e+02 4.28574738e+02
    4.60545212e-01 4.88873718e+02 4.45030548e+02 5.17383575e-01
    4.93882019e+02 4.56478058e+02 5.71756721e-01 4.93882019e+02
    4.03533295e+02 6.55377984e-01 5.02467651e+02 4.05679718e+02
    7.87132978e-01 5.10337830e+02 4.11403473e+02 7.92163491e-01
    5.16777039e+02 4.17842682e+02 7.50126362e-01</data></hand_left_0>
</opencv_storage>
