<?xml version="1.0"?>
<opencv_storage>
<hand_right_0 type_id="opencv-nd-matrix">
  <sizes>
    1 21 3</sizes>
  <dt>f</dt>
  <data>
    4.60117096e+02 4.20074951e+02 5.56564867e-01 4.78037384e+02
    4.25809418e+02 7.05782294e-01 4.99541718e+02 4.32260742e+02
    7.04785347e-01 5.11727509e+02 4.40862457e+02 7.24893689e-01
    5.18895630e+02 4.48030579e+02 6.87282920e-01 4.87355927e+02
    4.40862457e+02 6.16811395e-01 4.95957672e+02 4.54481873e+02
    7.65704989e-01 5.05276215e+02 4.66667664e+02 8.37761760e-01
    5.10293884e+02 4.77419830e+02 8.54028821e-01 4.70869263e+02
    4.43012878e+02 7.42712975e-01 4.79471008e+02 4.55915497e+02
    6.88224077e-01 4.89506348e+02 4.71685333e+02 7.74940729e-01
    4.98108093e+02 4.83154297e+02 9.00687218e-01 4.55099426e+02
    4.46596954e+02 6.26989722e-01 4.60117096e+02 4.58782745e+02
    7.18127787e-01 4.65134796e+02 4.72402130e+02 8.25256586e-01
    4.68002045e+02 4.84587921e+02 7.28701830e-01 4.41480011e+02
    4.48747375e+02 6.65809453e-01 4.39329590e+02 4.60933167e+02
    8.09804201e-01 4.42913635e+02 4.72402130e+02 7.56332994e-01
    4.44347260e+02 4.82437500e+02 7.55841434e-01</data></hand_right_0>
</opencv_storage>
