<?xml version="1.0"?>
<opencv_storage>
<pose_0 type_id="opencv-nd-matrix">
  <sizes>
    1 18 3</sizes>
  <dt>f</dt>
  <data>
    4.16750580e+02 1.27194962e+02 8.70455503e-01 4.36333557e+02
    8.61466064e+01 7.74768412e-01 3.50148346e+02 9.77719269e+01
    7.28986144e-01 4.05029419e+02 2.58241455e+02 8.38018656e-01
    4.59741730e+02 3.93273163e+02 8.20500314e-01 5.36096436e+02
    8.80146790e+01 7.04379082e-01 5.08721436e+02 2.64138733e+02
    8.41926098e-01 4.93018250e+02 4.10828857e+02 5.46845078e-01
    3.73713684e+02 2.93478088e+02 4.43925828e-01 3.34541504e+02
    4.42127655e+02 5.74161053e-01 3.05210083e+02 4.89121368e+02
    9.18886885e-02 4.75416016e+02 2.99357300e+02 4.56206501e-01
    5.12597961e+02 4.03052673e+02 1.05688877e-01 0. 0. 0. 3.97217987e+02
    1.03728867e+02 7.90163755e-01 4.36312927e+02 1.03660622e+02
    7.74378181e-01 3.69826172e+02 8.41728210e+01 1.73262388e-01
    4.77422760e+02 5.48507080e+01 6.88551962e-01</data></pose_0>
</opencv_storage>
