<?xml version="1.0"?>
<opencv_storage>
<pose_0 type_id="opencv-nd-matrix">
  <sizes>
    1 18 3</sizes>
  <dt>f</dt>
  <data>
    4.16724182e+02 1.70205475e+02 8.73752475e-01 4.44051788e+02
    1.46722519e+02 7.65697420e-01 3.52245789e+02 1.46701981e+02
    8.01594019e-01 4.12868408e+02 2.91578735e+02 8.00878227e-01
    4.59809662e+02 4.28520081e+02 8.32071245e-01 5.36031433e+02
    1.54552963e+02 6.88720524e-01 5.08730347e+02 3.13029083e+02
    8.33359718e-01 4.92989532e+02 4.42198212e+02 5.19893706e-01
    3.67803162e+02 3.38482513e+02 4.40412402e-01 3.24765594e+02
    4.91022308e+02 5.36010504e-01 2.11337234e+02 5.49793884e+02
    1.04797736e-01 4.69534973e+02 3.42401062e+02 4.60179806e-01
    5.08754303e+02 4.36316956e+02 1.34593412e-01 0. 0. 0. 3.99183319e+02
    1.46716995e+02 8.45700026e-01 4.44074219e+02 1.48777908e+02
    8.35843444e-01 3.71771729e+02 8.61802826e+01 6.93247914e-01
    4.85185120e+02 1.15431641e+02 7.30862737e-01</data></pose_0>
</opencv_storage>
