<?xml version="1.0"?>
<opencv_storage>
<hand_left_0 type_id="opencv-nd-matrix">
  <sizes>
    1 21 3</sizes>
  <dt>f</dt>
  <data>
    4.59128052e+02 3.86098877e+02 5.58988035e-01 4.47614838e+02
    3.97612061e+02 6.36879325e-01 4.39299774e+02 4.14242218e+02
    5.67155242e-01 4.27146973e+02 4.25755402e+02 6.66526914e-01
    4.16273407e+02 4.33430878e+02 8.01861286e-01 4.54011078e+02
    4.11683746e+02 5.70500493e-01 4.42497894e+02 4.21917694e+02
    5.51266372e-01 4.42497894e+02 4.34070496e+02 6.48558140e-01
    4.42497894e+02 4.44304443e+02 6.24201715e-01 4.69361969e+02
    4.07206390e+02 6.74185038e-01 4.77677063e+02 4.23196930e+02
    4.41433191e-01 4.64244995e+02 4.37908203e+02 6.66654468e-01
    4.57209167e+02 4.53898743e+02 6.14131749e-01 4.83433655e+02
    4.04647888e+02 6.28496945e-01 4.93027985e+02 4.21278046e+02
    6.48835778e-01 4.96226074e+02 4.32791229e+02 4.92377281e-01
    4.89829865e+02 4.45583679e+02 5.83277822e-01 4.98144928e+02
    4.01449799e+02 7.18066216e-01 5.05820404e+02 4.08485626e+02
    5.95924377e-01 5.12216614e+02 4.12962982e+02 7.51086712e-01
    5.14775085e+02 4.14881836e+02 6.23600423e-01</data></hand_left_0>
</opencv_storage>
