<?xml version="1.0"?>
<opencv_storage>
<hand_right_0 type_id="opencv-nd-matrix">
  <sizes>
    1 21 3</sizes>
  <dt>f</dt>
  <data>
    4.61962555e+02 4.15939911e+02 6.81374013e-01 4.79771210e+02
    4.21664124e+02 7.06441402e-01 5.00123932e+02 4.31840485e+02
    7.81713068e-01 5.08392242e+02 4.45833008e+02 7.73782730e-01
    5.17932617e+02 4.55373352e+02 7.98410535e-01 4.87403473e+02
    4.39472778e+02 7.77220488e-01 4.96307800e+02 4.57281433e+02
    8.09509933e-01 5.00759979e+02 4.71273926e+02 8.27193379e-01
    5.03304077e+02 4.82086334e+02 9.57756042e-01 4.72138916e+02
    4.41380829e+02 8.22053909e-01 4.79771210e+02 4.61097565e+02
    6.75422728e-01 4.84859375e+02 4.73818024e+02 5.69593012e-01
    4.86131439e+02 4.82722351e+02 4.49281335e-01 4.57510376e+02
    4.44560944e+02 7.16531277e-01 4.59418457e+02 4.57917450e+02
    6.06485426e-01 4.61962555e+02 4.71273926e+02 7.31469035e-01
    4.58782440e+02 4.86538483e+02 6.96044266e-01 4.42245819e+02
    4.43288910e+02 6.25682533e-01 4.41609802e+02 4.55373352e+02
    7.57210672e-01 4.40973785e+02 4.65549713e+02 7.79676139e-01
    4.40337738e+02 4.75090057e+02 7.56137908e-01</data></hand_right_0>
</opencv_storage>
