<?xml version="1.0"?>
<opencv_storage>
<pose_0 type_id="opencv-nd-matrix">
  <sizes>
    1 18 3</sizes>
  <dt>f</dt>
  <data>
    4.93109680e+02 1.13507797e+02 8.22124004e-01 4.63752472e+02
    7.23803635e+01 7.17012286e-01 3.67771240e+02 7.04775162e+01
    6.70896590e-01 4.12853851e+02 2.58292084e+02 8.00046682e-01
    4.59692322e+02 3.89343628e+02 8.32695484e-01 5.71320862e+02
    8.41934738e+01 6.82619214e-01 5.26319275e+02 2.74002533e+02
    7.52021253e-01 4.95014465e+02 3.95226990e+02 5.66324949e-01
    3.79591980e+02 2.91535980e+02 4.28506643e-01 3.22861603e+02
    4.32414978e+02 3.92816335e-01 2.69976074e+02 4.89128174e+02
    8.46692324e-02 4.91030609e+02 3.07158264e+02 4.25863206e-01
    5.49729675e+02 4.18687683e+02 7.74543211e-02 0. 0. 0. 4.79342316e+02
    8.80667572e+01 7.69726515e-01 5.12596008e+02 8.80777283e+01
    7.45635808e-01 4.20664886e+02 3.51785698e+01 6.37353539e-01
    5.40027954e+02 5.08836212e+01 9.08670276e-02</data></pose_0>
</opencv_storage>
