<?xml version="1.0"?>
<opencv_storage>
<hand_left_0 type_id="opencv-nd-matrix">
  <sizes>
    1 21 3</sizes>
  <dt>f</dt>
  <data>
    4.58319824e+02 4.16879059e+02 4.91292536e-01 4.44733704e+02
    4.28320007e+02 6.02618098e-01 4.36152985e+02 4.45481415e+02
    4.01366234e-01 4.30432526e+02 4.56207306e+02 4.06991720e-01
    4.17561462e+02 4.56922363e+02 7.21374631e-01 4.48308990e+02
    4.41191071e+02 5.49668074e-01 4.39728302e+02 4.52632019e+02
    7.19330609e-01 4.41158417e+02 4.64072968e+02 7.40376413e-01
    4.42588531e+02 4.74798859e+02 7.89377868e-01 4.64755341e+02
    4.37615784e+02 6.23420358e-01 4.59034882e+02 4.52632019e+02
    5.26970744e-01 4.64040283e+02 4.66933197e+02 6.66272044e-01
    4.64755341e+02 4.79089203e+02 7.76648879e-01 4.81916779e+02
    4.34040466e+02 6.54546559e-01 4.92642670e+02 4.50486847e+02
    5.96010923e-01 4.99078186e+02 4.61927795e+02 5.55047989e-01
    5.06228790e+02 4.71223541e+02 5.95904469e-01 4.96217957e+02
    4.25459778e+02 6.76085353e-01 5.04798676e+02 4.29750122e+02
    8.35034013e-01 5.11234192e+02 4.34755554e+02 8.22009802e-01
    5.16239624e+02 4.41191071e+02 7.90686011e-01</data></hand_left_0>
</opencv_storage>
