<?xml version="1.0"?>
<opencv_storage>
<hand_left_0 type_id="opencv-nd-matrix">
  <sizes>
    1 21 3</sizes>
  <dt>f</dt>
  <data>
    4.59916748e+02 3.97944092e+02 5.84137082e-01 4.46454895e+02
    4.10697449e+02 6.32106841e-01 4.38661163e+02 4.30535980e+02
    5.25133193e-01 4.39369690e+02 4.43289337e+02 5.22832811e-01
    4.46454895e+02 4.57459717e+02 5.02655923e-01 4.53540070e+02
    4.25576355e+02 6.18800163e-01 4.42912292e+02 4.36912659e+02
    3.63947183e-01 4.43620819e+02 4.49666016e+02 3.72771561e-01
    4.48580444e+02 4.59585297e+02 4.31221187e-01 4.69127502e+02
    4.19908203e+02 6.86229527e-01 4.76921234e+02 4.35495636e+02
    5.94111919e-01 4.65584900e+02 4.51083038e+02 3.62955928e-01
    4.63459351e+02 4.63836395e+02 6.10750437e-01 4.82589386e+02
    4.15657074e+02 6.70155525e-01 4.93217163e+02 4.32661530e+02
    6.47289634e-01 4.98885315e+02 4.43997864e+02 6.31468832e-01
    5.03844971e+02 4.54625641e+02 5.68165720e-01 4.98885315e+02
    4.09988922e+02 7.58369684e-01 5.07387573e+02 4.17782623e+02
    6.40312493e-01 5.15181274e+02 4.24867828e+02 8.04422498e-01
    5.16598328e+02 4.30535980e+02 6.82290435e-01</data></hand_left_0>
</opencv_storage>
