<?xml version="1.0"?>
<opencv_storage>
<pose_0 type_id="opencv-nd-matrix">
  <sizes>
    1 18 3</sizes>
  <dt>f</dt>
  <data>
    5.06737396e+02 1.38947083e+02 7.94102430e-01 4.65673431e+02
    8.80798264e+01 7.25710392e-01 3.67878876e+02 8.61118164e+01
    6.69133723e-01 4.10890533e+02 2.71975769e+02 7.50414968e-01
    4.59699371e+02 3.99061493e+02 8.92440319e-01 5.71327820e+02
    9.97453461e+01 6.57051206e-01 5.34106079e+02 2.87581879e+02
    7.84254611e-01 4.98906586e+02 4.05024139e+02 6.09643459e-01
    3.75663055e+02 3.01292084e+02 4.13404644e-01 3.24805756e+02
    4.32409149e+02 4.59267765e-01 2.73934387e+02 4.83284058e+02
    1.00384824e-01 4.89079651e+02 3.14997864e+02 4.06948477e-01
    5.47829346e+02 4.48039398e+02 8.10473785e-02 0. 0. 0. 4.93008057e+02
    1.19391617e+02 7.36128807e-01 5.20453735e+02 1.17440262e+02
    6.26657903e-01 4.32402008e+02 6.85093918e+01 4.73602623e-01
    5.40016296e+02 6.84870605e+01 5.24800941e-02</data></pose_0>
</opencv_storage>
