<?xml version="1.0"?>
<opencv_storage>
<hand_left_0 type_id="opencv-nd-matrix">
  <sizes>
    1 21 3</sizes>
  <dt>f</dt>
  <data>
    4.58546753e+02 4.18337830e+02 5.07298648e-01 4.45468048e+02
    4.30039825e+02 5.92194796e-01 4.36519470e+02 4.50002045e+02
    5.06596565e-01 4.26882538e+02 4.56197235e+02 6.34384155e-01
    4.14492188e+02 4.58950653e+02 8.11291099e-01 4.53728302e+02
    4.45183594e+02 5.68729877e-01 4.39272888e+02 4.55508881e+02
    5.38575649e-01 4.41337952e+02 4.67210876e+02 6.17228866e-01
    4.44091339e+02 4.77536163e+02 7.37180591e-01 4.67495331e+02
    4.38300049e+02 6.27475381e-01 4.77132294e+02 4.53443817e+02
    4.00861204e-01 4.64741943e+02 4.67899231e+02 6.03735030e-01
    4.66118652e+02 4.79601227e+02 7.00977862e-01 4.81950745e+02
    4.34169952e+02 6.67454362e-01 4.92964386e+02 4.50690399e+02
    6.31553650e-01 4.99847931e+02 4.61704041e+02 6.19051754e-01
    5.06731445e+02 4.72717682e+02 6.14741445e-01 4.95029449e+02
    4.25909698e+02 6.81059897e-01 5.03978058e+02 4.30728180e+02
    8.15472662e-01 5.10173218e+02 4.35546631e+02 8.41174722e-01
    5.15680054e+02 4.41741821e+02 7.67965317e-01</data></hand_left_0>
</opencv_storage>
