<?xml version="1.0"?>
<opencv_storage>
<hand_left_0 type_id="opencv-nd-matrix">
  <sizes>
    1 21 3</sizes>
  <dt>f</dt>
  <data>
    4.59586731e+02 3.88959473e+02 5.69637716e-01 4.47422241e+02
    4.03270630e+02 6.05121613e-01 4.38835541e+02 4.21875122e+02
    6.08826995e-01 4.38835541e+02 4.37617401e+02 5.32673955e-01
    4.43128876e+02 4.50497467e+02 4.69687104e-01 4.53146698e+02
    4.15435120e+02 5.38442016e-01 4.42413330e+02 4.26884033e+02
    5.11700630e-01 4.42413330e+02 4.41195190e+02 5.73049784e-01
    4.44559998e+02 4.51928589e+02 6.70461655e-01 4.66742310e+02
    4.11141754e+02 6.48725271e-01 4.60302277e+02 4.28315155e+02
    4.23280656e-01 4.61017853e+02 4.42626312e+02 5.21955490e-01
    4.60302277e+02 4.56221924e+02 6.95748210e-01 4.83200134e+02
    4.05417297e+02 6.50491774e-01 4.93933502e+02 4.21875122e+02
    5.47924161e-01 4.98942413e+02 4.32608521e+02 5.32171726e-01
    4.94649078e+02 4.48350800e+02 5.58171511e-01 4.97511322e+02
    3.97546143e+02 6.34977758e-01 5.06097992e+02 4.00408386e+02
    8.24270487e-01 5.11822479e+02 4.05417297e+02 8.00634384e-01
    5.16831360e+02 4.11857330e+02 7.75126755e-01</data></hand_left_0>
</opencv_storage>
