<?xml version="1.0"?>
<opencv_storage>
<hand_left_0 type_id="opencv-nd-matrix">
  <sizes>
    1 21 3</sizes>
  <dt>f</dt>
  <data>
    4.61682190e+02 3.90656250e+02 5.43215692e-01 4.49534943e+02
    4.02164185e+02 6.27763748e-01 4.40584320e+02 4.21344086e+02
    5.59840679e-01 4.27158386e+02 4.31573364e+02 7.83888996e-01
    4.15650452e+02 4.39884674e+02 8.34696591e-01 4.55288910e+02
    4.19426117e+02 5.16603589e-01 4.43141632e+02 4.27737396e+02
    5.27988434e-01 4.43141632e+02 4.42441986e+02 7.36736059e-01
    4.44420288e+02 4.53949921e+02 7.20241547e-01 4.70632813e+02
    4.16229462e+02 6.75175905e-01 4.77665436e+02 4.32852051e+02
    4.45721477e-01 4.62960846e+02 4.46917297e+02 7.19868839e-01
    4.57846222e+02 4.62261230e+02 7.10158229e-01 4.86616058e+02
    4.12393494e+02 6.58708692e-01 4.94288025e+02 4.30294708e+02
    6.57925189e-01 5.00681335e+02 4.42441986e+02 5.78391492e-01
    5.05795959e+02 4.53310608e+02 7.13635564e-01 5.00041992e+02
    4.06639496e+02 7.60566473e-01 5.08353271e+02 4.17508118e+02
    6.75554037e-01 5.14107239e+02 4.22622772e+02 7.16679335e-01
    5.17943237e+02 4.25819397e+02 6.17277265e-01</data></hand_left_0>
</opencv_storage>
