<?xml version="1.0"?>
<opencv_storage>
<hand_left_0 type_id="opencv-nd-matrix">
  <sizes>
    1 21 3</sizes>
  <dt>f</dt>
  <data>
    4.60946991e+02 3.90690002e+02 5.41143477e-01 4.49439636e+02
    4.02836639e+02 6.20588064e-01 4.39850189e+02 4.20736969e+02
    5.45372188e-01 4.27064240e+02 4.32244324e+02 7.11104631e-01
    4.14917603e+02 4.40555176e+02 8.34759951e-01 4.54554016e+02
    4.18819092e+02 6.07472539e-01 4.44325256e+02 4.29047821e+02
    5.71259081e-01 4.43685974e+02 4.42473083e+02 7.77486563e-01
    4.44325256e+02 4.53341125e+02 7.36731827e-01 4.69897156e+02
    4.16261902e+02 7.09329903e-01 4.64143494e+02 4.32883606e+02
    3.99488688e-01 4.64782776e+02 4.47587463e+02 7.22431779e-01
    4.59668396e+02 4.62291290e+02 6.64489210e-01 4.85879578e+02
    4.12426117e+02 7.28994787e-01 4.94829742e+02 4.31605011e+02
    6.37489736e-01 5.00583435e+02 4.43751678e+02 5.97008109e-01
    5.05697815e+02 4.54619720e+02 7.26538479e-01 5.00583435e+02
    4.06672424e+02 8.00617456e-01 5.08894287e+02 4.18179779e+02
    6.49223864e-01 5.14647949e+02 4.23294159e+02 7.17486680e-01
    5.17844421e+02 4.27129944e+02 6.06061697e-01</data></hand_left_0>
</opencv_storage>
