<?xml version="1.0"?>
<opencv_storage>
<hand_right_0 type_id="opencv-nd-matrix">
  <sizes>
    1 21 3</sizes>
  <dt>f</dt>
  <data>
    4.57879547e+02 4.13456268e+02 5.48838258e-01 4.76620514e+02
    4.18501923e+02 6.74051225e-01 4.96082275e+02 4.24989166e+02
    6.88334107e-01 5.06894379e+02 4.32918060e+02 7.53233075e-01
    5.16985657e+02 4.40126099e+02 7.71363318e-01 4.84549377e+02
    4.34359650e+02 6.45691991e-01 4.95361481e+02 4.48054993e+02
    7.42316246e-01 5.03290344e+02 4.61029480e+02 8.41557503e-01
    5.08335999e+02 4.71120789e+02 8.66764545e-01 4.69412445e+02
    4.37242889e+02 7.07154453e-01 4.78782928e+02 4.52379822e+02
    6.88544452e-01 4.88874207e+02 4.65354340e+02 7.35117733e-01
    4.98244690e+02 4.76887238e+02 9.01953280e-01 4.54275513e+02
    4.41567719e+02 6.90769434e-01 4.58600342e+02 4.53821442e+02
    6.87448025e-01 4.62204376e+02 4.68958374e+02 7.89661407e-01
    4.67250031e+02 4.81212067e+02 7.37034678e-01 4.39138580e+02
    4.42288544e+02 6.62608087e-01 4.37696960e+02 4.57425476e+02
    8.16217542e-01 4.41300995e+02 4.67516754e+02 7.39785731e-01
    4.44905029e+02 4.78328857e+02 7.71637440e-01</data></hand_right_0>
</opencv_storage>
