<?xml version="1.0"?>
<opencv_storage>
<hand_left_0 type_id="opencv-nd-matrix">
  <sizes>
    1 21 3</sizes>
  <dt>f</dt>
  <data>
    4.62260803e+02 4.32175079e+02 5.64759910e-01 4.49198242e+02
    4.42749542e+02 6.43827617e-01 4.39867828e+02 4.58300232e+02
    5.99629939e-01 4.27427277e+02 4.68252655e+02 5.58505416e-01
    4.13742706e+02 4.73228882e+02 6.83866918e-01 4.54174438e+02
    4.57678192e+02 6.18880928e-01 4.42977966e+02 4.66386566e+02
    4.47412133e-01 4.41733917e+02 4.77583069e+02 5.95805347e-01
    4.41111877e+02 4.88779541e+02 6.03273153e-01 4.69725128e+02
    4.53946045e+02 7.21585333e-01 4.77811493e+02 4.72606842e+02
    4.06740665e-01 4.62882843e+02 4.83181305e+02 5.92613637e-01
    4.53552429e+02 4.98109955e+02 5.75810015e-01 4.86519867e+02
    4.53324005e+02 6.73655510e-01 4.93362152e+02 4.71362793e+02
    6.86227798e-01 4.98960388e+02 4.83181305e+02 5.83862305e-01
    5.03314575e+02 4.93755768e+02 7.13894904e-01 5.00204437e+02
    4.48969818e+02 7.37026989e-01 5.09534851e+02 4.63276428e+02
    7.21393228e-01 5.14511047e+02 4.67630646e+02 5.47415853e-01
    5.18243225e+02 4.71984833e+02 3.98346037e-01</data></hand_left_0>
</opencv_storage>
