<?xml version="1.0"?>
<opencv_storage>
<pose_0 type_id="opencv-nd-matrix">
  <sizes>
    1 18 3</sizes>
  <dt>f</dt>
  <data>
    4.92982697e+02 1.78133392e+02 5.83198726e-01 4.73450500e+02
    1.03717491e+02 7.55809247e-01 3.71778076e+02 9.97641144e+01
    6.28970742e-01 4.14825836e+02 2.99342560e+02 7.37345994e-01
    4.59805573e+02 4.16807495e+02 8.48841727e-01 5.71279907e+02
    1.13455879e+02 6.43300295e-01 5.28243469e+02 3.05217316e+02
    7.86251307e-01 4.93046753e+02 4.28418091e+02 6.03131831e-01
    3.79574982e+02 2.85669128e+02 3.96024823e-01 3.24782227e+02
    4.30465088e+02 5.29148340e-01 2.79796326e+02 4.77370239e+02
    1.27904192e-01 4.91093262e+02 3.03261993e+02 4.55043018e-01
    5.45884949e+02 4.44153442e+02 1.78398877e-01 0. 0. 0. 4.85224274e+02
    1.64411255e+02 5.42413652e-01 5.08630737e+02 1.66328751e+02
    2.07910120e-01 4.28485382e+02 1.03699005e+02 3.30675244e-01
    5.37999390e+02 1.09564934e+02 1.00231916e-01</data></pose_0>
</opencv_storage>
