<?xml version="1.0"?>
<opencv_storage>
<pose_0 type_id="opencv-nd-matrix">
  <sizes>
    1 18 3</sizes>
  <dt>f</dt>
  <data>
    5.04752686e+02 1.66350479e+02 7.07342684e-01 4.73461273e+02
    1.01733818e+02 7.76183724e-01 3.67866089e+02 9.98182755e+01
    6.62984908e-01 4.12726044e+02 2.89552307e+02 7.56955624e-01
    4.59682678e+02 4.14729797e+02 8.87605548e-01 5.73276917e+02
    1.13449936e+02 6.49666071e-01 5.30231934e+02 3.05192841e+02
    7.31636107e-01 4.95007660e+02 4.18681366e+02 6.24387264e-01
    3.75675720e+02 2.89569824e+02 4.11375314e-01 3.22854614e+02
    4.30481506e+02 4.53862071e-01 2.77825134e+02 4.77372986e+02
    1.19262785e-01 4.87153534e+02 3.03252472e+02 4.41678613e-01
    5.49774048e+02 4.44122742e+02 1.69220150e-01 0. 0. 0. 4.93105652e+02
    1.52627258e+02 7.15988219e-01 5.20454285e+02 1.52614731e+02
    2.59966314e-01 4.28409821e+02 8.80663223e+01 5.49354672e-01
    5.40127380e+02 1.01789558e+02 9.70333666e-02</data></pose_0>
</opencv_storage>
