<?xml version="1.0"?>
<opencv_storage>
<hand_right_0 type_id="opencv-nd-matrix">
  <sizes>
    1 21 3</sizes>
  <dt>f</dt>
  <data>
    4.61791138e+02 3.77668213e+02 6.87263548e-01 4.78550598e+02
    3.84114166e+02 7.17601657e-01 4.97243835e+02 3.94427673e+02
    7.49546230e-01 5.04334351e+02 4.08608734e+02 7.54830182e-01
    5.15937073e+02 4.15054688e+02 8.35475326e-01 4.85641113e+02
    4.06030365e+02 7.24345803e-01 4.94020844e+02 4.24079010e+02
    7.78441250e-01 4.99822205e+02 4.35681702e+02 7.77243435e-01
    5.03045166e+02 4.45995209e+02 9.04014468e-01 4.70815460e+02
    4.09897919e+02 7.81461239e-01 4.77906006e+02 4.26657379e+02
    6.70703053e-01 4.82418152e+02 4.40193848e+02 6.21316433e-01
    4.78550598e+02 4.51796539e+02 5.94618320e-01 4.57278992e+02
    4.11831696e+02 7.45203853e-01 4.57278992e+02 4.22789795e+02
    5.48124194e-01 4.57923584e+02 4.38260071e+02 6.53447926e-01
    4.54700623e+02 4.53085724e+02 6.70594394e-01 4.42453308e+02
    4.11187103e+02 6.81477249e-01 4.41164124e+02 4.20211426e+02
    7.89035141e-01 4.39230347e+02 4.30524933e+02 7.53464162e-01
    4.37296570e+02 4.40838440e+02 8.15090716e-01</data></hand_right_0>
</opencv_storage>
