<?xml version="1.0"?>
<opencv_storage>
<hand_right_0 type_id="opencv-nd-matrix">
  <sizes>
    1 21 3</sizes>
  <dt>f</dt>
  <data>
    4.59586487e+02 4.16645813e+02 5.56691170e-01 4.76593323e+02
    4.21606140e+02 6.87936544e-01 4.95726013e+02 4.27983704e+02
    7.34225333e-01 5.06355286e+02 4.36487122e+02 7.39472687e-01
    5.16984558e+02 4.43573303e+02 7.54965246e-01 4.84388123e+02
    4.37195740e+02 6.51681304e-01 4.95017395e+02 4.51368103e+02
    7.71211922e-01 5.04229431e+02 4.66249084e+02 7.93707132e-01
    5.08481140e+02 4.76878357e+02 8.08364391e-01 4.69507141e+02
    4.39321594e+02 7.44273126e-01 4.78010559e+02 4.53493958e+02
    7.16678500e-01 4.88639832e+02 4.67666321e+02 7.98672676e-01
    4.96434631e+02 4.80421448e+02 8.88512790e-01 4.54626160e+02
    4.42156067e+02 6.37274861e-01 4.58877869e+02 4.54202576e+02
    7.01633453e-01 4.64546814e+02 4.69083557e+02 7.88815856e-01
    4.70924377e+02 4.80421448e+02 6.73292339e-01 4.40453796e+02
    4.44281921e+02 6.76089764e-01 4.38327942e+02 4.57745667e+02
    8.58677566e-01 4.39745178e+02 4.67666321e+02 7.42539942e-01
    4.43288269e+02 4.79004211e+02 8.25602174e-01</data></hand_right_0>
</opencv_storage>
