<?xml version="1.0"?>
<opencv_storage>
<hand_left_0 type_id="opencv-nd-matrix">
  <sizes>
    1 21 3</sizes>
  <dt>f</dt>
  <data>
    4.56863037e+02 4.11722321e+02 5.03911078e-01 4.45551086e+02
    4.25155273e+02 6.09920979e-01 4.34946136e+02 4.44951172e+02
    4.89829153e-01 4.27876160e+02 4.50607147e+02 5.79720974e-01
    4.14443207e+02 4.52728149e+02 7.75293112e-01 4.50500061e+02
    4.39295197e+02 5.57989657e-01 4.39188110e+02 4.50607147e+02
    5.93021870e-01 4.40602112e+02 4.62626099e+02 6.89856172e-01
    4.45551086e+02 4.73231049e+02 8.03302407e-01 4.66760986e+02
    4.34346222e+02 6.40956342e-01 4.58277039e+02 4.49900146e+02
    3.86790067e-01 4.63226013e+02 4.63333099e+02 5.75260699e-01
    4.64639984e+02 4.76766022e+02 7.25239754e-01 4.80193939e+02
    4.27983246e+02 6.47635937e-01 4.91505890e+02 4.44244171e+02
    6.41021848e-01 5.00696838e+02 4.56263123e+02 6.14113331e-01
    5.07059814e+02 4.67575073e+02 6.48277164e-01 4.95040863e+02
    4.20913269e+02 6.95935488e-01 5.02817841e+02 4.23741272e+02
    7.89368093e-01 5.10594788e+02 4.30104248e+02 8.01936328e-01
    5.16250793e+02 4.37881195e+02 7.56379783e-01</data></hand_left_0>
</opencv_storage>
