<?xml version="1.0"?>
<opencv_storage>
<pose_0 type_id="opencv-nd-matrix">
  <sizes>
    1 18 3</sizes>
  <dt>f</dt>
  <data>
    4.93101501e+02 1.01661568e+02 8.63036513e-01 4.61755707e+02
    6.84332275e+01 7.25395083e-01 3.65846313e+02 6.84139252e+01
    6.54449642e-01 4.12891144e+02 2.54365494e+02 7.01750159e-01
    4.59686707e+02 3.81503235e+02 8.42666030e-01 5.69317261e+02
    7.63219376e+01 6.86937630e-01 5.24341980e+02 2.68059662e+02
    7.63897419e-01 4.96956268e+02 3.83546417e+02 5.80032706e-01
    3.81487091e+02 2.95440979e+02 4.20111716e-01 3.22826202e+02
    4.30434998e+02 4.30032879e-01 2.77818726e+02 4.81317352e+02
    8.90044197e-02 4.93034241e+02 3.09139679e+02 3.88542563e-01
    5.22406189e+02 3.87426849e+02 5.63866533e-02 0. 0. 0. 4.77414154e+02
    8.21763382e+01 8.02903175e-01 5.10648163e+02 8.02189331e+01
    7.86495209e-01 4.26508240e+02 3.12741814e+01 4.59143341e-01
    5.39942871e+02 4.49602203e+01 5.83849512e-02</data></pose_0>
</opencv_storage>
