<?xml version="1.0"?>
<opencv_storage>
<hand_right_0 type_id="opencv-nd-matrix">
  <sizes>
    1 21 3</sizes>
  <dt>f</dt>
  <data>
    4.59296478e+02 3.93283905e+02 5.89793861e-01 4.76927185e+02
    4.02099274e+02 7.09335268e-01 4.96027100e+02 4.10179993e+02
    6.44511938e-01 5.06311676e+02 4.20464569e+02 7.73031175e-01
    5.17330872e+02 4.30749146e+02 8.17767441e-01 4.84273315e+02
    4.19729980e+02 6.72085047e-01 4.93823273e+02 4.35156830e+02
    7.78659642e-01 5.00434784e+02 4.49849091e+02 8.58172536e-01
    5.04842468e+02 4.60868286e+02 8.63117874e-01 4.70315674e+02
    4.21933807e+02 7.43636310e-01 4.76927185e+02 4.38095276e+02
    6.93869293e-01 4.83538696e+02 4.52787537e+02 7.40082562e-01
    4.90884827e+02 4.66745178e+02 8.44543695e-01 4.54888794e+02
    4.26341492e+02 6.76955700e-01 4.58561859e+02 4.38829895e+02
    7.03713119e-01 4.62234924e+02 4.54256775e+02 7.85721421e-01
    4.65173370e+02 4.66745178e+02 7.94122815e-01 4.40931152e+02
    4.26341492e+02 7.14121699e-01 4.40196564e+02 4.40299133e+02
    8.03367734e-01 4.41665771e+02 4.51318298e+02 8.20242107e-01
    4.46808075e+02 4.62337494e+02 8.02945137e-01</data></hand_right_0>
</opencv_storage>
