<?xml version="1.0"?>
<opencv_storage>
<hand_right_0 type_id="opencv-nd-matrix">
  <sizes>
    1 21 3</sizes>
  <dt>f</dt>
  <data>
    4.62750519e+02 4.18473724e+02 6.68802559e-01 4.80369751e+02
    4.26024841e+02 7.06554711e-01 5.00506073e+02 4.34834473e+02
    7.44989395e-01 5.08057190e+02 4.48678162e+02 7.48741806e-01
    5.17496094e+02 4.57487793e+02 8.27332437e-01 4.87291626e+02
    4.41756317e+02 7.74028182e-01 4.96730499e+02 4.60004852e+02
    8.18866849e-01 5.01135315e+02 4.73219269e+02 8.00785065e-01
    5.03652374e+02 4.85804474e+02 9.26191330e-01 4.72189392e+02
    4.44273346e+02 7.85773218e-01 4.80369751e+02 4.62521881e+02
    6.73588097e-01 4.85403839e+02 4.76994843e+02 6.31625175e-01
    4.87920868e+02 4.86433716e+02 5.40414691e-01 4.57716431e+02
    4.46790405e+02 7.71356761e-01 4.59604218e+02 4.61892609e+02
    6.17809713e-01 4.61491974e+02 4.75107056e+02 7.13770270e-01
    4.58974945e+02 4.88950775e+02 7.13690281e-01 4.42614197e+02
    4.46161133e+02 6.79252863e-01 4.41984955e+02 4.58746307e+02
    7.40346014e-01 4.41355682e+02 4.68814453e+02 7.57855117e-01
    4.40726440e+02 4.78253357e+02 7.12497294e-01</data></hand_right_0>
</opencv_storage>
