<?xml version="1.0"?>
<opencv_storage>
<pose_0 type_id="opencv-nd-matrix">
  <sizes>
    1 18 3</sizes>
  <dt>f</dt>
  <data>
    4.65628265e+02 1.09564316e+02 8.07892799e-01 4.48022156e+02
    7.23967590e+01 7.48739719e-01 3.63868347e+02 7.24298477e+01
    7.06166267e-01 4.14744843e+02 2.40598007e+02 8.23665559e-01
    4.59800598e+02 3.75640442e+02 7.73945570e-01 5.43897583e+02
    8.21444550e+01 7.01017380e-01 5.10725983e+02 2.54348602e+02
    8.04075241e-01 4.94977295e+02 3.89321320e+02 5.37016988e-01
    3.79513397e+02 2.75895630e+02 4.22240674e-01 3.32615021e+02
    4.30501282e+02 5.03507555e-01 3.05238190e+02 4.93018311e+02
    5.70098720e-02 4.75373474e+02 2.81729828e+02 4.70365673e-01
    5.10697662e+02 3.85438507e+02 1.08709306e-01 0. 0. 0. 4.48032410e+02
    8.61532822e+01 8.00325274e-01 4.89130737e+02 8.41376038e+01
    9.25657272e-01 3.97185303e+02 4.30165329e+01 7.93429852e-01
    5.16495605e+02 2.93437500e+01 4.62112486e-01</data></pose_0>
</opencv_storage>
