<?xml version="1.0"?>
<opencv_storage>
<hand_left_0 type_id="opencv-nd-matrix">
  <sizes>
    1 21 3</sizes>
  <dt>f</dt>
  <data>
    4.59677612e+02 3.79584320e+02 5.81748784e-01 4.46868744e+02
    3.91752747e+02 6.49356067e-01 4.37902527e+02 4.09044708e+02
    5.94417095e-01 4.25734131e+02 4.20572662e+02 6.09283864e-01
    4.15487030e+02 4.26977112e+02 7.06721187e-01 4.52632721e+02
    4.10325592e+02 5.13059974e-01 4.40464294e+02 4.19932220e+02
    4.61262405e-01 4.39183411e+02 4.30819763e+02 6.66102469e-01
    4.37262085e+02 4.40426422e+02 6.74764276e-01 4.67362915e+02
    4.05842499e+02 6.72890067e-01 4.76329132e+02 4.25055786e+02
    3.86690497e-01 4.59677612e+02 4.37864624e+02 5.75907469e-01
    4.50070953e+02 4.51954376e+02 6.07217133e-01 4.81452667e+02
    4.03280701e+02 6.31904960e-01 4.91059296e+02 4.20572662e+02
    7.27830708e-01 4.96823303e+02 4.33381531e+02 6.57631636e-01
    5.01306396e+02 4.44909515e+02 7.30457127e-01 4.96182861e+02
    3.97516724e+02 7.11603880e-01 5.03227722e+02 4.09044708e+02
    6.59096479e-01 5.08351257e+02 4.12887360e+02 6.90765858e-01
    5.12834351e+02 4.14808685e+02 5.86367846e-01</data></hand_left_0>
</opencv_storage>
