<?xml version="1.0"?>
<opencv_storage>
<pose_0 type_id="opencv-nd-matrix">
  <sizes>
    1 18 3</sizes>
  <dt>f</dt>
  <data>
    4.93031311e+02 1.33110031e+02 7.56797731e-01 4.71533020e+02
    8.22054672e+01 8.05115223e-01 3.67824066e+02 8.21084442e+01
    6.55400515e-01 4.10902557e+02 2.70020752e+02 7.30213881e-01
    4.59673370e+02 3.95235229e+02 8.74185085e-01 5.71284607e+02
    9.39199371e+01 6.74585223e-01 5.26310913e+02 2.85647736e+02
    7.36598432e-01 4.93056915e+02 4.04975342e+02 5.26367545e-01
    3.79548035e+02 2.95435608e+02 4.00786310e-01 3.24771484e+02
    4.30490448e+02 3.75438124e-01 2.83692627e+02 4.81292786e+02
    1.12664610e-01 4.91088654e+02 3.11107391e+02 4.33444500e-01
    5.49751221e+02 4.32376221e+02 1.05602980e-01 0. 0. 0. 4.85182861e+02
    1.15462486e+02 7.11941838e-01 5.08767548e+02 1.17438705e+02
    4.68174130e-01 4.28466522e+02 6.06307564e+01 4.48774695e-01
    5.36063721e+02 6.25902786e+01 5.54017201e-02</data></pose_0>
</opencv_storage>
