<?xml version="1.0"?>
<opencv_storage>
<hand_left_0 type_id="opencv-nd-matrix">
  <sizes>
    1 21 3</sizes>
  <dt>f</dt>
  <data>
    4.61031677e+02 3.96940704e+02 4.53946263e-01 4.46824341e+02
    4.08306580e+02 6.10573530e-01 4.39720673e+02 4.24645020e+02
    4.50992167e-01 4.39720673e+02 4.38852356e+02 3.11431646e-01
    4.45403625e+02 4.53059662e+02 2.39638135e-01 4.49665833e+02
    4.18962067e+02 4.93207008e-01 4.43272522e+02 4.31038300e+02
    6.76120937e-01 4.44693268e+02 4.45956024e+02 7.06280470e-01
    4.46113983e+02 4.55901154e+02 7.88479805e-01 4.66714630e+02
    4.15410248e+02 6.14636540e-01 4.61742065e+02 4.31038300e+02
    6.61195874e-01 4.64583527e+02 4.45956024e+02 6.51307583e-01
    4.63162781e+02 4.58742615e+02 7.64709473e-01 4.83763428e+02
    4.11148041e+02 5.64091444e-01 4.95129272e+02 4.26065735e+02
    4.48519140e-01 4.90867096e+02 4.41693817e+02 5.49295485e-01
    4.97260376e+02 4.52349304e+02 5.77110231e-01 4.99391479e+02
    4.02623657e+02 6.77355587e-01 5.07915894e+02 4.06885834e+02
    8.06084216e-01 5.13598816e+02 4.11858398e+02 7.99004793e-01
    5.19281738e+02 4.18251709e+02 7.60860920e-01</data></hand_left_0>
</opencv_storage>
