<?xml version="1.0"?>
<opencv_storage>
<hand_right_0 type_id="opencv-nd-matrix">
  <sizes>
    1 21 3</sizes>
  <dt>f</dt>
  <data>
    4.62221436e+02 3.86321228e+02 6.36846542e-01 4.78396027e+02
    3.91947174e+02 7.53945827e-01 4.97383606e+02 3.98979614e+02
    7.10979342e-01 5.08635498e+02 4.09528259e+02 8.45892072e-01
    5.20590637e+02 4.19373688e+02 8.69347453e-01 4.86131714e+02
    4.08121796e+02 6.78020954e-01 4.93867401e+02 4.20780182e+02
    7.25649655e-01 5.03009552e+02 4.34845032e+02 8.26202810e-01
    5.07229004e+02 4.43987213e+02 8.47048044e-01 4.70660339e+02
    4.10231506e+02 7.26674199e-01 4.78396027e+02 4.24999634e+02
    7.10785806e-01 4.86834961e+02 4.37658020e+02 7.32060373e-01
    4.93867401e+02 4.50316406e+02 8.20180595e-01 4.56595490e+02
    4.14450989e+02 7.03019500e-01 4.58705200e+02 4.26406128e+02
    5.33401608e-01 4.62924683e+02 4.41174225e+02 7.90299296e-01
    4.62924683e+02 4.53832611e+02 6.38593435e-01 4.41827362e+02
    4.15154236e+02 7.42027044e-01 4.41124115e+02 4.27109344e+02
    8.40967894e-01 4.41827362e+02 4.37658020e+02 8.16555142e-01
    4.43937103e+02 4.48206665e+02 7.38706350e-01</data></hand_right_0>
</opencv_storage>
