<?xml version="1.0"?>
<opencv_storage>
<pose_0 type_id="opencv-nd-matrix">
  <sizes>
    1 18 3</sizes>
  <dt>f</dt>
  <data>
    4.95002747e+02 1.13401825e+02 7.83191144e-01 4.61726868e+02
    7.43503036e+01 7.23006010e-01 3.63943207e+02 7.43271942e+01
    6.52620375e-01 4.12747223e+02 2.58295563e+02 7.66616523e-01
    4.59666534e+02 3.89326569e+02 8.20018888e-01 5.69370667e+02
    8.42001953e+01 7.04403758e-01 5.26268005e+02 2.73902710e+02
    7.82972932e-01 4.93115845e+02 3.97119415e+02 6.09897077e-01
    3.79572266e+02 2.91534882e+02 4.33953941e-01 3.24798309e+02
    4.30394073e+02 4.51592088e-01 2.73929688e+02 4.89107117e+02
    8.38033333e-02 4.91092804e+02 3.07168274e+02 4.31391627e-01
    5.49766846e+02 4.16756439e+02 8.44759569e-02 0. 0. 0. 4.79335175e+02
    8.99645081e+01 7.69229293e-01 5.12632751e+02 8.61342697e+01
    7.64338434e-01 4.26516113e+02 3.90951233e+01 7.57629693e-01
    5.39997253e+02 5.08998566e+01 8.20863470e-02</data></pose_0>
</opencv_storage>
