<?xml version="1.0"?>
<opencv_storage>
<hand_left_0 type_id="opencv-nd-matrix">
  <sizes>
    1 21 3</sizes>
  <dt>f</dt>
  <data>
    4.56210510e+02 3.96080414e+02 5.28836727e-01 4.44019592e+02
    4.08271332e+02 6.04418993e-01 4.35414246e+02 4.26199127e+02
    5.20597756e-01 4.26808868e+02 4.36238708e+02 4.84700769e-01
    4.13183746e+02 4.39824280e+02 7.14849472e-01 4.50473602e+02
    4.24764923e+02 5.63546240e-01 4.39716919e+02 4.39107178e+02
    5.89526951e-01 4.40434021e+02 4.51298065e+02 6.66168809e-01
    4.44019592e+02 4.61337646e+02 7.64383614e-01 4.66967194e+02
    4.20462250e+02 6.03963017e-01 4.58361847e+02 4.38390045e+02
    4.76278543e-01 4.63381622e+02 4.52732300e+02 6.11973286e-01
    4.60513184e+02 4.65640320e+02 7.62491107e-01 4.81309448e+02
    4.14008240e+02 6.06702745e-01 4.92783234e+02 4.30501801e+02
    5.65707862e-01 4.89914795e+02 4.46278290e+02 4.86719698e-01
    4.94934570e+02 4.58469208e+02 5.63636363e-01 4.97085907e+02
    4.06119995e+02 6.57076597e-01 5.04257050e+02 4.08271332e+02
    7.56080925e-01 5.10711060e+02 4.13291107e+02 7.68741667e-01
    5.15730835e+02 4.19028015e+02 7.17692077e-01</data></hand_left_0>
</opencv_storage>
