<?xml version="1.0"?>
<opencv_storage>
<pose_0 type_id="opencv-nd-matrix">
  <sizes>
    1 18 3</sizes>
  <dt>f</dt>
  <data>
    4.95013611e+02 9.78529358e+01 7.90782690e-01 4.63720154e+02
    6.85109406e+01 7.21917748e-01 3.65865662e+02 6.84381332e+01
    6.66810334e-01 4.12832916e+02 2.52395035e+02 7.22118735e-01
    4.59670135e+02 3.81434418e+02 8.37405920e-01 5.69335144e+02
    8.01936188e+01 6.97208524e-01 5.24442200e+02 2.66098694e+02
    7.54715443e-01 4.95026917e+02 3.87379822e+02 5.86209476e-01
    3.81464172e+02 2.91520325e+02 4.29558635e-01 3.24813324e+02
    4.28523926e+02 4.20512736e-01 2.73945618e+02 4.89126770e+02
    6.18780516e-02 4.91033722e+02 3.03266632e+02 4.22547132e-01
    5.22410583e+02 3.89351685e+02 6.24335408e-02 0. 0. 0. 4.77458282e+02
    7.63162918e+01 7.81191349e-01 5.10712952e+02 7.43112564e+01
    7.67781556e-01 4.22637451e+02 2.34238815e+01 7.77133763e-01
    5.40013306e+02 3.72077141e+01 8.79806653e-02</data></pose_0>
</opencv_storage>
