<?xml version="1.0"?>
<opencv_storage>
<pose_0 type_id="opencv-nd-matrix">
  <sizes>
    1 18 3</sizes>
  <dt>f</dt>
  <data>
    4.59717896e+02 1.48801788e+02 7.27667749e-01 4.63744507e+02
    9.19449921e+01 8.26173067e-01 3.67826599e+02 8.80892029e+01
    6.83126867e-01 4.14706848e+02 2.72006104e+02 7.57292271e-01
    4.59734772e+02 4.06934082e+02 8.40194046e-01 5.71252136e+02
    9.96982498e+01 6.46770358e-01 5.30240601e+02 2.89559998e+02
    7.52732217e-01 4.96941864e+02 4.12886261e+02 6.46078110e-01
    3.81487701e+02 2.87613068e+02 4.01944309e-01 3.20946960e+02
    4.42176361e+02 2.72864401e-01 2.83676849e+02 4.85213318e+02
    9.95044336e-02 4.91114136e+02 3.03276764e+02 4.24768090e-01
    5.45883423e+02 4.42168945e+02 1.69989750e-01 0. 0. 0. 4.44128723e+02
    1.33060135e+02 6.99705422e-01 4.75443542e+02 1.33103149e+02
    6.58340037e-01 4.10805023e+02 9.97560959e+01 1.33783907e-01
    5.06801697e+02 7.04509659e+01 1.36980802e-01</data></pose_0>
</opencv_storage>
