<?xml version="1.0"?>
<opencv_storage>
<pose_0 type_id="opencv-nd-matrix">
  <sizes>
    1 18 3</sizes>
  <dt>f</dt>
  <data>
    4.98942230e+02 1.79997101e+02 8.22917342e-01 4.73504120e+02
    1.09575104e+02 7.73893416e-01 3.69820923e+02 1.01727242e+02
    6.56954646e-01 4.14806183e+02 2.93485016e+02 7.34686375e-01
    4.59791168e+02 4.20681305e+02 8.26031208e-01 5.73236755e+02
    1.15382462e+02 6.53967857e-01 5.30221130e+02 3.05256958e+02
    7.67471611e-01 4.94988251e+02 4.26518097e+02 6.20454311e-01
    3.77578918e+02 2.89574280e+02 4.18719947e-01 3.22850433e+02
    4.34331360e+02 5.21720409e-01 2.81729309e+02 4.87158905e+02
    8.12461078e-02 4.85245636e+02 3.07191193e+02 4.90837604e-01
    5.47816284e+02 4.40227173e+02 2.02585131e-01 0. 0. 0. 4.87190704e+02
    1.64265747e+02 8.25507164e-01 5.14563477e+02 1.62413574e+02
    5.52576125e-01 4.28489563e+02 1.01705009e+02 5.37829399e-01
    5.43926392e+02 1.11486832e+02 1.05992384e-01</data></pose_0>
</opencv_storage>
