<?xml version="1.0"?>
<opencv_storage>
<hand_left_0 type_id="opencv-nd-matrix">
  <sizes>
    1 21 3</sizes>
  <dt>f</dt>
  <data>
    4.56596558e+02 4.14096436e+02 5.32604694e-01 4.44395264e+02
    4.26297729e+02 6.24415755e-01 4.35782562e+02 4.43523132e+02
    4.42731798e-01 4.25734436e+02 4.50700348e+02 4.43144977e-01
    4.14968567e+02 4.55006714e+02 7.93429732e-01 4.47983887e+02
    4.39934509e+02 4.98633564e-01 4.39371185e+02 4.51418091e+02
    6.73578441e-01 4.41524353e+02 4.64337128e+02 7.50198424e-01
    4.42959808e+02 4.73667542e+02 8.30900490e-01 4.65209259e+02
    4.36345886e+02 6.50380373e-01 4.60185181e+02 4.51418091e+02
    5.73487222e-01 4.63056091e+02 4.65772552e+02 7.06130266e-01
    4.63773804e+02 4.77256134e+02 7.59653926e-01 4.80999176e+02
    4.31321808e+02 6.09193683e-01 4.91047333e+02 4.46394012e+02
    5.67001760e-01 4.99660004e+02 4.59313049e+02 5.62438250e-01
    4.96071381e+02 4.72949799e+02 5.82499921e-01 4.95353668e+02
    4.21991394e+02 6.91383362e-01 5.05401794e+02 4.27015472e+02
    7.66809702e-01 5.11861328e+02 4.32039520e+02 8.52418542e-01
    5.16167664e+02 4.37781311e+02 7.33719647e-01</data></hand_left_0>
</opencv_storage>
