<?xml version="1.0"?>
<opencv_storage>
<pose_0 type_id="opencv-nd-matrix">
  <sizes>
    1 18 3</sizes>
  <dt>f</dt>
  <data>
    4.61706787e+02 1.31159668e+02 7.87190855e-01 4.67633636e+02
    8.40873413e+01 7.87992895e-01 3.67897552e+02 8.40688705e+01
    6.94238544e-01 4.14762909e+02 2.60243073e+02 7.36045361e-01
    4.59719177e+02 3.95186646e+02 8.63392174e-01 5.71252625e+02
    9.00016861e+01 6.47552848e-01 5.30215210e+02 2.75923370e+02
    7.15630531e-01 4.93085022e+02 4.08907745e+02 5.32086194e-01
    3.81521698e+02 2.89565491e+02 4.18194711e-01 3.28719269e+02
    4.36313568e+02 3.36565912e-01 0. 0. 0. 4.93023346e+02 3.05243591e+02
    4.48760271e-01 5.45861206e+02 4.30424835e+02 8.12114552e-02 0. 0. 0.
    4.46097382e+02 1.13499901e+02 6.53241634e-01 4.77381531e+02
    1.13423088e+02 6.72298789e-01 4.10865479e+02 8.01732407e+01
    1.87380910e-01 5.14526733e+02 3.90746078e+01 6.18664622e-01</data></pose_0>
</opencv_storage>
