<?xml version="1.0"?>
<opencv_storage>
<hand_left_0 type_id="opencv-nd-matrix">
  <sizes>
    1 21 3</sizes>
  <dt>f</dt>
  <data>
    4.62840576e+02 3.91606812e+02 5.88885903e-01 4.49960358e+02
    4.03771454e+02 6.90657794e-01 4.37795685e+02 4.20229523e+02
    6.08369708e-01 4.27062164e+02 4.26669647e+02 5.78451395e-01
    4.16328644e+02 4.30247498e+02 6.85582578e-01 4.53538208e+02
    4.21660675e+02 5.79980791e-01 4.43520233e+02 4.36687592e+02
    5.43393672e-01 4.44951385e+02 4.48852264e+02 6.66295409e-01
    4.46382507e+02 4.58154633e+02 7.79364526e-01 4.68565125e+02
    4.17367249e+02 6.93303645e-01 4.63556152e+02 4.35972046e+02
    4.68795508e-01 4.64271729e+02 4.49567810e+02 5.82314968e-01
    4.63556152e+02 4.61732483e+02 7.83846378e-01 4.85023193e+02
    4.14504974e+02 6.68879092e-01 4.92894440e+02 4.30247498e+02
    6.71949327e-01 4.96472290e+02 4.43843292e+02 5.88548779e-01
    4.87885468e+02 4.58154633e+02 5.54032207e-01 5.00765686e+02
    4.06633728e+02 7.41088510e-01 5.09352509e+02 4.16651703e+02
    7.31788695e-01 5.15792603e+02 4.23091797e+02 7.43911862e-01
    5.19370483e+02 4.30247498e+02 6.07721090e-01</data></hand_left_0>
</opencv_storage>
