<?xml version="1.0"?>
<opencv_storage>
<hand_left_0 type_id="opencv-nd-matrix">
  <sizes>
    1 21 3</sizes>
  <dt>f</dt>
  <data>
    4.58660187e+02 3.93888519e+02 5.30587018e-01 4.46672394e+02
    4.06581451e+02 6.13693297e-01 4.36800110e+02 4.21389893e+02
    4.93333101e-01 4.25517517e+02 4.31262177e+02 4.54400659e-01
    4.14940063e+02 4.37608643e+02 7.64991641e-01 4.48787903e+02
    4.20684723e+02 5.28635919e-01 4.41031097e+02 4.32672485e+02
    6.92223847e-01 4.41736267e+02 4.46070587e+02 7.57732809e-01
    4.43851746e+02 4.56648041e+02 7.51820982e-01 4.64301483e+02
    4.17864075e+02 6.22331977e-01 4.59365356e+02 4.35493134e+02
    5.51150739e-01 4.62186005e+02 4.48891235e+02 6.78447247e-01
    4.60775665e+02 4.62289337e+02 7.55764425e-01 4.81930573e+02
    4.14338257e+02 6.43729210e-01 4.93213165e+02 4.31262177e+02
    4.93752599e-01 4.98149323e+02 4.42544769e+02 4.67350364e-01
    4.92508026e+02 4.55942871e+02 5.67543566e-01 4.97444153e+02
    4.05876282e+02 6.46880209e-01 5.05906128e+02 4.10107269e+02
    7.15608299e-01 5.14368103e+02 4.17864075e+02 7.07872927e-01
    5.18599060e+02 4.24915710e+02 6.69740319e-01</data></hand_left_0>
</opencv_storage>
