<?xml version="1.0"?>
<opencv_storage>
<hand_right_0 type_id="opencv-nd-matrix">
  <sizes>
    1 21 3</sizes>
  <dt>f</dt>
  <data>
    4.62820374e+02 4.21473267e+02 6.63534641e-01 4.80261017e+02
    4.28324951e+02 7.17966795e-01 5.00193176e+02 4.37668152e+02
    7.95965254e-01 5.08913483e+02 4.51994385e+02 7.38512397e-01
    5.17633789e+02 4.61337585e+02 8.05425823e-01 4.87735565e+02
    4.45765594e+02 7.40526497e-01 4.95210144e+02 4.62583344e+02
    8.33657920e-01 5.00193176e+02 4.76909576e+02 8.61067832e-01
    5.03930450e+02 4.89367157e+02 8.74582529e-01 4.73409332e+02
    4.47634216e+02 7.55621791e-01 4.80261017e+02 4.66320618e+02
    6.92654788e-01 4.84621185e+02 4.81269745e+02 6.15879953e-01
    4.76523743e+02 4.91235809e+02 4.71944481e-01 4.59083099e+02
    4.50748627e+02 7.10352778e-01 4.59705994e+02 4.63829102e+02
    5.92704415e-01 4.62197510e+02 4.77532440e+02 6.75758719e-01
    4.58460236e+02 4.91858673e+02 7.22142458e-01 4.44134003e+02
    4.50125732e+02 6.44177377e-01 4.42265350e+02 4.61337585e+02
    7.61599660e-01 4.40396729e+02 4.71303650e+02 7.80090392e-01
    4.39773834e+02 4.81269745e+02 8.61352861e-01</data></hand_right_0>
</opencv_storage>
