<?xml version="1.0"?>
<opencv_storage>
<hand_left_0 type_id="opencv-nd-matrix">
  <sizes>
    1 21 3</sizes>
  <dt>f</dt>
  <data>
    4.61504944e+02 3.90872498e+02 5.18269539e-01 4.48626099e+02
    4.03751343e+02 6.11408949e-01 4.40040192e+02 4.23069611e+02
    5.52686751e-01 4.39324707e+02 4.37379456e+02 5.11004686e-01
    4.45048615e+02 4.52404785e+02 4.61510152e-01 4.52919037e+02
    4.17345703e+02 5.00001371e-01 4.42902161e+02 4.28793549e+02
    4.99345213e-01 4.43617645e+02 4.41672394e+02 5.67323267e-01
    4.45764130e+02 4.53120270e+02 6.22232080e-01 4.67228882e+02
    4.11621765e+02 6.24709427e-01 4.61504944e+02 4.28793549e+02
    4.84957457e-01 4.63651398e+02 4.42387909e+02 6.02540612e-01
    4.65797882e+02 4.55266754e+02 7.01032758e-01 4.81538696e+02
    4.06613312e+02 5.78841746e-01 4.92986572e+02 4.23785126e+02
    5.49269319e-01 4.99425995e+02 4.35948486e+02 5.24698019e-01
    5.06580902e+02 4.46680847e+02 5.62189400e-01 4.96564026e+02
    3.97311920e+02 6.99641943e-01 5.05865417e+02 4.02320374e+02
    7.67578006e-01 5.13020325e+02 4.08759796e+02 7.81280458e-01
    5.17313293e+02 4.15914703e+02 7.20126152e-01</data></hand_left_0>
</opencv_storage>
