<?xml version="1.0"?>
<opencv_storage>
<hand_left_0 type_id="opencv-nd-matrix">
  <sizes>
    1 21 3</sizes>
  <dt>f</dt>
  <data>
    4.59948303e+02 4.11844910e+02 5.45160770e-01 4.46735291e+02
    4.24362518e+02 6.19285822e-01 4.36303955e+02 4.43834351e+02
    4.74009812e-01 4.26568024e+02 4.50093140e+02 5.83890796e-01
    4.16832123e+02 4.53570251e+02 7.84274817e-01 4.50212372e+02
    4.38270966e+02 5.36082149e-01 4.40476471e+02 4.50093140e+02
    7.13337064e-01 4.41171906e+02 4.61915314e+02 7.80967116e-01
    4.45344421e+02 4.72346649e+02 8.45604479e-01 4.66902527e+02
    4.34793854e+02 6.71260655e-01 4.59948303e+02 4.50093140e+02
    4.86385286e-01 4.62729980e+02 4.62610748e+02 6.51679575e-01
    4.63425415e+02 4.75128326e+02 7.78625011e-01 4.84288055e+02
    4.29925903e+02 6.03141367e-01 4.93328552e+02 4.45920593e+02
    5.53692102e-01 5.00978210e+02 4.59829041e+02 6.24764442e-01
    5.06541565e+02 4.70955811e+02 5.97199082e-01 4.98891937e+02
    4.22971680e+02 7.29977071e-01 5.07932434e+02 4.28535065e+02
    7.76240170e-01 5.13495789e+02 4.33403015e+02 7.97592640e-01
    5.17668335e+02 4.39661804e+02 7.30970144e-01</data></hand_left_0>
</opencv_storage>
