<?xml version="1.0"?>
<opencv_storage>
<hand_left_0 type_id="opencv-nd-matrix">
  <sizes>
    1 21 3</sizes>
  <dt>f</dt>
  <data>
    4.61226349e+02 4.12773926e+02 5.93357921e-01 4.49857056e+02
    4.26149597e+02 6.60156846e-01 4.39156525e+02 4.42200378e+02
    6.12789273e-01 4.25780884e+02 4.49556976e+02 7.09441364e-01
    4.13742798e+02 4.57582367e+02 7.52667010e-01 4.54538544e+02
    4.43537933e+02 5.23661137e-01 4.43838013e+02 4.53569672e+02
    5.47545850e-01 4.42500458e+02 4.65607758e+02 8.02605808e-01
    4.43838013e+02 4.77645844e+02 7.70117998e-01 4.69920532e+02
    4.39525238e+02 6.65255666e-01 4.61226349e+02 4.56913605e+02
    3.70780200e-01 4.61895142e+02 4.70958038e+02 7.41076708e-01
    4.57213654e+02 4.86340027e+02 6.78891122e-01 4.85302521e+02
    4.38187683e+02 6.41189337e-01 4.93996704e+02 4.55576019e+02
    6.51341915e-01 4.98678192e+02 4.68951691e+02 5.52414596e-01
    5.04028442e+02 4.80989777e+02 6.79381609e-01 4.99346954e+02
    4.32168640e+02 7.58609474e-01 5.09378723e+02 4.46881836e+02
    6.54125571e-01 5.14728943e+02 4.50894531e+02 5.72356939e-01
    5.18072876e+02 4.54907257e+02 4.28112924e-01</data></hand_left_0>
</opencv_storage>
