<?xml version="1.0"?>
<opencv_storage>
<hand_left_0 type_id="opencv-nd-matrix">
  <sizes>
    1 21 3</sizes>
  <dt>f</dt>
  <data>
    4.60010559e+02 4.20427704e+02 4.86426055e-01 4.47285553e+02
    4.31738800e+02 6.24611974e-01 4.36681427e+02 4.50826263e+02
    4.69688833e-01 4.28905029e+02 4.58602631e+02 4.78060573e-01
    4.14059235e+02 4.60016510e+02 8.13560426e-01 4.51527222e+02
    4.47291534e+02 5.34281433e-01 4.40216125e+02 4.58602631e+02
    6.50453925e-01 4.40923065e+02 4.71327606e+02 7.72741914e-01
    4.43043915e+02 4.82638702e+02 8.19531977e-01 4.64252197e+02
    4.43049866e+02 6.23581648e-01 4.58596649e+02 4.59309570e+02
    4.82089996e-01 4.63545258e+02 4.74862335e+02 5.51754773e-01
    4.64959137e+02 4.86880371e+02 7.64889479e-01 4.81218842e+02
    4.39515167e+02 6.06734335e-01 4.91822998e+02 4.56481812e+02
    5.76885283e-01 4.99599365e+02 4.69913727e+02 6.20893002e-01
    5.04547974e+02 4.81931763e+02 6.53260231e-01 4.96771606e+02
    4.32445740e+02 6.91087723e-01 5.05961853e+02 4.37394348e+02
    7.88549602e-01 5.14445190e+02 4.43049866e+02 8.21420848e-01
    5.20100708e+02 4.52240143e+02 7.50861824e-01</data></hand_left_0>
</opencv_storage>
