<?xml version="1.0"?>
<opencv_storage>
<hand_right_0 type_id="opencv-nd-matrix">
  <sizes>
    1 21 3</sizes>
  <dt>f</dt>
  <data>
    4.60401947e+02 3.97459503e+02 6.64763033e-01 4.79064758e+02
    4.03680450e+02 7.30738938e-01 4.98971802e+02 4.12389771e+02
    7.88116515e-01 5.08925323e+02 4.25453766e+02 7.68016994e-01
    5.18878845e+02 4.34785187e+02 8.21170509e-01 4.86529907e+02
    4.21721191e+02 7.33585477e-01 4.95239227e+02 4.37273560e+02
    8.29992294e-01 5.00838074e+02 4.51581726e+02 8.33549738e-01
    5.04570648e+02 4.62779419e+02 9.40808058e-01 4.72221741e+02
    4.23587463e+02 8.10136914e-01 4.80308960e+02 4.41628204e+02
    7.02454329e-01 4.85285706e+02 4.53448029e+02 6.67130709e-01
    4.89640381e+02 4.65267822e+02 5.82293510e-01 4.57913574e+02
    4.26697937e+02 6.55548513e-01 4.59779846e+02 4.37895660e+02
    7.49789059e-01 4.62890320e+02 4.53448029e+02 7.48119652e-01
    4.60401947e+02 4.68378296e+02 6.81304157e-01 4.41739105e+02
    4.26697937e+02 6.54454827e-01 4.41117004e+02 4.37895660e+02
    7.41908193e-01 4.41117004e+02 4.48471252e+02 7.69713640e-01
    4.41117004e+02 4.58424774e+02 7.67833233e-01</data></hand_right_0>
</opencv_storage>
