<?xml version="1.0"?>
<opencv_storage>
<hand_right_0 type_id="opencv-nd-matrix">
  <sizes>
    1 21 3</sizes>
  <dt>f</dt>
  <data>
    4.61777069e+02 4.08179535e+02 6.61007166e-01 4.79244354e+02
    4.14001953e+02 7.46966183e-01 4.98652496e+02 4.23706024e+02
    7.94382155e-01 5.08356537e+02 4.36644775e+02 7.63172269e-01
    5.17413696e+02 4.45701904e+02 8.08669150e-01 4.87007599e+02
    4.31469269e+02 7.16053426e-01 4.94770874e+02 4.47642700e+02
    7.98788965e-01 5.01887177e+02 4.61228394e+02 8.08198273e-01
    5.03827972e+02 4.73520203e+02 9.04044867e-01 4.72128052e+02
    4.34057037e+02 7.98736870e-01 4.79244354e+02 4.50877380e+02
    6.30522609e-01 4.85066803e+02 4.65756958e+02 6.15746200e-01
    4.85066803e+02 4.76107941e+02 4.73690271e-01 4.57248505e+02
    4.35350891e+02 7.17292726e-01 4.60483185e+02 4.50230469e+02
    7.01609433e-01 4.62423981e+02 4.64463074e+02 7.32495248e-01
    4.61777069e+02 4.78695709e+02 7.52666652e-01 4.41721985e+02
    4.34703949e+02 6.22902870e-01 4.41721985e+02 4.48936584e+02
    7.81480551e-01 4.41721985e+02 4.59934509e+02 8.13551545e-01
    4.41721985e+02 4.70285522e+02 8.22612405e-01</data></hand_right_0>
</opencv_storage>
