<?xml version="1.0"?>
<opencv_storage>
<hand_left_0 type_id="opencv-nd-matrix">
  <sizes>
    1 21 3</sizes>
  <dt>f</dt>
  <data>
    4.59968323e+02 4.15403534e+02 4.91391093e-01 4.48005249e+02
    4.28070313e+02 6.16830170e-01 4.37449615e+02 4.45663086e+02
    5.06107926e-01 4.26893951e+02 4.51996460e+02 5.47407508e-01
    4.14227173e+02 4.53403900e+02 8.39833260e-01 4.51523804e+02
    4.41440796e+02 5.19153476e-01 4.40264435e+02 4.51996460e+02
    6.22159600e-01 4.41671875e+02 4.63959534e+02 7.50575900e-01
    4.43782990e+02 4.75218903e+02 7.92774081e-01 4.65598022e+02
    4.36514832e+02 6.45379126e-01 4.59968323e+02 4.52700165e+02
    4.68066096e-01 4.62079468e+02 4.66774384e+02 5.83764911e-01
    4.62079468e+02 4.80144867e+02 7.43427634e-01 4.82487061e+02
    4.32292572e+02 6.23190522e-01 4.92339020e+02 4.47774200e+02
    5.34813464e-01 4.99376129e+02 4.61848419e+02 6.11560702e-01
    5.05709503e+02 4.73107788e+02 6.23276830e-01 4.96561279e+02
    4.23848053e+02 7.05820680e-01 5.05709503e+02 4.29477722e+02
    8.37763667e-01 5.12746582e+02 4.35107422e+02 8.44648600e-01
    5.17672607e+02 4.42144531e+02 7.84875810e-01</data></hand_left_0>
</opencv_storage>
