<?xml version="1.0"?>
<opencv_storage>
<hand_left_0 type_id="opencv-nd-matrix">
  <sizes>
    1 21 3</sizes>
  <dt>f</dt>
  <data>
    4.57766174e+02 3.88754089e+02 5.99656224e-01 4.45603027e+02
    4.01632721e+02 6.32338822e-01 4.38448242e+02 4.20235168e+02
    6.33546174e-01 4.39163727e+02 4.36691193e+02 6.48117304e-01
    4.41310150e+02 4.51000763e+02 6.05815113e-01 4.51326874e+02
    4.15942291e+02 5.73799789e-01 4.40594696e+02 4.28105438e+02
    4.39857990e-01 4.41310150e+02 4.41699554e+02 4.73681927e-01
    4.44172089e+02 4.53862671e+02 4.99876678e-01 4.67782898e+02
    4.11649414e+02 6.59333885e-01 4.75653168e+02 4.25243530e+02
    4.32380944e-01 4.61343567e+02 4.41699554e+02 5.39528191e-01
    4.58481659e+02 4.58155548e+02 6.35836720e-01 4.80661530e+02
    4.06641052e+02 6.68835104e-01 4.92109192e+02 4.20950653e+02
    6.12757742e-01 4.97833008e+02 4.31682831e+02 5.64461589e-01
    5.06418762e+02 4.42415009e+02 5.76163113e-01 4.95686584e+02
    3.96624359e+02 6.99859381e-01 5.04272339e+02 4.01632721e+02
    8.11993539e-01 5.10711639e+02 4.06641052e+02 8.18150818e-01
    5.15719971e+02 4.13080383e+02 7.45502114e-01</data></hand_left_0>
</opencv_storage>
