<?xml version="1.0"?>
<opencv_storage>
<hand_right_0 type_id="opencv-nd-matrix">
  <sizes>
    1 21 3</sizes>
  <dt>f</dt>
  <data>
    4.58898193e+02 3.83676483e+02 5.84213018e-01 4.75982849e+02
    3.89371368e+02 7.22313285e-01 4.95203064e+02 3.95066254e+02
    6.43360436e-01 5.05880951e+02 4.03608551e+02 8.41174304e-01
    5.17270691e+02 4.14286469e+02 8.43286216e-01 4.84525146e+02
    4.05744141e+02 6.57474041e-01 4.94491211e+02 4.19269470e+02
    7.53831923e-01 5.03033508e+02 4.32082947e+02 8.28562856e-01
    5.08016541e+02 4.42760864e+02 9.14403021e-01 4.69576111e+02
    4.08591583e+02 7.58943200e-01 4.78118408e+02 4.23540649e+02
    6.61208987e-01 4.88084473e+02 4.37065979e+02 7.77016819e-01
    4.95203064e+02 4.49167603e+02 8.89222860e-01 4.53915192e+02
    4.13574585e+02 7.07772851e-01 4.58186340e+02 4.24252502e+02
    6.78731441e-01 4.63169373e+02 4.37065979e+02 8.46873701e-01
    4.66016815e+02 4.51303162e+02 7.45634854e-01 4.38254272e+02
    4.14286469e+02 7.07228959e-01 4.38966125e+02 4.26388062e+02
    7.83029258e-01 4.41813568e+02 4.37777832e+02 7.97991693e-01
    4.44661011e+02 4.48455719e+02 7.53084242e-01</data></hand_right_0>
</opencv_storage>
