<?xml version="1.0"?>
<opencv_storage>
<pose_0 type_id="opencv-nd-matrix">
  <sizes>
    1 18 3</sizes>
  <dt>f</dt>
  <data>
    4.30436462e+02 1.40911728e+02 8.61468494e-01 4.46101868e+02
    9.78527374e+01 7.86040187e-01 3.52245392e+02 1.01698891e+02
    7.45240390e-01 4.10898560e+02 2.68059326e+02 8.24803591e-01
    4.59797577e+02 4.06971985e+02 8.01947176e-01 5.41926514e+02
    9.98476486e+01 7.25503266e-01 5.10686401e+02 2.77805603e+02
    8.07335377e-01 4.91113037e+02 4.18688599e+02 5.36097109e-01
    3.79540680e+02 3.01286407e+02 4.18152153e-01 3.30671326e+02
    4.51989838e+02 5.33844233e-01 0. 0. 0. 4.77428223e+02 3.05192810e+02
    4.49049592e-01 5.08718933e+02 4.14792358e+02 1.17391579e-01 0. 0. 0.
    4.10823456e+02 1.19404335e+02 7.89552569e-01 4.48061157e+02
    1.17384117e+02 8.41234028e-01 3.79564026e+02 9.97691040e+01
    2.36485094e-01 4.89087524e+02 6.45525970e+01 6.83086455e-01</data></pose_0>
</opencv_storage>
