<?xml version="1.0"?>
<opencv_storage>
<pose_0 type_id="opencv-nd-matrix">
  <sizes>
    1 18 3</sizes>
  <dt>f</dt>
  <data>
    4.87149597e+02 1.78032013e+02 7.65113473e-01 4.69559906e+02
    9.98382874e+01 7.97513127e-01 3.69790802e+02 8.99765396e+01
    6.18461668e-01 4.14733643e+02 2.89621521e+02 7.99707592e-01
    4.59691956e+02 4.12824921e+02 8.97215366e-01 5.65387634e+02
    1.09570480e+02 6.39218628e-01 5.24262817e+02 2.95427246e+02
    8.02573204e-01 4.91035065e+02 4.28425598e+02 6.18028998e-01
    3.79538239e+02 2.77830597e+02 3.82839739e-01 3.22871063e+02
    4.30417450e+02 5.39056838e-01 2.79790375e+02 4.81309509e+02
    6.82535619e-02 4.91049835e+02 3.01274353e+02 4.31315243e-01
    5.41949158e+02 4.46056641e+02 1.78814977e-01 0. 0. 0. 4.73510071e+02
    1.62429810e+02 8.08921695e-01 4.97008972e+02 1.62409882e+02
    5.53217292e-01 4.18731140e+02 1.01725899e+02 2.83345193e-01
    5.32133362e+02 1.03668869e+02 2.34472588e-01</data></pose_0>
</opencv_storage>
