<?xml version="1.0"?>
<opencv_storage>
<pose_0 type_id="opencv-nd-matrix">
  <sizes>
    1 18 3</sizes>
  <dt>f</dt>
  <data>
    4.30422424e+02 1.40882462e+02 8.57835352e-01 4.46054779e+02
    9.39142685e+01 7.98235178e-01 3.52210602e+02 9.78397980e+01
    7.25155532e-01 4.10842346e+02 2.62214905e+02 7.97483146e-01
    4.59814514e+02 3.99141815e+02 8.36382508e-01 5.40003174e+02
    9.58465500e+01 7.00353622e-01 5.10616364e+02 2.72001038e+02
    8.43658030e-01 4.91100494e+02 4.12864746e+02 5.17427862e-01
    3.77624939e+02 2.91537170e+02 4.31009233e-01 3.32597870e+02
    4.46066681e+02 5.15954673e-01 3.01295929e+02 4.91046967e+02
    1.54432029e-01 4.75469086e+02 2.99367493e+02 4.78793293e-01
    5.10688782e+02 4.14742920e+02 1.69046253e-01 0. 0. 0. 4.12751556e+02
    1.19329857e+02 7.50497878e-01 4.48050934e+02 1.17438522e+02
    7.93167412e-01 3.81546600e+02 9.97272568e+01 1.94220468e-01
    4.91057922e+02 5.48183060e+01 6.82003558e-01</data></pose_0>
</opencv_storage>
