<?xml version="1.0"?>
<opencv_storage>
<hand_left_0 type_id="opencv-nd-matrix">
  <sizes>
    1 21 3</sizes>
  <dt>f</dt>
  <data>
    4.61514862e+02 3.89107269e+02 5.80081642e-01 4.48053589e+02
    4.02568542e+02 6.21421456e-01 4.40260223e+02 4.20280731e+02
    6.27024770e-01 4.40260223e+02 4.34450500e+02 6.44197881e-01
    4.45219635e+02 4.50745728e+02 5.27548432e-01 4.53721497e+02
    4.16029816e+02 6.63231909e-01 4.43094177e+02 4.28074097e+02
    3.59743983e-01 4.44511139e+02 4.42952362e+02 4.71286714e-01
    4.45928131e+02 4.52871185e+02 5.60996413e-01 4.69308228e+02
    4.11070404e+02 6.93392694e-01 4.79227051e+02 4.28782593e+02
    4.49470758e-01 4.64348816e+02 4.44369324e+02 4.38753039e-01
    4.63640320e+02 4.55705139e+02 6.71668887e-01 4.84186462e+02
    4.07527954e+02 6.21526122e-01 4.94813782e+02 4.26657135e+02
    6.54168606e-01 4.99773193e+02 4.37992950e+02 5.71523190e-01
    5.05441101e+02 4.47911774e+02 5.89741468e-01 4.97647736e+02
    4.01860046e+02 7.47520089e-01 5.08275055e+02 4.08236450e+02
    7.43012071e-01 5.14651428e+02 4.15321320e+02 8.30674052e-01
    5.18902405e+02 4.21697723e+02 7.42472291e-01</data></hand_left_0>
</opencv_storage>
