<?xml version="1.0"?>
<opencv_storage>
<hand_right_0 type_id="opencv-nd-matrix">
  <sizes>
    1 21 3</sizes>
  <dt>f</dt>
  <data>
    4.62431580e+02 3.87480713e+02 6.04956329e-01 4.78808167e+02
    3.95312988e+02 7.57279038e-01 4.99456909e+02 4.01721222e+02
    6.97997093e-01 5.11561340e+02 4.12401611e+02 8.46446455e-01
    5.23665771e+02 4.20233917e+02 8.39426339e-01 4.88064484e+02
    4.12401611e+02 6.94022417e-01 4.95896790e+02 4.25218079e+02
    7.17219234e-01 5.03017029e+02 4.38746582e+02 8.00344348e-01
    5.07289185e+02 4.48002899e+02 9.25609052e-01 4.72399933e+02
    4.13825684e+02 7.86322951e-01 4.78808167e+02 4.28066193e+02
    6.92508996e-01 4.86640442e+02 4.42306702e+02 7.14963436e-01
    4.95184753e+02 4.55123169e+02 8.37708056e-01 4.56023346e+02
    4.16673767e+02 6.57945931e-01 4.59583466e+02 4.28066193e+02
    6.88091278e-01 4.62431580e+02 4.43018738e+02 8.51605833e-01
    4.66703735e+02 4.56547211e+02 7.33288884e-01 4.41782806e+02
    4.18809845e+02 7.09296584e-01 4.41070801e+02 4.31626312e+02
    8.10899734e-01 4.43206879e+02 4.42306702e+02 7.70111561e-01
    4.48903076e+02 4.53699127e+02 7.68476129e-01</data></hand_right_0>
</opencv_storage>
