<?xml version="1.0"?>
<opencv_storage>
<hand_right_0 type_id="opencv-nd-matrix">
  <sizes>
    1 21 3</sizes>
  <dt>f</dt>
  <data>
    4.56207062e+02 3.84143829e+02 5.98164678e-01 4.74443268e+02
    3.88352203e+02 7.11121380e-01 4.94082275e+02 3.93963348e+02
    6.98530912e-01 5.06707367e+02 4.03782837e+02 8.49283218e-01
    5.18631042e+02 4.10796783e+02 8.19640279e-01 4.83561371e+02
    4.04484222e+02 7.14039028e-01 4.94783661e+02 4.20616272e+02
    8.31118226e-01 5.02498993e+02 4.32539948e+02 8.47448230e-01
    5.07408752e+02 4.43060852e+02 8.78135085e-01 4.68832123e+02
    4.10095367e+02 7.51150548e-01 4.77950226e+02 4.22019073e+02
    6.72733605e-01 4.87769745e+02 4.37449707e+02 7.39172816e-01
    4.96887848e+02 4.48671997e+02 8.83288860e-01 4.54804260e+02
    4.15005127e+02 6.93066716e-01 4.56908447e+02 4.25526031e+02
    7.04715848e-01 4.61116791e+02 4.39553894e+02 8.17341208e-01
    4.64623779e+02 4.53581757e+02 7.51538217e-01 4.38672211e+02
    4.15706512e+02 7.36175060e-01 4.38672211e+02 4.29734375e+02
    8.29953372e-01 4.40075012e+02 4.38852509e+02 7.30215371e-01
    4.43581970e+02 4.49373383e+02 6.61764801e-01</data></hand_right_0>
</opencv_storage>
