<?xml version="1.0"?>
<opencv_storage>
<hand_right_0 type_id="opencv-nd-matrix">
  <sizes>
    1 21 3</sizes>
  <dt>f</dt>
  <data>
    4.59732147e+02 4.04429321e+02 5.49820781e-01 4.78071259e+02
    4.09366760e+02 7.07431316e-01 4.99231781e+02 4.15714905e+02
    7.21477807e-01 5.09812042e+02 4.24179138e+02 6.94018126e-01
    5.18276245e+02 4.31232635e+02 7.82430172e-01 4.85124786e+02
    4.24179138e+02 6.18604660e-01 4.94999664e+02 4.37580780e+02
    7.67787755e-01 5.03463867e+02 4.50277100e+02 8.21225047e-01
    5.08401337e+02 4.60857330e+02 8.71552765e-01 4.69607056e+02
    4.27000519e+02 7.34874964e-01 4.78776611e+02 4.41812897e+02
    6.80330038e-01 4.88651520e+02 4.55214539e+02 7.47543216e-01
    4.97115723e+02 4.67205505e+02 8.93056512e-01 4.54794708e+02
    4.31937988e+02 6.56736851e-01 4.59732147e+02 4.43223572e+02
    6.73734367e-01 4.63964264e+02 4.57330597e+02 7.90296316e-01
    4.67490997e+02 4.70026886e+02 6.63230419e-01 4.40687683e+02
    4.32643341e+02 6.44312561e-01 4.39277008e+02 4.46044983e+02
    7.77755678e-01 4.42098389e+02 4.55919891e+02 7.62576044e-01
    4.44919800e+02 4.66500153e+02 7.76202202e-01</data></hand_right_0>
</opencv_storage>
