<?xml version="1.0"?>
<opencv_storage>
<pose_0 type_id="opencv-nd-matrix">
  <sizes>
    1 18 3</sizes>
  <dt>f</dt>
  <data>
    4.24581146e+02 1.33018188e+02 8.75992060e-01 4.40204559e+02
    9.19375534e+01 7.85099745e-01 3.50148743e+02 9.96938858e+01
    7.55589843e-01 4.05036774e+02 2.58327393e+02 8.11573148e-01
    4.59777832e+02 3.97130035e+02 8.39738011e-01 5.37960510e+02
    8.99964600e+01 7.07354128e-01 5.08753693e+02 2.69991608e+02
    8.50714862e-01 4.93001801e+02 4.12844482e+02 5.80404282e-01
    3.77614166e+02 2.91549896e+02 4.35996801e-01 3.32617615e+02
    4.42160522e+02 5.06842852e-01 3.05203156e+02 4.91061920e+02
    1.17130771e-01 4.75430481e+02 2.99361115e+02 4.72482979e-01
    5.14546021e+02 4.05007446e+02 1.16363563e-01 0. 0. 0. 4.01110016e+02
    1.15374809e+02 7.85587907e-01 4.44055389e+02 1.11471725e+02
    7.90056705e-01 3.77554993e+02 8.80236740e+01 1.85321644e-01
    4.85199371e+02 5.47611046e+01 6.55647159e-01</data></pose_0>
</opencv_storage>
