<?xml version="1.0"?>
<opencv_storage>
<hand_right_0 type_id="opencv-nd-matrix">
  <sizes>
    1 21 3</sizes>
  <dt>f</dt>
  <data>
    4.59151031e+02 3.90552155e+02 5.43295503e-01 4.76687195e+02
    3.96865173e+02 7.10070133e-01 4.96327698e+02 4.03178192e+02
    6.51029348e-01 5.09655182e+02 4.12296997e+02 8.36111605e-01
    5.21579773e+02 4.20714355e+02 8.60563695e-01 4.86507446e+02
    4.12998444e+02 6.38548374e-01 4.95626251e+02 4.27027374e+02
    7.12227225e-01 5.04043610e+02 4.41056305e+02 8.34043622e-01
    5.06147949e+02 4.51578003e+02 8.63969684e-01 4.71075623e+02
    4.16505676e+02 7.36555576e-01 4.78090088e+02 4.30534607e+02
    6.48270607e-01 4.86507446e+02 4.45264984e+02 6.51403010e-01
    4.94924805e+02 4.57189575e+02 7.79792666e-01 4.54942352e+02
    4.19311462e+02 6.63083017e-01 4.58449585e+02 4.30534607e+02
    6.70804918e-01 4.61956818e+02 4.46667877e+02 8.35320532e-01
    4.66165497e+02 4.60696808e+02 7.63438702e-01 4.39510529e+02
    4.19311462e+02 6.68829679e-01 4.39510529e+02 4.34743286e+02
    8.20922375e-01 4.42316315e+02 4.46667877e+02 7.63166428e-01
    4.45823547e+02 4.57891022e+02 7.88628459e-01</data></hand_right_0>
</opencv_storage>
