<?xml version="1.0"?>
<opencv_storage>
<hand_right_0 type_id="opencv-nd-matrix">
  <sizes>
    1 21 3</sizes>
  <dt>f</dt>
  <data>
    4.56581635e+02 3.95932526e+02 5.40903330e-01 4.74775482e+02
    4.00830872e+02 6.53824925e-01 4.93669128e+02 4.06428986e+02
    6.89473450e-01 5.06264862e+02 4.14126404e+02 7.69572377e-01
    5.18860596e+02 4.21823792e+02 8.14145803e-01 4.84572174e+02
    4.16925446e+02 6.88720107e-01 4.95068634e+02 4.31620514e+02
    6.95729792e-01 5.02766052e+02 4.44916016e+02 8.51680756e-01
    5.07664398e+02 4.54712708e+02 8.55625391e-01 4.69877136e+02
    4.21823792e+02 7.32316434e-01 4.79673828e+02 4.36518860e+02
    6.69654012e-01 4.87371246e+02 4.50514130e+02 7.29136825e-01
    4.97167938e+02 4.61710358e+02 8.76295507e-01 4.53782562e+02
    4.24622864e+02 6.53001428e-01 4.57981140e+02 4.37918365e+02
    6.56690359e-01 4.62179749e+02 4.51913666e+02 7.94059932e-01
    4.65678558e+02 4.63809662e+02 7.37325966e-01 4.38387756e+02
    4.25322632e+02 6.06561303e-01 4.37687988e+02 4.39317902e+02
    7.89522052e-01 4.39787292e+02 4.50514130e+02 7.41549730e-01
    4.42586334e+02 4.61710358e+02 8.25794518e-01</data></hand_right_0>
</opencv_storage>
