<?xml version="1.0"?>
<opencv_storage>
<hand_left_0 type_id="opencv-nd-matrix">
  <sizes>
    1 21 3</sizes>
  <dt>f</dt>
  <data>
    4.65772858e+02 4.36576172e+02 4.57825243e-01 4.52665131e+02
    4.46109070e+02 5.32523811e-01 4.46707092e+02 4.59216766e+02
    5.20100594e-01 4.41344849e+02 4.72920288e+02 6.52089536e-01
    4.18704254e+02 4.76495117e+02 4.88275707e-01 4.57431580e+02
    4.59216766e+02 3.42845201e-01 4.58623199e+02 4.79474152e+02
    5.75758100e-01 4.61006409e+02 4.90198639e+02 6.50558293e-01
    4.61602234e+02 4.93177673e+02 4.46405202e-01 4.73518311e+02
    4.56237732e+02 5.20049691e-01 4.77093170e+02 4.77686737e+02
    5.44643223e-01 4.77688965e+02 4.83644775e+02 3.18300933e-01
    4.90200867e+02 4.95560883e+02 5.30736148e-01 4.90200867e+02
    4.54450317e+02 5.76257586e-01 5.02712769e+02 4.66962250e+02
    5.39355874e-01 5.09862427e+02 4.78282532e+02 5.09651303e-01
    5.05096008e+02 4.91986053e+02 5.51155686e-01 5.03904388e+02
    4.50279694e+02 7.36505628e-01 5.14033081e+02 4.58620972e+02
    6.53444707e-01 5.19991150e+02 4.64579010e+02 7.22531676e-01
    5.27736572e+02 4.71728668e+02 7.53928185e-01</data></hand_left_0>
</opencv_storage>
