<?xml version="1.0"?>
<opencv_storage>
<pose_0 type_id="opencv-nd-matrix">
  <sizes>
    1 18 3</sizes>
  <dt>f</dt>
  <data>
    4.87154663e+02 1.33002396e+02 7.54966974e-01 4.67610931e+02
    8.41127625e+01 7.75048494e-01 3.67786560e+02 8.40720520e+01
    6.89098895e-01 4.12749451e+02 2.69995819e+02 7.59936929e-01
    4.59679688e+02 3.97094604e+02 8.72154713e-01 5.73231873e+02
    9.77883682e+01 6.66719913e-01 5.30216370e+02 2.77873840e+02
    7.06669211e-01 4.93112946e+02 4.06963226e+02 5.63000083e-01
    3.79551208e+02 2.91525665e+02 4.19400811e-01 3.22847137e+02
    4.36279083e+02 3.93426865e-01 2.71961517e+02 4.89092773e+02
    9.69936028e-02 4.93017059e+02 3.11076263e+02 3.94115537e-01
    5.43919922e+02 4.42168335e+02 6.95941448e-02 0. 0. 0. 4.75467041e+02
    1.15324417e+02 6.91814184e-01 5.06743439e+02 1.13501945e+02
    6.58547938e-01 4.16706268e+02 5.28098907e+01 6.85562253e-01
    5.24370422e+02 3.71869698e+01 2.22604588e-01</data></pose_0>
</opencv_storage>
