<?xml version="1.0"?>
<opencv_storage>
<hand_right_0 type_id="opencv-nd-matrix">
  <sizes>
    1 21 3</sizes>
  <dt>f</dt>
  <data>
    4.58557678e+02 3.84503143e+02 6.43794417e-01 4.75929871e+02
    3.90087067e+02 7.05235302e-01 4.93302063e+02 3.96291412e+02
    6.94785357e-01 5.03849457e+02 4.06218384e+02 7.81182647e-01
    5.16878601e+02 4.14284027e+02 8.57470393e-01 4.83375092e+02
    4.03116211e+02 6.44255698e-01 4.93922516e+02 4.19247528e+02
    8.28288853e-01 5.00747284e+02 4.33517548e+02 7.80174732e-01
    5.03229034e+02 4.44064941e+02 9.09950078e-01 4.69105072e+02
    4.06218384e+02 7.09815323e-01 4.78411621e+02 4.22970123e+02
    7.02574313e-01 4.86477264e+02 4.35378845e+02 6.37214601e-01
    4.91440765e+02 4.47787567e+02 7.00389981e-01 4.56696381e+02
    4.09320557e+02 6.25759363e-01 4.57937256e+02 4.21108826e+02
    5.57331026e-01 4.63521149e+02 4.37240143e+02 6.36435330e-01
    4.62900726e+02 4.49028442e+02 5.96045017e-01 4.43046783e+02
    4.11802307e+02 6.97738588e-01 4.41805908e+02 4.21108826e+02
    6.73859119e-01 4.40565063e+02 4.29794922e+02 7.13061392e-01
    4.41185486e+02 4.39721893e+02 7.73681581e-01</data></hand_right_0>
</opencv_storage>
