<?xml version="1.0"?>
<opencv_storage>
<hand_right_0 type_id="opencv-nd-matrix">
  <sizes>
    1 21 3</sizes>
  <dt>f</dt>
  <data>
    4.56849121e+02 3.81872253e+02 6.40162706e-01 4.73728241e+02
    3.86795319e+02 7.42167473e-01 4.94123810e+02 3.93124969e+02
    6.82633579e-01 5.05376556e+02 4.02971130e+02 8.56769562e-01
    5.16629272e+02 4.12817261e+02 8.51633012e-01 4.82871094e+02
    4.02971130e+02 7.34761000e-01 4.94123810e+02 4.19146912e+02
    7.63750434e-01 5.01156769e+02 4.31806244e+02 8.57501090e-01
    5.06079834e+02 4.42355682e+02 9.73928571e-01 4.68101868e+02
    4.08597473e+02 7.67563879e-01 4.77244720e+02 4.21256805e+02
    6.17313683e-01 4.85684265e+02 4.36729309e+02 7.07880735e-01
    4.94123810e+02 4.48685333e+02 8.69775772e-01 4.54035950e+02
    4.13520569e+02 6.88261271e-01 4.56145844e+02 4.23366699e+02
    6.61211133e-01 4.61772217e+02 4.38135925e+02 8.58250678e-01
    4.65288696e+02 4.50795227e+02 6.59245729e-01 4.38563446e+02
    4.14927155e+02 7.42107511e-01 4.38563446e+02 4.28289764e+02
    8.01326513e-01 4.39970032e+02 4.38135925e+02 7.30797052e-01
    4.43486511e+02 4.48685333e+02 6.74415410e-01</data></hand_right_0>
</opencv_storage>
