<?xml version="1.0"?>
<opencv_storage>
<hand_left_0 type_id="opencv-nd-matrix">
  <sizes>
    1 21 3</sizes>
  <dt>f</dt>
  <data>
    4.61027740e+02 3.95811676e+02 5.01295388e-01 4.49258179e+02
    4.08888977e+02 6.30529940e-01 4.39450195e+02 4.25889496e+02
    5.45862854e-01 4.27026764e+02 4.36351318e+02 7.74518013e-01
    4.13949463e+02 4.46159302e+02 8.55512857e-01 4.53181366e+02
    4.25235626e+02 5.72297692e-01 4.43373383e+02 4.35043579e+02
    6.24968410e-01 4.42719513e+02 4.49428619e+02 8.27151597e-01
    4.44027252e+02 4.61852051e+02 7.68143892e-01 4.69527985e+02
    4.22620148e+02 7.09933519e-01 4.62989349e+02 4.40274506e+02
    4.19826806e-01 4.64297058e+02 4.54005676e+02 6.82359159e-01
    4.59720001e+02 4.69044586e+02 7.27277756e-01 4.85220764e+02
    4.20004700e+02 7.48619378e-01 4.94374847e+02 4.37005188e+02
    6.47148073e-01 5.00913513e+02 4.50736359e+02 5.56791306e-01
    5.06144440e+02 4.61852051e+02 7.12204397e-01 5.00913513e+02
    4.14119904e+02 7.74641395e-01 5.08759888e+02 4.25235626e+02
    6.79389596e-01 5.15298523e+02 4.30466522e+02 6.90243185e-01
    5.19221741e+02 4.35043579e+02 5.58741689e-01</data></hand_left_0>
</opencv_storage>
