<?xml version="1.0"?>
<opencv_storage>
<pose_0 type_id="opencv-nd-matrix">
  <sizes>
    1 18 3</sizes>
  <dt>f</dt>
  <data>
    4.65638275e+02 1.15413033e+02 7.98627973e-01 4.61781494e+02
    7.23669434e+01 7.42344022e-01 3.63886658e+02 7.04173279e+01
    6.94765806e-01 4.12827850e+02 2.58354645e+02 7.68075526e-01
    4.59661438e+02 3.85475983e+02 8.17540407e-01 5.69282410e+02
    8.41600189e+01 6.74214900e-01 5.24440735e+02 2.73886536e+02
    7.71956861e-01 4.95011047e+02 3.93264252e+02 6.04346156e-01
    3.81457764e+02 2.91545441e+02 4.27280813e-01 3.26727142e+02
    4.30447052e+02 4.45428282e-01 2.87629578e+02 4.79347321e+02
    1.01153970e-01 4.91078430e+02 3.05199799e+02 4.35057580e-01
    5.24350098e+02 3.95240814e+02 7.19212145e-02 0. 0. 0. 4.48038269e+02
    9.19545670e+01 6.72692418e-01 4.83286346e+02 9.00031815e+01
    6.81396544e-01 3.99120270e+02 2.73964615e+01 4.81573552e-01
    5.20466125e+02 2.15108528e+01 5.27025342e-01</data></pose_0>
</opencv_storage>
