<?xml version="1.0"?>
<opencv_storage>
<hand_right_0 type_id="opencv-nd-matrix">
  <sizes>
    1 21 3</sizes>
  <dt>f</dt>
  <data>
    4.59118835e+02 3.93915710e+02 5.23450851e-01 4.76657898e+02
    4.00229767e+02 7.00423002e-01 4.94196991e+02 4.07245422e+02
    6.51307464e-01 5.05421997e+02 4.15664154e+02 7.60198593e-01
    5.16647034e+02 4.26187622e+02 8.44751179e-01 4.82971985e+02
    4.14962616e+02 6.65279329e-01 4.93495422e+02 4.28993866e+02
    7.53410637e-01 5.01212616e+02 4.43025146e+02 8.47829700e-01
    5.05421997e+02 4.53548584e+02 9.34221745e-01 4.68940704e+02
    4.18470428e+02 7.04613984e-01 4.77359467e+02 4.33203247e+02
    7.87006915e-01 4.86479797e+02 4.47936066e+02 7.26508379e-01
    4.93495422e+02 4.59161102e+02 8.88590336e-01 4.54207886e+02
    4.21276672e+02 7.16487527e-01 4.58417267e+02 4.36009491e+02
    5.99238992e-01 4.61223511e+02 4.50742340e+02 7.58138597e-01
    4.64731323e+02 4.63370453e+02 5.80173433e-01 4.39475037e+02
    4.24082916e+02 6.81265533e-01 4.38773499e+02 4.37412628e+02
    8.04235041e-01 4.41579742e+02 4.48637634e+02 7.15928972e-01
    4.47192261e+02 4.59862640e+02 6.71658218e-01</data></hand_right_0>
</opencv_storage>
