<?xml version="1.0"?>
<opencv_storage>
<hand_right_0 type_id="opencv-nd-matrix">
  <sizes>
    1 21 3</sizes>
  <dt>f</dt>
  <data>
    4.62236969e+02 3.86149719e+02 6.29670024e-01 4.79907928e+02
    3.93218109e+02 7.63207316e-01 4.98992523e+02 4.00286469e+02
    7.01551616e-01 5.09595093e+02 4.08768524e+02 8.12623620e-01
    5.21611328e+02 4.18664246e+02 8.03779483e-01 4.85562622e+02
    4.08061707e+02 7.04602838e-01 4.95458344e+02 4.22198456e+02
    7.49906838e-01 5.03233551e+02 4.36335205e+02 8.57163548e-01
    5.07474579e+02 4.47644592e+02 8.76379848e-01 4.70012177e+02
    4.10889038e+02 7.64013708e-01 4.78494232e+02 4.25025787e+02
    7.16268837e-01 4.86269440e+02 4.38455719e+02 7.13775635e-01
    4.94044678e+02 4.51885620e+02 7.70152211e-01 4.55875427e+02
    4.14423248e+02 7.01030791e-01 4.57995941e+02 4.25732635e+02
    6.54698730e-01 4.61530151e+02 4.41283051e+02 8.25206637e-01
    4.63650665e+02 4.54006134e+02 8.36573303e-01 4.40325012e+02
    4.15836914e+02 7.18724847e-01 4.41031860e+02 4.29973663e+02
    8.45136344e-01 4.41738678e+02 4.41283051e+02 7.84687042e-01
    4.45979706e+02 4.53299316e+02 7.90732980e-01</data></hand_right_0>
</opencv_storage>
