<?xml version="1.0"?>
<opencv_storage>
<hand_right_0 type_id="opencv-nd-matrix">
  <sizes>
    1 21 3</sizes>
  <dt>f</dt>
  <data>
    4.56382416e+02 3.86368988e+02 5.51218271e-01 4.74131226e+02
    3.92048615e+02 6.90844595e-01 4.92590027e+02 3.97018280e+02
    6.83484435e-01 5.06079132e+02 4.05537720e+02 8.28140795e-01
    5.18148315e+02 4.13347198e+02 7.60609984e-01 4.82650665e+02
    4.06957642e+02 6.42766356e-01 4.93299957e+02 4.21866638e+02
    7.91894555e-01 5.01819397e+02 4.33935852e+02 8.38879824e-01
    5.06789063e+02 4.44585144e+02 8.59443665e-01 4.69161560e+02
    4.11217346e+02 7.37278819e-01 4.75551147e+02 4.23286560e+02
    7.09062099e-01 4.86200439e+02 4.38195557e+02 7.92317688e-01
    4.96139771e+02 4.50264771e+02 8.61224413e-01 4.52832642e+02
    4.15477081e+02 6.51952922e-01 4.55672455e+02 4.26836304e+02
    7.26292014e-01 4.59222229e+02 4.41035370e+02 7.88515568e-01
    4.63481934e+02 4.55234436e+02 7.29159713e-01 4.37923645e+02
    4.16896973e+02 6.95194840e-01 4.37213684e+02 4.28966187e+02
    7.85979331e-01 4.39343536e+02 4.39615479e+02 7.68592238e-01
    4.42183350e+02 4.50974701e+02 6.86077774e-01</data></hand_right_0>
</opencv_storage>
