<?xml version="1.0"?>
<opencv_storage>
<hand_right_0 type_id="opencv-nd-matrix">
  <sizes>
    1 21 3</sizes>
  <dt>f</dt>
  <data>
    4.60306335e+02 3.92351929e+02 6.31405890e-01 4.79172058e+02
    3.99269379e+02 7.28473246e-01 4.98666656e+02 4.07444519e+02
    7.37827361e-01 5.08099518e+02 4.18763947e+02 8.16583693e-01
    5.19418945e+02 4.28825684e+02 8.70596111e-01 4.86718353e+02
    4.16877380e+02 7.22207785e-01 4.95522369e+02 4.32598816e+02
    8.31439555e-01 5.00553223e+02 4.45804840e+02 8.24090183e-01
    5.04955231e+02 4.58381989e+02 9.23949957e-01 4.72883484e+02
    4.18763947e+02 8.03370178e-01 4.80429779e+02 4.36371979e+02
    7.91841090e-01 4.85460632e+02 4.49577972e+02 6.61139011e-01
    4.89862640e+02 4.59010864e+02 5.60436726e-01 4.59677490e+02
    4.21908234e+02 7.10209131e-01 4.60306335e+02 4.34485413e+02
    6.92043662e-01 4.62821777e+02 4.49577972e+02 7.48753726e-01
    4.59048615e+02 4.64041718e+02 7.38640964e-01 4.43956024e+02
    4.21908234e+02 6.81294680e-01 4.42069458e+02 4.33856537e+02
    7.70907104e-01 4.40811737e+02 4.43918274e+02 7.69453764e-01
    4.40811737e+02 4.53979980e+02 7.74650693e-01</data></hand_right_0>
</opencv_storage>
