<?xml version="1.0"?>
<opencv_storage>
<hand_right_0 type_id="opencv-nd-matrix">
  <sizes>
    1 21 3</sizes>
  <dt>f</dt>
  <data>
    4.60533905e+02 4.21264313e+02 6.19768560e-01 4.77493439e+02
    4.28330780e+02 7.45676100e-01 4.98692841e+02 4.37517212e+02
    6.93695426e-01 5.07879272e+02 4.45290314e+02 7.80712783e-01
    5.18478943e+02 4.55890015e+02 8.22432518e-01 4.83146606e+02
    4.43877014e+02 6.36235654e-01 4.93039673e+02 4.60129913e+02
    7.90709674e-01 4.99399506e+02 4.74262848e+02 8.35417509e-01
    5.04346039e+02 4.85569214e+02 8.84939313e-01 4.68307037e+02
    4.45290314e+02 7.16878891e-01 4.76786804e+02 4.60836548e+02
    6.60373211e-01 4.83853271e+02 4.76382782e+02 7.63443470e-01
    4.89506439e+02 4.89809082e+02 9.17942762e-01 4.54174103e+02
    4.50236847e+02 6.84115529e-01 4.57000671e+02 4.62249847e+02
    6.69425666e-01 4.60533905e+02 4.77796082e+02 8.29522848e-01
    4.64773804e+02 4.90515747e+02 7.84456968e-01 4.37921204e+02
    4.50943512e+02 7.04205155e-01 4.37921204e+02 4.66489746e+02
    8.45297515e-01 4.40041138e+02 4.77796082e+02 7.50847101e-01
    4.43574371e+02 4.86275848e+02 7.23316789e-01</data></hand_right_0>
</opencv_storage>
