<?xml version="1.0"?>
<opencv_storage>
<hand_right_0 type_id="opencv-nd-matrix">
  <sizes>
    2 21 3</sizes>
  <dt>f</dt>
  <data>
    4.61003601e+02 4.04061554e+02 5.38494766e-01 4.79665619e+02
    4.12674805e+02 6.91042185e-01 5.00480957e+02 4.19852509e+02
    6.99921250e-01 5.11247498e+02 4.29901276e+02 7.05492079e-01
    5.19143005e+02 4.36361206e+02 7.48830497e-01 4.86843323e+02
    4.27747986e+02 6.39213443e-01 4.94738800e+02 4.42103363e+02
    7.19356596e-01 5.02634277e+02 4.56458771e+02 7.60512054e-01
    5.06223114e+02 4.67225342e+02 8.28155756e-01 4.71052368e+02
    4.29183502e+02 7.39252508e-01 4.77512299e+02 4.44256683e+02
    7.10014164e-01 4.85407776e+02 4.59329865e+02 7.12336063e-01
    4.94021027e+02 4.72967499e+02 8.56428146e-01 4.55261444e+02
    4.31336823e+02 6.30414546e-01 4.58850281e+02 4.44256683e+02
    7.26707220e-01 4.62439148e+02 4.59329865e+02 8.24177086e-01
    4.66027985e+02 4.72249725e+02 7.90002525e-01 4.41623810e+02
    4.32054596e+02 6.39596343e-01 4.38752716e+02 4.47127777e+02
    8.48489821e-01 4.40906036e+02 4.59329865e+02 7.42448092e-01
    4.43777130e+02 4.70096405e+02 8.13234448e-01 0. 0. 0. 0. 0. 0. 0. 0.
    0. 0. 0. 0. 0. 0. 0. 0. 0. 0. 0. 0. 0. 0. 0. 0. 0. 0. 0. 0. 0. 0. 0.
    0. 0. 0. 0. 0. 0. 0. 0. 0. 0. 0. 0. 0. 0. 0. 0. 0. 0. 0. 0. 0. 0. 0.
    0. 0. 0. 0. 0. 0. 0. 0. 0.</data></hand_right_0>
</opencv_storage>
