<?xml version="1.0"?>
<opencv_storage>
<hand_left_0 type_id="opencv-nd-matrix">
  <sizes>
    1 21 3</sizes>
  <dt>f</dt>
  <data>
    4.56916199e+02 3.89047913e+02 5.28689265e-01 4.44409912e+02
    4.01554199e+02 6.52440548e-01 4.34536560e+02 4.16035156e+02
    5.27344882e-01 4.22030273e+02 4.27883209e+02 5.87745905e-01
    4.14131561e+02 4.34465454e+02 7.17047811e-01 4.45068146e+02
    4.16035156e+02 4.34806108e-01 4.39144135e+02 4.25250305e+02
    6.23319685e-01 4.39802338e+02 4.39073029e+02 8.12836349e-01
    4.39802338e+02 4.48946411e+02 7.44709194e-01 4.61523773e+02
    4.13402252e+02 6.96239352e-01 4.56916199e+02 4.29857880e+02
    3.71399701e-01 4.60207336e+02 4.44997070e+02 6.86741769e-01
    4.56916199e+02 4.59477997e+02 6.52525008e-01 4.77321198e+02
    4.09452881e+02 6.82088017e-01 4.87194580e+02 4.28541412e+02
    6.68552756e-01 4.93118591e+02 4.39731262e+02 6.17036641e-01
    4.97726166e+02 4.50262848e+02 7.27022409e-01 4.93118591e+02
    4.03528870e+02 7.54181325e-01 5.02333740e+02 4.17351593e+02
    6.70160711e-01 5.06941315e+02 4.20642731e+02 6.92657888e-01
    5.08915985e+02 4.21959167e+02 5.39616168e-01</data></hand_left_0>
</opencv_storage>
