<?xml version="1.0"?>
<opencv_storage>
<hand_right_0 type_id="opencv-nd-matrix">
  <sizes>
    1 21 3</sizes>
  <dt>f</dt>
  <data>
    4.58431183e+02 3.82955841e+02 5.92301369e-01 4.74665955e+02
    3.89199982e+02 6.86561167e-01 4.92149567e+02 3.94195313e+02
    6.35164499e-01 5.03389038e+02 4.04185944e+02 7.98374593e-01
    5.15252930e+02 4.13552155e+02 8.47909749e-01 4.83407776e+02
    4.03561523e+02 6.84316456e-01 4.94022797e+02 4.19171906e+02
    7.21341491e-01 4.99642548e+02 4.32909027e+02 7.43878484e-01
    5.03389038e+02 4.44772888e+02 9.12968814e-01 4.69046234e+02
    4.05434784e+02 7.33739138e-01 4.76539215e+02 4.21045135e+02
    5.71664691e-01 4.83407776e+02 4.39153168e+02 6.01844132e-01
    4.79036865e+02 4.49768219e+02 6.18249178e-01 4.55933533e+02
    4.09181274e+02 5.89896739e-01 4.57806763e+02 4.18547485e+02
    6.76757276e-01 4.62802094e+02 4.34157837e+02 7.06325650e-01
    4.62802094e+02 4.49143799e+02 6.56431556e-01 4.43445221e+02
    4.09805664e+02 6.34494305e-01 4.42820801e+02 4.19171906e+02
    7.59224296e-01 4.42820801e+02 4.29162537e+02 7.42139995e-01
    4.43445221e+02 4.39777588e+02 8.38476419e-01</data></hand_right_0>
</opencv_storage>
