<?xml version="1.0"?>
<opencv_storage>
<hand_right_0 type_id="opencv-nd-matrix">
  <sizes>
    1 21 3</sizes>
  <dt>f</dt>
  <data>
    4.54897766e+02 4.19444855e+02 5.85025787e-01 4.73243713e+02
    4.24384155e+02 6.58519208e-01 4.93000885e+02 4.30029083e+02
    6.92156076e-01 5.04996307e+02 4.38496429e+02 7.89957941e-01
    5.15580505e+02 4.45552551e+02 7.77660906e-01 4.83122314e+02
    4.39907654e+02 6.78813696e-01 4.93706512e+02 4.54019928e+02
    8.17485094e-01 5.01468262e+02 4.68132202e+02 8.03629160e-01
    5.05701935e+02 4.78716400e+02 8.42777312e-01 4.68304413e+02
    4.43435730e+02 6.92040265e-01 4.76771790e+02 4.57548004e+02
    7.04596579e-01 4.87355988e+02 4.71660248e+02 7.55095243e-01
    4.94412109e+02 4.84361298e+02 8.54164302e-01 4.53486542e+02
    4.47669403e+02 6.82013869e-01 4.57014618e+02 4.58959229e+02
    6.90421999e-01 4.61248291e+02 4.75188324e+02 8.21744204e-01
    4.65481964e+02 4.86478149e+02 7.92629123e-01 4.37963043e+02
    4.49786255e+02 6.70407891e-01 4.37257416e+02 4.63192902e+02
    8.34304333e-01 4.38668640e+02 4.74482727e+02 7.33737588e-01
    4.42196716e+02 4.82950073e+02 7.31678009e-01</data></hand_right_0>
</opencv_storage>
