<?xml version="1.0"?>
<opencv_storage>
<pose_0 type_id="opencv-nd-matrix">
  <sizes>
    1 18 3</sizes>
  <dt>f</dt>
  <data>
    5.08682922e+02 1.33002350e+02 8.26909304e-01 4.71497498e+02
    8.41311340e+01 7.57751763e-01 3.67894714e+02 8.40581818e+01
    6.72768831e-01 4.10903534e+02 2.71933655e+02 7.62952983e-01
    4.59685516e+02 3.97206635e+02 8.91957521e-01 5.73233887e+02
    9.39193954e+01 6.31324410e-01 5.30223145e+02 2.87594086e+02
    7.32071459e-01 4.96938202e+02 4.05024139e+02 6.35422647e-01
    3.79520569e+02 2.91525238e+02 4.19944108e-01 3.26732971e+02
    4.30424622e+02 4.44146454e-01 2.79772736e+02 4.79380066e+02
    1.29693493e-01 4.89123993e+02 3.09134491e+02 4.22724426e-01
    5.51715759e+02 4.38248505e+02 1.10189475e-01 0. 0. 0. 4.95021912e+02
    1.15408653e+02 7.62985170e-01 5.24320923e+02 1.13491905e+02
    6.27019763e-01 4.34373535e+02 5.87063026e+01 4.99191940e-01 0. 0. 0.</data></pose_0>
</opencv_storage>
