<?xml version="1.0"?>
<opencv_storage>
<pose_0 type_id="opencv-nd-matrix">
  <sizes>
    1 18 3</sizes>
  <dt>f</dt>
  <data>
    4.98914673e+02 1.46681931e+02 7.99243808e-01 4.63728577e+02
    9.00511246e+01 7.36451626e-01 3.65909302e+02 8.81077118e+01
    6.39840126e-01 4.10800842e+02 2.73935089e+02 7.55623996e-01
    4.57822998e+02 4.01076080e+02 8.51902485e-01 5.69375671e+02
    9.98125076e+01 6.89198136e-01 5.28268616e+02 2.87664551e+02
    7.71480978e-01 4.96933533e+02 4.03037292e+02 6.48415148e-01
    3.73708069e+02 2.97376099e+02 4.02459383e-01 3.24808380e+02
    4.32423065e+02 4.43026751e-01 2.77824432e+02 4.89117371e+02
    7.63308853e-02 4.89078125e+02 3.07203674e+02 4.15619045e-01
    5.45876282e+02 4.36297974e+02 9.34751630e-02 0. 0. 0. 4.90996063e+02
    1.29072311e+02 7.52353072e-01 5.12629456e+02 1.27201782e+02
    5.01085699e-01 4.32429077e+02 7.24394760e+01 3.79302949e-01
    5.38158691e+02 7.24510193e+01 5.89806736e-02</data></pose_0>
</opencv_storage>
