<?xml version="1.0"?>
<opencv_storage>
<pose_0 type_id="opencv-nd-matrix">
  <sizes>
    1 18 3</sizes>
  <dt>f</dt>
  <data>
    5.06702942e+02 1.25211334e+02 7.61834383e-01 4.65635986e+02
    8.01860733e+01 7.24838853e-01 3.67865662e+02 8.21316147e+01
    6.60566926e-01 4.12717529e+02 2.60283813e+02 7.52111733e-01
    4.59686066e+02 3.93278412e+02 8.62213850e-01 5.71367493e+02
    8.81078262e+01 6.43609941e-01 5.36023193e+02 2.73970703e+02
    7.66251922e-01 4.95049713e+02 3.99129822e+02 6.15794897e-01
    3.77594391e+02 2.97391144e+02 4.06650066e-01 3.26736389e+02
    4.30475189e+02 4.38513428e-01 2.75888580e+02 4.85199951e+02
    1.05453953e-01 4.91065552e+02 3.09127045e+02 4.15837526e-01
    5.43894958e+02 4.28471527e+02 6.05941564e-02 0. 0. 0. 4.92990936e+02
    1.03706085e+02 7.18280673e-01 5.22365479e+02 1.01804947e+02
    6.26191556e-01 4.40221680e+02 6.06567078e+01 3.87407869e-01 0. 0. 0.</data></pose_0>
</opencv_storage>
