<?xml version="1.0"?>
<opencv_storage>
<hand_left_0 type_id="opencv-nd-matrix">
  <sizes>
    1 21 3</sizes>
  <dt>f</dt>
  <data>
    4.61368439e+02 3.92624634e+02 5.36517799e-01 4.49730194e+02
    4.04909454e+02 6.24467671e-01 4.40031647e+02 4.22366852e+02
    5.86027563e-01 4.27100250e+02 4.34005096e+02 8.49726677e-01
    4.15462006e+02 4.43703644e+02 8.78989279e-01 4.54256195e+02
    4.23013428e+02 5.06953776e-01 4.42617920e+02 4.33358521e+02
    5.14872670e-01 4.42617920e+02 4.45643372e+02 7.39831865e-01
    4.45204193e+02 4.59221313e+02 7.07700312e-01 4.69127289e+02
    4.19134003e+02 7.06763148e-01 4.77532684e+02 4.35298248e+02
    4.51576144e-01 4.63308167e+02 4.49522766e+02 7.23211348e-01
    4.58782166e+02 4.65687012e+02 6.70837343e-01 4.84644958e+02
    4.15901154e+02 6.42913997e-01 4.94343506e+02 4.34005096e+02
    6.97788715e-01 4.99516083e+02 4.46936493e+02 5.86330831e-01
    5.05981781e+02 4.59221313e+02 6.59554839e-01 4.99516083e+02
    4.10082031e+02 7.52089381e-01 5.09214630e+02 4.23013428e+02
    6.95331216e-01 5.14387146e+02 4.27539398e+02 6.95072651e-01
    5.18266602e+02 4.30772247e+02 5.99612832e-01</data></hand_left_0>
</opencv_storage>
