<?xml version="1.0"?>
<opencv_storage>
<hand_left_0 type_id="opencv-nd-matrix">
  <sizes>
    1 21 3</sizes>
  <dt>f</dt>
  <data>
    4.58723785e+02 3.94466400e+02 4.85476017e-01 4.47024658e+02
    4.08230133e+02 5.98351777e-01 4.36701874e+02 4.23370178e+02
    4.71784174e-01 4.28443634e+02 4.36445709e+02 5.27023494e-01
    4.13991760e+02 4.41263000e+02 7.90416002e-01 4.47024658e+02
    4.21993835e+02 5.57817459e-01 4.40142792e+02 4.39198456e+02
    7.03422964e-01 4.40830963e+02 4.51585785e+02 7.14518309e-01
    4.44960083e+02 4.60532196e+02 7.48246610e-01 4.63541077e+02
    4.19929260e+02 6.15758896e-01 4.58035614e+02 4.36445709e+02
    6.18775964e-01 4.62852905e+02 4.52962158e+02 6.66886330e-01
    4.62852905e+02 4.63973114e+02 7.51005530e-01 4.80057526e+02
    4.15111969e+02 6.09870434e-01 4.93133057e+02 4.31628418e+02
    5.16374469e-01 5.00014893e+02 4.44015747e+02 4.79833841e-01
    5.05520386e+02 4.55026703e+02 5.70273519e-01 4.95885803e+02
    4.07541931e+02 6.76194012e-01 5.06208557e+02 4.12359222e+02
    7.38403022e-01 5.12402222e+02 4.18552887e+02 7.33125329e-01
    5.18595886e+02 4.25434753e+02 7.22861409e-01</data></hand_left_0>
</opencv_storage>
