<?xml version="1.0"?>
<opencv_storage>
<pose_0 type_id="opencv-nd-matrix">
  <sizes>
    1 18 3</sizes>
  <dt>f</dt>
  <data>
    4.61776062e+02 1.13456528e+02 7.82704890e-01 4.71537537e+02
    7.04343338e+01 7.69526660e-01 3.73689606e+02 6.85012360e+01
    6.93296194e-01 4.16808960e+02 2.54350098e+02 6.73476517e-01
    4.59800323e+02 3.83467377e+02 8.56872201e-01 5.71299988e+02
    8.41219788e+01 6.84637189e-01 5.28232117e+02 2.69963715e+02
    7.69430995e-01 4.95018402e+02 3.95160461e+02 5.57169616e-01
    3.81536804e+02 2.87590454e+02 4.14390862e-01 3.32562958e+02
    4.30417664e+02 4.06255484e-01 2.91532196e+02 4.87161530e+02
    1.01424001e-01 4.91028168e+02 3.05197052e+02 4.14575517e-01
    5.22391541e+02 3.89357239e+02 6.54314756e-02 0. 0. 0. 4.44193359e+02
    8.80176086e+01 7.29692459e-01 4.79379974e+02 8.61609573e+01
    7.57571399e-01 4.10893066e+02 6.65192337e+01 2.13320315e-01
    5.20449646e+02 1.94822750e+01 7.86284685e-01</data></pose_0>
</opencv_storage>
