<?xml version="1.0"?>
<opencv_storage>
<hand_left_0 type_id="opencv-nd-matrix">
  <sizes>
    1 21 3</sizes>
  <dt>f</dt>
  <data>
    4.59189331e+02 4.20622803e+02 5.97327471e-01 4.47131226e+02
    4.34808777e+02 6.67532563e-01 4.37201050e+02 4.53959869e+02
    6.27144396e-01 4.34363831e+02 4.64599365e+02 4.82037693e-01
    4.13794159e+02 4.62471466e+02 7.09907711e-01 4.54224243e+02
    4.48285461e+02 5.82458854e-01 4.59189331e+02 4.61762177e+02
    5.50791621e-01 4.64863708e+02 4.72401672e+02 6.31635845e-01
    4.66282318e+02 4.83041168e+02 5.79727530e-01 4.69828827e+02
    4.41901764e+02 6.95666194e-01 4.79759003e+02 4.58924957e+02
    7.92525291e-01 4.87561310e+02 4.71692352e+02 6.24950886e-01
    4.93945007e+02 4.83041168e+02 6.57187879e-01 4.82596222e+02
    4.36936676e+02 7.05050230e-01 4.94654297e+02 4.53959869e+02
    7.02709913e-01 5.03165894e+02 4.66727264e+02 6.85428679e-01
    5.08840302e+02 4.78076050e+02 7.12738931e-01 4.97491516e+02
    4.31262299e+02 7.58319557e-01 5.05293793e+02 4.36936676e+02
    7.27748692e-01 5.12386780e+02 4.41901764e+02 7.91030645e-01
    5.15933289e+02 4.47576172e+02 7.04964161e-01</data></hand_left_0>
</opencv_storage>
