<?xml version="1.0"?>
<opencv_storage>
<pose_0 type_id="opencv-nd-matrix">
  <sizes>
    1 18 3</sizes>
  <dt>f</dt>
  <data>
    4.61689728e+02 1.64343903e+02 7.19732642e-01 4.63688324e+02
    9.97879486e+01 8.05882692e-01 3.65926544e+02 9.97127762e+01
    7.06683159e-01 4.12848755e+02 2.77828857e+02 6.94733858e-01
    4.59740692e+02 4.10892792e+02 8.66137981e-01 5.71287964e+02
    1.01796745e+02 6.47776425e-01 5.34126099e+02 2.93477173e+02
    7.31809556e-01 4.93032715e+02 4.24537689e+02 5.62582314e-01
    3.81508423e+02 2.89577850e+02 4.02032822e-01 3.22812012e+02
    4.32411957e+02 3.48721653e-01 2.83701385e+02 4.87160126e+02
    1.09645925e-01 4.91130585e+02 3.07182587e+02 3.89439434e-01
    5.45850586e+02 4.55851349e+02 1.28844514e-01 0. 0. 0. 4.46120453e+02
    1.48671021e+02 6.90565944e-01 4.77340271e+02 1.48697723e+02
    6.53489113e-01 4.10838928e+02 9.39289093e+01 1.42122701e-01
    5.06789642e+02 7.82774658e+01 2.22718447e-01</data></pose_0>
</opencv_storage>
