<?xml version="1.0"?>
<opencv_storage>
<hand_right_0 type_id="opencv-nd-matrix">
  <sizes>
    1 21 3</sizes>
  <dt>f</dt>
  <data>
    4.59535217e+02 4.15621613e+02 5.33461511e-01 4.76678925e+02
    4.22050507e+02 7.12890625e-01 4.95965576e+02 4.28479370e+02
    6.72375560e-01 5.07394714e+02 4.38479858e+02 8.10921669e-01
    5.18823853e+02 4.47051727e+02 7.19737351e-01 4.84536469e+02
    4.37765564e+02 6.32056057e-01 4.94536957e+02 4.52051971e+02
    7.52377093e-01 5.03108795e+02 4.67052704e+02 7.93129563e-01
    5.06680389e+02 4.78481842e+02 8.58762860e-01 4.69535706e+02
    4.39194183e+02 7.40577221e-01 4.77393250e+02 4.53480591e+02
    7.06108332e-01 4.87393738e+02 4.68481354e+02 7.46327162e-01
    4.94536957e+02 4.82767761e+02 8.66228998e-01 4.54534973e+02
    4.43480103e+02 6.41971409e-01 4.57392273e+02 4.54194916e+02
    6.86104357e-01 4.62392517e+02 4.69909973e+02 7.92360663e-01
    4.66678436e+02 4.82053436e+02 7.12692201e-01 4.40962891e+02
    4.44908752e+02 6.67013586e-01 4.37391296e+02 4.57766541e+02
    8.15433681e-01 4.39534241e+02 4.68481354e+02 7.38556802e-01
    4.43105865e+02 4.79196136e+02 7.73771167e-01</data></hand_right_0>
</opencv_storage>
