<?xml version="1.0"?>
<opencv_storage>
<hand_right_0 type_id="opencv-nd-matrix">
  <sizes>
    1 21 3</sizes>
  <dt>f</dt>
  <data>
    4.59972351e+02 4.09684204e+02 5.86260557e-01 4.77379089e+02
    4.15254364e+02 7.12785184e-01 4.96874603e+02 4.22217041e+02
    6.37682199e-01 5.07318634e+02 4.31268524e+02 7.06515908e-01
    5.16370117e+02 4.39623749e+02 7.90223718e-01 4.83645508e+02
    4.30572266e+02 6.30885124e-01 4.93393250e+02 4.43105103e+02
    7.65402853e-01 5.01748474e+02 4.58423035e+02 7.91376412e-01
    5.05229828e+02 4.67474518e+02 8.32813203e-01 4.69023834e+02
    4.31964813e+02 7.30744302e-01 4.77379089e+02 4.47282715e+02
    7.25623965e-01 4.86430573e+02 4.60511841e+02 6.84667468e-01
    4.94089539e+02 4.73740936e+02 8.45789075e-01 4.54402191e+02
    4.36838684e+02 7.07679033e-01 4.57883545e+02 4.47978973e+02
    6.25411630e-01 4.61364899e+02 4.63993164e+02 8.01309466e-01
    4.65542511e+02 4.75829742e+02 6.41931891e-01 4.39780548e+02
    4.37534943e+02 7.04016626e-01 4.38388031e+02 4.50764069e+02
    8.34498465e-01 4.38388031e+02 4.60511841e+02 8.01167071e-01
    4.41173096e+02 4.70259583e+02 7.76564837e-01</data></hand_right_0>
</opencv_storage>
