<?xml version="1.0"?>
<opencv_storage>
<pose_0 type_id="opencv-nd-matrix">
  <sizes>
    1 18 3</sizes>
  <dt>f</dt>
  <data>
    5.04800110e+02 1.78038010e+02 8.17008972e-01 4.71528900e+02
    1.11501564e+02 7.54212618e-01 3.67795715e+02 1.03717957e+02
    6.28864527e-01 4.12753021e+02 3.05189911e+02 7.14412630e-01
    4.59679443e+02 4.20665833e+02 8.48965466e-01 5.71293518e+02
    1.17340172e+02 6.82882667e-01 5.26347473e+02 3.07205933e+02
    7.32945144e-01 4.95023071e+02 4.26543854e+02 5.52544057e-01
    3.75668701e+02 2.91526367e+02 4.12735939e-01 3.20874176e+02
    4.42151917e+02 3.38144034e-01 2.09371964e+02 4.91075928e+02
    1.55534834e-01 4.91016266e+02 3.05251709e+02 4.81464416e-01
    5.41975037e+02 4.53904175e+02 2.18401164e-01 0. 0. 0. 4.91107666e+02
    1.62466766e+02 8.44404340e-01 5.16547546e+02 1.60470047e+02
    4.67433155e-01 4.22628571e+02 1.01753014e+02 5.22735417e-01
    5.39978394e+02 1.03661301e+02 9.18856710e-02</data></pose_0>
</opencv_storage>
