<?xml version="1.0"?>
<opencv_storage>
<hand_left_0 type_id="opencv-nd-matrix">
  <sizes>
    2 21 3</sizes>
  <dt>f</dt>
  <data>
    4.59560059e+02 4.07200256e+02 5.42429507e-01 4.47041016e+02
    4.19023804e+02 6.18244529e-01 4.35912994e+02 4.39193359e+02
    4.30043697e-01 4.28262482e+02 4.45452850e+02 5.62679410e-01
    4.15743469e+02 4.48234863e+02 8.05620074e-01 4.50518524e+02
    4.34324829e+02 5.50191283e-01 4.40085999e+02 4.46148376e+02
    6.64438128e-01 4.41477020e+02 4.57971893e+02 7.39407599e-01
    4.44954529e+02 4.68404419e+02 8.28463912e-01 4.67210571e+02
    4.30151825e+02 7.14091539e-01 4.60255554e+02 4.46148376e+02
    4.73568857e-01 4.63037567e+02 4.59362885e+02 6.14166617e-01
    4.63733063e+02 4.71186432e+02 7.51980245e-01 4.83902618e+02
    4.24587799e+02 6.68026090e-01 4.93639648e+02 4.41279846e+02
    6.39165640e-01 5.00594666e+02 4.55189880e+02 6.23977482e-01
    5.05463165e+02 4.65622406e+02 6.06875122e-01 4.99203644e+02
    4.17632782e+02 7.49787569e-01 5.07549683e+02 4.23196808e+02
    7.73355842e-01 5.14504700e+02 4.29456329e+02 8.09911728e-01
    5.17982178e+02 4.35715851e+02 7.21159875e-01 0. 0. 0. 0. 0. 0. 0. 0.
    0. 0. 0. 0. 0. 0. 0. 0. 0. 0. 0. 0. 0. 0. 0. 0. 0. 0. 0. 0. 0. 0. 0.
    0. 0. 0. 0. 0. 0. 0. 0. 0. 0. 0. 0. 0. 0. 0. 0. 0. 0. 0. 0. 0. 0. 0.
    0. 0. 0. 0. 0. 0. 0. 0. 0.</data></hand_left_0>
</opencv_storage>
