<?xml version="1.0"?>
<opencv_storage>
<hand_left_0 type_id="opencv-nd-matrix">
  <sizes>
    1 21 3</sizes>
  <dt>f</dt>
  <data>
    4.60152374e+02 4.14940735e+02 5.30349076e-01 4.48833221e+02
    4.26925690e+02 6.12265646e-01 4.38845764e+02 4.46234802e+02
    5.01202404e-01 4.28858276e+02 4.52227295e+02 5.76234698e-01
    4.15541656e+02 4.54224792e+02 8.15341592e-01 4.54159882e+02
    4.42239838e+02 5.64908624e-01 4.40177429e+02 4.52227295e+02
    4.37625945e-01 4.42174927e+02 4.64212250e+02 5.78668356e-01
    4.44172394e+02 4.74865570e+02 7.15593100e-01 4.69473999e+02
    4.36913177e+02 6.93381786e-01 4.79461456e+02 4.53558960e+02
    5.43230891e-01 4.85453949e+02 4.67541412e+02 4.06960458e-01
    4.65479004e+02 4.79526367e+02 5.80496967e-01 4.84122284e+02
    4.31586517e+02 6.48753762e-01 4.94109772e+02 4.48232300e+02
    6.47737741e-01 5.02099731e+02 4.62880585e+02 7.15045691e-01
    5.07426392e+02 4.74199738e+02 7.11379170e-01 4.97438904e+02
    4.24928223e+02 7.26608872e-01 5.07426392e+02 4.30920685e+02
    7.65567362e-01 5.14084717e+02 4.36913177e+02 8.13170612e-01
    5.19411377e+02 4.43571503e+02 7.39362597e-01</data></hand_left_0>
</opencv_storage>
