<?xml version="1.0"?>
<opencv_storage>
<hand_left_0 type_id="opencv-nd-matrix">
  <sizes>
    1 21 3</sizes>
  <dt>f</dt>
  <data>
    4.59429810e+02 4.00783020e+02 5.47757149e-01 4.47629700e+02
    4.14665497e+02 6.66143775e-01 4.37911957e+02 4.33406860e+02
    5.82225084e-01 4.35829590e+02 4.47289337e+02 4.92532521e-01
    4.16394104e+02 4.43124603e+02 5.08790612e-01 4.54570953e+02
    4.30630371e+02 6.18172169e-01 4.57347443e+02 4.45206970e+02
    3.93235207e-01 4.44853210e+02 4.54924713e+02 3.04972678e-01
    4.45547333e+02 4.65336548e+02 4.69401360e-01 4.70535797e+02
    4.26465607e+02 7.05259919e-01 4.79559418e+02 4.43818726e+02
    6.43830121e-01 4.86500641e+02 4.54924713e+02 4.14820552e-01
    4.65676941e+02 4.68113068e+02 4.70428973e-01 4.83030029e+02
    4.21606750e+02 6.91883683e-01 4.93441895e+02 4.38265717e+02
    7.12181032e-01 5.00383118e+02 4.50065826e+02 6.36329591e-01
    5.05242004e+02 4.60477692e+02 6.74633801e-01 4.97606628e+02
    4.14665497e+02 7.61215329e-01 5.05936127e+02 4.20912628e+02
    7.93254972e-01 5.12183228e+02 4.26465607e+02 8.37510228e-01
    5.16347961e+02 4.33406860e+02 7.59581149e-01</data></hand_left_0>
</opencv_storage>
