<?xml version="1.0"?>
<opencv_storage>
<hand_right_0 type_id="opencv-nd-matrix">
  <sizes>
    1 21 3</sizes>
  <dt>f</dt>
  <data>
    4.56672394e+02 3.96950867e+02 5.80777109e-01 4.74353271e+02
    4.00487030e+02 6.71389878e-01 4.94155823e+02 4.05437683e+02
    6.30883217e-01 5.06178802e+02 4.12510010e+02 7.95516193e-01
    5.18201782e+02 4.21704071e+02 8.50871921e-01 4.84254547e+02
    4.16046204e+02 7.02582657e-01 4.96277527e+02 4.31605347e+02
    7.01300800e-01 5.04057098e+02 4.44335571e+02 8.34949613e-01
    5.07593292e+02 4.52822388e+02 8.20983171e-01 4.68695374e+02
    4.21704071e+02 7.56709814e-01 4.78596649e+02 4.34434296e+02
    7.00451612e-01 4.89205170e+02 4.48578979e+02 7.06840754e-01
    4.98399231e+02 4.59187500e+02 9.15231824e-01 4.54550690e+02
    4.27361938e+02 6.88404679e-01 4.56672394e+02 4.38677704e+02
    7.01179743e-01 4.61623047e+02 4.52822388e+02 7.83922434e-01
    4.67280914e+02 4.64138153e+02 7.00744331e-01 4.38991516e+02
    4.27361938e+02 6.76167488e-01 4.38991516e+02 4.41506622e+02
    8.12356472e-01 4.40406006e+02 4.51407928e+02 7.49001920e-01
    4.45356628e+02 4.62016449e+02 7.28710651e-01</data></hand_right_0>
</opencv_storage>
