<?xml version="1.0"?>
<opencv_storage>
<hand_left_0 type_id="opencv-nd-matrix">
  <sizes>
    1 21 3</sizes>
  <dt>f</dt>
  <data>
    4.58700104e+02 4.16932587e+02 5.14017403e-01 4.45807281e+02
    4.29825409e+02 6.26711905e-01 4.37212036e+02 4.47732147e+02
    5.47103345e-01 4.26468018e+02 4.53462280e+02 4.76888269e-01
    4.14291443e+02 4.57759888e+02 7.54353285e-01 4.52969971e+02
    4.46299591e+02 5.51668286e-01 4.40077118e+02 4.54894806e+02
    5.51228285e-01 4.40793396e+02 4.67071381e+02 6.20362580e-01
    4.42942200e+02 4.77099152e+02 7.38839626e-01 4.65862793e+02
    4.40569458e+02 6.75887764e-01 4.60132660e+02 4.54178558e+02
    4.16632354e-01 4.62281464e+02 4.69220184e+02 6.30436182e-01
    4.62997711e+02 4.81396759e+02 7.82545269e-01 4.82336975e+02
    4.36271851e+02 6.90869927e-01 4.92364746e+02 4.52029755e+02
    6.24677420e-01 4.99527405e+02 4.64206299e+02 7.00751424e-01
    5.04541290e+02 4.75666595e+02 6.28365278e-01 4.97378601e+02
    4.29825409e+02 7.32210457e-01 5.05973846e+02 4.35555573e+02
    7.98424006e-01 5.12420227e+02 4.40569458e+02 8.27334762e-01
    5.17434143e+02 4.47015869e+02 7.74221182e-01</data></hand_left_0>
</opencv_storage>
