<?xml version="1.0"?>
<opencv_storage>
<hand_right_0 type_id="opencv-nd-matrix">
  <sizes>
    1 21 3</sizes>
  <dt>f</dt>
  <data>
    4.60126587e+02 3.81977631e+02 6.62291348e-01 4.76582977e+02
    3.89876678e+02 7.40403295e-01 4.93697632e+02 3.99092285e+02
    6.82588816e-01 5.02913208e+02 4.11599121e+02 7.79732525e-01
    5.12787048e+02 4.20156464e+02 8.19832087e-01 4.81849030e+02
    4.08966125e+02 7.53531575e-01 4.90406372e+02 4.26080780e+02
    7.42243648e-01 4.97647186e+02 4.37929382e+02 7.92637169e-01
    4.99621948e+02 4.49119720e+02 9.30289268e-01 4.66709137e+02
    4.11599121e+02 7.93043077e-01 4.75924744e+02 4.31346802e+02
    5.49145043e-01 4.79216003e+02 4.43853668e+02 5.93201876e-01
    4.73291718e+02 4.55044037e+02 6.42463624e-01 4.53544037e+02
    4.15548676e+02 6.87825143e-01 4.55518799e+02 4.26739014e+02
    5.85370183e-01 4.58810089e+02 4.41878906e+02 7.73125172e-01
    4.54860535e+02 4.57018799e+02 7.24407494e-01 4.39720642e+02
    4.14890411e+02 6.20478392e-01 4.39720642e+02 4.26080780e+02
    7.47936904e-01 4.39720642e+02 4.35296356e+02 7.61198044e-01
    4.39720642e+02 4.45170197e+02 7.35834241e-01</data></hand_right_0>
</opencv_storage>
