<?xml version="1.0"?>
<opencv_storage>
<hand_right_0 type_id="opencv-nd-matrix">
  <sizes>
    1 21 3</sizes>
  <dt>f</dt>
  <data>
    4.60114868e+02 3.83371704e+02 6.12134933e-01 4.76662842e+02
    3.88887695e+02 7.35147059e-01 4.96658264e+02 3.95093170e+02
    7.07705736e-01 5.09069214e+02 4.04746155e+02 8.27349365e-01
    5.20101196e+02 4.11641113e+02 8.07460725e-01 4.84247314e+02
    4.04746155e+02 6.55376494e-01 4.93900269e+02 4.18536102e+02
    7.77267456e-01 5.02863739e+02 4.32326050e+02 8.20597649e-01
    5.08379730e+02 4.43358032e+02 8.80013168e-01 4.69767853e+02
    4.08193634e+02 7.09868610e-01 4.77352325e+02 4.21983582e+02
    6.62304282e-01 4.87005310e+02 4.35773560e+02 6.85736537e-01
    4.95279266e+02 4.48873993e+02 8.44569325e-01 4.54598907e+02
    4.11641113e+02 6.71132088e-01 4.57356903e+02 4.24052094e+02
    6.99155092e-01 4.62183380e+02 4.38531525e+02 8.22849989e-01
    4.66320374e+02 4.50942505e+02 7.69593894e-01 4.39429962e+02
    4.15088623e+02 7.36139178e-01 4.39429962e+02 4.27499573e+02
    8.00833166e-01 4.41498444e+02 4.38531525e+02 7.62146115e-01
    4.44256439e+02 4.49563507e+02 7.57070422e-01</data></hand_right_0>
</opencv_storage>
