<?xml version="1.0"?>
<opencv_storage>
<hand_left_0 type_id="opencv-nd-matrix">
  <sizes>
    1 21 3</sizes>
  <dt>f</dt>
  <data>
    4.60276245e+02 3.96485748e+02 5.43255806e-01 4.47678223e+02
    4.07683990e+02 6.73673749e-01 4.37179871e+02 4.24481354e+02
    5.31147063e-01 4.25981628e+02 4.32880035e+02 5.18922448e-01
    4.16183167e+02 4.38479156e+02 7.22397268e-01 4.49777893e+02
    4.23081573e+02 5.05083919e-01 4.42079102e+02 4.36379486e+02
    6.51016235e-01 4.42079102e+02 4.48977509e+02 7.81690478e-01
    4.44178772e+02 4.59475861e+02 7.83649027e-01 4.65175476e+02
    4.20282013e+02 6.74446940e-01 4.58876465e+02 4.37079376e+02
    5.29790282e-01 4.61676025e+02 4.53176849e+02 5.95005333e-01
    4.59576355e+02 4.64375092e+02 7.53911495e-01 4.82672729e+02
    4.16082672e+02 6.20134950e-01 4.93870972e+02 4.33579926e+02
    5.66095650e-01 5.00169983e+02 4.46177948e+02 5.24069905e-01
    5.05069214e+02 4.55976410e+02 6.06593132e-01 4.98770203e+02
    4.09083771e+02 7.56646991e-01 5.08568665e+02 4.16082672e+02
    7.45280623e-01 5.14867676e+02 4.21681793e+02 7.71896958e-01
    5.19766907e+02 4.27980804e+02 7.00958669e-01</data></hand_left_0>
</opencv_storage>
