<?xml version="1.0"?>
<opencv_storage>
<pose_0 type_id="opencv-nd-matrix">
  <sizes>
    1 18 3</sizes>
  <dt>f</dt>
  <data>
    4.96935913e+02 9.98534698e+01 8.34337175e-01 4.71508026e+02
    6.64988556e+01 7.14661360e-01 3.69767090e+02 6.45515976e+01
    6.45250797e-01 4.18714813e+02 2.54364639e+02 6.98508203e-01
    4.59850586e+02 3.87403137e+02 8.13609183e-01 5.71344238e+02
    7.82922058e+01 6.76446199e-01 5.26269592e+02 2.68071320e+02
    7.82496989e-01 4.93105164e+02 3.99154633e+02 5.43708742e-01
    3.81461090e+02 2.89583923e+02 3.88187021e-01 3.24768982e+02
    4.30505310e+02 4.55769151e-01 0. 0. 0. 4.89144379e+02 3.05198364e+02
    4.08523738e-01 5.22321777e+02 3.97185333e+02 6.70112148e-02 0. 0. 0.
    4.83268799e+02 8.02195358e+01 6.89325094e-01 5.14613892e+02
    8.02082138e+01 6.60140395e-01 4.28400299e+02 2.34748726e+01
    6.29725397e-01 0. 0. 0.</data></pose_0>
</opencv_storage>
