<?xml version="1.0"?>
<opencv_storage>
<hand_left_0 type_id="opencv-nd-matrix">
  <sizes>
    1 21 3</sizes>
  <dt>f</dt>
  <data>
    4.59142578e+02 3.93719879e+02 6.02923691e-01 4.44002441e+02
    4.06795471e+02 6.99064136e-01 4.33679626e+02 4.25376526e+02
    5.33589482e-01 4.21980438e+02 4.33634766e+02 4.74197924e-01
    4.14410370e+02 4.39140259e+02 7.08529711e-01 4.46755188e+02
    4.23311951e+02 4.74973679e-01 4.37808746e+02 4.32258392e+02
    5.99357009e-01 4.38496948e+02 4.46710327e+02 7.97830403e-01
    4.41249695e+02 4.58409515e+02 7.57890582e-01 4.63271698e+02
    4.19871033e+02 6.57633781e-01 4.59830750e+02 4.37763885e+02
    4.60252404e-01 4.59142578e+02 4.50839447e+02 6.43819451e-01
    4.61895325e+02 4.63915009e+02 6.38333261e-01 4.79100006e+02
    4.16430084e+02 6.16371632e-01 4.86670074e+02 4.36387512e+02
    6.93421721e-01 4.91487366e+02 4.49463074e+02 5.22393584e-01
    4.81852753e+02 4.63915009e+02 6.26012206e-01 4.94240143e+02
    4.10924591e+02 6.97312474e-01 5.05251129e+02 4.25376526e+02
    6.56498432e-01 5.08003876e+02 4.30193848e+02 6.53301597e-01
    5.08003876e+02 4.31570221e+02 4.61287826e-01</data></hand_left_0>
</opencv_storage>
