<?xml version="1.0"?>
<opencv_storage>
<pose_0 type_id="opencv-nd-matrix">
  <sizes>
    1 18 3</sizes>
  <dt>f</dt>
  <data>
    4.42140167e+02 1.60461533e+02 7.39647627e-01 4.65644440e+02
    1.01707764e+02 7.94631541e-01 3.69784088e+02 9.78231430e+01
    7.07113683e-01 4.14822693e+02 2.89621155e+02 7.60886967e-01
    4.59741547e+02 4.12761292e+02 8.84228110e-01 5.73277649e+02
    1.11519775e+02 6.31830335e-01 5.36062317e+02 3.01333344e+02
    7.87136316e-01 4.93063934e+02 4.26470001e+02 5.85370421e-01
    3.79512329e+02 2.91510193e+02 4.08617586e-01 3.24774475e+02
    4.30468658e+02 4.29393113e-01 2.85662994e+02 4.77434479e+02
    1.31127417e-01 4.89100525e+02 3.07160858e+02 4.07570124e-01
    5.36079407e+02 4.40218445e+02 7.31307864e-02 0. 0. 0. 4.28393097e+02
    1.33084305e+02 6.70244634e-01 4.61727966e+02 1.46630234e+02
    6.52198136e-01 4.08875336e+02 9.98302460e+01 1.40621096e-01
    5.10671936e+02 8.60854111e+01 4.37448680e-01</data></pose_0>
</opencv_storage>
