<?xml version="1.0"?>
<opencv_storage>
<hand_left_0 type_id="opencv-nd-matrix">
  <sizes>
    1 21 3</sizes>
  <dt>f</dt>
  <data>
    4.59532288e+02 4.09642700e+02 5.43389916e-01 4.46986359e+02
    4.22885620e+02 6.19627357e-01 4.37925415e+02 4.41704529e+02
    5.71125448e-01 4.26773468e+02 4.49371490e+02 3.81458014e-01
    4.14227539e+02 4.52159485e+02 6.76226556e-01 4.53956329e+02
    4.38219543e+02 5.89431047e-01 4.40713379e+02 4.47977478e+02
    4.21277523e-01 4.42804382e+02 4.59129425e+02 6.16378129e-01
    4.45592377e+02 4.70978363e+02 6.75400972e-01 4.68593231e+02
    4.31946564e+02 6.62663043e-01 4.76957214e+02 4.48674500e+02
    3.87743950e-01 4.65805267e+02 4.60523438e+02 5.53719699e-01
    4.67199249e+02 4.73766357e+02 7.38531470e-01 4.83230164e+02
    4.26370605e+02 6.61841691e-01 4.92988129e+02 4.43098511e+02
    6.07306063e-01 4.99261078e+02 4.57038452e+02 6.22099936e-01
    5.04837067e+02 4.68887390e+02 5.91877997e-01 4.98564087e+02
    4.20097626e+02 7.22658753e-01 5.06231049e+02 4.23582611e+02
    7.59165466e-01 5.12504028e+02 4.28461609e+02 7.94736862e-01
    5.17382996e+02 4.36128540e+02 7.28688419e-01</data></hand_left_0>
</opencv_storage>
