<?xml version="1.0"?>
<opencv_storage>
<hand_left_0 type_id="opencv-nd-matrix">
  <sizes>
    1 21 3</sizes>
  <dt>f</dt>
  <data>
    4.61204987e+02 3.96435852e+02 4.71402675e-01 4.47909973e+02
    4.07631683e+02 6.08416796e-01 4.37413879e+02 4.22326172e+02
    4.77551162e-01 4.26917816e+02 4.31422791e+02 4.81546640e-01
    4.15721985e+02 4.36320953e+02 7.41913021e-01 4.48609711e+02
    4.20226959e+02 5.29714763e-01 4.40912567e+02 4.32122528e+02
    6.97028697e-01 4.41612305e+02 4.44717804e+02 7.60925055e-01
    4.45111023e+02 4.58712585e+02 8.17561865e-01 4.66103149e+02
    4.16728271e+02 6.14937067e-01 4.59805511e+02 4.32822266e+02
    5.98957539e-01 4.62604462e+02 4.48916229e+02 7.16895819e-01
    4.62604462e+02 4.62211273e+02 7.45783448e-01 4.82896881e+02
    4.13229584e+02 5.52976251e-01 4.93392944e+02 4.30023315e+02
    5.10771632e-01 4.87795044e+02 4.46117279e+02 5.25122881e-01
    4.91293732e+02 4.56613373e+02 5.32544255e-01 4.99690613e+02
    4.06232208e+02 6.85609102e-01 5.07387726e+02 4.09730896e+02
    7.00280130e-01 5.13685364e+02 4.16728271e+02 7.10540473e-01
    5.17883789e+02 4.23025909e+02 6.48384392e-01</data></hand_left_0>
</opencv_storage>
