<?xml version="1.0"?>
<opencv_storage>
<pose_0 type_id="opencv-nd-matrix">
  <sizes>
    1 18 3</sizes>
  <dt>f</dt>
  <data>
    3.99212280e+02 1.58472443e+02 8.63793671e-01 4.38229034e+02
    1.21306717e+02 6.63475871e-01 3.52129120e+02 1.27139763e+02
    7.68545330e-01 4.10904480e+02 2.79758575e+02 7.79180110e-01
    4.59831940e+02 4.22612152e+02 7.48864412e-01 5.38057678e+02
    1.29087814e+02 6.75590992e-01 5.12614502e+02 2.97395294e+02
    7.75274396e-01 4.91046234e+02 4.36290924e+02 5.17198920e-01
    3.67847748e+02 3.24767731e+02 4.18330222e-01 3.26732239e+02
    4.73458099e+02 5.56685388e-01 0. 0. 0. 4.69587006e+02 3.28709778e+02
    4.64323699e-01 5.36097351e+02 4.79355438e+02 1.24632336e-01 0. 0. 0.
    3.81552460e+02 1.35070084e+02 8.68829548e-01 4.16781494e+02
    1.33124908e+02 7.92630911e-01 3.63866150e+02 1.15515602e+02
    5.19697964e-02 4.65682556e+02 8.41018600e+01 8.97559941e-01</data></pose_0>
</opencv_storage>
