<?xml version="1.0"?>
<opencv_storage>
<hand_left_0 type_id="opencv-nd-matrix">
  <sizes>
    1 21 3</sizes>
  <dt>f</dt>
  <data>
    4.62958282e+02 4.35489532e+02 5.08755684e-01 4.50796600e+02
    4.44755585e+02 5.54234028e-01 4.43847046e+02 4.58075531e+02
    4.48774457e-01 4.34001862e+02 4.69078979e+02 6.54651105e-01
    4.16048889e+02 4.73712006e+02 7.44772673e-01 4.57166992e+02
    4.54021637e+02 4.35748577e-01 4.50217468e+02 4.66762451e+02
    4.96562690e-01 4.53113098e+02 4.78924164e+02 5.98449647e-01
    4.53692230e+02 4.87611084e+02 6.55221224e-01 4.72224335e+02
    4.50546875e+02 5.96982121e-01 4.85544281e+02 4.63866821e+02
    2.64081150e-01 4.71645203e+02 4.76607635e+02 5.68613827e-01
    4.79752991e+02 4.88190216e+02 4.62584436e-01 4.90177307e+02
    4.49967743e+02 6.42843008e-01 4.99443359e+02 4.64445953e+02
    5.45691311e-01 5.03497253e+02 4.76607635e+02 4.52005833e-01
    4.98285095e+02 4.87031952e+02 6.24118745e-01 5.03497253e+02
    4.46492950e+02 7.46096671e-01 5.12184204e+02 4.55179901e+02
    7.38499999e-01 5.17975464e+02 4.60392059e+02 7.91156650e-01
    5.22608521e+02 4.65025085e+02 7.62557566e-01</data></hand_left_0>
</opencv_storage>
