<?xml version="1.0"?>
<opencv_storage>
<hand_left_0 type_id="opencv-nd-matrix">
  <sizes>
    1 21 3</sizes>
  <dt>f</dt>
  <data>
    4.62158966e+02 4.20458405e+02 5.87278605e-01 4.49977570e+02
    4.30716431e+02 6.46785796e-01 4.39719543e+02 4.46103455e+02
    5.79621911e-01 4.26255890e+02 4.57002594e+02 7.15359807e-01
    4.14715637e+02 4.63413879e+02 7.48174965e-01 4.53183197e+02
    4.49950226e+02 4.58851397e-01 4.42284058e+02 4.59567108e+02
    5.70563972e-01 4.41001801e+02 4.71748505e+02 8.72603893e-01
    4.41001801e+02 4.82006531e+02 7.07189381e-01 4.68570251e+02
    4.46744568e+02 6.92927778e-01 4.62158966e+02 4.65978363e+02
    4.29810524e-01 4.61517853e+02 4.77518646e+02 7.23852158e-01
    4.56388855e+02 4.92905701e+02 6.93074763e-01 4.85239532e+02
    4.44821198e+02 6.24365330e-01 4.93574188e+02 4.62772736e+02
    7.07551301e-01 5.00626556e+02 4.76877533e+02 6.13035858e-01
    5.04473328e+02 4.87776672e+02 7.30857968e-01 5.01267700e+02
    4.38409943e+02 7.33251035e-01 5.09602325e+02 4.53796967e+02
    6.80940330e-01 5.16013611e+02 4.58284851e+02 7.01824784e-01
    5.19219238e+02 4.62131622e+02 5.47642231e-01</data></hand_left_0>
</opencv_storage>
