<?xml version="1.0"?>
<opencv_storage>
<hand_left_0 type_id="opencv-nd-matrix">
  <sizes>
    1 21 3</sizes>
  <dt>f</dt>
  <data>
    4.57519257e+02 3.84903412e+02 5.66461682e-01 4.47179504e+02
    3.97828125e+02 6.44469440e-01 4.38132202e+02 4.14630280e+02
    5.42647064e-01 4.26499939e+02 4.24970032e+02 7.21502125e-01
    4.15513916e+02 4.34017334e+02 8.09295833e-01 4.51703156e+02
    4.11399078e+02 5.45960903e-01 4.42009613e+02 4.22385101e+02
    5.98743141e-01 4.42009613e+02 4.35309814e+02 7.18500972e-01
    4.45240784e+02 4.49527008e+02 6.50421083e-01 4.67859039e+02
    4.08167908e+02 6.69172287e-01 4.62042938e+02 4.24323822e+02
    5.32406271e-01 4.63335388e+02 4.39187225e+02 7.15349019e-01
    4.56873047e+02 4.55343140e+02 6.75208092e-01 4.83368713e+02
    4.04936737e+02 6.52672946e-01 4.91769775e+02 4.20446381e+02
    6.17036879e-01 4.97585907e+02 4.33371124e+02 4.70265985e-01
    4.89184845e+02 4.45649597e+02 5.83274484e-01 4.97585907e+02
    3.99766846e+02 6.99227393e-01 5.04694489e+02 4.08814148e+02
    6.15295410e-01 5.10510620e+02 4.13984039e+02 7.22676337e-01
    5.13741821e+02 4.15922729e+02 5.99669755e-01</data></hand_left_0>
</opencv_storage>
