<?xml version="1.0"?>
<opencv_storage>
<hand_left_0 type_id="opencv-nd-matrix">
  <sizes>
    1 21 3</sizes>
  <dt>f</dt>
  <data>
    4.56926025e+02 3.96785828e+02 5.24536788e-01 4.44406830e+02
    4.10041473e+02 6.34909868e-01 4.37778992e+02 4.29924957e+02
    5.53775489e-01 4.37778992e+02 4.45389862e+02 5.02820015e-01
    4.44406830e+02 4.60854797e+02 3.32131535e-01 4.53980347e+02
    4.28452118e+02 5.47517538e-01 4.41461121e+02 4.39498474e+02
    4.01225060e-01 4.43670380e+02 4.52017700e+02 5.45298517e-01
    4.45143250e+02 4.63064056e+02 7.02050745e-01 4.67235992e+02
    4.21824280e+02 6.52028680e-01 4.62817444e+02 4.39498474e+02
    4.01508927e-01 4.65763123e+02 4.52754120e+02 6.08029008e-01
    4.66499573e+02 4.64536926e+02 7.31836975e-01 4.81964478e+02
    4.16669312e+02 6.41964078e-01 4.92274414e+02 4.33607086e+02
    6.66374028e-01 4.99638672e+02 4.45389862e+02 5.48335850e-01
    5.03320801e+02 4.57172668e+02 5.78513622e-01 4.96692963e+02
    4.09305054e+02 7.63705373e-01 5.04793640e+02 4.15196472e+02
    7.03526258e-01 5.12157898e+02 4.20351440e+02 7.61688054e-01
    5.15840027e+02 4.26242828e+02 6.66833460e-01</data></hand_left_0>
</opencv_storage>
