<?xml version="1.0"?>
<opencv_storage>
<hand_left_0 type_id="opencv-nd-matrix">
  <sizes>
    1 21 3</sizes>
  <dt>f</dt>
  <data>
    4.58119965e+02 4.14892426e+02 5.00305891e-01 4.46179749e+02
    4.27534973e+02 6.04846597e-01 4.36346649e+02 4.45094086e+02
    4.90079314e-01 4.29323029e+02 4.52117737e+02 5.39263487e-01
    4.16680450e+02 4.52820099e+02 7.26344705e-01 4.52501038e+02
    4.40879883e+02 5.71382999e-01 4.40560852e+02 4.50712982e+02
    4.96356159e-01 4.41965576e+02 4.61950836e+02 5.92985630e-01
    4.46179749e+02 4.73188660e+02 7.18090117e-01 4.68655426e+02
    4.34558624e+02 6.73298419e-01 4.62334137e+02 4.50712982e+02
    3.78101438e-01 4.65143585e+02 4.62653198e+02 6.11784279e-01
    4.67250702e+02 4.75295746e+02 7.10508764e-01 4.81297974e+02
    4.28237335e+02 6.41374826e-01 4.92535797e+02 4.44391724e+02
    6.44892156e-01 5.01666534e+02 4.56331909e+02 6.37064517e-01
    5.07285461e+02 4.67569733e+02 6.38669193e-01 4.95345276e+02
    4.20511322e+02 6.82881474e-01 5.03071259e+02 4.24725525e+02
    7.86130905e-01 5.11499634e+02 4.31046783e+02 7.70954013e-01
    5.17820923e+02 4.38772797e+02 7.69266188e-01</data></hand_left_0>
</opencv_storage>
