<?xml version="1.0"?>
<opencv_storage>
<pose_0 type_id="opencv-nd-matrix">
  <sizes>
    1 18 3</sizes>
  <dt>f</dt>
  <data>
    4.87188812e+02 9.97051392e+01 7.86511540e-01 4.67616943e+02
    6.45613480e+01 7.36384034e-01 3.67862305e+02 6.45404739e+01
    6.31506562e-01 4.16778381e+02 2.48471436e+02 7.06388772e-01
    4.59786896e+02 3.83417969e+02 8.47088397e-01 5.69277832e+02
    7.63036499e+01 6.88232958e-01 5.24418396e+02 2.60265839e+02
    8.11516106e-01 4.93034576e+02 3.97192688e+02 5.77583790e-01
    3.79576721e+02 2.89558136e+02 3.81373554e-01 3.24811829e+02
    4.30449493e+02 3.79760891e-01 0. 0. 0. 4.85239899e+02 3.01286346e+02
    4.02365208e-01 5.22384460e+02 3.93252655e+02 6.96095154e-02 0. 0. 0.
    4.75416962e+02 7.24267120e+01 6.64190114e-01 5.08643280e+02
    7.43586121e+01 6.88124955e-01 4.12883911e+02 3.88515210e+00
    6.24460995e-01 5.39924438e+02 3.91760902e+01 6.41598031e-02</data></pose_0>
</opencv_storage>
