<?xml version="1.0"?>
<opencv_storage>
<pose_0 type_id="opencv-nd-matrix">
  <sizes>
    1 18 3</sizes>
  <dt>f</dt>
  <data>
    3.99060791e+02 1.62330963e+02 8.99360657e-01 4.36323029e+02
    1.25239365e+02 6.49732590e-01 3.50196411e+02 1.31078293e+02
    7.86796391e-01 4.12734741e+02 2.87635315e+02 8.23579311e-01
    4.59819000e+02 4.24577332e+02 7.50979900e-01 5.36098816e+02
    1.31036575e+02 6.94448113e-01 5.10674927e+02 3.01265045e+02
    7.99933434e-01 4.91035034e+02 4.40205231e+02 5.40525913e-01
    3.73691803e+02 3.22823608e+02 4.13486749e-01 3.22860687e+02
    4.75398132e+02 4.19132501e-01 0. 0. 0. 4.75362000e+02 3.30649384e+02
    4.65933025e-01 5.16537598e+02 4.46072723e+02 8.42229202e-02 0. 0. 0.
    3.81425720e+02 1.42811829e+02 8.28992844e-01 4.14739563e+02
    1.36952560e+02 8.11818242e-01 0. 0. 0. 4.61737244e+02 8.60738754e+01
    9.54538643e-01</data></pose_0>
</opencv_storage>
