<?xml version="1.0"?>
<opencv_storage>
<hand_left_0 type_id="opencv-nd-matrix">
  <sizes>
    1 21 3</sizes>
  <dt>f</dt>
  <data>
    4.59840698e+02 3.93208099e+02 5.56560338e-01 4.47304291e+02
    4.05744537e+02 6.20848000e-01 4.38946655e+02 4.21066833e+02
    4.89141643e-01 4.33374908e+02 4.34996216e+02 4.52782393e-01
    4.17356110e+02 4.38478546e+02 6.33925259e-01 4.51483093e+02
    4.22459778e+02 5.66966891e-01 4.41036072e+02 4.36389160e+02
    5.96941292e-01 4.42428986e+02 4.48925598e+02 6.71628416e-01
    4.46607819e+02 4.60069092e+02 7.47466385e-01 4.67501862e+02
    4.18977448e+02 6.20677769e-01 4.59144257e+02 4.37085632e+02
    3.99624318e-01 4.62626587e+02 4.51014984e+02 5.20756066e-01
    4.63323059e+02 4.62158508e+02 6.36359513e-01 4.82127716e+02
    4.14798615e+02 5.94724774e-01 4.91878265e+02 4.31513885e+02
    6.25650764e-01 4.99539429e+02 4.44050323e+02 5.38125634e-01
    5.05807648e+02 4.54497345e+02 6.11419797e-01 4.98146484e+02
    4.08530396e+02 7.17853248e-01 5.07897064e+02 4.14798615e+02
    7.00213969e-01 5.14165283e+02 4.21763306e+02 7.63068557e-01
    5.19040527e+02 4.28727997e+02 6.92637622e-01</data></hand_left_0>
</opencv_storage>
