<?xml version="1.0"?>
<opencv_storage>
<hand_right_0 type_id="opencv-nd-matrix">
  <sizes>
    1 21 3</sizes>
  <dt>f</dt>
  <data>
    4.61533875e+02 4.22604645e+02 6.40692890e-01 4.79075958e+02
    4.30122681e+02 6.97404444e-01 4.99124023e+02 4.40146698e+02
    7.61773109e-01 5.07895050e+02 4.52676758e+02 7.64965236e-01
    5.17292603e+02 4.62074280e+02 8.13630223e-01 4.87846985e+02
    4.47664734e+02 7.64859974e-01 4.95365021e+02 4.65206787e+02
    7.80260980e-01 5.00377014e+02 4.78363342e+02 7.91306794e-01
    5.03509552e+02 4.90893402e+02 9.00956154e-01 4.72810913e+02
    4.49544250e+02 7.54809618e-01 4.79702454e+02 4.67712799e+02
    7.23149419e-01 4.85340973e+02 4.82122375e+02 6.34538472e-01
    4.88473480e+02 4.92146393e+02 5.70269108e-01 4.57774872e+02
    4.52676758e+02 7.60892868e-01 4.59027863e+02 4.67712799e+02
    6.32262230e-01 4.60907379e+02 4.80869354e+02 5.96022129e-01
    4.57148346e+02 4.95278900e+02 6.18484437e-01 4.42738800e+02
    4.52050262e+02 6.88791513e-01 4.40859314e+02 4.63327301e+02
    7.59196639e-01 4.38979797e+02 4.72724823e+02 7.74260879e-01
    4.38353302e+02 4.82748871e+02 8.57140660e-01</data></hand_right_0>
</opencv_storage>
