<?xml version="1.0"?>
<opencv_storage>
<hand_right_0 type_id="opencv-nd-matrix">
  <sizes>
    1 21 3</sizes>
  <dt>f</dt>
  <data>
    4.61937531e+02 4.06118011e+02 6.37426794e-01 4.79158234e+02
    4.12496063e+02 7.44474173e-01 4.98930176e+02 4.22063110e+02
    7.78728724e-01 5.08497223e+02 4.34181396e+02 7.91039109e-01
    5.17426514e+02 4.43748444e+02 8.05506408e-01 4.86811890e+02
    4.29078949e+02 7.33859301e-01 4.95103333e+02 4.45024048e+02
    8.23127806e-01 5.01481384e+02 4.59055756e+02 8.21438909e-01
    5.04032593e+02 4.71811829e+02 8.96190643e-01 4.72780212e+02
    4.32267975e+02 8.04933310e-01 4.79796051e+02 4.48850891e+02
    6.48796141e-01 4.86174072e+02 4.64158173e+02 6.23141944e-01
    4.87449707e+02 4.74363037e+02 4.65150446e-01 4.57472900e+02
    4.33543579e+02 7.33355999e-01 4.60024109e+02 4.48850891e+02
    7.34295368e-01 4.62575348e+02 4.63520386e+02 7.63025403e-01
    4.60024109e+02 4.78189880e+02 7.07491636e-01 4.42165619e+02
    4.33543579e+02 6.63849592e-01 4.41527802e+02 4.45661865e+02
    7.31993973e-01 4.42165619e+02 4.57142334e+02 7.76041567e-01
    4.42165619e+02 4.67985016e+02 7.95152545e-01</data></hand_right_0>
</opencv_storage>
