<?xml version="1.0"?>
<opencv_storage>
<hand_right_0 type_id="opencv-nd-matrix">
  <sizes>
    1 21 3</sizes>
  <dt>f</dt>
  <data>
    4.59940704e+02 3.92142914e+02 6.52218997e-01 4.79204956e+02
    3.99206482e+02 7.03906536e-01 4.99111359e+02 4.06912201e+02
    7.42923617e-01 5.08743500e+02 4.17828613e+02 8.05089176e-01
    5.19659912e+02 4.28102875e+02 8.73797834e-01 4.86910675e+02
    4.15902191e+02 7.37785399e-01 4.95900665e+02 4.32597870e+02
    8.15071940e-01 5.01037811e+02 4.46082855e+02 8.14489365e-01
    5.04890656e+02 4.57641418e+02 9.23569560e-01 4.72783539e+02
    4.17828613e+02 8.23657215e-01 4.80489258e+02 4.35808594e+02
    7.65177727e-01 4.85626373e+02 4.48651428e+02 6.67512834e-01
    4.90121368e+02 4.58925720e+02 5.69621921e-01 4.58656403e+02
    4.21039307e+02 7.10990429e-01 4.60582855e+02 4.33882172e+02
    6.65792823e-01 4.63151398e+02 4.49293579e+02 7.54967988e-01
    4.59298553e+02 4.64062836e+02 7.30671048e-01 4.43244995e+02
    4.21681458e+02 6.71135902e-01 4.42602875e+02 4.32597870e+02
    7.35568106e-01 4.41960724e+02 4.43514282e+02 7.78442025e-01
    4.41318573e+02 4.53146423e+02 6.95087433e-01</data></hand_right_0>
</opencv_storage>
