<?xml version="1.0"?>
<opencv_storage>
<hand_right_0 type_id="opencv-nd-matrix">
  <sizes>
    1 21 3</sizes>
  <dt>f</dt>
  <data>
    4.61556976e+02 4.09562225e+02 6.61289811e-01 4.79266632e+02
    4.17433197e+02 7.28269458e-01 4.98944031e+02 4.27271881e+02
    7.65107274e-01 5.08126831e+02 4.39078339e+02 7.85746753e-01
    5.17965515e+02 4.48261108e+02 7.92297482e-01 4.86481689e+02
    4.33831024e+02 7.43216336e-01 4.94352661e+02 4.50884766e+02
    8.12373638e-01 5.00255859e+02 4.64658966e+02 8.16766024e-01
    5.04191345e+02 4.75809479e+02 9.50033724e-01 4.72051575e+02
    4.35798767e+02 7.78848767e-01 4.79266632e+02 4.54164337e+02
    6.66054249e-01 4.83858032e+02 4.66626709e+02 6.13646328e-01
    4.79922546e+02 4.78433136e+02 4.56885010e-01 4.56965576e+02
    4.39078339e+02 7.24263430e-01 4.59589233e+02 4.53508423e+02
    6.64217472e-01 4.60901062e+02 4.66626709e+02 6.97064579e-01
    4.60245148e+02 4.81056793e+02 7.93400466e-01 4.41879578e+02
    4.38422424e+02 6.55708849e-01 4.41223663e+02 4.52196594e+02
    7.72911966e-01 4.41223663e+02 4.62691223e+02 8.02314937e-01
    4.42535492e+02 4.73185852e+02 7.40711689e-01</data></hand_right_0>
</opencv_storage>
