<?xml version="1.0"?>
<opencv_storage>
<hand_left_0 type_id="opencv-nd-matrix">
  <sizes>
    1 21 3</sizes>
  <dt>f</dt>
  <data>
    4.61648712e+02 3.86934235e+02 5.58815002e-01 4.48322174e+02
    4.00260773e+02 6.69059634e-01 4.37099823e+02 4.17094299e+02
    6.20543599e-01 4.30085846e+02 4.26212433e+02 4.28836405e-01
    4.17460724e+02 4.29018036e+02 5.24195969e-01 4.51127747e+02
    4.17795685e+02 5.62991619e-01 4.41308197e+02 4.37434784e+02
    6.18558764e-01 4.44815186e+02 4.48657135e+02 6.21703684e-01
    4.46919373e+02 4.56372498e+02 7.35989571e-01 4.67961273e+02
    4.14288696e+02 6.54298246e-01 4.62350098e+02 4.33927795e+02
    4.52297151e-01 4.63051514e+02 4.45851563e+02 5.85274756e-01
    4.63051514e+02 4.59178101e+02 7.37289131e-01 4.81989227e+02
    4.10781708e+02 6.38381481e-01 4.91107391e+02 4.27615234e+02
    6.67639315e-01 4.96718536e+02 4.40240387e+02 6.14792347e-01
    4.86898987e+02 4.56372498e+02 5.66836655e-01 4.98121338e+02
    4.04469147e+02 7.81519234e-01 5.07940887e+02 4.16392883e+02
    7.09430277e-01 5.13552063e+02 4.22004059e+02 7.40265787e-01
    5.15656250e+02 4.27615234e+02 6.04209363e-01</data></hand_left_0>
</opencv_storage>
