<?xml version="1.0"?>
<opencv_storage>
<hand_left_0 type_id="opencv-nd-matrix">
  <sizes>
    1 21 3</sizes>
  <dt>f</dt>
  <data>
    4.57165833e+02 4.19821899e+02 5.27741075e-01 4.43717285e+02
    4.32523285e+02 6.31880283e-01 4.35498749e+02 4.50454651e+02
    4.76643413e-01 4.33257324e+02 4.61661743e+02 3.95860791e-01
    4.14578827e+02 4.58673187e+02 6.74444795e-01 4.50441559e+02
    4.48213226e+02 5.62286198e-01 4.39234467e+02 4.57178925e+02
    6.88204050e-01 4.40728729e+02 4.69133148e+02 7.15659499e-01
    4.44464447e+02 4.80340271e+02 8.32188845e-01 4.65384369e+02
    4.42236115e+02 6.22100055e-01 4.60154388e+02 4.56431763e+02
    4.35856640e-01 4.63890106e+02 4.69880310e+02 6.74405277e-01
    4.64637238e+02 4.82581696e+02 7.94361115e-01 4.81074310e+02
    4.37006104e+02 6.56240523e-01 4.91534302e+02 4.51201782e+02
    6.23855412e-01 4.99005707e+02 4.63156036e+02 6.14834964e-01
    5.04982819e+02 4.75857422e+02 6.55021548e-01 4.93775726e+02
    4.27293304e+02 7.28808403e-01 5.03488525e+02 4.32523285e+02
    7.96809435e-01 5.10959930e+02 4.37753265e+02 8.39293599e-01
    5.16189941e+02 4.42983246e+02 7.35566199e-01</data></hand_left_0>
</opencv_storage>
