<?xml version="1.0"?>
<opencv_storage>
<hand_left_0 type_id="opencv-nd-matrix">
  <sizes>
    1 21 3</sizes>
  <dt>f</dt>
  <data>
    4.60487823e+02 3.98446228e+02 5.58171034e-01 4.48467255e+02
    4.11802429e+02 6.39721692e-01 4.39117920e+02 4.30501068e+02
    5.71870804e-01 4.26429535e+02 4.39182587e+02 7.79361844e-01
    4.15076782e+02 4.47864136e+02 8.49728942e-01 4.53141907e+02
    4.28497650e+02 5.21799266e-01 4.43124756e+02 4.36511353e+02
    5.60415864e-01 4.42456970e+02 4.51203156e+02 8.34480405e-01
    4.43124756e+02 4.63223755e+02 7.66442418e-01 4.69837158e+02
    4.25158600e+02 7.19653010e-01 4.63826874e+02 4.42521637e+02
    4.58588094e-01 4.63826874e+02 4.57213440e+02 6.74823701e-01
    4.58484375e+02 4.71905273e+02 7.23966479e-01 4.85864563e+02
    4.21151733e+02 7.33999848e-01 4.95213898e+02 4.40518219e+02
    6.54005170e-01 5.00556366e+02 4.53206604e+02 5.39100707e-01
    5.06566650e+02 4.63891541e+02 6.75332546e-01 5.00556366e+02
    4.15141449e+02 7.80989647e-01 5.07902283e+02 4.27162018e+02
    7.15569437e-01 5.13912598e+02 4.32504517e+02 7.06150472e-01
    5.17919434e+02 4.37179169e+02 5.92732847e-01</data></hand_left_0>
</opencv_storage>
