<?xml version="1.0"?>
<opencv_storage>
<hand_left_0 type_id="opencv-nd-matrix">
  <sizes>
    1 21 3</sizes>
  <dt>f</dt>
  <data>
    4.62412109e+02 4.29802643e+02 5.50219595e-01 4.49133087e+02
    4.40552338e+02 6.08876705e-01 4.39648071e+02 4.55728394e+02
    5.69788694e-01 4.26369019e+02 4.65845734e+02 5.61882198e-01
    4.13722321e+02 4.72169098e+02 7.62502134e-01 4.52294739e+02
    4.57625397e+02 5.23466349e-01 4.42177399e+02 4.66478088e+02
    6.35565698e-01 4.39015717e+02 4.77860107e+02 7.42237389e-01
    4.37118713e+02 4.86080444e+02 7.11559653e-01 4.68103119e+02
    4.55096039e+02 6.80878997e-01 4.61779785e+02 4.70904419e+02
    5.07225871e-01 4.62412109e+02 4.83551117e+02 5.95820427e-01
    4.53559418e+02 4.98727142e+02 5.26704669e-01 4.85176147e+02
    4.53199036e+02 6.20050013e-01 4.94028839e+02 4.70904419e+02
    7.08267927e-01 5.00352203e+02 4.83551117e+02 6.32255971e-01
    5.04146210e+02 4.94933136e+02 7.70051301e-01 5.00352203e+02
    4.47508026e+02 7.33183205e-01 5.08572540e+02 4.60787048e+02
    7.55259752e-01 5.13631226e+02 4.65213409e+02 7.50196218e-01
    5.18057556e+02 4.69007416e+02 6.48398519e-01</data></hand_left_0>
</opencv_storage>
