<?xml version="1.0"?>
<opencv_storage>
<pose_0 type_id="opencv-nd-matrix">
  <sizes>
    1 18 3</sizes>
  <dt>f</dt>
  <data>
    4.57837433e+02 1.70192276e+02 6.92926705e-01 4.65639099e+02
    1.01796715e+02 8.06770086e-01 3.67784424e+02 9.97830124e+01
    7.03308105e-01 4.10862396e+02 2.89610657e+02 7.35890627e-01
    4.59715729e+02 4.12853516e+02 8.71569395e-01 5.71291382e+02
    1.09593887e+02 6.60670519e-01 5.36040833e+02 3.01265289e+02
    7.83208549e-01 4.96927795e+02 4.16791229e+02 6.68816328e-01
    3.77618500e+02 2.89566040e+02 4.08505350e-01 3.24769104e+02
    4.30472107e+02 5.01595736e-01 2.87598572e+02 4.79354187e+02
    9.52597186e-02 4.91028931e+02 3.05219849e+02 4.07098681e-01
    5.43896667e+02 4.53897919e+02 1.11359552e-01 0. 0. 0. 4.44055298e+02
    1.48719894e+02 7.22436130e-01 4.75496002e+02 1.52648727e+02
    5.70867360e-01 4.10861481e+02 9.58682480e+01 3.03333968e-01
    5.12629578e+02 8.60420227e+01 3.49558979e-01</data></pose_0>
</opencv_storage>
