<?xml version="1.0"?>
<opencv_storage>
<hand_right_0 type_id="opencv-nd-matrix">
  <sizes>
    1 21 3</sizes>
  <dt>f</dt>
  <data>
    4.57263519e+02 4.15934937e+02 5.30664206e-01 4.75914429e+02
    4.21673676e+02 6.73243046e-01 4.96000061e+02 4.28129761e+02
    7.00793743e-01 5.06760193e+02 4.36020538e+02 7.98098743e-01
    5.16802979e+02 4.45346008e+02 7.75663972e-01 4.85239899e+02
    4.36737885e+02 6.38604283e-01 4.96000061e+02 4.52519440e+02
    7.90281415e-01 5.04608154e+02 4.66148956e+02 8.04385006e-01
    5.08912231e+02 4.76191772e+02 8.54893625e-01 4.70175690e+02
    4.40324585e+02 7.56984890e-01 4.78783813e+02 4.54671448e+02
    6.62488699e-01 4.88826630e+02 4.69018341e+02 8.38701904e-01
    4.96717407e+02 4.81213165e+02 9.12864685e-01 4.54394135e+02
    4.42476624e+02 6.61840737e-01 4.59415527e+02 4.54671448e+02
    7.21178234e-01 4.65154297e+02 4.69735657e+02 8.52504432e-01
    4.71610382e+02 4.81930511e+02 7.40545690e-01 4.39329926e+02
    4.46063354e+02 6.61672592e-01 4.38612579e+02 4.58258179e+02
    8.29368412e-01 4.41481964e+02 4.69735657e+02 7.59532392e-01
    4.43634003e+02 4.79778473e+02 7.70810366e-01</data></hand_right_0>
</opencv_storage>
