<?xml version="1.0"?>
<opencv_storage>
<pose_0 type_id="opencv-nd-matrix">
  <sizes>
    1 18 3</sizes>
  <dt>f</dt>
  <data>
    4.30388733e+02 1.13454826e+02 8.68399501e-01 4.44108490e+02
    8.21334915e+01 7.66095936e-01 3.52196777e+02 8.41393127e+01
    7.72273183e-01 4.08940704e+02 2.42701324e+02 8.12168777e-01
    4.59751129e+02 3.79564972e+02 8.37697148e-01 5.36056335e+02
    8.60193634e+01 7.29122460e-01 5.08623657e+02 2.56361481e+02
    8.65823507e-01 4.91142670e+02 3.97171783e+02 6.16922736e-01
    3.77601166e+02 2.77846039e+02 4.39977288e-01 3.34525635e+02
    4.30377838e+02 6.01543367e-01 3.05250000e+02 4.81314301e+02
    1.13764569e-01 4.73490448e+02 2.85647766e+02 4.75699365e-01
    5.22408875e+02 3.99142334e+02 9.97351184e-02 0. 0. 0. 4.12866608e+02
    8.61396484e+01 7.52921343e-01 4.55836029e+02 8.80738983e+01
    8.11151505e-01 3.81493988e+02 2.54320984e+01 7.00391769e-01
    4.95042206e+02 4.69428520e+01 5.82453430e-01</data></pose_0>
</opencv_storage>
