<?xml version="1.0"?>
<opencv_storage>
<hand_right_0 type_id="opencv-nd-matrix">
  <sizes>
    1 21 3</sizes>
  <dt>f</dt>
  <data>
    4.61781830e+02 4.08973053e+02 6.72492027e-01 4.78546112e+02
    4.15420837e+02 7.43975461e-01 4.98534302e+02 4.24447784e+02
    7.69643545e-01 5.08206024e+02 4.37988159e+02 7.36377776e-01
    5.17232971e+02 4.47015076e+02 7.68966556e-01 4.86283478e+02
    4.32829926e+02 7.40052223e-01 4.94665619e+02 4.49594208e+02
    8.42934251e-01 5.00468658e+02 4.64424164e+02 8.26719522e-01
    5.04337341e+02 4.75385437e+02 9.27759528e-01 4.72098328e+02
    4.35409027e+02 8.12866330e-01 4.80480469e+02 4.55397247e+02
    5.84256411e-01 4.85638702e+02 4.67648071e+02 5.68544209e-01
    4.85638702e+02 4.77319763e+02 4.52289492e-01 4.57268372e+02
    4.38632935e+02 7.33495951e-01 4.60492279e+02 4.52173340e+02
    5.93758702e-01 4.62426605e+02 4.65713715e+02 7.25700200e-01
    4.60492279e+02 4.80543671e+02 7.02810705e-01 4.42438416e+02
    4.37988159e+02 6.55557156e-01 4.41793640e+02 4.50238983e+02
    8.02380383e-01 4.41793640e+02 4.60555481e+02 8.11922312e-01
    4.41793640e+02 4.70871979e+02 7.92463839e-01</data></hand_right_0>
</opencv_storage>
