<?xml version="1.0"?>
<opencv_storage>
<pose_0 type_id="opencv-nd-matrix">
  <sizes>
    2 18 3</sizes>
  <dt>f</dt>
  <data>
    4.94996368e+02 1.46810516e+02 7.44873405e-01 4.75448578e+02
    8.61522751e+01 8.84899735e-01 3.73675140e+02 8.40566864e+01
    6.53004467e-01 4.14811005e+02 2.73986511e+02 7.56026804e-01
    4.59785461e+02 4.06949921e+02 8.61237466e-01 5.75192749e+02
    9.97377243e+01 6.46335721e-01 5.28235535e+02 2.89621460e+02
    7.61008322e-01 4.94992279e+02 4.16703369e+02 6.07262313e-01
    3.79545776e+02 2.89583374e+02 4.23796833e-01 3.28689056e+02
    4.32378326e+02 4.85293031e-01 2.89569580e+02 4.81316132e+02
    1.26716346e-01 4.87201477e+02 3.07186646e+02 4.62165207e-01
    5.38042114e+02 4.42156525e+02 8.06122720e-02 0. 0. 0. 4.87176056e+02
    1.31071655e+02 6.89140320e-01 5.10662262e+02 1.31151215e+02
    5.68179011e-01 4.30481934e+02 6.65105438e+01 4.37236071e-01
    5.39901611e+02 8.02584839e+01 7.83163607e-02 0. 0. 0. 0. 0. 0. 0. 0.
    0. 0. 0. 0. 0. 0. 0. 0. 0. 0. 0. 0. 0. 0. 0. 0. 0. 0. 0. 0. 0. 0. 0.
    0. 0. 6.84784729e+02 4.83286346e+02 7.26735368e-02 9.62609741e+02
    5.24349792e+02 1.60650685e-01 1.11911438e+03 5.28287903e+02
    3.24434429e-01 0. 0. 0. 0. 0. 0. 0. 0. 0. 0. 0. 0.</data></pose_0>
</opencv_storage>
