<?xml version="1.0"?>
<opencv_storage>
<pose_0 type_id="opencv-nd-matrix">
  <sizes>
    1 18 3</sizes>
  <dt>f</dt>
  <data>
    4.95051849e+02 9.78539124e+01 8.28329563e-01 4.63700104e+02
    6.84955521e+01 7.18064368e-01 3.65926453e+02 6.84522552e+01
    6.75156832e-01 4.14779755e+02 2.50403595e+02 7.22267807e-01
    4.59725311e+02 3.81495056e+02 8.37385416e-01 5.69344482e+02
    7.82654190e+01 6.92092836e-01 5.24410156e+02 2.69978333e+02
    7.73218095e-01 4.96941132e+02 3.89323578e+02 5.66451192e-01
    3.81471100e+02 2.93472412e+02 4.16585803e-01 3.28717865e+02
    4.30391327e+02 4.97297615e-01 2.17180191e+02 4.93034821e+02
    1.38138518e-01 4.91057312e+02 3.03272827e+02 4.10959333e-01
    5.22420105e+02 3.89376068e+02 6.04834855e-02 0. 0. 0. 4.77442169e+02
    7.43339539e+01 7.97665358e-01 5.14601685e+02 7.04963226e+01
    7.83873022e-01 4.24574921e+02 2.15018368e+01 5.69593787e-01 0. 0. 0.</data></pose_0>
</opencv_storage>
