<?xml version="1.0"?>
<opencv_storage>
<hand_right_0 type_id="opencv-nd-matrix">
  <sizes>
    1 21 3</sizes>
  <dt>f</dt>
  <data>
    4.57359833e+02 3.84520508e+02 5.81269145e-01 4.74403046e+02
    3.88781311e+02 7.12601662e-01 4.93576630e+02 3.92331970e+02
    6.36554837e-01 5.05648895e+02 4.01563690e+02 8.33572745e-01
    5.17721191e+02 4.08665039e+02 8.67650330e-01 4.82924652e+02
    4.02983978e+02 7.16152787e-01 4.94286774e+02 4.17896759e+02
    7.40887403e-01 5.01388092e+02 4.30679169e+02 8.55035484e-01
    5.06359039e+02 4.40621033e+02 9.11528051e-01 4.68011841e+02
    4.08665039e+02 7.63682485e-01 4.77243591e+02 4.20027161e+02
    7.21489310e-01 4.85765167e+02 4.34939972e+02 7.24065661e-01
    4.95707031e+02 4.47722351e+02 8.95458579e-01 4.53809174e+02
    4.13635956e+02 7.12616324e-01 4.55939575e+02 4.24998108e+02
    7.61514783e-01 4.60910522e+02 4.39910889e+02 8.43947947e-01
    4.65881439e+02 4.52693298e+02 7.21450448e-01 4.38186249e+02
    4.15056244e+02 7.28193760e-01 4.38186249e+02 4.28548767e+02
    8.37640524e-01 4.38896393e+02 4.37780487e+02 7.66641080e-01
    4.43157196e+02 4.49142609e+02 6.96155190e-01</data></hand_right_0>
</opencv_storage>
