<?xml version="1.0"?>
<opencv_storage>
<hand_left_0 type_id="opencv-nd-matrix">
  <sizes>
    1 21 3</sizes>
  <dt>f</dt>
  <data>
    4.59122223e+02 3.84225708e+02 5.06958306e-01 4.47612396e+02
    3.95096130e+02 6.22014463e-01 4.38020844e+02 4.09803162e+02
    6.08906329e-01 4.26510986e+02 4.22591888e+02 6.96457982e-01
    4.16279999e+02 4.30904572e+02 7.21936166e-01 4.48251831e+02
    4.07884857e+02 4.53379095e-01 4.43136322e+02 4.19394714e+02
    6.42897069e-01 4.43136322e+02 4.32183441e+02 7.70365834e-01
    4.43136322e+02 4.43693298e+02 6.87009692e-01 4.64877167e+02
    4.06605988e+02 6.48545146e-01 4.59761658e+02 4.22591888e+02
    4.73571151e-01 4.62958862e+02 4.37298920e+02 7.18024552e-01
    4.57203918e+02 4.54563690e+02 6.88894987e-01 4.82781372e+02
    4.04687683e+02 6.31592989e-01 4.91733490e+02 4.20034149e+02
    6.38437092e-01 4.84060242e+02 4.36020050e+02 5.52272916e-01
    4.80863068e+02 4.49448212e+02 5.83122611e-01 4.97488403e+02
    3.99572174e+02 6.86831772e-01 5.05161652e+02 4.07884857e+02
    5.70078671e-01 5.10277130e+02 4.12360901e+02 6.62088275e-01
    5.13474304e+02 4.14918671e+02 5.70576072e-01</data></hand_left_0>
</opencv_storage>
