<?xml version="1.0"?>
<opencv_storage>
<hand_left_0 type_id="opencv-nd-matrix">
  <sizes>
    1 21 3</sizes>
  <dt>f</dt>
  <data>
    4.57417511e+02 3.87123810e+02 6.21584535e-01 4.45800385e+02
    4.01645203e+02 6.57377720e-01 4.38539703e+02 4.20523010e+02
    6.82833791e-01 4.38539703e+02 4.34318359e+02 6.51001811e-01
    4.43622192e+02 4.50291870e+02 4.92911369e-01 4.53061096e+02
    4.14714478e+02 5.77648044e-01 4.53787170e+02 4.29235870e+02
    3.95825952e-01 4.43622192e+02 4.40126892e+02 4.36991662e-01
    4.45074310e+02 4.51744019e+02 5.27254283e-01 4.68308563e+02
    4.10358063e+02 6.75832629e-01 4.77747467e+02 4.24879456e+02
    4.74752307e-01 4.62500000e+02 4.40852966e+02 3.68100882e-01
    4.58869659e+02 4.55374359e+02 6.36540174e-01 4.82103882e+02
    4.04549500e+02 6.24588192e-01 4.92994934e+02 4.21249084e+02
    6.13536119e-01 4.97351349e+02 4.30687988e+02 5.76027691e-01
    5.05338104e+02 4.40126892e+02 5.82634985e-01 4.96625275e+02
    3.97288788e+02 7.20558107e-01 5.04612030e+02 4.01645203e+02
    7.72808194e-01 5.11872742e+02 4.06001617e+02 7.84053624e-01
    5.15503052e+02 4.11084106e+02 7.54389882e-01</data></hand_left_0>
</opencv_storage>
