<?xml version="1.0"?>
<opencv_storage>
<hand_right_0 type_id="opencv-nd-matrix">
  <sizes>
    1 21 3</sizes>
  <dt>f</dt>
  <data>
    4.59072906e+02 3.78542755e+02 6.64091527e-01 4.75860596e+02
    3.86625702e+02 6.95510864e-01 4.93891846e+02 3.94086914e+02
    7.17242360e-01 5.03218353e+02 4.07144012e+02 8.03276598e-01
    5.13166626e+02 4.13983459e+02 8.45564067e-01 4.83943573e+02
    4.02791656e+02 6.73124433e-01 4.93891846e+02 4.20822876e+02
    7.12876320e-01 4.98865967e+02 4.33258240e+02 7.99350023e-01
    5.01353058e+02 4.44450043e+02 8.71277452e-01 4.69642944e+02
    4.07144012e+02 7.11083531e-01 4.78969452e+02 4.27040558e+02
    6.80082738e-01 4.83321808e+02 4.38232361e+02 6.55279577e-01
    4.83943573e+02 4.46937103e+02 5.63505232e-01 4.55964081e+02
    4.10874634e+02 6.64272010e-01 4.60938202e+02 4.35745300e+02
    5.79778671e-01 4.58451141e+02 4.43206512e+02 5.45867741e-01
    4.54098755e+02 4.52532990e+02 6.58843637e-01 4.43528717e+02
    4.11496399e+02 6.66525900e-01 4.39176361e+02 4.20201111e+02
    6.91810489e-01 4.38554596e+02 4.27662323e+02 7.38920629e-01
    4.37311066e+02 4.37610596e+02 7.63183057e-01</data></hand_right_0>
</opencv_storage>
