<?xml version="1.0"?>
<opencv_storage>
<pose_0 type_id="opencv-nd-matrix">
  <sizes>
    1 18 3</sizes>
  <dt>f</dt>
  <data>
    5.00863403e+02 1.64367844e+02 8.15626085e-01 4.69575470e+02
    1.03764763e+02 7.89555609e-01 3.65914978e+02 1.01738335e+02
    6.74597323e-01 4.08929901e+02 2.89592438e+02 7.54133284e-01
    4.57837219e+02 4.14795197e+02 8.63005280e-01 5.71282288e+02
    1.11545990e+02 6.59450114e-01 5.26341431e+02 3.05186188e+02
    7.65792906e-01 4.93070770e+02 4.14833801e+02 6.69982731e-01
    3.75631378e+02 2.89576935e+02 4.10122603e-01 3.24755157e+02
    4.30485046e+02 5.49577773e-01 2.71952911e+02 4.87155365e+02
    8.24644119e-02 4.89112701e+02 3.05225922e+02 4.32143182e-01
    5.43892639e+02 4.55840637e+02 1.40485778e-01 0. 0. 0. 4.87117340e+02
    1.48688461e+02 7.97890961e-01 5.12677612e+02 1.46698517e+02
    6.56791091e-01 4.26529755e+02 8.80863419e+01 4.46658999e-01
    5.39947693e+02 9.59121170e+01 9.71907675e-02</data></pose_0>
</opencv_storage>
