<?xml version="1.0"?>
<opencv_storage>
<pose_0 type_id="opencv-nd-matrix">
  <sizes>
    1 18 3</sizes>
  <dt>f</dt>
  <data>
    5.06751312e+02 1.09603569e+02 7.72499979e-01 4.63688477e+02
    7.24040222e+01 7.18384802e-01 3.67823578e+02 7.04488907e+01
    6.66210830e-01 4.10890137e+02 2.58251038e+02 7.73902357e-01
    4.57821533e+02 3.87372284e+02 8.30844402e-01 5.71268555e+02
    8.60799561e+01 6.87671244e-01 5.24360168e+02 2.75869659e+02
    7.58952379e-01 4.93063568e+02 3.95238922e+02 6.51447654e-01
    3.79557251e+02 3.03245850e+02 4.09351975e-01 3.24787262e+02
    4.30472992e+02 4.08888131e-01 2.85649384e+02 4.83246399e+02
    9.20361280e-02 4.91125519e+02 3.14985657e+02 3.87348682e-01
    5.24292603e+02 4.01089905e+02 5.95666394e-02 0. 0. 0. 4.93072845e+02
    8.80977631e+01 7.03010917e-01 5.22374084e+02 8.61429596e+01
    4.99331146e-01 4.44141174e+02 5.08681450e+01 2.74064869e-01 0. 0. 0.</data></pose_0>
</opencv_storage>
