<?xml version="1.0"?>
<opencv_storage>
<hand_right_0 type_id="opencv-nd-matrix">
  <sizes>
    1 21 3</sizes>
  <dt>f</dt>
  <data>
    4.59513855e+02 4.17016876e+02 5.92098832e-01 4.77405182e+02
    4.23457764e+02 7.26746082e-01 4.98159119e+02 4.31329926e+02
    7.01383054e-01 5.09609558e+02 4.39202118e+02 8.03248703e-01
    5.18913025e+02 4.47074310e+02 6.96381450e-01 4.85277374e+02
    4.38486450e+02 6.18913591e-01 4.95296509e+02 4.54230835e+02
    7.58878946e-01 5.03884338e+02 4.67828217e+02 8.38416636e-01
    5.08178253e+02 4.78563019e+02 8.19365621e-01 4.70248657e+02
    4.40633423e+02 7.46663570e-01 4.78120850e+02 4.55662140e+02
    7.08293140e-01 4.88139984e+02 4.70690826e+02 7.24681020e-01
    4.95296509e+02 4.83572601e+02 8.86780858e-01 4.54504303e+02
    4.44927338e+02 7.27095306e-01 4.58798218e+02 4.56377777e+02
    6.87587440e-01 4.63092133e+02 4.72122131e+02 7.52073884e-01
    4.66670410e+02 4.83572601e+02 6.91859961e-01 4.41622559e+02
    4.46358643e+02 6.91939890e-01 4.38044281e+02 4.58524750e+02
    8.03876817e-01 4.39475586e+02 4.68543884e+02 7.83418477e-01
    4.42338196e+02 4.79278687e+02 8.37144613e-01</data></hand_right_0>
</opencv_storage>
