<?xml version="1.0"?>
<opencv_storage>
<hand_left_0 type_id="opencv-nd-matrix">
  <sizes>
    1 21 3</sizes>
  <dt>f</dt>
  <data>
    4.59878021e+02 3.99010681e+02 5.17389536e-01 4.47305634e+02
    4.10884613e+02 6.19209647e-01 4.37527100e+02 4.29044739e+02
    4.55933690e-01 4.27748566e+02 4.38124817e+02 5.64406931e-01
    4.14477692e+02 4.41617157e+02 7.93397427e-01 4.50099487e+02
    4.27647827e+02 5.04259884e-01 4.40320953e+02 4.38124817e+02
    6.77839518e-01 4.41019440e+02 4.50697205e+02 7.88771808e-01
    4.44511749e+02 4.62571136e+02 8.11301827e-01 4.66862701e+02
    4.23457031e+02 6.06294334e-01 4.60576508e+02 4.39521759e+02
    5.41836381e-01 4.62671906e+02 4.54888000e+02 6.79061651e-01
    4.62671906e+02 4.66761932e+02 7.33194172e-01 4.83625885e+02
    4.18567749e+02 5.84463775e-01 4.94102875e+02 4.35330963e+02
    5.30115545e-01 4.99690613e+02 4.47903351e+02 5.17949820e-01
    4.90610565e+02 4.61872681e+02 5.28891921e-01 4.97595215e+02
    4.10186157e+02 6.62644386e-01 5.06675293e+02 4.15773895e+02
    7.34282255e-01 5.12961487e+02 4.21361633e+02 7.15512812e-01
    5.18549194e+02 4.27647827e+02 6.65690422e-01</data></hand_left_0>
</opencv_storage>
