<?xml version="1.0"?>
<opencv_storage>
<hand_left_0 type_id="opencv-nd-matrix">
  <sizes>
    1 21 3</sizes>
  <dt>f</dt>
  <data>
    4.61915344e+02 3.87320587e+02 5.90947211e-01 4.49838623e+02
    4.00818085e+02 6.44441426e-01 4.42024292e+02 4.17157135e+02
    6.13477945e-01 4.42734680e+02 4.32075409e+02 6.25524044e-01
    4.46286652e+02 4.46283295e+02 4.56592351e-01 4.56942566e+02
    4.13605164e+02 5.92260420e-01 4.44865875e+02 4.24261078e+02
    4.10035670e-01 4.45576263e+02 4.36337769e+02 4.99845922e-01
    4.47707458e+02 4.48414490e+02 5.83631217e-01 4.72571259e+02
    4.07922028e+02 6.51470661e-01 4.80385590e+02 4.21419495e+02
    4.16854888e-01 4.66177704e+02 4.39179352e+02 5.58473706e-01
    4.61915344e+02 4.53387238e+02 7.10270822e-01 4.86068726e+02
    4.02949249e+02 6.46596432e-01 4.97435028e+02 4.19998718e+02
    5.88208258e-01 5.00987000e+02 4.30654633e+02 5.33107162e-01
    5.00987000e+02 4.43441711e+02 5.79750597e-01 5.00987000e+02
    3.96555725e+02 7.34495521e-01 5.08801361e+02 3.98686890e+02
    7.77950525e-01 5.15905273e+02 4.03659637e+02 8.16565871e-01
    5.20167664e+02 4.09342804e+02 7.52523243e-01</data></hand_left_0>
</opencv_storage>
