<?xml version="1.0"?>
<opencv_storage>
<hand_right_0 type_id="opencv-nd-matrix">
  <sizes>
    1 21 3</sizes>
  <dt>f</dt>
  <data>
    4.58309845e+02 4.02507660e+02 5.63379288e-01 4.76506104e+02
    4.06706818e+02 6.72406673e-01 4.95402252e+02 4.13705383e+02
    7.07684994e-01 5.06599976e+02 4.20703949e+02 7.80604005e-01
    5.17097839e+02 4.28402374e+02 8.20292056e-01 4.84204529e+02
    4.21403809e+02 6.37438297e-01 4.95402252e+02 4.37500519e+02
    7.97281027e-01 5.02400818e+02 4.49398071e+02 8.33672702e-01
    5.07999664e+02 4.60595795e+02 9.05242980e-01 4.68807678e+02
    4.25602936e+02 7.40784407e-01 4.78605682e+02 4.40299957e+02
    6.93782866e-01 4.87703827e+02 4.54297089e+02 7.55810738e-01
    4.96102112e+02 4.66194641e+02 9.27879333e-01 4.54810547e+02
    4.28402374e+02 6.14102602e-01 4.57609985e+02 4.40299957e+02
    7.24169970e-01 4.63908691e+02 4.54996948e+02 8.30459714e-01
    4.68807678e+02 4.68294220e+02 7.80313730e-01 4.39413696e+02
    4.31201813e+02 6.83813512e-01 4.38713837e+02 4.44499084e+02
    8.15948188e-01 4.40113556e+02 4.54996948e+02 7.71633148e-01
    4.43612854e+02 4.65494781e+02 8.20253015e-01</data></hand_right_0>
</opencv_storage>
