<?xml version="1.0"?>
<opencv_storage>
<hand_right_0 type_id="opencv-nd-matrix">
  <sizes>
    1 21 3</sizes>
  <dt>f</dt>
  <data>
    4.56886230e+02 4.11353729e+02 5.47706664e-01 4.75831299e+02
    4.17668732e+02 6.62635863e-01 4.96179688e+02 4.26088776e+02
    7.19043374e-01 5.06704712e+02 4.34508789e+02 7.48649955e-01
    5.13721436e+02 4.43630493e+02 7.26851463e-01 4.84251312e+02
    4.33807129e+02 6.47390962e-01 4.94776367e+02 4.49945526e+02
    7.84094572e-01 5.01793030e+02 4.62575562e+02 8.24738801e-01
    5.06003052e+02 4.72398926e+02 8.94812465e-01 4.68814606e+02
    4.38017151e+02 7.60470986e-01 4.78637970e+02 4.52752197e+02
    6.80667937e-01 4.87057983e+02 4.66083893e+02 7.36484408e-01
    4.94776367e+02 4.78713928e+02 8.88254285e-01 4.55482910e+02
    4.40122162e+02 6.74510598e-01 4.58991241e+02 4.52050537e+02
    6.73866391e-01 4.63902924e+02 4.66785583e+02 8.28422189e-01
    4.68112946e+02 4.78713928e+02 7.97363758e-01 4.40046173e+02
    4.41525482e+02 6.50956392e-01 4.39344513e+02 4.54857208e+02
    8.26285005e-01 4.40046173e+02 4.64680573e+02 7.40497470e-01
    4.43554535e+02 4.75205597e+02 7.88579106e-01</data></hand_right_0>
</opencv_storage>
