<?xml version="1.0"?>
<opencv_storage>
<pose_0 type_id="opencv-nd-matrix">
  <sizes>
    1 18 3</sizes>
  <dt>f</dt>
  <data>
    4.61786011e+02 1.11483368e+02 7.33967006e-01 4.67598816e+02
    6.84829178e+01 7.48753190e-01 3.67894348e+02 6.45550537e+01
    6.55161142e-01 4.18673767e+02 2.56310211e+02 7.08646059e-01
    4.59837891e+02 3.83408539e+02 8.42371047e-01 5.69348511e+02
    8.21830902e+01 6.76409900e-01 5.24458069e+02 2.66057190e+02
    7.64209926e-01 4.93096710e+02 3.95235718e+02 4.83631521e-01
    3.81559265e+02 2.95437958e+02 4.02591437e-01 3.26758331e+02
    4.32430725e+02 3.07297379e-01 0. 0. 0. 4.93010742e+02 3.03285400e+02
    4.12289560e-01 5.22375244e+02 3.95232056e+02 6.48659915e-02 0. 0. 0.
    4.48055664e+02 8.61725693e+01 6.93401992e-01 4.83233185e+02
    8.61747055e+01 6.99042737e-01 4.01137238e+02 4.84895706e+00
    3.26559991e-01 5.28276428e+02 3.12943707e+01 4.53535914e-01</data></pose_0>
</opencv_storage>
