<?xml version="1.0"?>
<opencv_storage>
<hand_right_0 type_id="opencv-nd-matrix">
  <sizes>
    1 21 3</sizes>
  <dt>f</dt>
  <data>
    4.56956696e+02 3.90252167e+02 5.92231035e-01 4.74318756e+02
    3.95113525e+02 6.79847360e-01 4.95153229e+02 4.00669403e+02
    6.74439967e-01 5.06959442e+02 4.09003204e+02 7.87834287e-01
    5.18765686e+02 4.18031464e+02 8.24066281e-01 4.85430481e+02
    4.11781128e+02 6.91564083e-01 4.96542206e+02 4.27059753e+02
    7.45195329e-01 5.04181519e+02 4.39560425e+02 8.49227667e-01
    5.06959442e+02 4.49977692e+02 8.35689902e-01 4.69457367e+02
    4.16642517e+02 7.17768788e-01 4.79180145e+02 4.29837677e+02
    6.70188546e-01 4.88902893e+02 4.44421814e+02 6.91859245e-01
    4.96542206e+02 4.56228027e+02 8.85069191e-01 4.55567719e+02
    4.20114929e+02 6.33947670e-01 4.58345642e+02 4.31921143e+02
    6.58256114e-01 4.63901520e+02 4.46505280e+02 7.92237580e-01
    4.68068420e+02 4.58311462e+02 7.42600918e-01 4.39594604e+02
    4.20114929e+02 6.54947460e-01 4.39594604e+02 4.34699066e+02
    8.13827455e-01 4.40983582e+02 4.45810791e+02 7.55688846e-01
    4.44455994e+02 4.56228027e+02 8.33930612e-01</data></hand_right_0>
</opencv_storage>
