<?xml version="1.0"?>
<opencv_storage>
<hand_right_0 type_id="opencv-nd-matrix">
  <sizes>
    1 21 3</sizes>
  <dt>f</dt>
  <data>
    4.54236694e+02 3.92910217e+02 5.91485739e-01 4.71870209e+02
    3.97847595e+02 6.65767431e-01 4.92325043e+02 4.02784973e+02
    6.22045994e-01 5.05021179e+02 4.09838379e+02 8.37406158e-01
    5.17011963e+02 4.18302429e+02 8.18631232e-01 4.83155640e+02
    4.14070404e+02 7.11680412e-01 4.95146423e+02 4.27471863e+02
    7.43127942e-01 5.03610504e+02 4.40873322e+02 8.30659747e-01
    5.07842529e+02 4.50042755e+02 8.52847993e-01 4.69754181e+02
    4.19713135e+02 7.23330796e-01 4.78923584e+02 4.32409241e+02
    6.45243406e-01 4.88093018e+02 4.45810699e+02 6.95694268e-01
    4.98673126e+02 4.57096130e+02 8.71170163e-01 4.54236694e+02
    4.23945160e+02 6.62018001e-01 4.56352722e+02 4.36641296e+02
    6.68132365e-01 4.60584747e+02 4.50748077e+02 8.07758152e-01
    4.64816803e+02 4.64149536e+02 7.56670654e-01 4.38013885e+02
    4.25355835e+02 6.49993837e-01 4.37308533e+02 4.38757294e+02
    8.31239402e-01 4.38013885e+02 4.49337402e+02 7.51582444e-01
    4.42245911e+02 4.60622833e+02 8.06997776e-01</data></hand_right_0>
</opencv_storage>
