<?xml version="1.0"?>
<opencv_storage>
<hand_left_0 type_id="opencv-nd-matrix">
  <sizes>
    1 21 3</sizes>
  <dt>f</dt>
  <data>
    4.59436493e+02 3.84476440e+02 5.40148497e-01 4.48485779e+02
    3.96071320e+02 6.12326741e-01 4.39467529e+02 4.11531158e+02
    6.01080298e-01 4.26584320e+02 4.23770203e+02 6.58960581e-01
    4.14989441e+02 4.30855988e+02 7.36140907e-01 4.53639069e+02
    4.11531158e+02 5.38599849e-01 4.43976654e+02 4.19905243e+02
    5.21493912e-01 4.43976654e+02 4.31500122e+02 7.08596468e-01
    4.44620819e+02 4.43739166e+02 6.60846889e-01 4.69098907e+02
    4.07666199e+02 6.55631542e-01 4.74896362e+02 4.24414368e+02
    4.85970140e-01 4.63301453e+02 4.37941742e+02 6.77242517e-01
    4.59436493e+02 4.53401581e+02 6.40892684e-01 4.83270447e+02
    4.04445404e+02 6.28474891e-01 4.91000366e+02 4.21193573e+02
    6.76065683e-01 4.97441956e+02 4.34720947e+02 4.91650701e-01
    5.01951080e+02 4.45671661e+02 6.72029376e-01 4.97441956e+02
    3.99292114e+02 7.12990642e-01 5.05816040e+02 4.08310364e+02
    5.76382220e-01 5.11613495e+02 4.14107819e+02 7.16860831e-01
    5.14834290e+02 4.15396118e+02 5.76554239e-01</data></hand_left_0>
</opencv_storage>
