<?xml version="1.0"?>
<opencv_storage>
<hand_right_0 type_id="opencv-nd-matrix">
  <sizes>
    1 21 3</sizes>
  <dt>f</dt>
  <data>
    4.58062714e+02 4.19098785e+02 5.89439631e-01 4.75914825e+02
    4.24097382e+02 6.96865261e-01 4.95195099e+02 4.29810059e+02
    7.36838162e-01 5.06620453e+02 4.38379059e+02 7.63930440e-01
    5.17331726e+02 4.46233978e+02 7.87880123e-01 4.83055664e+02
    4.39093140e+02 6.58464015e-01 4.94481018e+02 4.53374847e+02
    8.10380638e-01 5.03050018e+02 4.67656525e+02 7.75239468e-01
    5.08048615e+02 4.79081879e+02 8.42135012e-01 4.67345825e+02
    4.41235413e+02 7.36375570e-01 4.78057068e+02 4.56231171e+02
    7.06370115e-01 4.88054260e+02 4.70512848e+02 7.70533681e-01
    4.95195099e+02 4.84080444e+02 8.89278471e-01 4.54492310e+02
    4.46233978e+02 6.91258729e-01 4.57348633e+02 4.58373413e+02
    6.97548628e-01 4.62347229e+02 4.74083282e+02 8.03240716e-01
    4.66631714e+02 4.86222717e+02 7.20298588e-01 4.38782440e+02
    4.48376251e+02 6.87369227e-01 4.38068359e+02 4.62657928e+02
    8.70244622e-01 4.39496521e+02 4.74083282e+02 7.34493494e-01
    4.43066956e+02 4.83366364e+02 7.73851693e-01</data></hand_right_0>
</opencv_storage>
