<?xml version="1.0"?>
<opencv_storage>
<hand_right_0 type_id="opencv-nd-matrix">
  <sizes>
    1 21 3</sizes>
  <dt>f</dt>
  <data>
    4.57845490e+02 3.92859558e+02 5.19953251e-01 4.76596893e+02
    3.98415527e+02 6.56877458e-01 4.95348267e+02 4.04665985e+02
    6.64219677e-01 5.06460175e+02 4.15777924e+02 7.92278111e-01
    5.16877625e+02 4.25500854e+02 8.18879545e-01 4.84236328e+02
    4.15083405e+02 7.13535547e-01 4.94653748e+02 4.29667816e+02
    7.99140811e-01 5.01598724e+02 4.43557739e+02 8.70337963e-01
    5.05765686e+02 4.53975159e+02 8.92900348e-01 4.69651917e+02
    4.19250397e+02 7.37675011e-01 4.77985870e+02 4.33834808e+02
    6.95649922e-01 4.87014313e+02 4.47724701e+02 7.07582951e-01
    4.94653748e+02 4.59531128e+02 8.73653412e-01 4.55067505e+02
    4.22028381e+02 7.09702671e-01 4.56456512e+02 4.34529297e+02
    6.29060507e-01 4.60623474e+02 4.49113708e+02 7.88534582e-01
    4.62706970e+02 4.60920135e+02 6.96556866e-01 4.39094116e+02
    4.21333862e+02 6.58985615e-01 4.39094116e+02 4.36612793e+02
    7.91363001e-01 4.39788605e+02 4.47724701e+02 7.75976419e-01
    4.43261108e+02 4.58836639e+02 7.42196202e-01</data></hand_right_0>
</opencv_storage>
