<?xml version="1.0"?>
<opencv_storage>
<hand_left_0 type_id="opencv-nd-matrix">
  <sizes>
    1 21 3</sizes>
  <dt>f</dt>
  <data>
    4.58111237e+02 3.95069824e+02 5.32478571e-01 4.46173615e+02
    4.07007477e+02 6.33711696e-01 4.37747040e+02 4.24562836e+02
    5.76886237e-01 4.36342590e+02 4.40011536e+02 5.98468304e-01
    4.16680603e+02 4.37904907e+02 4.19381738e-01 4.53195740e+02
    4.23860626e+02 6.13990724e-01 4.56706818e+02 4.40713745e+02
    3.16844612e-01 4.41960327e+02 4.49140320e+02 4.16148841e-01
    4.44066956e+02 4.58971313e+02 5.44411004e-01 4.68644440e+02
    4.19647339e+02 6.71967328e-01 4.79177673e+02 4.36500458e+02
    5.56304812e-01 4.65835602e+02 4.51949188e+02 3.65878999e-01
    4.63728943e+02 4.61780182e+02 5.51810145e-01 4.83390930e+02
    4.14731842e+02 6.65752530e-01 4.93924164e+02 4.32287170e+02
    6.82507992e-01 5.00244080e+02 4.43522614e+02 5.88173151e-01
    5.05159576e+02 4.53353607e+02 6.17211640e-01 4.96030792e+02
    4.06305267e+02 7.47741103e-01 5.05159576e+02 4.13327393e+02
    7.66952515e-01 5.12883911e+02 4.20349548e+02 8.01603377e-01
    5.18501648e+02 4.28776123e+02 7.51349807e-01</data></hand_left_0>
</opencv_storage>
