<?xml version="1.0"?>
<opencv_storage>
<hand_right_0 type_id="opencv-nd-matrix">
  <sizes>
    1 21 3</sizes>
  <dt>f</dt>
  <data>
    4.59017090e+02 3.83429840e+02 6.04935884e-01 4.75310333e+02
    3.89069824e+02 6.92947805e-01 4.92856934e+02 3.94709778e+02
    6.35049820e-01 5.04136871e+02 4.04736420e+02 7.87541628e-01
    5.15416809e+02 4.14136353e+02 8.56250048e-01 4.83456970e+02
    4.03483093e+02 6.86352968e-01 4.94110260e+02 4.19149658e+02
    7.25277364e-01 4.99750244e+02 4.33562927e+02 7.50017047e-01
    5.02883545e+02 4.44842865e+02 9.02016163e-01 4.69043701e+02
    4.05989746e+02 7.31774211e-01 4.77817017e+02 4.22909637e+02
    5.78435838e-01 4.84083649e+02 4.39829559e+02 6.05532765e-01
    4.79070343e+02 4.49856201e+02 6.33596420e-01 4.55883789e+02
    4.09123047e+02 6.12690330e-01 4.58390442e+02 4.19149658e+02
    6.59690082e-01 4.63403748e+02 4.36069580e+02 7.05178022e-01
    4.62777069e+02 4.49856201e+02 6.59137189e-01 4.43350494e+02
    4.11629700e+02 6.38110697e-01 4.42723846e+02 4.19776337e+02
    7.29377866e-01 4.42723846e+02 4.29176300e+02 7.36705005e-01
    4.43350494e+02 4.39829559e+02 8.33220303e-01</data></hand_right_0>
</opencv_storage>
