<?xml version="1.0"?>
<opencv_storage>
<hand_left_0 type_id="opencv-nd-matrix">
  <sizes>
    1 21 3</sizes>
  <dt>f</dt>
  <data>
    4.60225250e+02 4.03769043e+02 5.33833981e-01 4.45638550e+02
    4.16167786e+02 6.53553188e-01 4.36886505e+02 4.34401184e+02
    4.71191287e-01 4.26675781e+02 4.43882538e+02 4.01217699e-01
    4.14277069e+02 4.47529236e+02 7.50649333e-01 4.49285217e+02
    4.33671844e+02 5.09085119e-01 4.39803833e+02 4.45341217e+02
    6.84725642e-01 4.40533173e+02 4.57739929e+02 8.07524025e-01
    4.44179871e+02 4.68679993e+02 8.60784292e-01 4.65330627e+02
    4.30754486e+02 6.40737414e-01 4.61683929e+02 4.46070557e+02
    5.34097970e-01 4.63142609e+02 4.59927948e+02 6.25677347e-01
    4.64601288e+02 4.73056000e+02 8.01966190e-01 4.80646667e+02
    4.27107819e+02 6.20082080e-01 4.91586731e+02 4.43882538e+02
    6.21961236e-01 4.96692078e+02 4.57010590e+02 5.87062657e-01
    5.02526764e+02 4.67950653e+02 5.67254007e-01 4.97421417e+02
    4.20543793e+02 7.58319199e-01 5.06902771e+02 4.26378479e+02
    7.92809904e-01 5.14196167e+02 4.32942505e+02 8.72830629e-01
    5.19301514e+02 4.39506531e+02 7.92236447e-01</data></hand_left_0>
</opencv_storage>
