<?xml version="1.0"?>
<opencv_storage>
<hand_right_0 type_id="opencv-nd-matrix">
  <sizes>
    1 21 3</sizes>
  <dt>f</dt>
  <data>
    4.61426666e+02 3.84791412e+02 6.22472584e-01 4.78726135e+02
    3.91999512e+02 7.74492979e-01 4.96746429e+02 3.99928436e+02
    6.67090237e-01 5.07558594e+02 4.10740601e+02 8.27311695e-01
    5.19091553e+02 4.20831970e+02 8.44671309e-01 4.84492645e+02
    4.09298981e+02 7.01258719e-01 4.94583984e+02 4.25156830e+02
    7.25549340e-01 5.01071289e+02 4.39573059e+02 7.98479438e-01
    5.04675354e+02 4.50385254e+02 8.36829007e-01 4.70797211e+02
    4.12182220e+02 7.63999403e-01 4.78005341e+02 4.26598450e+02
    6.39088869e-01 4.84492645e+02 4.41735504e+02 7.73753762e-01
    4.90979950e+02 4.55430908e+02 7.98847318e-01 4.55660187e+02
    4.14344666e+02 7.11740017e-01 4.59264221e+02 4.28760895e+02
    7.08306670e-01 4.61426666e+02 4.43177124e+02 7.97893107e-01
    4.64309906e+02 4.58314178e+02 7.58336961e-01 4.41243958e+02
    4.17227905e+02 7.18435347e-01 4.41964752e+02 4.30923340e+02
    7.93980002e-01 4.42685577e+02 4.41735504e+02 7.66801000e-01
    4.46289612e+02 4.52547668e+02 6.70546353e-01</data></hand_right_0>
</opencv_storage>
