<?xml version="1.0"?>
<opencv_storage>
<pose_0 type_id="opencv-nd-matrix">
  <sizes>
    1 18 3</sizes>
  <dt>f</dt>
  <data>
    4.18732971e+02 1.31163559e+02 8.81689429e-01 4.38248108e+02
    9.00092163e+01 7.86429107e-01 3.50157135e+02 9.78191986e+01
    7.63598323e-01 4.04998749e+02 2.58267181e+02 8.34032238e-01
    4.59782776e+02 3.97103638e+02 8.38675857e-01 5.36109192e+02
    8.80441895e+01 7.11098254e-01 5.08748840e+02 2.68068939e+02
    8.38514209e-01 4.93045502e+02 4.12824432e+02 6.19175196e-01
    3.77573700e+02 2.93470001e+02 4.47283924e-01 3.32633453e+02
    4.42143127e+02 5.42746425e-01 3.01316467e+02 4.91059540e+02
    8.19732025e-02 4.75409515e+02 2.99345184e+02 4.67189521e-01
    5.16512756e+02 4.10876617e+02 1.11241721e-01 0. 0. 0. 3.99126068e+02
    1.13445076e+02 7.71911621e-01 4.40187378e+02 1.05699547e+02
    7.39581645e-01 3.69797516e+02 7.82597504e+01 1.67803854e-01
    4.79365387e+02 5.48009300e+01 7.37251103e-01</data></pose_0>
</opencv_storage>
