<?xml version="1.0"?>
<opencv_storage>
<hand_left_0 type_id="opencv-nd-matrix">
  <sizes>
    1 21 3</sizes>
  <dt>f</dt>
  <data>
    4.58307037e+02 4.17787506e+02 5.13137937e-01 4.45795074e+02
    4.30299469e+02 5.93166709e-01 4.36227142e+02 4.47227386e+02
    4.14534032e-01 4.31811157e+02 4.59003326e+02 4.23959762e-01
    4.15619202e+02 4.59003326e+02 7.45699048e-01 4.48739075e+02
    4.43547394e+02 5.61649263e-01 4.39907104e+02 4.53851349e+02
    7.15898514e-01 4.40643097e+02 4.66363312e+02 7.00570762e-01
    4.42851105e+02 4.77403259e+02 8.09777796e-01 4.64931000e+02
    4.41339417e+02 6.46694481e-01 4.59043030e+02 4.54587341e+02
    4.79766428e-01 4.63459015e+02 4.68571289e+02 6.42332375e-01
    4.65666992e+02 4.81083252e+02 7.81780124e-01 4.81858948e+02
    4.36187439e+02 6.53653204e-01 4.92898895e+02 4.53115356e+02
    6.61382914e-01 4.99522858e+02 4.65627319e+02 6.45483375e-01
    5.04674835e+02 4.77403259e+02 6.53235912e-01 4.95106873e+02
    4.28827454e+02 6.53464735e-01 5.05410828e+02 4.34715424e+02
    8.28354120e-01 5.11298798e+02 4.39867401e+02 8.37812901e-01
    5.17186768e+02 4.47227386e+02 7.83285737e-01</data></hand_left_0>
</opencv_storage>
