<?xml version="1.0"?>
<opencv_storage>
<hand_right_0 type_id="opencv-nd-matrix">
  <sizes>
    1 21 3</sizes>
  <dt>f</dt>
  <data>
    4.59814850e+02 3.85600861e+02 5.62840343e-01 4.76696075e+02
    3.91227936e+02 7.30782151e-01 4.95687469e+02 3.96151642e+02
    6.67681158e-01 5.09051788e+02 4.03888855e+02 8.55284691e-01
    5.21009338e+02 4.11626099e+02 8.32250893e-01 4.85840088e+02
    4.05999023e+02 6.42943859e-01 4.94984100e+02 4.20066711e+02
    7.58447051e-01 5.04128113e+02 4.32727661e+02 8.34509790e-01
    5.08348419e+02 4.43278412e+02 8.90305936e-01 4.69662231e+02
    4.09515961e+02 7.27233589e-01 4.78102844e+02 4.21473480e+02
    6.78394854e-01 4.87950256e+02 4.36947968e+02 7.28738010e-01
    4.97094238e+02 4.48905487e+02 8.32425892e-01 4.54187775e+02
    4.13032867e+02 6.42463923e-01 4.59111481e+02 4.24287018e+02
    7.05025733e-01 4.63331787e+02 4.37651337e+02 7.97457218e-01
    4.65441925e+02 4.51015656e+02 6.92180336e-01 4.39416687e+02
    4.15143036e+02 6.91419899e-01 4.40120087e+02 4.27100555e+02
    7.85810709e-01 4.42933624e+02 4.38354736e+02 7.79151380e-01
    4.46450531e+02 4.48202118e+02 7.43462026e-01</data></hand_right_0>
</opencv_storage>
