<?xml version="1.0"?>
<opencv_storage>
<hand_left_0 type_id="opencv-nd-matrix">
  <sizes>
    1 21 3</sizes>
  <dt>f</dt>
  <data>
    4.56817810e+02 4.05827057e+02 5.47988892e-01 4.44658081e+02
    4.18702087e+02 6.04820967e-01 4.36074707e+02 4.40160492e+02
    4.45697844e-01 4.30352478e+02 4.50889679e+02 3.72078985e-01
    4.13901062e+02 4.47313263e+02 5.49088776e-01 4.50380310e+02
    4.34438232e+02 4.84449267e-01 4.39651123e+02 4.45882721e+02
    5.66038907e-01 4.40366394e+02 4.58757751e+02 6.23748541e-01
    4.42512238e+02 4.69486938e+02 7.62362421e-01 4.65401184e+02
    4.30146576e+02 6.34446800e-01 4.58963654e+02 4.47313263e+02
    4.48362142e-01 4.63255341e+02 4.62334137e+02 5.84657788e-01
    4.60394226e+02 4.74493896e+02 6.95670664e-01 4.81852600e+02
    4.25139618e+02 6.40769482e-01 4.92581787e+02 4.40875763e+02
    5.84961057e-01 4.97588745e+02 4.53750793e+02 5.13952374e-01
    5.04026276e+02 4.63764709e+02 5.74539006e-01 4.97588745e+02
    4.17271545e+02 6.83537841e-01 5.06172119e+02 4.22278503e+02
    6.86465621e-01 5.14755432e+02 4.28000732e+02 7.41015911e-01
    5.17616577e+02 4.34438232e+02 6.14262760e-01</data></hand_left_0>
</opencv_storage>
