<?xml version="1.0"?>
<opencv_storage>
<hand_right_0 type_id="opencv-nd-matrix">
  <sizes>
    1 21 3</sizes>
  <dt>f</dt>
  <data>
    4.59576447e+02 3.85330200e+02 5.51950097e-01 4.76175629e+02
    3.94321411e+02 7.18581557e-01 4.94849731e+02 4.01237732e+02
    6.63619697e-01 5.07299103e+02 4.11612244e+02 7.95466483e-01
    5.19056885e+02 4.21986725e+02 8.29662025e-01 4.85166870e+02
    4.10920593e+02 6.36551082e-01 4.93466461e+02 4.24061615e+02
    7.38835812e-01 5.01766052e+02 4.39277557e+02 8.05030823e-01
    5.04532593e+02 4.49652039e+02 8.68094385e-01 4.69950958e+02
    4.12995514e+02 7.47210801e-01 4.76867279e+02 4.27519775e+02
    6.67382717e-01 4.84475220e+02 4.40660797e+02 7.21461475e-01
    4.92083191e+02 4.54493469e+02 8.18180382e-01 4.54735016e+02
    4.16453674e+02 6.15375876e-01 4.56809937e+02 4.27519775e+02
    6.91662431e-01 4.59576447e+02 4.44118988e+02 8.33922386e-01
    4.62342987e+02 4.56568359e+02 7.35717952e-01 4.40210724e+02
    4.16453674e+02 6.71116233e-01 4.39519104e+02 4.29594696e+02
    7.83951938e-01 4.40210724e+02 4.41352448e+02 7.28174210e-01
    4.43668884e+02 4.53801819e+02 6.47145987e-01</data></hand_right_0>
</opencv_storage>
