<?xml version="1.0"?>
<opencv_storage>
<hand_right_0 type_id="opencv-nd-matrix">
  <sizes>
    1 21 3</sizes>
  <dt>f</dt>
  <data>
    4.61779327e+02 4.29778473e+02 6.71160936e-01 4.79637421e+02
    4.36552216e+02 6.81361377e-01 4.99958710e+02 4.46404968e+02
    7.78155923e-01 5.07964050e+02 4.59336700e+02 7.30404079e-01
    5.17816772e+02 4.67957855e+02 7.68910646e-01 4.87642761e+02
    4.53178741e+02 7.28345990e-01 4.95032318e+02 4.69189453e+02
    7.82767892e-01 5.01190277e+02 4.83352753e+02 7.94873834e-01
    5.03037689e+02 4.93821289e+02 9.33999598e-01 4.72863647e+02
    4.54410339e+02 7.55358636e-01 4.80869019e+02 4.73500031e+02
    5.47549486e-01 4.85795380e+02 4.87047546e+02 6.27782881e-01
    4.87642761e+02 4.95052887e+02 5.33163965e-01 4.58084534e+02
    4.58720886e+02 7.36646533e-01 4.59316132e+02 4.74115814e+02
    3.83977234e-01 4.60547729e+02 4.86431732e+02 5.04885435e-01
    4.57468750e+02 4.98131866e+02 6.17937803e-01 4.43305420e+02
    4.57489319e+02 6.84031665e-01 4.40226440e+02 4.66110443e+02
    6.84524417e-01 4.38379059e+02 4.74115814e+02 7.49805033e-01
    4.38379059e+02 4.83968567e+02 7.94420719e-01</data></hand_right_0>
</opencv_storage>
