<?xml version="1.0"?>
<opencv_storage>
<hand_right_0 type_id="opencv-nd-matrix">
  <sizes>
    1 21 3</sizes>
  <dt>f</dt>
  <data>
    4.60702026e+02 4.13618561e+02 5.56412578e-01 4.78087585e+02
    4.19877350e+02 7.01701999e-01 4.98950226e+02 4.28917847e+02
    7.19560146e-01 5.10076965e+02 4.37262909e+02 7.48899758e-01
    5.18421997e+02 4.46303375e+02 7.52851129e-01 4.86432617e+02
    4.35872070e+02 6.71634316e-01 4.94777679e+02 4.51866760e+02
    7.48639405e-01 5.01731903e+02 4.64384338e+02 8.00141573e-01
    5.05904419e+02 4.74815674e+02 8.93582523e-01 4.71133362e+02
    4.37958313e+02 7.54958630e-01 4.77392151e+02 4.52562164e+02
    6.75905645e-01 4.85041779e+02 4.67166016e+02 7.60821760e-01
    4.93386841e+02 4.80379028e+02 9.28260148e-01 4.55138672e+02
    4.41435425e+02 7.19987631e-01 4.58615753e+02 4.52562164e+02
    6.86325908e-01 4.60702026e+02 4.67861450e+02 8.44624221e-01
    4.65569977e+02 4.80379028e+02 8.67242098e-01 4.40534821e+02
    4.41435425e+02 6.83187246e-01 4.38448547e+02 4.55343872e+02
    8.43952060e-01 4.39839386e+02 4.65775177e+02 7.20492244e-01
    4.43316498e+02 4.75511078e+02 7.85244346e-01</data></hand_right_0>
</opencv_storage>
