<?xml version="1.0"?>
<opencv_storage>
<pose_0 type_id="opencv-nd-matrix">
  <sizes>
    1 18 3</sizes>
  <dt>f</dt>
  <data>
    4.77440521e+02 1.62398087e+02 7.12899804e-01 4.77337067e+02
    9.97902679e+01 8.29282820e-01 3.79528473e+02 9.58951035e+01
    6.66729510e-01 4.14888092e+02 2.85675385e+02 7.30605721e-01
    4.59816345e+02 4.14801483e+02 8.72621953e-01 5.79136108e+02
    1.15416023e+02 6.51715398e-01 5.32192993e+02 3.03214478e+02
    7.63093472e-01 4.96963257e+02 4.22637665e+02 5.88520527e-01
    3.79516907e+02 3.01298187e+02 3.97423238e-01 3.22851929e+02
    4.46078766e+02 2.83238739e-01 0. 0. 0. 4.87199310e+02 3.14980621e+02
    4.21895027e-01 5.41977173e+02 4.57830444e+02 1.07241720e-01 0. 0. 0.
    4.65682312e+02 1.42822678e+02 6.22943163e-01 4.96953430e+02
    1.46686295e+02 5.69783390e-01 4.14827759e+02 7.04945831e+01
    4.17658091e-01 5.24341003e+02 7.04276352e+01 2.37449989e-01</data></pose_0>
</opencv_storage>
