<?xml version="1.0"?>
<opencv_storage>
<hand_left_0 type_id="opencv-nd-matrix">
  <sizes>
    1 21 3</sizes>
  <dt>f</dt>
  <data>
    4.58954437e+02 3.92947144e+02 5.50727606e-01 4.47502747e+02
    4.06546021e+02 6.17506564e-01 4.37482513e+02 4.23723541e+02
    5.23792684e-01 4.27462311e+02 4.30165131e+02 3.65832329e-01
    4.18873535e+02 4.33028046e+02 6.15020335e-01 4.51797119e+02
    4.20144897e+02 5.32418430e-01 4.42492645e+02 4.32312317e+02
    6.03439391e-01 4.43208374e+02 4.44479706e+02 7.19685316e-01
    4.47502747e+02 4.55215668e+02 8.04120004e-01 4.66827454e+02
    4.15134796e+02 6.34645939e-01 4.60385895e+02 4.31596588e+02
    5.11951208e-01 4.64680267e+02 4.44479706e+02 6.74610913e-01
    4.65395996e+02 4.56647125e+02 7.87934601e-01 4.82573517e+02
    4.10124664e+02 6.32130980e-01 4.93309479e+02 4.26586456e+02
    5.19164562e-01 4.89730804e+02 4.42332520e+02 5.50791979e-01
    4.95456665e+02 4.53784210e+02 6.02810323e-01 4.99035309e+02
    4.02967377e+02 7.35979319e-01 5.06908325e+02 4.07261749e+02
    7.39349902e-01 5.14781372e+02 4.12987610e+02 8.04533184e-01
    5.19791504e+02 4.17997711e+02 7.12201715e-01</data></hand_left_0>
</opencv_storage>
