<?xml version="1.0"?>
<opencv_storage>
<pose_0 type_id="opencv-nd-matrix">
  <sizes>
    1 18 3</sizes>
  <dt>f</dt>
  <data>
    4.89113129e+02 1.09549911e+02 6.66178942e-01 4.67607239e+02
    7.04335785e+01 7.38527775e-01 3.67801178e+02 6.85337906e+01
    6.67354584e-01 4.12839508e+02 2.58194092e+02 7.95920312e-01
    4.59659576e+02 3.83434570e+02 8.55390012e-01 5.71303162e+02
    8.40884171e+01 6.87658250e-01 5.26378601e+02 2.71924377e+02
    7.48631001e-01 4.93101776e+02 3.97102203e+02 5.88367939e-01
    3.81537018e+02 2.91514008e+02 4.35663432e-01 3.26725189e+02
    4.30421631e+02 4.56284702e-01 2.17184311e+02 4.93065552e+02
    1.35897040e-01 4.91092010e+02 3.05240051e+02 4.15907145e-01
    5.24320374e+02 3.93264526e+02 6.61305040e-02 0. 0. 0. 4.77335541e+02
    8.60584259e+01 6.14798009e-01 5.08682037e+02 8.41211472e+01
    6.95602119e-01 4.14753510e+02 2.34552860e+01 6.87581182e-01
    5.38051453e+02 2.15501785e+01 1.43107176e-01</data></pose_0>
</opencv_storage>
