<?xml version="1.0"?>
<opencv_storage>
<pose_0 type_id="opencv-nd-matrix">
  <sizes>
    1 18 3</sizes>
  <dt>f</dt>
  <data>
    4.34322876e+02 1.15380219e+02 7.99552023e-01 4.63695770e+02
    7.62794113e+01 7.57608712e-01 3.69820831e+02 7.23688583e+01
    7.31426418e-01 4.16715271e+02 2.62147308e+02 7.19201148e-01
    4.59780670e+02 3.93233124e+02 8.50761533e-01 5.71288513e+02
    8.99896545e+01 6.36655927e-01 5.28294922e+02 2.75867096e+02
    7.34994292e-01 4.95045013e+02 3.99184265e+02 6.04572117e-01
    3.81460266e+02 2.89593597e+02 4.22080427e-01 3.24791138e+02
    4.32393768e+02 3.53869945e-01 2.87577698e+02 4.79365112e+02
    1.06383465e-01 4.89137878e+02 3.07160889e+02 4.05080974e-01
    5.40001526e+02 4.30422363e+02 5.35266027e-02 0. 0. 0. 4.14848694e+02
    8.80515366e+01 7.82839358e-01 4.57773010e+02 9.19672165e+01
    7.06526995e-01 3.95148773e+02 6.65160828e+01 8.81445557e-02
    5.06785889e+02 4.30605011e+01 7.35126853e-01</data></pose_0>
</opencv_storage>
