<?xml version="1.0"?>
<opencv_storage>
<hand_right_0 type_id="opencv-nd-matrix">
  <sizes>
    1 21 3</sizes>
  <dt>f</dt>
  <data>
    4.60412354e+02 3.99553650e+02 6.06862962e-01 4.79681519e+02
    4.05976715e+02 7.00059175e-01 5.00378052e+02 4.15254456e+02
    7.23633528e-01 5.11083130e+02 4.23104858e+02 6.47600234e-01
    5.21074585e+02 4.31668945e+02 7.11371601e-01 4.85390900e+02
    4.20963837e+02 6.14642024e-01 4.94668640e+02 4.35950989e+02
    7.73934126e-01 5.02519043e+02 4.49510773e+02 8.38679135e-01
    5.05373749e+02 4.60929535e+02 8.83299887e-01 4.70403778e+02
    4.23104858e+02 7.36060739e-01 4.77540497e+02 4.38805664e+02
    6.80103302e-01 4.85390900e+02 4.54506500e+02 6.80755556e-01
    4.93954987e+02 4.66638916e+02 8.90233397e-01 4.53989288e+02
    4.26673248e+02 6.73676848e-01 4.58984985e+02 4.38805664e+02
    6.96248412e-01 4.61839691e+02 4.55220154e+02 7.73479044e-01
    4.65408051e+02 4.67352600e+02 8.22179735e-01 4.39002136e+02
    4.26673248e+02 6.46037817e-01 4.37574799e+02 4.41660370e+02
    7.90903986e-01 4.41143158e+02 4.53079132e+02 7.35321224e-01
    4.43284180e+02 4.63070557e+02 7.93503225e-01</data></hand_right_0>
</opencv_storage>
