<?xml version="1.0"?>
<opencv_storage>
<pose_0 type_id="opencv-nd-matrix">
  <sizes>
    1 18 3</sizes>
  <dt>f</dt>
  <data>
    4.71546906e+02 1.05661201e+02 7.42208660e-01 4.73488220e+02
    7.24147568e+01 7.62348652e-01 3.73704681e+02 6.84799042e+01
    6.76214039e-01 4.16782654e+02 2.58247284e+02 7.40153015e-01
    4.59758331e+02 3.93215881e+02 8.30738544e-01 5.71341858e+02
    8.60371094e+01 7.04450667e-01 5.26285034e+02 2.73958557e+02
    7.98913598e-01 4.93076965e+02 4.03010345e+02 5.48466444e-01
    3.81465424e+02 2.97399811e+02 3.93123031e-01 3.22824524e+02
    4.42151520e+02 3.20384830e-01 2.81734650e+02 4.85197601e+02
    1.00261278e-01 4.93001221e+02 3.09141205e+02 4.19471830e-01
    5.49745300e+02 4.30456848e+02 9.24763083e-02 0. 0. 0. 4.55894348e+02
    8.60276718e+01 6.74546361e-01 4.91133270e+02 8.41328430e+01
    7.69802213e-01 4.20616150e+02 5.08923683e+01 1.70912459e-01 0. 0. 0.</data></pose_0>
</opencv_storage>
