<?xml version="1.0"?>
<opencv_storage>
<pose_0 type_id="opencv-nd-matrix">
  <sizes>
    2 18 3</sizes>
  <dt>f</dt>
  <data>
    4.96993683e+02 1.48762100e+02 7.40877748e-01 4.73435791e+02
    9.00113144e+01 8.09240222e-01 3.67870026e+02 8.60817261e+01
    6.71234846e-01 4.14758514e+02 2.75866913e+02 7.64899075e-01
    4.59758392e+02 4.03036865e+02 8.64910603e-01 5.71342163e+02
    9.98016357e+01 6.58965111e-01 5.28276367e+02 2.89637177e+02
    7.64430463e-01 4.94988281e+02 4.14773529e+02 5.39473832e-01
    3.79569183e+02 2.91516449e+02 4.13009733e-01 3.22876556e+02
    4.32391907e+02 4.58349168e-01 2.75870117e+02 4.87181641e+02
    8.13173354e-02 4.87165680e+02 3.05250336e+02 4.35829043e-01
    5.41960266e+02 4.44106110e+02 1.16749853e-01 0. 0. 0. 4.91048645e+02
    1.33005081e+02 7.62361526e-01 5.12606140e+02 1.33127548e+02
    4.65664536e-01 4.30448456e+02 7.04947510e+01 4.65577692e-01
    5.39822510e+02 8.21038971e+01 5.39914519e-02 0. 0. 0. 0. 0. 0. 0. 0.
    0. 0. 0. 0. 0. 0. 0. 0. 0. 0. 0. 0. 0. 0. 0. 0. 0. 0. 0. 0. 0. 0. 0.
    0. 0. 6.98469788e+02 4.87162292e+02 7.14639127e-02 9.66545776e+02
    5.24312317e+02 1.29224300e-01 1.11719397e+03 5.28275085e+02
    2.75710225e-01 0. 0. 0. 0. 0. 0. 0. 0. 0. 0. 0. 0.</data></pose_0>
</opencv_storage>
