<?xml version="1.0"?>
<opencv_storage>
<hand_right_0 type_id="opencv-nd-matrix">
  <sizes>
    1 21 3</sizes>
  <dt>f</dt>
  <data>
    4.58944519e+02 3.86876862e+02 5.51996350e-01 4.76114807e+02
    3.93315735e+02 7.39205301e-01 4.95431366e+02 3.99754578e+02
    6.39565647e-01 5.07593658e+02 4.09770569e+02 8.06485057e-01
    5.19755920e+02 4.20501984e+02 8.00767481e-01 4.85415375e+02
    4.10485992e+02 6.29964888e-01 4.94715942e+02 4.24079132e+02
    6.99419856e-01 5.02585663e+02 4.38387695e+02 8.29830766e-01
    5.06162781e+02 4.48403687e+02 8.55630696e-01 4.69675934e+02
    4.12632294e+02 7.10578978e-01 4.77545654e+02 4.27656281e+02
    7.10501730e-01 4.86846222e+02 4.40533997e+02 6.81776524e-01
    4.94000519e+02 4.53411713e+02 8.48131359e-01 4.53936523e+02
    4.16209442e+02 7.12790966e-01 4.58229095e+02 4.27656281e+02
    6.98418677e-01 4.61090820e+02 4.44111145e+02 7.96496749e-01
    4.65383392e+02 4.56273407e+02 7.55883574e-01 4.38912537e+02
    4.16209442e+02 6.97390258e-01 4.40343384e+02 4.31948853e+02
    8.02575529e-01 4.42489685e+02 4.44111145e+02 7.54535079e-01
    4.47497681e+02 4.55557983e+02 8.06147575e-01</data></hand_right_0>
</opencv_storage>
