<?xml version="1.0"?>
<opencv_storage>
<hand_right_0 type_id="opencv-nd-matrix">
  <sizes>
    1 21 3</sizes>
  <dt>f</dt>
  <data>
    4.63599670e+02 4.29870087e+02 6.43575668e-01 4.81348389e+02
    4.35786316e+02 6.85668707e-01 5.00871979e+02 4.45843933e+02
    7.66403675e-01 5.08563110e+02 4.59451263e+02 7.34336257e-01
    5.19803955e+02 4.64775879e+02 8.28972697e-01 4.88447876e+02
    4.51760162e+02 7.10059822e-01 4.97322235e+02 4.72467010e+02
    7.43102551e-01 5.02055237e+02 4.83116241e+02 7.30202556e-01
    5.02055237e+02 4.92582214e+02 8.23815584e-01 4.73065674e+02
    4.54126648e+02 7.72740841e-01 4.80756775e+02 4.68917267e+02
    6.54992521e-01 4.86673004e+02 4.83116241e+02 5.70204496e-01
    4.88447876e+02 4.92582214e+02 5.37489235e-01 4.58866699e+02
    4.55309906e+02 7.61548936e-01 4.60049927e+02 4.66550751e+02
    5.31252921e-01 4.64191315e+02 4.78974854e+02 6.52310252e-01
    4.63599670e+02 4.89032471e+02 6.34199083e-01 4.45259338e+02
    4.56493164e+02 6.75712407e-01 4.42301208e+02 4.64184265e+02
    7.24311650e-01 4.41117981e+02 4.71875366e+02 6.63998723e-01
    4.41709595e+02 4.80158112e+02 6.51717722e-01</data></hand_right_0>
</opencv_storage>
