<?xml version="1.0"?>
<opencv_storage>
<hand_left_0 type_id="opencv-nd-matrix">
  <sizes>
    1 21 3</sizes>
  <dt>f</dt>
  <data>
    4.64777588e+02 4.35769196e+02 5.01621902e-01 4.53626984e+02
    4.45159180e+02 5.24709880e-01 4.45997620e+02 4.56896667e+02
    6.03128612e-01 4.41302612e+02 4.71568512e+02 7.20711708e-01
    4.18414551e+02 4.75676636e+02 5.19031703e-01 4.61256348e+02
    4.57483551e+02 4.22360599e-01 4.57735107e+02 4.76850372e+02
    5.60934722e-01 4.58908844e+02 4.88000977e+02 6.21691167e-01
    4.58908844e+02 4.91522247e+02 4.38034624e-01 4.76515076e+02
    4.54549164e+02 5.68930089e-01 4.74754456e+02 4.75089752e+02
    4.24014002e-01 4.75928192e+02 4.80958496e+02 4.26452875e-01
    4.87078796e+02 4.93869720e+02 5.54628015e-01 4.91773773e+02
    4.53375427e+02 5.88743627e-01 5.00576904e+02 4.66286652e+02
    4.68628407e-01 5.09966888e+02 4.78024139e+02 5.37809610e-01
    5.02337524e+02 4.90348480e+02 6.14580274e-01 5.03511261e+02
    4.48680450e+02 7.52208591e-01 5.13488098e+02 4.58070404e+02
    6.99131727e-01 5.20530579e+02 4.63352295e+02 7.51442075e-01
    5.25812500e+02 4.68634155e+02 7.79073656e-01</data></hand_left_0>
</opencv_storage>
