<?xml version="1.0"?>
<opencv_storage>
<pose_0 type_id="opencv-nd-matrix">
  <sizes>
    1 18 3</sizes>
  <dt>f</dt>
  <data>
    5.00862518e+02 1.17385124e+02 8.16284895e-01 4.61730865e+02
    7.82312469e+01 7.22141206e-01 3.65840302e+02 8.01756058e+01
    6.44764721e-01 4.10899414e+02 2.62155914e+02 7.12276459e-01
    4.59682281e+02 3.93282837e+02 8.57141018e-01 5.69367432e+02
    8.61598511e+01 6.68571174e-01 5.24377136e+02 2.81750671e+02
    7.22873569e-01 4.93082520e+02 4.01118927e+02 5.62935233e-01
    3.79560364e+02 2.93496094e+02 4.17462051e-01 3.24810333e+02
    4.30408051e+02 5.23476183e-01 2.71974670e+02 4.87191254e+02
    8.03728402e-02 4.91044464e+02 3.09131409e+02 4.25410062e-01
    5.49744446e+02 4.24571838e+02 9.52567905e-02 0. 0. 0. 4.89145325e+02
    9.77675171e+01 7.55287647e-01 5.18504883e+02 9.58606033e+01
    6.56482100e-01 4.28437897e+02 4.69829597e+01 5.76677442e-01 0. 0. 0.</data></pose_0>
</opencv_storage>
