<?xml version="1.0"?>
<opencv_storage>
<hand_right_0 type_id="opencv-nd-matrix">
  <sizes>
    1 21 3</sizes>
  <dt>f</dt>
  <data>
    4.57104309e+02 3.90731812e+02 5.46637416e-01 4.74139587e+02
    3.95700439e+02 6.82231486e-01 4.92594452e+02 4.00669067e+02
    7.05443323e-01 5.05370911e+02 4.08476898e+02 7.77856171e-01
    5.17437561e+02 4.17704346e+02 8.00481081e-01 4.83367035e+02
    4.12025909e+02 6.91486955e-01 4.94723877e+02 4.26221985e+02
    7.33066082e-01 5.02531708e+02 4.39708221e+02 8.35779548e-01
    5.06790527e+02 4.48225861e+02 8.20077956e-01 4.69170959e+02
    4.16994537e+02 7.51655698e-01 4.77688599e+02 4.30480804e+02
    6.42104864e-01 4.86916046e+02 4.43257263e+02 6.91519380e-01
    4.96143494e+02 4.54614105e+02 8.53497982e-01 4.52845490e+02
    4.19123932e+02 6.77638233e-01 4.56394501e+02 4.32610199e+02
    6.83533609e-01 4.59943512e+02 4.46806274e+02 7.74256766e-01
    4.64202332e+02 4.59582733e+02 7.06748664e-01 4.37939606e+02
    4.20543549e+02 6.67004764e-01 4.37939606e+02 4.34739624e+02
    8.25759590e-01 4.40778839e+02 4.46806274e+02 7.50940681e-01
    4.45747437e+02 4.58163116e+02 7.66970694e-01</data></hand_right_0>
</opencv_storage>
