<?xml version="1.0"?>
<opencv_storage>
<hand_right_0 type_id="opencv-nd-matrix">
  <sizes>
    1 21 3</sizes>
  <dt>f</dt>
  <data>
    4.56990601e+02 4.20909241e+02 6.07994735e-01 4.75165161e+02
    4.26210144e+02 6.84844077e-01 4.95611542e+02 4.33025604e+02
    7.36611068e-01 5.07727905e+02 4.41355621e+02 7.68137872e-01
    5.19086975e+02 4.45141968e+02 6.94632113e-01 4.83495148e+02
    4.40598328e+02 6.21197641e-01 4.95611542e+02 4.57258331e+02
    8.48306358e-01 5.03184265e+02 4.70131989e+02 8.45193028e-01
    5.07727905e+02 4.79976532e+02 9.13203716e-01 4.68349701e+02
    4.44384705e+02 7.26115406e-01 4.78194244e+02 4.58772888e+02
    6.97741091e-01 4.88038788e+02 4.73161072e+02 8.07664156e-01
    4.97126068e+02 4.85277435e+02 8.98070574e-01 4.53204254e+02
    4.49685608e+02 7.26184309e-01 4.58505157e+02 4.61044708e+02
    7.02065647e-01 4.63048798e+02 4.76947449e+02 7.88061738e-01
    4.75922424e+02 4.86034698e+02 5.82623720e-01 4.39573334e+02
    4.54229248e+02 6.75477564e-01 4.36544250e+02 4.65588348e+02
    7.69868135e-01 4.40330597e+02 4.75432892e+02 7.53786325e-01
    4.42602417e+02 4.86034698e+02 7.78129935e-01</data></hand_right_0>
</opencv_storage>
