<?xml version="1.0"?>
<opencv_storage>
<hand_left_0 type_id="opencv-nd-matrix">
  <sizes>
    1 21 3</sizes>
  <dt>f</dt>
  <data>
    4.61666565e+02 3.97416565e+02 5.13501048e-01 4.49189758e+02
    4.09200226e+02 6.29991233e-01 4.38792419e+02 4.25835968e+02
    4.98692393e-01 4.29088226e+02 4.34847015e+02 5.90486586e-01
    4.15918243e+02 4.38312805e+02 7.70722330e-01 4.53348694e+02
    4.24449677e+02 5.66175580e-01 4.42258179e+02 4.36926483e+02
    5.66683352e-01 4.43644501e+02 4.48710144e+02 6.62005067e-01
    4.45723969e+02 4.59800629e+02 7.76250243e-01 4.67211823e+02
    4.20290741e+02 6.57294631e-01 4.62359711e+02 4.36926483e+02
    4.57794338e-01 4.63052887e+02 4.50096436e+02 6.61646426e-01
    4.64439178e+02 4.63959564e+02 7.81666756e-01 4.83847565e+02
    4.15438629e+02 6.55425012e-01 4.93551758e+02 4.31381226e+02
    5.17363191e-01 4.90779114e+02 4.48016968e+02 5.39481759e-01
    4.92165436e+02 4.59800629e+02 6.12389088e-01 4.99790161e+02
    4.09200226e+02 7.35404909e-01 5.08801178e+02 4.14745483e+02
    7.05119789e-01 5.15732727e+02 4.20290741e+02 7.57408798e-01
    5.21278015e+02 4.26529144e+02 7.14729905e-01</data></hand_left_0>
</opencv_storage>
