<?xml version="1.0"?>
<opencv_storage>
<hand_left_0 type_id="opencv-nd-matrix">
  <sizes>
    1 21 3</sizes>
  <dt>f</dt>
  <data>
    4.57027161e+02 4.16906677e+02 4.81616974e-01 4.44654419e+02
    4.29279449e+02 6.01193726e-01 4.36648499e+02 4.46746857e+02
    4.53442156e-01 4.30098206e+02 4.57664001e+02 4.44381624e-01
    4.14086395e+02 4.57664001e+02 7.28148103e-01 4.46837830e+02
    4.40924377e+02 4.74090874e-01 4.39559753e+02 4.54024963e+02
    6.46519005e-01 4.41015350e+02 4.67125549e+02 6.90915704e-01
    4.42470978e+02 4.77314880e+02 7.66285837e-01 4.64305267e+02
    4.38740967e+02 6.39044523e-01 4.59210602e+02 4.54024963e+02
    4.69541192e-01 4.64305267e+02 4.69308960e+02 6.24260783e-01
    4.65033081e+02 4.80226105e+02 7.14754105e-01 4.81772705e+02
    4.34374115e+02 6.55498683e-01 4.92689850e+02 4.50385925e+02
    5.99715710e-01 4.99240112e+02 4.62030884e+02 6.13758802e-01
    5.04334778e+02 4.73675812e+02 6.28454924e-01 4.96328888e+02
    4.24912567e+02 6.79184556e-01 5.05062592e+02 4.30007263e+02
    7.78759837e-01 5.11612885e+02 4.35101929e+02 8.24215055e-01
    5.16707581e+02 4.40924377e+02 7.29876876e-01</data></hand_left_0>
</opencv_storage>
