<?xml version="1.0"?>
<opencv_storage>
<pose_0 type_id="opencv-nd-matrix">
  <sizes>
    1 18 3</sizes>
  <dt>f</dt>
  <data>
    4.71507599e+02 1.13462196e+02 8.39052439e-01 4.50061951e+02
    7.23654327e+01 7.59382486e-01 3.63929749e+02 7.05174942e+01
    7.29543924e-01 4.14827148e+02 2.42583221e+02 8.22539866e-01
    4.59775330e+02 3.79561432e+02 7.96747088e-01 5.49755005e+02
    8.21644058e+01 7.03361213e-01 5.10713623e+02 2.56220184e+02
    8.18616509e-01 4.92975494e+02 3.95180908e+02 5.66200495e-01
    3.79528625e+02 2.75882050e+02 4.22337234e-01 3.32589050e+02
    4.32410522e+02 4.71032143e-01 3.01308929e+02 4.89113037e+02
    6.09842390e-02 4.73484070e+02 2.81760193e+02 4.69420016e-01
    5.16512024e+02 3.89370667e+02 9.99882072e-02 0. 0. 0. 4.55856934e+02
    8.80554581e+01 7.46467710e-01 4.91108673e+02 8.61706467e+01
    8.92484665e-01 4.01113434e+02 4.11458893e+01 8.09392691e-01
    5.22295471e+02 3.32601585e+01 4.11729276e-01</data></pose_0>
</opencv_storage>
