<?xml version="1.0"?>
<opencv_storage>
<hand_right_0 type_id="opencv-nd-matrix">
  <sizes>
    2 21 3</sizes>
  <dt>f</dt>
  <data>
    4.60213226e+02 4.07032349e+02 5.65561831e-01 4.77472229e+02
    4.13504456e+02 7.15397120e-01 4.99045990e+02 4.22133972e+02
    6.69838071e-01 5.08394592e+02 4.30044342e+02 7.36950815e-01
    5.17024109e+02 4.37954712e+02 7.56647587e-01 4.84663483e+02
    4.28606110e+02 5.94548464e-01 4.94731232e+02 4.42269470e+02
    7.88074851e-01 5.02641602e+02 4.58090210e+02 8.21952403e-01
    5.06237213e+02 4.68157959e+02 8.42041194e-01 4.69561859e+02
    4.30044342e+02 7.13325858e-01 4.77472229e+02 4.44426849e+02
    6.85458243e-01 4.87539978e+02 4.59528473e+02 7.01837361e-01
    4.94731232e+02 4.73191833e+02 8.20639849e-01 4.54460236e+02
    4.35078217e+02 6.43578112e-01 4.58055847e+02 4.45865082e+02
    6.83063626e-01 4.62370605e+02 4.60966705e+02 7.64400482e-01
    4.65966217e+02 4.73191833e+02 7.21624553e-01 4.40077728e+02
    4.35797333e+02 6.72398031e-01 4.37920349e+02 4.49460724e+02
    7.89500177e-01 4.40077728e+02 4.59528473e+02 7.59557903e-01
    4.42954224e+02 4.70315338e+02 7.88292527e-01 0. 0. 0. 0. 0. 0. 0. 0.
    0. 0. 0. 0. 0. 0. 0. 0. 0. 0. 0. 0. 0. 0. 0. 0. 0. 0. 0. 0. 0. 0. 0.
    0. 0. 0. 0. 0. 0. 0. 0. 0. 0. 0. 0. 0. 0. 0. 0. 0. 0. 0. 0. 0. 0. 0.
    0. 0. 0. 0. 0. 0. 0. 0. 0.</data></hand_right_0>
</opencv_storage>
