<?xml version="1.0"?>
<opencv_storage>
<hand_right_0 type_id="opencv-nd-matrix">
  <sizes>
    1 21 3</sizes>
  <dt>f</dt>
  <data>
    4.59648041e+02 3.84453522e+02 6.45911694e-01 4.75892059e+02
    3.90301361e+02 7.33323395e-01 4.92785828e+02 3.99398010e+02
    6.85961485e-01 5.01882477e+02 4.12393219e+02 7.63713777e-01
    5.10979095e+02 4.21489868e+02 8.11719179e-01 4.81090118e+02
    4.08494659e+02 7.56193042e-01 4.88887268e+02 4.25388428e+02
    7.52762318e-01 4.96034607e+02 4.38383636e+02 7.47485757e-01
    4.98633667e+02 4.49429565e+02 9.28678930e-01 4.66145630e+02
    4.11743469e+02 8.02692890e-01 4.72643250e+02 4.27337708e+02
    6.56899929e-01 4.77841339e+02 4.41632446e+02 6.16240978e-01
    4.77191559e+02 4.54627655e+02 5.93760133e-01 4.51850922e+02
    4.14342499e+02 6.98305547e-01 4.54449951e+02 4.24738678e+02
    6.87298477e-01 4.57698761e+02 4.40982666e+02 7.72737920e-01
    4.55749481e+02 4.56576935e+02 7.39060104e-01 4.38205933e+02
    4.14342499e+02 6.28657758e-01 4.38855713e+02 4.24738678e+02
    7.32457638e-01 4.38855713e+02 4.34485077e+02 7.26998508e-01
    4.39505463e+02 4.44881226e+02 7.84221113e-01</data></hand_right_0>
</opencv_storage>
