<?xml version="1.0"?>
<opencv_storage>
<hand_left_0 type_id="opencv-nd-matrix">
  <sizes>
    1 21 3</sizes>
  <dt>f</dt>
  <data>
    4.59780243e+02 3.89474762e+02 5.49216866e-01 4.47026123e+02
    4.03646027e+02 6.23645782e-01 4.37814789e+02 4.22777252e+02
    6.07645154e-01 4.38523346e+02 4.36948517e+02 5.89174211e-01
    4.44191864e+02 4.51119781e+02 4.84984905e-01 4.53403168e+02
    4.17108734e+02 5.87935209e-01 4.42774719e+02 4.28445770e+02
    3.70571613e-01 4.43483307e+02 4.43325592e+02 4.15405184e-01
    4.47734680e+02 4.54662598e+02 4.81031299e-01 4.66865875e+02
    4.10731659e+02 6.44227147e-01 4.60488831e+02 4.28445770e+02
    3.26341301e-01 4.64031647e+02 4.42617035e+02 4.60435718e-01
    4.64031647e+02 4.53954041e+02 6.60942376e-01 4.81745728e+02
    4.05771729e+02 6.39384747e-01 4.90957031e+02 4.22777252e+02
    5.88850260e-01 4.98042664e+02 4.34114258e+02 5.12270331e-01
    5.04419739e+02 4.45451263e+02 5.58984399e-01 4.94499847e+02
    3.98686096e+02 7.28963077e-01 5.03711182e+02 4.02937469e+02
    7.23367572e-01 5.10088257e+02 4.08605988e+02 7.63821959e-01
    5.15756775e+02 4.15691620e+02 7.26540387e-01</data></hand_left_0>
</opencv_storage>
