<?xml version="1.0"?>
<opencv_storage>
<hand_left_0 type_id="opencv-nd-matrix">
  <sizes>
    1 21 3</sizes>
  <dt>f</dt>
  <data>
    4.62468109e+02 3.88782745e+02 5.74344754e-01 4.49137665e+02
    4.01411591e+02 6.64775670e-01 4.40718445e+02 4.17548462e+02
    6.11222327e-01 4.39315247e+02 4.32282104e+02 5.95474541e-01
    4.44226440e+02 4.47015778e+02 4.57356274e-01 4.55452087e+02
    4.15443634e+02 6.77500546e-01 4.58258514e+02 4.33685303e+02
    3.32887292e-01 4.44226440e+02 4.39999756e+02 4.71651554e-01
    4.44226440e+02 4.49822174e+02 5.82117021e-01 4.70185760e+02
    4.11234039e+02 7.16582477e-01 4.78604980e+02 4.28072479e+02
    5.70130587e-01 4.70185760e+02 4.44910950e+02 4.24799740e-01
    4.58960114e+02 4.55434998e+02 5.98418236e-01 4.83516205e+02
    4.07024414e+02 6.44193232e-01 4.94741852e+02 4.25266083e+02
    6.35848224e-01 4.98951477e+02 4.35088531e+02 5.64932466e-01
    5.05265900e+02 4.44910950e+02 5.67451358e-01 4.98951477e+02
    4.01411591e+02 7.73504138e-01 5.08773895e+02 4.09129211e+02
    6.83461607e-01 5.15088318e+02 4.16145233e+02 8.19664896e-01
    5.19297974e+02 4.21758057e+02 7.09824324e-01</data></hand_left_0>
</opencv_storage>
