<?xml version="1.0"?>
<opencv_storage>
<hand_left_0 type_id="opencv-nd-matrix">
  <sizes>
    1 21 3</sizes>
  <dt>f</dt>
  <data>
    4.59437347e+02 4.03222351e+02 5.43167472e-01 4.47151642e+02
    4.16953430e+02 6.63260400e-01 4.36311340e+02 4.33575256e+02
    5.01156390e-01 4.25471008e+02 4.41524811e+02 4.02494431e-01
    4.13185303e+02 4.46583618e+02 7.43974447e-01 4.50042389e+02
    4.33575256e+02 5.00454783e-01 4.41370148e+02 4.45860931e+02
    6.56225204e-01 4.41370148e+02 4.58146637e+02 7.57450700e-01
    4.42815521e+02 4.68264252e+02 8.06382716e-01 4.65218842e+02
    4.30684479e+02 6.55536354e-01 4.60160034e+02 4.47306305e+02
    4.97201920e-01 4.61605408e+02 4.60314697e+02 5.73965609e-01
    4.64496155e+02 4.74045776e+02 7.53351450e-01 4.82563354e+02
    4.27071045e+02 6.25376999e-01 4.91235626e+02 4.42970184e+02
    6.53454900e-01 4.99185181e+02 4.58146637e+02 6.53950930e-01
    5.03521301e+02 4.69709625e+02 6.09725356e-01 4.98462494e+02
    4.20566864e+02 7.31901169e-01 5.07134735e+02 4.28516418e+02
    7.81072676e-01 5.13638916e+02 4.35020630e+02 7.77271867e-01
    5.17252380e+02 4.41524811e+02 7.09025562e-01</data></hand_left_0>
</opencv_storage>
