<?xml version="1.0"?>
<opencv_storage>
<hand_left_0 type_id="opencv-nd-matrix">
  <sizes>
    1 21 3</sizes>
  <dt>f</dt>
  <data>
    4.58432526e+02 3.87980804e+02 5.43635428e-01 4.45307068e+02
    3.99137421e+02 6.57590926e-01 4.34806732e+02 4.14231689e+02
    5.79389572e-01 4.22993835e+02 4.25388306e+02 6.58767402e-01
    4.13149750e+02 4.31951019e+02 7.24942386e-01 4.47275879e+02
    4.15544220e+02 4.63496476e-01 4.39400635e+02 4.24075775e+02
    6.02066815e-01 4.39400635e+02 4.37201202e+02 7.94361711e-01
    4.40056915e+02 4.47045288e+02 6.79352641e-01 4.63026428e+02
    4.12262878e+02 7.02659547e-01 4.57119965e+02 4.28669678e+02
    3.71155769e-01 4.59745056e+02 4.43107635e+02 6.70601726e-01
    4.55807434e+02 4.59514435e+02 6.31005645e-01 4.78120667e+02
    4.08981506e+02 6.63297176e-01 4.86652191e+02 4.27357117e+02
    6.88158631e-01 4.93871185e+02 4.39826294e+02 5.59122801e-01
    4.98465088e+02 4.50326630e+02 7.06330657e-01 4.92558655e+02
    4.03731323e+02 7.74220884e-01 5.02402710e+02 4.16856781e+02
    6.95193946e-01 5.07652893e+02 4.20138123e+02 7.10021019e-01
    5.10934265e+02 4.20138123e+02 5.41575909e-01</data></hand_left_0>
</opencv_storage>
