<?xml version="1.0"?>
<opencv_storage>
<hand_left_0 type_id="opencv-nd-matrix">
  <sizes>
    1 21 3</sizes>
  <dt>f</dt>
  <data>
    4.59637421e+02 3.93725525e+02 5.48091412e-01 4.47472015e+02
    4.07322174e+02 6.50432765e-01 4.36737823e+02 4.24496887e+02
    5.22244155e-01 4.25287994e+02 4.31653015e+02 5.32058775e-01
    4.17416260e+02 4.36662323e+02 6.62391484e-01 4.47472015e+02
    4.20918823e+02 5.28527200e-01 4.41747101e+02 4.34515472e+02
    6.33328557e-01 4.43893951e+02 4.48112122e+02 7.73485482e-01
    4.47472015e+02 4.57415100e+02 7.84210503e-01 4.63931091e+02
    4.18056366e+02 6.40835524e-01 4.60353027e+02 4.36662323e+02
    6.28341794e-01 4.64646729e+02 4.49543365e+02 6.83639765e-01
    4.65362335e+02 4.61708771e+02 7.81662643e-01 4.81821442e+02
    4.13762695e+02 6.18017852e-01 4.93271240e+02 4.30937408e+02
    5.04449964e-01 4.88261963e+02 4.45249664e+02 5.06581664e-01
    4.91124390e+02 4.57415100e+02 5.72699845e-01 4.95418091e+02
    4.03744110e+02 6.63724303e-01 5.05436676e+02 4.08753418e+02
    7.56352067e-01 5.11877167e+02 4.14478302e+02 7.49477267e-01
    5.16886475e+02 4.21634430e+02 7.04631090e-01</data></hand_left_0>
</opencv_storage>
