<?xml version="1.0"?>
<opencv_storage>
<pose_0 type_id="opencv-nd-matrix">
  <sizes>
    1 18 3</sizes>
  <dt>f</dt>
  <data>
    4.20639465e+02 1.07617493e+02 7.94940591e-01 4.42156494e+02
    8.21230698e+01 7.83648968e-01 3.52113281e+02 8.41481018e+01
    7.88319111e-01 4.08934875e+02 2.44616058e+02 7.95465231e-01
    4.59783447e+02 3.81504974e+02 8.51687610e-01 5.30248230e+02
    8.41724625e+01 7.29963660e-01 5.06768158e+02 2.58192932e+02
    8.61662745e-01 4.92977325e+02 3.97224182e+02 6.40462875e-01
    3.75677490e+02 2.79790558e+02 4.43200827e-01 3.34507202e+02
    4.30382416e+02 5.95273912e-01 3.07180969e+02 4.81321594e+02
    1.08092651e-01 4.73445892e+02 2.87569183e+02 4.83482301e-01
    5.24384888e+02 4.01080475e+02 1.08322702e-01 0. 0. 0. 4.05022400e+02
    8.21822357e+01 7.61333466e-01 4.46082947e+02 8.80418625e+01
    8.38859618e-01 3.79567932e+02 2.14377441e+01 7.44950831e-01
    4.93047821e+02 4.69369812e+01 6.14946723e-01</data></pose_0>
</opencv_storage>
