<?xml version="1.0"?>
<opencv_storage>
<hand_left_0 type_id="opencv-nd-matrix">
  <sizes>
    1 21 3</sizes>
  <dt>f</dt>
  <data>
    4.59318390e+02 4.00969513e+02 5.10556221e-01 4.47372986e+02
    4.12914917e+02 6.01834416e-01 4.38238281e+02 4.31184357e+02
    4.11295593e-01 4.31914246e+02 4.41021759e+02 3.68796557e-01
    4.18563477e+02 4.41724426e+02 7.01256931e-01 4.50183685e+02
    4.26968353e+02 4.68408853e-01 4.41048950e+02 4.38211090e+02
    6.65165186e-01 4.41048950e+02 4.52264496e+02 7.77283311e-01
    4.43156952e+02 4.63507233e+02 8.29699516e-01 4.66345093e+02
    4.24157654e+02 6.11572504e-01 4.60021057e+02 4.41021759e+02
    5.32317996e-01 4.62129089e+02 4.54372498e+02 6.31495297e-01
    4.62831757e+02 4.67020569e+02 7.21730947e-01 4.83209198e+02
    4.19238953e+02 6.28683925e-01 4.93046600e+02 4.36103058e+02
    5.53081691e-01 4.99370636e+02 4.48751129e+02 5.43645263e-01
    5.05694672e+02 4.59291199e+02 5.84725261e-01 4.98667969e+02
    4.12914917e+02 7.02148557e-01 5.06397339e+02 4.18536285e+02
    7.96200037e-01 5.14126709e+02 4.24860321e+02 7.90795088e-01
    5.18342712e+02 4.31184357e+02 6.83842957e-01</data></hand_left_0>
</opencv_storage>
