<?xml version="1.0"?>
<opencv_storage>
<hand_right_0 type_id="opencv-nd-matrix">
  <sizes>
    1 21 3</sizes>
  <dt>f</dt>
  <data>
    4.55620636e+02 3.90045929e+02 5.60871959e-01 4.74000519e+02
    3.94994354e+02 6.64842010e-01 4.93087341e+02 3.99942780e+02
    6.22452736e-01 5.05104980e+02 4.06305054e+02 8.25343847e-01
    5.16415710e+02 4.13374268e+02 8.06331694e-01 4.81776642e+02
    4.07011993e+02 6.67968690e-01 4.93794281e+02 4.22564209e+02
    7.61275530e-01 5.02277313e+02 4.35288757e+02 8.53079736e-01
    5.07932648e+02 4.45892548e+02 8.41777265e-01 4.67638245e+02
    4.12667328e+02 7.24727213e-01 4.77535126e+02 4.26805725e+02
    6.14489794e-01 4.88138916e+02 4.40944122e+02 6.98303580e-01
    4.98035797e+02 4.52254822e+02 9.00310040e-01 4.52792938e+02
    4.17615784e+02 6.83124304e-01 4.57034454e+02 4.28926483e+02
    6.48292482e-01 4.60569061e+02 4.45892548e+02 7.46218920e-01
    4.65517487e+02 4.57203247e+02 7.15101480e-01 4.37240723e+02
    4.19029602e+02 6.69373333e-01 4.37240723e+02 4.33874908e+02
    8.20188999e-01 4.40068390e+02 4.45892548e+02 7.11313248e-01
    4.44309906e+02 4.57203247e+02 7.83975720e-01</data></hand_right_0>
</opencv_storage>
