<?xml version="1.0"?>
<opencv_storage>
<hand_left_0 type_id="opencv-nd-matrix">
  <sizes>
    1 21 3</sizes>
  <dt>f</dt>
  <data>
    4.61627197e+02 4.04963715e+02 5.49524903e-01 4.49188019e+02
    4.17402863e+02 6.41207933e-01 4.40022339e+02 4.35734283e+02
    5.50549865e-01 4.26273773e+02 4.42935913e+02 6.90900385e-01
    4.14489288e+02 4.50792236e+02 7.67810047e-01 4.53770874e+02
    4.35734283e+02 5.35701394e-01 4.43295776e+02 4.44899994e+02
    5.66416919e-01 4.42641083e+02 4.57339172e+02 8.36241484e-01
    4.43295776e+02 4.69123627e+02 7.64330089e-01 4.69483521e+02
    4.32460815e+02 7.16338694e-01 4.63591278e+02 4.49482849e+02
    4.08073246e-01 4.63591278e+02 4.63231384e+02 6.64257050e-01
    4.59008423e+02 4.78944031e+02 7.02820778e-01 4.85196167e+02
    4.27877960e+02 7.22793818e-01 4.95016541e+02 4.47518768e+02
    7.27739215e-01 5.00908783e+02 4.59957947e+02 6.77545786e-01
    5.05491638e+02 4.71087708e+02 7.49734223e-01 5.00254089e+02
    4.21985718e+02 7.93246269e-01 5.10074493e+02 4.36388977e+02
    6.59799814e-01 5.15312012e+02 4.41626526e+02 6.86245024e-01
    5.17276123e+02 4.44899994e+02 5.48356116e-01</data></hand_left_0>
</opencv_storage>
