<?xml version="1.0"?>
<opencv_storage>
<hand_right_0 type_id="opencv-nd-matrix">
  <sizes>
    1 21 3</sizes>
  <dt>f</dt>
  <data>
    4.60352448e+02 4.02475098e+02 6.42934024e-01 4.79715790e+02
    4.09970612e+02 7.28426158e-01 4.99079163e+02 4.18090729e+02
    7.75342405e-01 5.09073151e+02 4.30583221e+02 8.13466847e-01
    5.17817932e+02 4.40577209e+02 8.10693681e-01 4.86586670e+02
    4.26210846e+02 7.22956181e-01 4.94706787e+02 4.42451080e+02
    8.04351211e-01 5.00328430e+02 4.56192810e+02 8.35230410e-01
    5.04700775e+02 4.68060699e+02 8.98261011e-01 4.72220306e+02
    4.29958588e+02 7.73055553e-01 4.80340424e+02 4.48072693e+02
    7.42701769e-01 4.85962036e+02 4.60565186e+02 6.32208109e-01
    4.89709808e+02 4.69934570e+02 5.39105594e-01 4.58478577e+02
    4.31832458e+02 7.18428373e-01 4.60352448e+02 4.47448090e+02
    6.21471167e-01 4.62850952e+02 4.60565186e+02 7.01510608e-01
    4.59727814e+02 4.74306946e+02 6.79210067e-01 4.43487579e+02
    4.31832458e+02 6.51262939e-01 4.41613708e+02 4.44324951e+02
    7.64608502e-01 4.40989075e+02 4.54943573e+02 7.67783880e-01
    4.40364441e+02 4.64937561e+02 7.82060385e-01</data></hand_right_0>
</opencv_storage>
