<?xml version="1.0"?>
<opencv_storage>
<pose_0 type_id="opencv-nd-matrix">
  <sizes>
    1 18 3</sizes>
  <dt>f</dt>
  <data>
    5.06754059e+02 1.46728760e+02 7.46792197e-01 4.77345490e+02
    9.00192795e+01 8.10964942e-01 3.73677643e+02 8.61186905e+01
    6.47846401e-01 4.14760986e+02 2.75877655e+02 7.91675568e-01
    4.59780487e+02 3.99218201e+02 8.78093123e-01 5.79104431e+02
    1.01739311e+02 6.59218490e-01 5.32183594e+02 2.89503998e+02
    7.59649098e-01 5.00884369e+02 4.06925446e+02 6.26149356e-01
    3.81462585e+02 2.95435272e+02 4.23012018e-01 3.28678528e+02
    4.30467712e+02 5.02319336e-01 2.85641663e+02 4.87197327e+02
    5.32232113e-02 4.91101379e+02 3.07192505e+02 4.21938598e-01
    5.40008362e+02 4.20663910e+02 7.67671987e-02 0. 0. 0. 4.95032867e+02
    1.31052383e+02 7.28492439e-01 5.22401428e+02 1.27163857e+02
    4.51200008e-01 4.32398804e+02 6.84542542e+01 4.79261458e-01
    5.42064880e+02 8.21003799e+01 8.24441239e-02</data></pose_0>
</opencv_storage>
