<?xml version="1.0"?>
<opencv_storage>
<hand_left_0 type_id="opencv-nd-matrix">
  <sizes>
    2 21 3</sizes>
  <dt>f</dt>
  <data>
    4.58901398e+02 4.16073151e+02 4.70664263e-01 4.45980988e+02
    4.28275787e+02 6.19194746e-01 4.35931763e+02 4.44785187e+02
    4.56979305e-01 4.25164734e+02 4.52681000e+02 4.95399773e-01
    4.18704529e+02 4.57705627e+02 7.98660100e-01 4.45980988e+02
    4.40478394e+02 5.16919553e-01 4.40238556e+02 4.51963196e+02
    7.82498479e-01 4.41674164e+02 4.64165833e+02 8.41742516e-01
    4.45263184e+02 4.75650635e+02 8.40028763e-01 4.63208221e+02
    4.37607178e+02 6.11625195e-01 4.59619202e+02 4.52681000e+02
    5.59493065e-01 4.65361603e+02 4.67754822e+02 6.89356148e-01
    4.68232819e+02 4.79957458e+02 7.89194524e-01 4.81871033e+02
    4.34018188e+02 6.30802035e-01 4.92638062e+02 4.50527618e+02
    5.85639179e-01 4.98380463e+02 4.62730225e+02 5.27718306e-01
    5.04122864e+02 4.74215057e+02 5.73527336e-01 4.97662659e+02
    4.26840179e+02 7.41347969e-01 5.05558472e+02 4.31864777e+02
    7.12671161e-01 5.12736511e+02 4.36171570e+02 7.76918352e-01
    5.16325500e+02 4.41914001e+02 7.06331730e-01 0. 0. 0. 0. 0. 0. 0. 0.
    0. 0. 0. 0. 0. 0. 0. 0. 0. 0. 0. 0. 0. 0. 0. 0. 0. 0. 0. 0. 0. 0. 0.
    0. 0. 0. 0. 0. 0. 0. 0. 0. 0. 0. 0. 0. 0. 0. 0. 0. 0. 0. 0. 0. 0. 0.
    0. 0. 0. 0. 0. 0. 0. 0. 0.</data></hand_left_0>
</opencv_storage>
