<?xml version="1.0"?>
<opencv_storage>
<hand_left_0 type_id="opencv-nd-matrix">
  <sizes>
    1 21 3</sizes>
  <dt>f</dt>
  <data>
    4.57097046e+02 4.17925598e+02 4.81558412e-01 4.43997101e+02
    4.29569977e+02 5.78238368e-01 4.35991608e+02 4.47764313e+02
    4.54564810e-01 4.31624969e+02 4.57225342e+02 4.36546296e-01
    4.15613953e+02 4.55769806e+02 6.26084149e-01 4.46908203e+02
    4.40486572e+02 5.29323757e-01 4.39630463e+02 4.52858704e+02
    6.23869121e-01 4.40358246e+02 4.65958649e+02 6.66777909e-01
    4.42541565e+02 4.76875244e+02 7.77334332e-01 4.63647003e+02
    4.37575470e+02 6.35285437e-01 4.58552582e+02 4.51403168e+02
    5.11251867e-01 4.62919220e+02 4.67414185e+02 6.75943613e-01
    4.62919220e+02 4.79058563e+02 7.74176955e-01 4.81113556e+02
    4.32481049e+02 6.32672548e-01 4.92030151e+02 4.48492065e+02
    5.55629790e-01 4.97852325e+02 4.60864227e+02 5.06888926e-01
    4.97124573e+02 4.75419678e+02 6.07416630e-01 4.96396790e+02
    4.25203339e+02 6.37596488e-01 5.05130066e+02 4.30297729e+02
    8.04918110e-01 5.10952271e+02 4.33208832e+02 8.01436961e-01
    5.16046692e+02 4.39758789e+02 6.55492306e-01</data></hand_left_0>
</opencv_storage>
