<?xml version="1.0"?>
<opencv_storage>
<pose_0 type_id="opencv-nd-matrix">
  <sizes>
    1 18 3</sizes>
  <dt>f</dt>
  <data>
    4.96936737e+02 9.98597565e+01 8.12705338e-01 4.61746643e+02
    7.04280090e+01 7.12645531e-01 3.65831390e+02 6.85292664e+01
    6.68201089e-01 4.12731964e+02 2.52371872e+02 6.81644797e-01
    4.57854645e+02 3.81545105e+02 8.50098133e-01 5.69337708e+02
    8.21652451e+01 6.93181276e-01 5.24447083e+02 2.70025360e+02
    7.64568448e-01 4.95004547e+02 3.91269440e+02 5.84341109e-01
    3.81450623e+02 2.91512878e+02 4.25307125e-01 3.24784088e+02
    4.30441284e+02 4.32774514e-01 2.73942261e+02 4.89128052e+02
    6.99376166e-02 4.91102325e+02 3.05206940e+02 4.19630051e-01
    5.24289612e+02 3.91326782e+02 6.82107210e-02 0. 0. 0. 4.79357330e+02
    8.21869583e+01 8.02888036e-01 5.10733917e+02 8.02039108e+01
    7.20274389e-01 4.24563873e+02 2.54192333e+01 7.45969653e-01
    5.40013123e+02 3.91113319e+01 6.05274364e-02</data></pose_0>
</opencv_storage>
