<?xml version="1.0"?>
<opencv_storage>
<pose_0 type_id="opencv-nd-matrix">
  <sizes>
    1 18 3</sizes>
  <dt>f</dt>
  <data>
    4.44099762e+02 1.52573883e+02 7.56689787e-01 4.65662140e+02
    9.98055420e+01 8.21484447e-01 3.69804077e+02 9.77828979e+01
    7.05387831e-01 4.14777649e+02 2.85658997e+02 7.24578023e-01
    4.59742981e+02 4.08944916e+02 8.69351864e-01 5.73270630e+02
    1.11520340e+02 6.53488278e-01 5.36056519e+02 2.95450989e+02
    7.70627201e-01 4.96944061e+02 4.14773834e+02 6.63470566e-01
    3.77602814e+02 2.89553406e+02 4.20296967e-01 3.24816528e+02
    4.32409851e+02 4.03762788e-01 2.85666504e+02 4.77433167e+02
    1.33630037e-01 4.87197723e+02 3.05236847e+02 4.24185306e-01
    5.41940613e+02 4.53903809e+02 7.65519887e-02 0. 0. 0. 4.28533844e+02
    1.31064011e+02 7.67818451e-01 4.63679535e+02 1.35027222e+02
    6.90276206e-01 4.10810150e+02 9.58294373e+01 1.67651057e-01
    5.16489685e+02 7.82910767e+01 5.35470724e-01</data></pose_0>
</opencv_storage>
