<?xml version="1.0"?>
<opencv_storage>
<hand_right_0 type_id="opencv-nd-matrix">
  <sizes>
    1 21 3</sizes>
  <dt>f</dt>
  <data>
    4.59776276e+02 4.19754944e+02 6.22572720e-01 4.77444031e+02
    4.27528778e+02 7.49162793e-01 4.97231903e+02 4.34595856e+02
    6.92751706e-01 5.08539276e+02 4.44489807e+02 8.07884693e-01
    5.19139893e+02 4.55090454e+02 7.90343940e-01 4.83097717e+02
    4.43076385e+02 6.44573212e-01 4.92991638e+02 4.57917297e+02
    8.00222456e-01 5.00058746e+02 4.73464905e+02 8.40946317e-01
    5.05005707e+02 4.84772278e+02 9.16722119e-01 4.68256805e+02
    4.45196533e+02 7.37968266e-01 4.76737305e+02 4.60037415e+02
    6.38898253e-01 4.83804413e+02 4.75585052e+02 7.55748034e-01
    4.89458099e+02 4.89719238e+02 8.75041902e-01 4.54122589e+02
    4.49436768e+02 6.69377923e-01 4.56949432e+02 4.61450836e+02
    6.61100030e-01 4.60483002e+02 4.77705170e+02 8.27197373e-01
    4.64723236e+02 4.89719238e+02 7.34993935e-01 4.37868256e+02
    4.50143494e+02 7.10935950e-01 4.37868256e+02 4.64984406e+02
    8.15701246e-01 4.41401825e+02 4.76998474e+02 7.55896091e-01
    4.44935364e+02 4.86185699e+02 7.40622640e-01</data></hand_right_0>
</opencv_storage>
