<?xml version="1.0"?>
<opencv_storage>
<hand_left_0 type_id="opencv-nd-matrix">
  <sizes>
    2 21 3</sizes>
  <dt>f</dt>
  <data>
    4.59976074e+02 4.20392548e+02 4.84416723e-01 4.46047394e+02
    4.31388885e+02 6.34395480e-01 4.35051056e+02 4.49716095e+02
    5.41818082e-01 4.24054718e+02 4.56313904e+02 5.79582393e-01
    4.15257660e+02 4.59979340e+02 8.01952004e-01 4.49712830e+02
    4.45317566e+02 5.24599075e-01 4.40182678e+02 4.57046997e+02
    6.63774967e-01 4.43115021e+02 4.69509491e+02 8.06489110e-01
    4.45314301e+02 4.79772736e+02 8.41819942e-01 4.66573883e+02
    4.40919037e+02 6.61626875e-01 4.62908447e+02 4.57046997e+02
    4.76648510e-01 4.65840790e+02 4.70242584e+02 6.20553911e-01
    4.69506226e+02 4.82705109e+02 7.85962164e-01 4.81235657e+02
    4.35787415e+02 6.15972161e-01 4.92231995e+02 4.51915375e+02
    6.94424272e-01 4.99562897e+02 4.65844055e+02 5.69395721e-01
    5.04694519e+02 4.77573486e+02 5.77702105e-01 4.96630524e+02
    4.28456512e+02 7.52760708e-01 5.04694519e+02 4.33588135e+02
    8.20571899e-01 5.11292297e+02 4.39452850e+02 8.19608212e-01
    5.16423950e+02 4.45317566e+02 7.33161092e-01 0. 0. 0. 0. 0. 0. 0. 0.
    0. 0. 0. 0. 0. 0. 0. 0. 0. 0. 0. 0. 0. 0. 0. 0. 0. 0. 0. 0. 0. 0. 0.
    0. 0. 0. 0. 0. 0. 0. 0. 0. 0. 0. 0. 0. 0. 0. 0. 0. 0. 0. 0. 0. 0. 0.
    0. 0. 0. 0. 0. 0. 0. 0. 0.</data></hand_left_0>
</opencv_storage>
