<?xml version="1.0"?>
<opencv_storage>
<hand_left_0 type_id="opencv-nd-matrix">
  <sizes>
    1 21 3</sizes>
  <dt>f</dt>
  <data>
    4.59687592e+02 3.84946808e+02 5.19586682e-01 4.48194397e+02
    3.95162994e+02 6.08000219e-01 4.39893768e+02 4.10487244e+02
    6.08164430e-01 4.26485016e+02 4.22618958e+02 6.78223014e-01
    4.15630341e+02 4.30919586e+02 7.60006607e-01 4.52663971e+02
    4.10487244e+02 4.91005778e-01 4.43724823e+02 4.20703430e+02
    5.39056063e-01 4.44363342e+02 4.32835144e+02 7.01617181e-01
    4.45001831e+02 4.46243866e+02 6.81937277e-01 4.67349731e+02
    4.06656189e+02 6.50584221e-01 4.74373352e+02 4.24534485e+02
    3.99595708e-01 4.62880157e+02 4.37943207e+02 6.74896896e-01
    4.57133545e+02 4.53906006e+02 6.97240770e-01 4.82035492e+02
    4.04740662e+02 6.35229826e-01 4.91613159e+02 4.20703430e+02
    6.77785873e-01 4.97998260e+02 4.34112152e+02 5.22470534e-01
    5.02467834e+02 4.45605347e+02 6.91279292e-01 4.96721222e+02
    3.99632568e+02 7.32539296e-01 5.05660400e+02 4.07294708e+02
    5.84374964e-01 5.10768463e+02 4.11764282e+02 6.75287127e-01
    5.15238037e+02 4.14956818e+02 6.15835428e-01</data></hand_left_0>
</opencv_storage>
