<?xml version="1.0"?>
<opencv_storage>
<hand_left_0 type_id="opencv-nd-matrix">
  <sizes>
    1 21 3</sizes>
  <dt>f</dt>
  <data>
    4.60512726e+02 4.09399078e+02 5.74663043e-01 4.47299622e+02
    4.22612213e+02 6.46946788e-01 4.38954498e+02 4.41388733e+02
    5.44145942e-01 4.35477356e+02 4.52515564e+02 5.63672543e-01
    4.14614563e+02 4.49038422e+02 6.62291825e-01 4.54949310e+02
    4.39302460e+02 6.35796368e-01 4.57731018e+02 4.53210999e+02
    4.25950319e-01 4.61903595e+02 4.64337830e+02 3.85393739e-01
    4.45908783e+02 4.70596649e+02 4.82313871e-01 4.70248718e+02
    4.33043610e+02 7.22864389e-01 4.78593842e+02 4.49038422e+02
    6.97434068e-01 4.83461823e+02 4.62946960e+02 4.54322398e-01
    4.67467010e+02 4.75464661e+02 4.30033922e-01 4.84852692e+02
    4.28175629e+02 6.84105158e-01 4.93197815e+02 4.43475006e+02
    7.25884557e-01 5.00847504e+02 4.58078979e+02 7.38691092e-01
    5.06410919e+02 4.68510376e+02 6.93944097e-01 4.98761230e+02
    4.20525909e+02 7.41219282e-01 5.07801758e+02 4.26089325e+02
    8.05045903e-01 5.14756042e+02 4.32348175e+02 8.25098813e-01
    5.18928589e+02 4.40693298e+02 7.66641855e-01</data></hand_left_0>
</opencv_storage>
