<?xml version="1.0"?>
<opencv_storage>
<hand_right_0 type_id="opencv-nd-matrix">
  <sizes>
    1 21 3</sizes>
  <dt>f</dt>
  <data>
    4.61502808e+02 3.86296265e+02 6.35415077e-01 4.77678589e+02
    3.91922607e+02 7.54877508e-01 4.97370819e+02 3.98252258e+02
    7.13774085e-01 5.08623535e+02 4.09504974e+02 8.64456415e-01
    5.20579529e+02 4.20054382e+02 8.74549627e-01 4.86118134e+02
    4.08098389e+02 6.71116769e-01 4.93151062e+02 4.20054382e+02
    7.31343389e-01 5.02997192e+02 4.34823578e+02 8.19441676e-01
    5.07920258e+02 4.43966400e+02 8.53349924e-01 4.70645630e+02
    4.09504974e+02 7.46586680e-01 4.77678589e+02 4.22867584e+02
    6.97696626e-01 4.86821411e+02 4.37636749e+02 7.44255722e-01
    4.94557648e+02 4.49592773e+02 8.19751799e-01 4.56579742e+02
    4.14428040e+02 6.87245309e-01 4.57986328e+02 4.24977448e+02
    5.89160085e-01 4.62206116e+02 4.39043335e+02 8.29024136e-01
    4.63612701e+02 4.53109222e+02 7.35208452e-01 4.41810577e+02
    4.15131317e+02 7.56720722e-01 4.41107269e+02 4.27087341e+02
    8.42863321e-01 4.41810577e+02 4.37636749e+02 8.41097534e-01
    4.44623749e+02 4.48889465e+02 7.51223266e-01</data></hand_right_0>
</opencv_storage>
