<?xml version="1.0"?>
<opencv_storage>
<hand_left_0 type_id="opencv-nd-matrix">
  <sizes>
    1 21 3</sizes>
  <dt>f</dt>
  <data>
    4.61916321e+02 4.05498962e+02 5.41702330e-01 4.50881439e+02
    4.19130249e+02 6.51943505e-01 4.40495697e+02 4.36656219e+02
    5.72835863e-01 4.26215302e+02 4.45094635e+02 7.20903754e-01
    4.14531311e+02 4.51585724e+02 7.98082173e-01 4.56074341e+02
    4.37954437e+02 5.75257957e-01 4.43092133e+02 4.47041962e+02
    4.39439207e-01 4.43092133e+02 4.60024170e+02 6.72968805e-01
    4.44390350e+02 4.72357239e+02 6.83356106e-01 4.71003845e+02
    4.34708893e+02 6.84467852e-01 4.80740479e+02 4.53533051e+02
    4.23112869e-01 4.62565430e+02 4.64567932e+02 5.40353894e-01
    4.59968994e+02 4.79497437e+02 6.15539968e-01 4.85933350e+02
    4.30165131e+02 6.86267912e-01 4.95020905e+02 4.50287506e+02
    7.05077589e-01 5.00862885e+02 4.61322388e+02 6.40393555e-01
    5.05406647e+02 4.72357239e+02 7.18817532e-01 5.00213776e+02
    4.24323151e+02 7.64740050e-01 5.09301300e+02 4.39252655e+02
    6.65645659e-01 5.15143311e+02 4.43796417e+02 6.76681042e-01
    5.18388855e+02 4.46392853e+02 5.24379969e-01</data></hand_left_0>
</opencv_storage>
