<?xml version="1.0"?>
<opencv_storage>
<hand_left_0 type_id="opencv-nd-matrix">
  <sizes>
    1 21 3</sizes>
  <dt>f</dt>
  <data>
    4.60065674e+02 4.05943085e+02 5.30495882e-01 4.47782410e+02
    4.18948883e+02 6.24268889e-01 4.38389313e+02 4.37012512e+02
    5.26735127e-01 4.37666748e+02 4.50018341e+02 4.22712564e-01
    4.18880585e+02 4.46405609e+02 3.07868481e-01 4.53562775e+02
    4.34844879e+02 5.75780869e-01 4.42724579e+02 4.44960541e+02
    5.22058010e-01 4.42724579e+02 4.57243805e+02 6.03063345e-01
    4.44169678e+02 4.67359436e+02 7.05547810e-01 4.68736206e+02
    4.29064514e+02 6.08408153e-01 4.60788208e+02 4.43515442e+02
    4.04827148e-01 4.65846039e+02 4.59411438e+02 5.84742069e-01
    4.65846039e+02 4.70972168e+02 7.40070045e-01 4.83909668e+02
    4.24729248e+02 6.71862960e-01 4.95470398e+02 4.42070343e+02
    6.04170263e-01 5.01250763e+02 4.52908539e+02 5.73218584e-01
    5.06308563e+02 4.63746704e+02 6.29251182e-01 5.00528229e+02
    4.18226349e+02 7.62951374e-01 5.10643860e+02 4.24006714e+02
    6.44923270e-01 5.17869324e+02 4.29787079e+02 8.04885507e-01
    5.20036926e+02 4.35567444e+02 6.39115036e-01</data></hand_left_0>
</opencv_storage>
