<?xml version="1.0"?>
<opencv_storage>
<hand_right_0 type_id="opencv-nd-matrix">
  <sizes>
    2 21 3</sizes>
  <dt>f</dt>
  <data>
    4.58605804e+02 4.20638458e+02 5.90452254e-01 4.76662567e+02
    4.24972076e+02 6.74808860e-01 4.96163849e+02 4.31472504e+02
    7.60017574e-01 5.07720184e+02 4.39417480e+02 7.49013305e-01
    5.18554260e+02 4.45917908e+02 7.29537070e-01 4.84607544e+02
    4.40139771e+02 6.45403683e-01 4.95441589e+02 4.55307434e+02
    8.12803507e-01 5.04831116e+02 4.69752838e+02 8.34713459e-01
    5.09164734e+02 4.79142365e+02 8.46631050e-01 4.70884399e+02
    4.43751099e+02 7.49721825e-01 4.78829376e+02 4.58918793e+02
    7.49992847e-01 4.88941162e+02 4.71919647e+02 7.71756947e-01
    4.98330658e+02 4.84198242e+02 8.60781014e-01 4.54994446e+02
    4.48084717e+02 7.13410854e-01 4.59328064e+02 4.59641052e+02
    7.20269501e-01 4.62939423e+02 4.76253265e+02 8.23539615e-01
    4.66550781e+02 4.87809601e+02 6.43608332e-01 4.39826782e+02
    4.50251556e+02 6.62314236e-01 4.38382233e+02 4.63974670e+02
    8.10433149e-01 4.41993591e+02 4.74808746e+02 7.38243222e-01
    4.45604950e+02 4.84198242e+02 7.54755676e-01 0. 0. 0. 0. 0. 0. 0. 0.
    0. 0. 0. 0. 0. 0. 0. 0. 0. 0. 0. 0. 0. 0. 0. 0. 0. 0. 0. 0. 0. 0. 0.
    0. 0. 0. 0. 0. 0. 0. 0. 0. 0. 0. 0. 0. 0. 0. 0. 0. 0. 0. 0. 0. 0. 0.
    0. 0. 0. 0. 0. 0. 0. 0. 0.</data></hand_right_0>
</opencv_storage>
