<?xml version="1.0"?>
<opencv_storage>
<hand_right_0 type_id="opencv-nd-matrix">
  <sizes>
    1 21 3</sizes>
  <dt>f</dt>
  <data>
    4.56014709e+02 3.86479828e+02 5.83967924e-01 4.73014557e+02
    3.90729797e+02 6.99768007e-01 4.92847717e+02 3.95688080e+02
    6.18215144e-01 5.05597595e+02 4.04896332e+02 8.85494232e-01
    5.17639160e+02 4.14104584e+02 8.50931108e-01 4.83639465e+02
    4.07021332e+02 7.07290888e-01 4.94972687e+02 4.21896179e+02
    8.11193943e-01 5.01347626e+02 4.33937744e+02 8.61091673e-01
    5.06305939e+02 4.44562653e+02 9.49271083e-01 4.68764587e+02
    4.11271271e+02 7.39978015e-01 4.77972839e+02 4.25437805e+02
    7.04944611e-01 4.87181091e+02 4.38896027e+02 7.44366765e-01
    4.94972687e+02 4.50937592e+02 9.20002937e-01 4.53889740e+02
    4.16229553e+02 7.17198133e-01 4.56014709e+02 4.27562805e+02
    7.06471562e-01 4.60972992e+02 4.41729340e+02 7.95829654e-01
    4.64514648e+02 4.55895874e+02 7.72362471e-01 4.38306549e+02
    4.17646210e+02 7.14175284e-01 4.39014862e+02 4.32521088e+02
    8.40753317e-01 4.41139832e+02 4.43854309e+02 7.07306981e-01
    4.45389801e+02 4.54479218e+02 6.72204435e-01</data></hand_right_0>
</opencv_storage>
