<?xml version="1.0"?>
<opencv_storage>
<pose_0 type_id="opencv-nd-matrix">
  <sizes>
    1 18 3</sizes>
  <dt>f</dt>
  <data>
    4.93015686e+02 1.46830338e+02 6.47349119e-01 4.69586029e+02
    9.00306015e+01 7.92117894e-01 3.65911499e+02 8.61623611e+01
    6.52479172e-01 4.10789215e+02 2.81732788e+02 6.91370010e-01
    4.57831024e+02 4.01130768e+02 8.57465982e-01 5.71254517e+02
    1.01715477e+02 6.71272039e-01 5.26380859e+02 2.87601593e+02
    7.50268638e-01 4.96928345e+02 4.06927673e+02 6.27438784e-01
    3.75629333e+02 2.99359375e+02 3.83150041e-01 3.20859467e+02
    4.36301178e+02 2.97108889e-01 0. 0. 0. 4.91047119e+02 3.11095581e+02
    4.08454597e-01 5.49770386e+02 4.59791962e+02 7.15249777e-02 0. 0. 0.
    4.87138458e+02 1.31164780e+02 5.55049896e-01 5.06780823e+02
    1.31135666e+02 4.04854894e-01 4.26510620e+02 6.85288544e+01
    3.64300132e-01 5.26322144e+02 7.24041443e+01 8.41060057e-02</data></pose_0>
</opencv_storage>
