<?xml version="1.0"?>
<opencv_storage>
<pose_0 type_id="opencv-nd-matrix">
  <sizes>
    1 18 3</sizes>
  <dt>f</dt>
  <data>
    4.96963684e+02 9.19832993e+01 7.91650414e-01 4.67617645e+02
    6.26246071e+01 6.83953702e-01 3.67879669e+02 6.06550522e+01
    6.35693312e-01 4.18740479e+02 2.50446152e+02 6.77675009e-01
    4.61674622e+02 3.83433472e+02 8.30705285e-01 5.71308044e+02
    7.43833542e+01 6.85298443e-01 5.26295593e+02 2.62158142e+02
    7.78709352e-01 4.94970459e+02 3.97130035e+02 5.45737624e-01
    3.81467163e+02 2.91519440e+02 3.93097490e-01 3.22878876e+02
    4.32371765e+02 4.61526215e-01 0. 0. 0. 4.91047272e+02 3.03261169e+02
    3.92123759e-01 5.22416443e+02 3.95204071e+02 6.37834668e-02 0. 0. 0.
    4.79361694e+02 7.04824677e+01 7.81122684e-01 5.16540222e+02
    6.85319138e+01 7.60503292e-01 4.18727051e+02 3.88941479e+00
    7.29902804e-01 5.40182312e+02 3.72147179e+01 8.26724619e-02</data></pose_0>
</opencv_storage>
