<?xml version="1.0"?>
<opencv_storage>
<hand_right_0 type_id="opencv-nd-matrix">
  <sizes>
    1 21 3</sizes>
  <dt>f</dt>
  <data>
    4.58340515e+02 3.84684967e+02 6.70638859e-01 4.76516052e+02
    3.90325653e+02 7.23138988e-01 4.93438110e+02 3.96593079e+02
    6.99785829e-01 5.04719482e+02 4.05994232e+02 7.73208916e-01
    5.17254333e+02 4.14141907e+02 8.58770430e-01 4.83410217e+02
    4.02233765e+02 6.18808627e-01 4.93438110e+02 4.18529083e+02
    8.31320763e-01 5.00959015e+02 4.32944183e+02 7.72645831e-01
    5.03466003e+02 4.44225555e+02 8.65895212e-01 4.69621887e+02
    4.05367493e+02 7.23396480e-01 4.78396271e+02 4.21036072e+02
    6.87397838e-01 4.87170685e+02 4.34197662e+02 6.78996325e-01
    4.93438110e+02 4.47986023e+02 7.23324835e-01 4.57087006e+02
    4.09127960e+02 6.56437933e-01 4.58340515e+02 4.20409332e+02
    6.18915200e-01 4.63981201e+02 4.35451141e+02 6.47325575e-01
    4.63354462e+02 4.48612762e+02 5.73872447e-01 4.42671936e+02
    4.12261658e+02 7.19386816e-01 4.41418457e+02 4.21036072e+02
    7.01338470e-01 4.40164948e+02 4.29810455e+02 7.24208653e-01
    4.40791687e+02 4.39838348e+02 7.71692157e-01</data></hand_right_0>
</opencv_storage>
