<?xml version="1.0"?>
<opencv_storage>
<hand_left_0 type_id="opencv-nd-matrix">
  <sizes>
    1 21 3</sizes>
  <dt>f</dt>
  <data>
    4.61573883e+02 3.91300629e+02 5.41420102e-01 4.49423187e+02
    4.04090820e+02 6.28651619e-01 4.40470062e+02 4.21997070e+02
    5.69222450e-01 4.27040375e+02 4.32868713e+02 8.25786829e-01
    4.15529205e+02 4.42461365e+02 8.80642056e-01 4.54539276e+02
    4.21997070e+02 5.36128223e-01 4.43028107e+02 4.32229218e+02
    5.18339455e-01 4.42388611e+02 4.44379883e+02 7.03065157e-01
    4.44946625e+02 4.57809570e+02 6.99161649e-01 4.69247986e+02
    4.17520508e+02 7.09121585e-01 4.77561615e+02 4.34147736e+02
    4.34937596e-01 4.62852905e+02 4.47577423e+02 7.08264112e-01
    4.58376343e+02 4.64204681e+02 6.27399802e-01 4.84596191e+02
    4.14322968e+02 6.42759562e-01 4.94188843e+02 4.32229218e+02
    6.77600145e-01 5.00583923e+02 4.46298431e+02 5.59554398e-01
    5.06339508e+02 4.57809570e+02 7.02259660e-01 4.99944427e+02
    4.08567383e+02 7.42897809e-01 5.08897552e+02 4.21357574e+02
    6.96777701e-01 5.14013611e+02 4.25834137e+02 6.78501368e-01
    5.18490173e+02 4.29031677e+02 6.03451073e-01</data></hand_left_0>
</opencv_storage>
