<?xml version="1.0"?>
<opencv_storage>
<hand_right_0 type_id="opencv-nd-matrix">
  <sizes>
    1 21 3</sizes>
  <dt>f</dt>
  <data>
    4.58727051e+02 4.19892639e+02 6.36907101e-01 4.76186829e+02
    4.27483856e+02 7.24175751e-01 4.95164825e+02 4.34315948e+02
    6.40473366e-01 5.02756042e+02 4.44184509e+02 7.15213239e-01
    5.13383728e+02 4.56330444e+02 8.19975257e-01 4.81500671e+02
    4.42666260e+02 6.53964281e-01 4.89850983e+02 4.58607788e+02
    7.94896185e-01 4.96683075e+02 4.75308472e+02 8.50081921e-01
    5.01237793e+02 4.87454376e+02 8.44871402e-01 4.65559113e+02
    4.45702759e+02 7.38143623e-01 4.73909454e+02 4.60126038e+02
    6.33442044e-01 4.82259796e+02 4.76826691e+02 8.32266092e-01
    4.88332764e+02 4.88972626e+02 8.45690846e-01 4.52654083e+02
    4.48739227e+02 7.18118668e-01 4.56449677e+02 4.63162537e+02
    6.79309845e-01 4.58727051e+02 4.77585815e+02 8.56158555e-01
    4.61763519e+02 4.90490875e+02 8.72700155e-01 4.38230774e+02
    4.51016602e+02 6.56893015e-01 4.35953430e+02 4.63921631e+02
    8.71701002e-01 4.37471649e+02 4.76067566e+02 7.81012177e-01
    4.41267273e+02 4.85936157e+02 8.11531782e-01</data></hand_right_0>
</opencv_storage>
