<?xml version="1.0"?>
<opencv_storage>
<pose_0 type_id="opencv-nd-matrix">
  <sizes>
    1 18 3</sizes>
  <dt>f</dt>
  <data>
    5.04746490e+02 1.78031113e+02 8.04011047e-01 4.75456238e+02
    1.03686821e+02 7.80960441e-01 3.71727600e+02 9.97458572e+01
    6.39528036e-01 4.14703705e+02 2.87534912e+02 7.02685475e-01
    4.59751434e+02 4.16704681e+02 8.55138719e-01 5.73254333e+02
    1.11489174e+02 6.43159926e-01 5.28263184e+02 3.05170502e+02
    7.72303402e-01 4.93086334e+02 4.28438599e+02 6.12124324e-01
    3.77620361e+02 2.89564911e+02 4.15801108e-01 3.20917694e+02
    4.38257080e+02 4.63494122e-01 2.17167603e+02 4.93094971e+02
    1.24463916e-01 4.87175720e+02 3.07163391e+02 4.71493572e-01
    5.45884705e+02 4.44102295e+02 2.04404354e-01 0. 0. 0. 4.93035889e+02
    1.62446808e+02 8.43537927e-01 5.18451843e+02 1.62426529e+02
    4.41279888e-01 4.30379211e+02 9.39315186e+01 4.70504493e-01
    5.40078979e+02 1.01686501e+02 7.14537203e-02</data></pose_0>
</opencv_storage>
