<?xml version="1.0"?>
<opencv_storage>
<hand_left_0 type_id="opencv-nd-matrix">
  <sizes>
    1 21 3</sizes>
  <dt>f</dt>
  <data>
    4.59183472e+02 4.06230835e+02 5.69820285e-01 4.47078827e+02
    4.19759583e+02 6.69417560e-01 4.38534363e+02 4.40408691e+02
    5.63280344e-01 4.38534363e+02 4.53225372e+02 6.91099703e-01
    4.45654724e+02 4.68890228e+02 6.65380955e-01 4.55623260e+02
    4.36848511e+02 6.57331526e-01 4.58471436e+02 4.52513336e+02
    6.63945436e-01 4.62743652e+02 4.63905945e+02 6.94337487e-01
    4.64167725e+02 4.73874512e+02 6.50165021e-01 4.69864044e+02
    4.31152191e+02 7.65699029e-01 4.78408508e+02 4.48953156e+02
    7.89366245e-01 4.84816833e+02 4.63193909e+02 7.14732528e-01
    4.90513153e+02 4.73162445e+02 6.61836267e-01 4.85528900e+02
    4.26879974e+02 6.75821066e-01 4.92649261e+02 4.43256836e+02
    7.32433021e-01 5.01193726e+02 4.56785583e+02 7.10313916e-01
    5.04753937e+02 4.67466156e+02 7.62133121e-01 4.97633545e+02
    4.20471619e+02 7.93880939e-01 5.08314117e+02 4.26879974e+02
    7.71009803e-01 5.14722473e+02 4.32576263e+02 8.63190770e-01
    5.19706726e+02 4.40408691e+02 7.82502890e-01</data></hand_left_0>
</opencv_storage>
