<?xml version="1.0"?>
<opencv_storage>
<pose_0 type_id="opencv-nd-matrix">
  <sizes>
    1 18 3</sizes>
  <dt>f</dt>
  <data>
    4.55844391e+02 1.09537140e+02 8.16211164e-01 4.46052643e+02
    7.62819519e+01 7.30555594e-01 3.54136810e+02 7.63318710e+01
    7.21091986e-01 4.08909546e+02 2.40637161e+02 8.12932849e-01
    4.59749176e+02 3.73704956e+02 8.12927008e-01 5.38075317e+02
    8.41127701e+01 7.60748684e-01 5.08769989e+02 2.56263885e+02
    8.62346351e-01 4.93033295e+02 3.95227966e+02 5.97483397e-01
    3.73682312e+02 2.85651581e+02 4.29475784e-01 3.32640991e+02
    4.32391632e+02 5.15618324e-01 3.05192261e+02 4.91107758e+02
    5.95744811e-02 4.73457397e+02 2.89538055e+02 4.50944930e-01
    5.10668121e+02 3.85474487e+02 8.92310068e-02 0. 0. 0. 4.36287323e+02
    8.61180496e+01 7.56806731e-01 4.75497375e+02 8.41473694e+01
    9.23732281e-01 3.85490051e+02 3.71525612e+01 7.96940625e-01
    5.08611572e+02 2.35366306e+01 7.92453349e-01</data></pose_0>
</opencv_storage>
