<?xml version="1.0"?>
<opencv_storage>
<hand_left_0 type_id="opencv-nd-matrix">
  <sizes>
    1 21 3</sizes>
  <dt>f</dt>
  <data>
    4.58875702e+02 4.10117310e+02 5.53719759e-01 4.45336914e+02
    4.22230957e+02 6.50298595e-01 4.36786102e+02 4.41470276e+02
    4.56764340e-01 4.30372986e+02 4.50733643e+02 3.39499295e-01
    4.16121643e+02 4.50733643e+02 6.24590099e-01 4.50324890e+02
    4.38619995e+02 5.07439554e-01 4.39636353e+02 4.49308502e+02
    6.01890862e-01 4.41061493e+02 4.62134735e+02 6.94574714e-01
    4.43911774e+02 4.72823242e+02 8.05519998e-01 4.66001373e+02
    4.34344604e+02 6.63846672e-01 4.61013397e+02 4.50733643e+02
    4.32913035e-01 4.61725952e+02 4.62847290e+02 6.02884233e-01
    4.63151093e+02 4.75673523e+02 7.33277202e-01 4.83102997e+02
    4.30069183e+02 6.33287191e-01 4.91653778e+02 4.45745667e+02
    6.50181353e-01 4.99492035e+02 4.58571899e+02 6.18185878e-01
    5.04480011e+02 4.68547821e+02 5.86977243e-01 4.98066895e+02
    4.22943512e+02 7.25670576e-01 5.06617706e+02 4.28644043e+02
    7.64865935e-01 5.13030823e+02 4.34344604e+02 8.10756385e-01
    5.16593628e+02 4.40757690e+02 7.51722217e-01</data></hand_left_0>
</opencv_storage>
