<?xml version="1.0"?>
<opencv_storage>
<hand_right_0 type_id="opencv-nd-matrix">
  <sizes>
    1 21 3</sizes>
  <dt>f</dt>
  <data>
    4.58593781e+02 3.80849030e+02 6.34819448e-01 4.74648560e+02
    3.87023926e+02 7.02004075e-01 4.92555817e+02 3.93198853e+02
    6.63496852e-01 5.03053192e+02 4.03696198e+02 8.16149712e-01
    5.14168030e+02 4.12341095e+02 8.64691138e-01 4.83293457e+02
    4.02461243e+02 6.87948227e-01 4.93790802e+02 4.19133514e+02
    7.40353525e-01 4.99965729e+02 4.32100830e+02 7.77497590e-01
    5.03053192e+02 4.43833160e+02 9.08069730e-01 4.69091156e+02
    4.06166168e+02 7.31042087e-01 4.78971008e+02 4.24690918e+02
    6.59246504e-01 4.83910950e+02 4.40745697e+02 6.42104745e-01
    4.78971008e+02 4.48773102e+02 5.64870775e-01 4.55506317e+02
    4.08018646e+02 6.59251988e-01 4.57976288e+02 4.17898529e+02
    5.06672323e-01 4.62298737e+02 4.35805786e+02 6.87445223e-01
    4.61063751e+02 4.48155609e+02 6.20319366e-01 4.43156494e+02
    4.09253632e+02 6.64976299e-01 4.41304016e+02 4.19133514e+02
    6.97100282e-01 4.40069031e+02 4.27778381e+02 7.22133458e-01
    4.40686523e+02 4.37658234e+02 7.86782682e-01</data></hand_right_0>
</opencv_storage>
