<?xml version="1.0"?>
<opencv_storage>
<hand_left_0 type_id="opencv-nd-matrix">
  <sizes>
    2 21 3</sizes>
  <dt>f</dt>
  <data>
    4.58215057e+02 4.02597809e+02 5.15220761e-01 4.46312469e+02
    4.15900696e+02 6.46480203e-01 4.36510345e+02 4.34804779e+02
    4.39698130e-01 4.25307922e+02 4.43206604e+02 5.45460820e-01
    4.14105499e+02 4.46007202e+02 7.79090106e-01 4.47712799e+02
    4.29903717e+02 4.92926300e-01 4.40711273e+02 4.43206604e+02
    6.77635074e-01 4.42111572e+02 4.55809357e+02 8.39962840e-01
    4.46312469e+02 4.66311615e+02 8.09941530e-01 4.64516418e+02
    4.26402954e+02 6.53113365e-01 4.60315521e+02 4.43906769e+02
    5.49699962e-01 4.64516418e+02 4.56509491e+02 6.52519703e-01
    4.67317047e+02 4.69812378e+02 7.65292346e-01 4.81320068e+02
    4.21501892e+02 6.88821793e-01 4.92522491e+02 4.38305542e+02
    6.17787123e-01 4.97423584e+02 4.50908295e+02 5.34645259e-01
    4.92522491e+02 4.66311615e+02 5.90183496e-01 4.97423584e+02
    4.15200531e+02 7.55276918e-01 5.07225708e+02 4.20801758e+02
    7.14119375e-01 5.14227234e+02 4.27103119e+02 8.09862137e-01
    5.18428101e+02 4.34104645e+02 6.92386925e-01 0. 0. 0. 0. 0. 0. 0. 0.
    0. 0. 0. 0. 0. 0. 0. 0. 0. 0. 0. 0. 0. 0. 0. 0. 0. 0. 0. 0. 0. 0. 0.
    0. 0. 0. 0. 0. 0. 0. 0. 0. 0. 0. 0. 0. 0. 0. 0. 0. 0. 0. 0. 0. 0. 0.
    0. 0. 0. 0. 0. 0. 0. 0. 0.</data></hand_left_0>
</opencv_storage>
