<?xml version="1.0"?>
<opencv_storage>
<hand_left_0 type_id="opencv-nd-matrix">
  <sizes>
    1 21 3</sizes>
  <dt>f</dt>
  <data>
    4.61852478e+02 3.91067566e+02 5.95774531e-01 4.48591217e+02
    4.03630859e+02 6.62101746e-01 4.39517761e+02 4.20381897e+02
    5.52064717e-01 4.35329987e+02 4.32945160e+02 4.86120611e-01
    4.16485077e+02 4.33643127e+02 4.97875214e-01 4.52778992e+02
    4.18287994e+02 6.03449404e-01 4.41611633e+02 4.30153320e+02
    5.23464918e-01 4.42309601e+02 4.43414581e+02 5.84047019e-01
    4.44403473e+02 4.53883972e+02 6.67121053e-01 4.68832062e+02
    4.14100250e+02 6.77743495e-01 4.77905548e+02 4.30153320e+02
    3.89839202e-01 4.61852478e+02 4.46904388e+02 4.57769811e-01
    4.59060638e+02 4.58071747e+02 6.16504014e-01 4.84187195e+02
    4.09214539e+02 6.23381615e-01 4.93260681e+02 4.27361481e+02
    6.30778909e-01 4.99542328e+02 4.39226807e+02 5.69038689e-01
    5.05126007e+02 4.48998260e+02 6.74224913e-01 4.98146393e+02
    4.02234924e+02 7.59625077e-01 5.07917847e+02 4.10610443e+02
    7.62642562e-01 5.14199463e+02 4.16892090e+02 8.27189088e-01
    5.18387268e+02 4.22475769e+02 7.53879964e-01</data></hand_left_0>
</opencv_storage>
