<?xml version="1.0"?>
<opencv_storage>
<hand_right_0 type_id="opencv-nd-matrix">
  <sizes>
    1 21 3</sizes>
  <dt>f</dt>
  <data>
    4.61426025e+02 4.11432770e+02 5.74556768e-01 4.79692169e+02
    4.19160767e+02 6.79095626e-01 4.99363434e+02 4.26186218e+02
    7.16702163e-01 5.09901611e+02 4.35319305e+02 7.27859497e-01
    5.18332153e+02 4.43047302e+02 7.59873033e-01 4.86717621e+02
    4.35319305e+02 6.99709773e-01 4.94445618e+02 4.49370209e+02
    7.32100308e-01 5.02876160e+02 4.63421082e+02 7.95646846e-01
    5.06388885e+02 4.73959259e+02 8.09999645e-01 4.70559113e+02
    4.37426941e+02 7.64800966e-01 4.78287109e+02 4.52180389e+02
    6.53625011e-01 4.86717621e+02 4.66231262e+02 7.98146009e-01
    4.93743073e+02 4.78877075e+02 8.88454258e-01 4.55103119e+02
    4.39534576e+02 6.27492547e-01 4.58615845e+02 4.52180389e+02
    7.14707613e-01 4.63533661e+02 4.66231262e+02 8.03030372e-01
    4.66343842e+02 4.78174530e+02 8.08226585e-01 4.41052216e+02
    4.40237122e+02 6.65148795e-01 4.38944580e+02 4.53585480e+02
    8.30655158e-01 4.41754761e+02 4.65528717e+02 8.06916475e-01
    4.46672577e+02 4.76066895e+02 7.99087465e-01</data></hand_right_0>
</opencv_storage>
