<?xml version="1.0"?>
<opencv_storage>
<hand_left_0 type_id="opencv-nd-matrix">
  <sizes>
    1 21 3</sizes>
  <dt>f</dt>
  <data>
    4.61994171e+02 4.15309814e+02 5.68090796e-01 4.48757111e+02
    4.27223175e+02 6.26118302e-01 4.38829315e+02 4.44431366e+02
    5.57010710e-01 4.26254120e+02 4.51711731e+02 7.21924722e-01
    4.13678894e+02 4.58330261e+02 7.73500562e-01 4.52728210e+02
    4.44431366e+02 5.07243156e-01 4.42800415e+02 4.52373596e+02
    5.50905585e-01 4.42138580e+02 4.65610657e+02 8.30965102e-01
    4.42138580e+02 4.78185852e+02 7.42511213e-01 4.69274536e+02
    4.41783936e+02 7.22801089e-01 4.63979736e+02 4.60315826e+02
    3.89814913e-01 4.63317871e+02 4.72891022e+02 7.41369307e-01
    4.58023041e+02 4.88113647e+02 6.96282029e-01 4.85159027e+02
    4.39136536e+02 7.24823892e-01 4.95086823e+02 4.58330261e+02
    7.08783388e-01 5.00381653e+02 4.71567322e+02 5.84852099e-01
    5.05014618e+02 4.82818817e+02 7.24361181e-01 5.00381653e+02
    4.33179840e+02 7.94832230e-01 5.10971283e+02 4.49064331e+02
    6.63454056e-01 5.15604248e+02 4.53697296e+02 5.90299487e-01
    5.17589844e+02 4.57668427e+02 4.02922720e-01</data></hand_left_0>
</opencv_storage>
