<?xml version="1.0"?>
<opencv_storage>
<pose_0 type_id="opencv-nd-matrix">
  <sizes>
    1 18 3</sizes>
  <dt>f</dt>
  <data>
    4.61772522e+02 1.19329231e+02 7.79362142e-01 4.71524384e+02
    7.82208176e+01 7.76243806e-01 3.69814697e+02 7.23945847e+01
    6.80100143e-01 4.14830627e+02 2.58229248e+02 7.46659517e-01
    4.59757111e+02 3.89364349e+02 8.49183083e-01 5.71292480e+02
    8.80178833e+01 6.79572642e-01 5.28253113e+02 2.73842255e+02
    7.77583599e-01 4.93098480e+02 3.99163391e+02 5.54388821e-01
    3.81541656e+02 2.87605682e+02 4.18627590e-01 3.30654602e+02
    4.32395569e+02 3.88487339e-01 2.93461273e+02 4.85205811e+02
    1.00343138e-01 4.91092743e+02 3.03277191e+02 4.33198005e-01
    5.49751648e+02 4.14816711e+02 8.91044661e-02 0. 0. 0. 4.44189240e+02
    9.98246002e+01 7.60090292e-01 4.79326843e+02 9.96857605e+01
    7.75477350e-01 4.10758728e+02 6.84700775e+01 2.09820375e-01
    5.20460388e+02 2.35433292e+01 8.74382138e-01</data></pose_0>
</opencv_storage>
