<?xml version="1.0"?>
<opencv_storage>
<hand_right_0 type_id="opencv-nd-matrix">
  <sizes>
    1 21 3</sizes>
  <dt>f</dt>
  <data>
    4.60119537e+02 3.95485931e+02 5.93785703e-01 4.77499237e+02
    4.02727478e+02 7.28893638e-01 4.99947998e+02 4.12865631e+02
    6.98934197e-01 5.10810303e+02 4.22279633e+02 6.67987764e-01
    5.18776001e+02 4.31693634e+02 7.57496476e-01 4.84740784e+02
    4.19383026e+02 6.43420756e-01 4.94154755e+02 4.34590240e+02
    7.77227581e-01 5.00672150e+02 4.48349152e+02 8.68762016e-01
    5.05017059e+02 4.59211456e+02 8.92124832e-01 4.70257690e+02
    4.21555481e+02 7.24568963e-01 4.76775085e+02 4.36762695e+02
    7.12250531e-01 4.84016602e+02 4.51969940e+02 7.32497931e-01
    4.91982300e+02 4.65004700e+02 8.55212569e-01 4.54326324e+02
    4.24452087e+02 7.19881892e-01 4.58671234e+02 4.37486847e+02
    7.03669846e-01 4.61567841e+02 4.53418243e+02 8.40332389e-01
    4.64464478e+02 4.65728851e+02 8.02781105e-01 4.38394928e+02
    4.24452087e+02 6.72029972e-01 4.39119080e+02 4.39659332e+02
    7.69759536e-01 4.41291534e+02 4.50521637e+02 7.62414932e-01
    4.44188171e+02 4.61383942e+02 7.65531719e-01</data></hand_right_0>
</opencv_storage>
