<?xml version="1.0"?>
<opencv_storage>
<hand_right_0 type_id="opencv-nd-matrix">
  <sizes>
    1 21 3</sizes>
  <dt>f</dt>
  <data>
    4.59624634e+02 3.88264771e+02 6.28569901e-01 4.79226685e+02
    3.96759003e+02 7.18356073e-01 4.99482117e+02 4.04599823e+02
    7.23361492e-01 5.08629761e+02 4.16361053e+02 7.40509391e-01
    5.19737549e+02 4.23548462e+02 8.60840380e-01 4.87067505e+02
    4.12440643e+02 7.29130507e-01 4.95561707e+02 4.28775696e+02
    8.07261527e-01 5.01442322e+02 4.43150513e+02 8.08985889e-01
    5.05362732e+02 4.54258362e+02 9.40373182e-01 4.73346069e+02
    4.14400848e+02 7.89226115e-01 4.79880066e+02 4.32696106e+02
    7.05563664e-01 4.85760681e+02 4.45110718e+02 6.49989724e-01
    4.89027710e+02 4.54911743e+02 5.47352314e-01 4.58317810e+02
    4.17667847e+02 7.36942410e-01 4.60931427e+02 4.30082489e+02
    6.33614779e-01 4.63545044e+02 4.45110718e+02 7.84224868e-01
    4.60931427e+02 4.60138977e+02 7.51363814e-01 4.43289581e+02
    4.17667847e+02 6.98558331e-01 4.42636169e+02 4.30735901e+02
    7.37847626e-01 4.42636169e+02 4.40536926e+02 7.91851640e-01
    4.42636169e+02 4.50337952e+02 7.14848042e-01</data></hand_right_0>
</opencv_storage>
