<?xml version="1.0"?>
<opencv_storage>
<hand_right_0 type_id="opencv-nd-matrix">
  <sizes>
    1 21 3</sizes>
  <dt>f</dt>
  <data>
    4.58932343e+02 3.93463196e+02 5.43405592e-01 4.76860809e+02
    3.99917419e+02 7.25702405e-01 4.96940643e+02 4.07088806e+02
    6.49837255e-01 5.07697723e+02 4.16411591e+02 7.94941723e-01
    5.19889038e+02 4.25017242e+02 7.52232373e-01 4.85466461e+02
    4.16411591e+02 6.16201520e-01 4.94789246e+02 4.31471497e+02
    7.24494398e-01 5.02677765e+02 4.45097107e+02 8.50821495e-01
    5.06263428e+02 4.55137024e+02 8.38743687e-01 4.70406555e+02
    4.19280151e+02 7.13237226e-01 4.77577942e+02 4.33622894e+02
    6.86775863e-01 4.86900726e+02 4.47965668e+02 6.73499286e-01
    4.94072113e+02 4.60156982e+02 8.73107016e-01 4.54629517e+02
    4.22148712e+02 7.02524960e-01 4.58215210e+02 4.33622894e+02
    6.52873278e-01 4.61083771e+02 4.50117065e+02 8.03464770e-01
    4.65386597e+02 4.62308411e+02 7.41463363e-01 4.40286774e+02
    4.22865845e+02 6.45681381e-01 4.40286774e+02 4.37925720e+02
    7.76683211e-01 4.41721039e+02 4.50117065e+02 7.63412714e-01
    4.46741028e+02 4.60874146e+02 7.89580464e-01</data></hand_right_0>
</opencv_storage>
