<?xml version="1.0"?>
<opencv_storage>
<hand_left_0 type_id="opencv-nd-matrix">
  <sizes>
    1 21 3</sizes>
  <dt>f</dt>
  <data>
    4.62742340e+02 3.87616364e+02 5.79933167e-01 4.49709778e+02
    3.99200867e+02 6.54912829e-01 4.43193512e+02 4.15129578e+02
    6.55365705e-01 4.43193512e+02 4.29610199e+02 7.58682311e-01
    4.47537689e+02 4.44814850e+02 5.96796691e-01 4.58398163e+02
    4.11509399e+02 6.29728794e-01 4.59122192e+02 4.23093903e+02
    4.36422855e-01 4.48261719e+02 4.34678406e+02 4.77010667e-01
    4.48261719e+02 4.46262909e+02 5.33426940e-01 4.72878784e+02
    4.06441193e+02 6.98733926e-01 4.82291199e+02 4.20921814e+02
    5.27933717e-01 4.67086548e+02 4.37574554e+02 5.03897667e-01
    4.62742340e+02 4.50607117e+02 6.87033474e-01 4.88083435e+02
    4.01372986e+02 6.73392832e-01 4.98219879e+02 4.18025696e+02
    6.23082697e-01 5.01116028e+02 4.28886169e+02 5.66062272e-01
    5.02564087e+02 4.41194702e+02 6.07912362e-01 5.01116028e+02
    3.94132660e+02 7.79678822e-01 5.09080353e+02 3.99200867e+02
    7.69537091e-01 5.16320679e+02 4.02821045e+02 8.20820391e-01
    5.21388916e+02 4.08613281e+02 7.31698811e-01</data></hand_left_0>
</opencv_storage>
