<?xml version="1.0"?>
<opencv_storage>
<hand_left_0 type_id="opencv-nd-matrix">
  <sizes>
    1 21 3</sizes>
  <dt>f</dt>
  <data>
    4.58974121e+02 3.97037140e+02 5.79101801e-01 4.44931763e+02
    4.08973145e+02 6.81223869e-01 4.34399963e+02 4.27930359e+02
    5.15278995e-01 4.23166077e+02 4.36355774e+02 4.01696086e-01
    4.13336395e+02 4.41270599e+02 6.52039409e-01 4.47038116e+02
    4.25824005e+02 5.31132102e-01 4.38612671e+02 4.35653656e+02
    6.20037913e-01 4.39314789e+02 4.48291809e+02 8.31815302e-01
    4.40016907e+02 4.59525696e+02 8.07977498e-01 4.63186829e+02
    4.22313416e+02 6.72852397e-01 4.57569885e+02 4.40568481e+02
    4.70624745e-01 4.59676239e+02 4.53908752e+02 6.26231432e-01
    4.61080475e+02 4.66546875e+02 7.26974666e-01 4.79335571e+02
    4.19504944e+02 7.11129189e-01 4.87058868e+02 4.37760010e+02
    6.59838736e-01 4.94080048e+02 4.52504517e+02 5.87162018e-01
    4.84250397e+02 4.65142639e+02 5.63352585e-01 4.94782166e+02
    4.13887970e+02 7.30489254e-01 5.03909729e+02 4.25824005e+02
    6.61666930e-01 5.07420319e+02 4.30738831e+02 7.21032500e-01
    5.07420319e+02 4.33547302e+02 5.66944003e-01</data></hand_left_0>
</opencv_storage>
