<?xml version="1.0"?>
<opencv_storage>
<hand_left_0 type_id="opencv-nd-matrix">
  <sizes>
    1 21 3</sizes>
  <dt>f</dt>
  <data>
    4.59006104e+02 4.18803802e+02 5.02614737e-01 4.46233612e+02
    4.30866730e+02 5.84558725e-01 4.37009003e+02 4.50025513e+02
    4.18065429e-01 4.25655670e+02 4.55702179e+02 5.78383327e-01
    4.15721466e+02 4.59250092e+02 7.97186136e-01 4.46943176e+02
    4.42220062e+02 5.45481265e-01 4.41266510e+02 4.56411774e+02
    7.42142856e-01 4.41976105e+02 4.69184265e+02 7.98087656e-01
    4.43395264e+02 4.79118469e+02 8.18648577e-01 4.63973206e+02
    4.41510498e+02 6.45845413e-01 4.59715698e+02 4.57121338e+02
    6.01913750e-01 4.63973206e+02 4.70603455e+02 6.88752055e-01
    4.63973206e+02 4.81956787e+02 8.20660472e-01 4.82422394e+02
    4.37252991e+02 6.07332945e-01 4.93066162e+02 4.53573425e+02
    5.48213840e-01 4.99452423e+02 4.65636353e+02 5.39400816e-01
    5.05838684e+02 4.76989716e+02 6.22209191e-01 4.98033264e+02
    4.30157135e+02 7.34480619e-01 5.06548279e+02 4.35833801e+02
    7.89852858e-01 5.12934509e+02 4.40800903e+02 7.97915459e-01
    5.17192017e+02 4.47187164e+02 7.30616093e-01</data></hand_left_0>
</opencv_storage>
