<?xml version="1.0"?>
<opencv_storage>
<pose_0 type_id="opencv-nd-matrix">
  <sizes>
    1 18 3</sizes>
  <dt>f</dt>
  <data>
    4.36273315e+02 1.44813110e+02 7.35041738e-01 4.63752350e+02
    9.39220581e+01 7.98327029e-01 3.67898010e+02 8.80314941e+01
    7.13262260e-01 4.14751648e+02 2.77805176e+02 7.31407762e-01
    4.59788422e+02 4.06977478e+02 8.46354067e-01 5.73235657e+02
    1.03716057e+02 6.39026582e-01 5.36081604e+02 2.89606354e+02
    8.03454757e-01 4.95047607e+02 4.12887482e+02 6.30355895e-01
    3.79533295e+02 2.89559479e+02 4.27506119e-01 3.24810394e+02
    4.30474976e+02 3.84502500e-01 2.83692841e+02 4.79346680e+02
    1.26543298e-01 4.89095184e+02 3.05217255e+02 4.36027497e-01
    5.30215088e+02 4.16746460e+02 7.53566623e-02 0. 0. 0. 4.24576965e+02
    1.19360466e+02 6.10820413e-01 4.57826294e+02 1.29160110e+02
    6.48732543e-01 4.10755066e+02 8.41445313e+01 1.13441080e-01
    5.08669037e+02 7.23707123e+01 4.75963622e-01</data></pose_0>
</opencv_storage>
