<?xml version="1.0"?>
<opencv_storage>
<hand_right_0 type_id="opencv-nd-matrix">
  <sizes>
    1 21 3</sizes>
  <dt>f</dt>
  <data>
    4.57017639e+02 3.82924530e+02 6.41875744e-01 4.74429901e+02
    3.87799957e+02 7.31160700e-01 4.93931610e+02 3.93371887e+02
    7.24590302e-01 5.05771942e+02 4.03122742e+02 8.56790185e-01
    5.16915771e+02 4.12873596e+02 8.28357458e-01 4.83484253e+02
    4.03819244e+02 7.38612771e-01 4.93931610e+02 4.18445526e+02
    7.58665025e-01 5.01593018e+02 4.31678833e+02 8.46156836e-01
    5.05771942e+02 4.42126190e+02 9.46904838e-01 4.68161499e+02
    4.08694672e+02 7.57214844e-01 4.77912354e+02 4.21927979e+02
    6.72718287e-01 4.86270233e+02 4.37250763e+02 6.94902360e-01
    4.93931610e+02 4.48394592e+02 8.78784418e-01 4.54231689e+02
    4.13570099e+02 6.74496055e-01 4.57017639e+02 4.23320953e+02
    6.50053561e-01 4.61893066e+02 4.37947235e+02 8.58083546e-01
    4.66072021e+02 4.49787567e+02 6.91417277e-01 4.38908905e+02
    4.14963074e+02 7.44490623e-01 4.39605408e+02 4.27499878e+02
    8.12901258e-01 4.40301880e+02 4.37947235e+02 7.46091187e-01
    4.43784332e+02 4.48394592e+02 6.68204069e-01</data></hand_right_0>
</opencv_storage>
