<?xml version="1.0"?>
<opencv_storage>
<pose_0 type_id="opencv-nd-matrix">
  <sizes>
    1 18 3</sizes>
  <dt>f</dt>
  <data>
    4.57779663e+02 1.62478485e+02 7.57669806e-01 4.63705811e+02
    1.01743896e+02 8.26686978e-01 3.65868988e+02 9.97542953e+01
    7.19191551e-01 4.08919708e+02 2.89496826e+02 7.21424997e-01
    4.59695801e+02 4.10857117e+02 8.71356845e-01 5.71284668e+02
    1.11489182e+02 6.64675772e-01 5.34100830e+02 2.95407898e+02
    7.51339793e-01 4.96960480e+02 4.14749451e+02 6.73070669e-01
    3.77592468e+02 2.89544586e+02 3.99743289e-01 3.24767029e+02
    4.30483612e+02 5.25023878e-01 2.85632935e+02 4.79361389e+02
    8.94365013e-02 4.89157715e+02 3.03285889e+02 3.94675136e-01
    5.41972961e+02 4.57838226e+02 8.08232427e-02 0. 0. 0. 4.44068390e+02
    1.46711334e+02 7.00006664e-01 4.75394470e+02 1.48637177e+02
    6.20051861e-01 4.10812103e+02 9.19313049e+01 2.89168775e-01
    5.08683350e+02 8.41260605e+01 3.08336794e-01</data></pose_0>
</opencv_storage>
