<?xml version="1.0"?>
<opencv_storage>
<hand_left_0 type_id="opencv-nd-matrix">
  <sizes>
    1 21 3</sizes>
  <dt>f</dt>
  <data>
    4.60659790e+02 3.88882294e+02 5.83027899e-01 4.48707672e+02
    4.01537476e+02 6.63646698e-01 4.37458618e+02 4.17707977e+02
    6.42016590e-01 4.27615692e+02 4.26847839e+02 4.47212189e-01
    4.17772766e+02 4.31769287e+02 5.19645452e-01 4.51519958e+02
    4.19114105e+02 5.09554088e-01 4.42380096e+02 4.38799957e+02
    6.78093314e-01 4.43786224e+02 4.50752075e+02 6.86322033e-01
    4.46598480e+02 4.58485809e+02 7.47225761e-01 4.66284332e+02
    4.17004913e+02 6.66315138e-01 4.61362854e+02 4.38096893e+02
    4.96888191e-01 4.65581268e+02 4.51455139e+02 5.93623638e-01
    4.62065918e+02 4.62704193e+02 7.01974273e-01 4.83157898e+02
    4.12083466e+02 6.87592924e-01 4.92297760e+02 4.31769287e+02
    6.78747058e-01 4.97922302e+02 4.44424500e+02 6.26765966e-01
    5.03546814e+02 4.53564331e+02 5.57593584e-01 4.99328430e+02
    4.06458923e+02 7.92265534e-01 5.07062134e+02 4.17707977e+02
    7.65848815e-01 5.12686646e+02 4.23332520e+02 8.03589404e-01
    5.16202026e+02 4.28957031e+02 7.21666157e-01</data></hand_left_0>
</opencv_storage>
