<?xml version="1.0"?>
<opencv_storage>
<hand_left_0 type_id="opencv-nd-matrix">
  <sizes>
    1 21 3</sizes>
  <dt>f</dt>
  <data>
    4.61948334e+02 4.04869263e+02 5.34299731e-01 4.50914581e+02
    4.18499176e+02 6.49029374e-01 4.40529877e+02 4.35374329e+02
    5.50085068e-01 4.26250916e+02 4.45109985e+02 7.50505388e-01
    4.14568115e+02 4.51600433e+02 8.22025180e-01 4.54808838e+02
    4.35374329e+02 5.28420269e-01 4.43126068e+02 4.45759033e+02
    5.05080044e-01 4.42477020e+02 4.59388947e+02 7.10704207e-01
    4.45073181e+02 4.71720795e+02 7.33863771e-01 4.69736847e+02
    4.32778137e+02 6.52372360e-01 4.61948334e+02 4.50302338e+02
    4.22086269e-01 4.61948334e+02 4.63932251e+02 5.98161459e-01
    4.58703125e+02 4.79509308e+02 6.65728152e-01 4.85962952e+02
    4.30181976e+02 6.54847503e-01 4.95049591e+02 4.49653290e+02
    7.05431581e-01 5.00890991e+02 4.61336090e+02 6.11186802e-01
    5.05434296e+02 4.72369843e+02 7.25132108e-01 4.99592896e+02
    4.23691528e+02 7.47101784e-01 5.09977600e+02 4.38619537e+02
    6.23327374e-01 5.15169922e+02 4.42513794e+02 6.65306747e-01
    5.17766113e+02 4.45759033e+02 4.92656797e-01</data></hand_left_0>
</opencv_storage>
