<?xml version="1.0"?>
<opencv_storage>
<hand_left_0 type_id="opencv-nd-matrix">
  <sizes>
    1 21 3</sizes>
  <dt>f</dt>
  <data>
    4.61473236e+02 4.24701080e+02 5.85585475e-01 4.47163696e+02
    4.36864197e+02 6.59585714e-01 4.35716064e+02 4.56182068e+02
    5.86901486e-01 4.27845825e+02 4.61190399e+02 4.77388680e-01
    4.13536285e+02 4.64767792e+02 7.32066989e-01 4.54318481e+02
    4.53320160e+02 5.99341154e-01 4.39293457e+02 4.64052307e+02
    3.75144988e-01 4.43586334e+02 4.76930908e+02 5.59852004e-01
    4.46448242e+02 4.88378540e+02 7.17998207e-01 4.68628021e+02
    4.46880859e+02 6.85596466e-01 4.78644684e+02 4.65483276e+02
    4.33640838e-01 4.83653046e+02 4.77646393e+02 3.74670863e-01
    4.65766113e+02 4.89809479e+02 6.58829927e-01 4.84368500e+02
    4.42588013e+02 6.72928989e-01 4.92954224e+02 4.59759460e+02
    7.03820348e-01 5.00824493e+02 4.72638031e+02 6.57578230e-01
    5.05832825e+02 4.84085663e+02 6.62207186e-01 4.98678040e+02
    4.36148712e+02 7.31401443e-01 5.07979248e+02 4.41872528e+02
    7.60950029e-01 5.13703064e+02 4.48311829e+02 8.42929482e-01
    5.19426880e+02 4.54751129e+02 7.61819780e-01</data></hand_left_0>
</opencv_storage>
