<?xml version="1.0"?>
<opencv_storage>
<pose_0 type_id="opencv-nd-matrix">
  <sizes>
    1 18 3</sizes>
  <dt>f</dt>
  <data>
    4.44182404e+02 1.66373795e+02 7.45332420e-01 4.63728394e+02
    1.03741646e+02 8.09836626e-01 3.67856903e+02 9.98252716e+01
    7.17250764e-01 4.12903778e+02 2.93466858e+02 7.69952655e-01
    4.59745331e+02 4.14747009e+02 8.68518054e-01 5.71311218e+02
    1.15380653e+02 6.64143562e-01 5.34098328e+02 3.03241943e+02
    7.87965775e-01 4.94991638e+02 4.22624817e+02 6.22822821e-01
    3.77578247e+02 2.95422760e+02 4.16766226e-01 3.22796509e+02
    4.30488861e+02 5.12513518e-01 2.87569794e+02 4.77449310e+02
    1.25659898e-01 4.89087555e+02 3.07162872e+02 4.43858087e-01
    5.40047974e+02 4.57811432e+02 1.20438203e-01 0. 0. 0. 4.32362671e+02
    1.46791321e+02 7.08379447e-01 4.61757111e+02 1.54523300e+02
    6.14907026e-01 4.10791870e+02 9.77990723e+01 2.05173939e-01
    5.08696777e+02 8.99992676e+01 3.73163700e-01</data></pose_0>
</opencv_storage>
