<?xml version="1.0"?>
<opencv_storage>
<hand_left_0 type_id="opencv-nd-matrix">
  <sizes>
    1 21 3</sizes>
  <dt>f</dt>
  <data>
    4.62029846e+02 3.91665771e+02 5.72865009e-01 4.48005524e+02
    4.04287659e+02 6.54510856e-01 4.39590912e+02 4.21818085e+02
    6.16161525e-01 4.39590912e+02 4.35141205e+02 6.55280471e-01
    4.45901855e+02 4.51269196e+02 6.18990958e-01 4.56420105e+02
    4.19013214e+02 6.88076437e-01 4.57822540e+02 4.35141205e+02
    4.54625160e-01 4.61328644e+02 4.44958252e+02 4.41470355e-01
    4.52212799e+02 4.55476501e+02 4.03825134e-01 4.71145660e+02
    4.12702271e+02 7.13143289e-01 4.78859039e+02 4.28830261e+02
    7.77040899e-01 4.84468781e+02 4.41452148e+02 4.54124272e-01
    4.71846893e+02 4.55476501e+02 5.02202690e-01 4.84468781e+02
    4.09196198e+02 7.10136652e-01 4.93584595e+02 4.23921722e+02
    6.72333241e-01 5.00596771e+02 4.35842407e+02 6.72954023e-01
    5.06206512e+02 4.45659454e+02 6.14115298e-01 4.99194336e+02
    4.01482788e+02 7.25430667e-01 5.07608948e+02 4.08494965e+02
    7.39825845e-01 5.14621094e+02 4.16208344e+02 8.24233294e-01
    5.18828430e+02 4.22519318e+02 7.42591560e-01</data></hand_left_0>
</opencv_storage>
