<?xml version="1.0"?>
<opencv_storage>
<hand_right_0 type_id="opencv-nd-matrix">
  <sizes>
    1 21 3</sizes>
  <dt>f</dt>
  <data>
    4.59533051e+02 3.81930420e+02 5.92619061e-01 4.77460938e+02
    3.89101563e+02 7.53599584e-01 4.98974365e+02 3.96272705e+02
    6.78683162e-01 5.10448212e+02 4.06312317e+02 7.93717861e-01
    5.21922058e+02 4.14200592e+02 8.05569053e-01 4.86066315e+02
    4.04878082e+02 6.41468346e-01 4.95388794e+02 4.19220398e+02
    7.82101512e-01 5.03994171e+02 4.32845581e+02 8.06155980e-01
    5.06862640e+02 4.42885193e+02 8.82415891e-01 4.71006897e+02
    4.08463684e+02 7.71390259e-01 4.78178040e+02 4.22088867e+02
    7.14672804e-01 4.86783417e+02 4.36431152e+02 7.38113344e-01
    4.94671692e+02 4.48622101e+02 9.19164419e-01 4.54513245e+02
    4.12766357e+02 6.62181556e-01 4.57381714e+02 4.24240204e+02
    7.26244986e-01 4.60250183e+02 4.38582489e+02 8.11217487e-01
    4.63835754e+02 4.53641907e+02 7.37044394e-01 4.40170959e+02
    4.14200592e+02 6.98558033e-01 4.40888062e+02 4.28542877e+02
    7.48879313e-01 4.42322296e+02 4.40733856e+02 7.28869557e-01
    4.46624969e+02 4.51490570e+02 6.76387429e-01</data></hand_right_0>
</opencv_storage>
