<?xml version="1.0"?>
<opencv_storage>
<hand_right_0 type_id="opencv-nd-matrix">
  <sizes>
    1 21 3</sizes>
  <dt>f</dt>
  <data>
    4.59839081e+02 3.77144653e+02 6.50759220e-01 4.77813873e+02
    3.84848114e+02 6.84426308e-01 4.94504730e+02 3.93835510e+02
    6.90553248e-01 5.03492126e+02 4.06674652e+02 7.77624607e-01
    5.14405396e+02 4.14378113e+02 8.44855905e-01 4.84233429e+02
    4.04106812e+02 6.97123170e-01 4.93862793e+02 4.22081604e+02
    7.25569427e-01 4.98998444e+02 4.34278778e+02 7.80548751e-01
    5.00282349e+02 4.45192017e+02 8.77018392e-01 4.68826477e+02
    4.07316589e+02 7.52881050e-01 4.77813873e+02 4.26575287e+02
    6.01801097e-01 4.82307556e+02 4.38130493e+02 6.16574526e-01
    4.83591492e+02 4.47117889e+02 5.66676795e-01 4.55987366e+02
    4.10526367e+02 6.54998124e-01 4.56629303e+02 4.22723541e+02
    4.38392162e-01 4.57271271e+02 4.38130493e+02 5.71208477e-01
    4.52135620e+02 4.52895508e+02 6.51314259e-01 4.42506256e+02
    4.10526367e+02 6.85825467e-01 4.38654541e+02 4.18871796e+02
    7.78417885e-01 4.37370605e+02 4.27859192e+02 7.96757996e-01
    4.35444733e+02 4.38130493e+02 7.89097548e-01</data></hand_right_0>
</opencv_storage>
