<?xml version="1.0"?>
<opencv_storage>
<pose_0 type_id="opencv-nd-matrix">
  <sizes>
    1 18 3</sizes>
  <dt>f</dt>
  <data>
    4.63686646e+02 1.42796753e+02 7.11644769e-01 4.73435791e+02
    9.00239792e+01 7.89535642e-01 3.75630615e+02 8.61193848e+01
    6.90882385e-01 4.14878357e+02 2.72023254e+02 7.70202994e-01
    4.59842407e+02 4.01093994e+02 8.74938250e-01 5.71374146e+02
    9.98314667e+01 6.81849003e-01 5.30195496e+02 2.89509430e+02
    7.49323547e-01 4.95005463e+02 4.14745605e+02 6.04397714e-01
    3.81528992e+02 2.91518127e+02 4.09464151e-01 3.16970032e+02
    4.51968811e+02 1.78956166e-01 0. 0. 0. 4.93031921e+02 3.07167908e+02
    4.42003578e-01 5.49743286e+02 4.38252258e+02 1.97486281e-01 0. 0. 0.
    4.46129517e+02 1.19320839e+02 6.27142012e-01 4.83264893e+02
    1.17465820e+02 6.51216328e-01 4.10786163e+02 7.23990631e+01
    1.80812865e-01 5.12585022e+02 5.67670555e+01 2.64118701e-01</data></pose_0>
</opencv_storage>
