<?xml version="1.0"?>
<opencv_storage>
<pose_0 type_id="opencv-nd-matrix">
  <sizes>
    1 18 3</sizes>
  <dt>f</dt>
  <data>
    4.95065704e+02 1.31106888e+02 7.96729386e-01 4.61786713e+02
    8.41081696e+01 7.66284764e-01 3.67768768e+02 8.40820007e+01
    6.71202362e-01 4.10810913e+02 2.68065674e+02 6.94719017e-01
    4.57827179e+02 3.97170349e+02 8.79131675e-01 5.69346985e+02
    9.00286331e+01 6.50587678e-01 5.24454651e+02 2.85632446e+02
    7.25694120e-01 4.93065125e+02 4.05004456e+02 5.84473073e-01
    3.77574982e+02 2.97404938e+02 4.01454926e-01 3.26770477e+02
    4.30438843e+02 4.17817891e-01 2.81751587e+02 4.81313538e+02
    1.18310362e-01 4.91032349e+02 3.13038177e+02 4.19844002e-01
    5.53614441e+02 4.34333710e+02 1.38153866e-01 0. 0. 0. 4.89096527e+02
    1.13404305e+02 6.78450942e-01 5.10681427e+02 1.13472687e+02
    5.39990902e-01 4.34384735e+02 5.87093925e+01 3.56444657e-01 0. 0. 0.</data></pose_0>
</opencv_storage>
