<?xml version="1.0"?>
<opencv_storage>
<hand_right_0 type_id="opencv-nd-matrix">
  <sizes>
    1 21 3</sizes>
  <dt>f</dt>
  <data>
    4.59084045e+02 3.99985718e+02 6.27642035e-01 4.76758087e+02
    4.08469238e+02 7.16404140e-01 4.95139069e+02 4.15538849e+02
    6.21491849e-01 5.05743469e+02 4.25436310e+02 7.84117162e-01
    5.17054871e+02 4.35333740e+02 7.67433763e-01 4.83120728e+02
    4.25436310e+02 6.51406825e-01 4.93018188e+02 4.40282471e+02
    7.32721508e-01 4.99380829e+02 4.55128662e+02 8.42757583e-01
    5.03622589e+02 4.66440033e+02 8.80916417e-01 4.68981506e+02
    4.27557190e+02 7.25405872e-01 4.76051117e+02 4.41696411e+02
    5.78477502e-01 4.83120728e+02 4.57249542e+02 7.47781873e-01
    4.89483368e+02 4.71388763e+02 8.05333734e-01 4.54135315e+02
    4.31798950e+02 6.91497207e-01 4.57670135e+02 4.42403351e+02
    6.87689245e-01 4.61204926e+02 4.58663452e+02 8.12480032e-01
    4.64739746e+02 4.71388763e+02 7.58489966e-01 4.38582184e+02
    4.32505920e+02 6.79634154e-01 4.38582184e+02 4.45938171e+02
    8.10730278e-01 4.39996124e+02 4.55835602e+02 7.66709626e-01
    4.43530914e+02 4.66440033e+02 7.32830584e-01</data></hand_right_0>
</opencv_storage>
