<?xml version="1.0"?>
<opencv_storage>
<hand_left_0 type_id="opencv-nd-matrix">
  <sizes>
    1 21 3</sizes>
  <dt>f</dt>
  <data>
    4.61217804e+02 4.08711548e+02 5.49455523e-01 4.49529938e+02
    4.21698059e+02 6.34651959e-01 4.39790039e+02 4.39879181e+02
    5.88978529e-01 4.26803528e+02 4.47021759e+02 6.01667404e-01
    4.14466370e+02 4.54813660e+02 7.14555502e-01 4.56023193e+02
    4.39879181e+02 5.73998809e-01 4.43686005e+02 4.48969727e+02
    4.80895817e-01 4.42387360e+02 4.61306915e+02 7.15956271e-01
    4.43036682e+02 4.73644104e+02 6.78902090e-01 4.70308350e+02
    4.35983215e+02 7.38370180e-01 4.80048218e+02 4.56112305e+02
    4.65607762e-01 4.63815094e+02 4.66501526e+02 5.41983724e-01
    4.59269806e+02 4.81436005e+02 6.36878848e-01 4.85242828e+02
    4.32736603e+02 7.30924904e-01 4.94982727e+02 4.50917725e+02
    7.55594254e-01 5.00826630e+02 4.64553558e+02 7.09619403e-01
    5.05371918e+02 4.75592072e+02 7.80546427e-01 5.00177307e+02
    4.26243347e+02 7.84001112e-01 5.09267883e+02 4.40528503e+02
    6.88372314e-01 5.15111816e+02 4.45723114e+02 6.61265016e-01
    5.17709106e+02 4.50268402e+02 4.59858119e-01</data></hand_left_0>
</opencv_storage>
