<?xml version="1.0"?>
<opencv_storage>
<hand_left_0 type_id="opencv-nd-matrix">
  <sizes>
    1 21 3</sizes>
  <dt>f</dt>
  <data>
    4.56855682e+02 4.24872620e+02 5.22994995e-01 4.44569824e+02
    4.36435791e+02 6.34684324e-01 4.33729340e+02 4.54503265e+02
    5.07469893e-01 4.24334290e+02 4.61007538e+02 5.85292280e-01
    4.13493805e+02 4.63898346e+02 7.16671944e-01 4.48906006e+02
    4.49444366e+02 5.43568909e-01 4.38788239e+02 4.61007538e+02
    6.99607313e-01 4.40233643e+02 4.73293396e+02 7.20552802e-01
    4.44569824e+02 4.84133881e+02 8.64952326e-01 4.64805359e+02
    4.45830872e+02 6.21213853e-01 4.58301086e+02 4.59562134e+02
    5.20185769e-01 4.62637268e+02 4.75461517e+02 6.97165370e-01
    4.61914581e+02 4.87024689e+02 7.39441633e-01 4.79982025e+02
    4.42940094e+02 6.38843656e-01 4.90099792e+02 4.55948669e+02
    5.11969507e-01 4.87931702e+02 4.72570709e+02 4.95758057e-01
    4.94436005e+02 4.84133881e+02 5.60451329e-01 4.95158691e+02
    4.34267700e+02 5.97244203e-01 5.03831085e+02 4.38603912e+02
    6.10551298e-01 5.11058044e+02 4.42217377e+02 5.35734177e-01
    5.16116943e+02 4.46553589e+02 4.75142509e-01</data></hand_left_0>
</opencv_storage>
