<?xml version="1.0"?>
<opencv_storage>
<hand_left_0 type_id="opencv-nd-matrix">
  <sizes>
    1 21 3</sizes>
  <dt>f</dt>
  <data>
    4.62586975e+02 4.31634460e+02 5.56407869e-01 4.49689789e+02
    4.42075043e+02 6.50126934e-01 4.40477478e+02 4.54972229e+02
    6.72395647e-01 4.39249176e+02 4.70326050e+02 6.61368430e-01
    4.41705811e+02 4.81994934e+02 4.42703575e-01 4.56445465e+02
    4.57428864e+02 6.04343832e-01 4.57673767e+02 4.68483582e+02
    3.69467109e-01 4.60130371e+02 4.80766632e+02 3.14841777e-01
    4.63201141e+02 4.89364777e+02 3.03839922e-01 4.71799255e+02
    4.54358093e+02 7.28430212e-01 4.81625702e+02 4.77081726e+02
    6.46657705e-01 4.84082306e+02 4.87522308e+02 3.87307733e-01
    4.53988831e+02 4.96734589e+02 3.30297500e-01 4.87153076e+02
    4.53743927e+02 6.62520885e-01 4.93908752e+02 4.72782654e+02
    6.78765833e-01 4.98821960e+02 4.83223236e+02 6.78900778e-01
    5.02506866e+02 4.93663849e+02 7.98284650e-01 5.00050262e+02
    4.48830719e+02 7.44493008e-01 5.08648407e+02 4.63570374e+02
    7.10617363e-01 5.12947449e+02 4.67869446e+02 6.12331331e-01
    5.16018250e+02 4.69711884e+02 3.73513758e-01</data></hand_left_0>
</opencv_storage>
