<?xml version="1.0"?>
<opencv_storage>
<hand_left_0 type_id="opencv-nd-matrix">
  <sizes>
    1 21 3</sizes>
  <dt>f</dt>
  <data>
    4.61210083e+02 4.19792511e+02 6.04208112e-01 4.48946045e+02
    4.32056549e+02 6.63041890e-01 4.38726044e+02 4.51133911e+02
    5.84695995e-01 4.29187378e+02 4.56584564e+02 5.28897166e-01
    4.15560669e+02 4.57947235e+02 8.55696619e-01 4.54396729e+02
    4.46364563e+02 6.23878241e-01 4.58484741e+02 4.61353912e+02
    3.61735106e-01 4.42814056e+02 4.69529938e+02 5.16353548e-01
    4.44858063e+02 4.79749939e+02 6.67194724e-01 4.70067413e+02
    4.41595215e+02 7.19919980e-01 4.79606110e+02 4.58628571e+02
    6.04289711e-01 4.85738098e+02 4.72936615e+02 4.60215449e-01
    4.68023407e+02 4.84519287e+02 5.38477600e-01 4.84375458e+02
    4.36825867e+02 6.48390174e-01 4.94595459e+02 4.55221893e+02
    6.30201817e-01 5.02771484e+02 4.68167267e+02 6.90782309e-01
    5.06859467e+02 4.79749939e+02 7.23482668e-01 4.98683472e+02
    4.30693878e+02 7.73485541e-01 5.08222137e+02 4.36825867e+02
    7.58746028e-01 5.14354126e+02 4.42276550e+02 8.23267519e-01
    5.19123474e+02 4.49771240e+02 7.33533502e-01</data></hand_left_0>
</opencv_storage>
