<?xml version="1.0"?>
<opencv_storage>
<hand_right_0 type_id="opencv-nd-matrix">
  <sizes>
    1 21 3</sizes>
  <dt>f</dt>
  <data>
    4.62163818e+02 4.21729980e+02 6.72684133e-01 4.80409882e+02
    4.29280060e+02 6.96468711e-01 5.00543457e+02 4.39346863e+02
    7.65653312e-01 5.08093536e+02 4.52559509e+02 7.41375923e-01
    5.17531128e+02 4.61367950e+02 8.20210159e-01 4.87330780e+02
    4.45638611e+02 7.48264015e-01 4.95510040e+02 4.63884644e+02
    7.88545847e-01 5.00543457e+02 4.77097321e+02 7.86922097e-01
    5.03060150e+02 4.90309967e+02 9.24457788e-01 4.72859772e+02
    4.48155304e+02 7.68229485e-01 4.79780701e+02 4.66401337e+02
    7.12417066e-01 4.84814087e+02 4.80872345e+02 6.19887114e-01
    4.87959961e+02 4.90309967e+02 5.13964891e-01 4.57759613e+02
    4.50671997e+02 7.65502095e-01 4.59647125e+02 4.66401337e+02
    6.35601521e-01 4.60905457e+02 4.79614014e+02 6.58801794e-01
    4.57130432e+02 4.94714172e+02 7.00630486e-01 4.42659424e+02
    4.50042816e+02 6.89393342e-01 4.41401062e+02 4.61367950e+02
    7.51318395e-01 4.38884369e+02 4.71434753e+02 7.52778471e-01
    4.37626038e+02 4.82130707e+02 8.31748068e-01</data></hand_right_0>
</opencv_storage>
