<?xml version="1.0"?>
<opencv_storage>
<pose_0 type_id="opencv-nd-matrix">
  <sizes>
    1 18 3</sizes>
  <dt>f</dt>
  <data>
    5.06662872e+02 1.35032532e+02 6.89826548e-01 4.75365479e+02
    8.60821304e+01 8.38314652e-01 3.71726807e+02 8.40567169e+01
    6.55823708e-01 4.12855927e+02 2.71879547e+02 7.56315589e-01
    4.59768646e+02 3.99118652e+02 8.82565558e-01 5.73269409e+02
    9.77652206e+01 6.40116692e-01 5.28266113e+02 2.89515472e+02
    7.33651102e-01 5.00891357e+02 4.06934723e+02 6.23655677e-01
    3.79563141e+02 2.93487885e+02 4.18818623e-01 3.28726013e+02
    4.30504791e+02 5.19183278e-01 2.13252136e+02 4.91141510e+02
    2.30280876e-01 4.91118073e+02 3.09117828e+02 4.37782288e-01
    5.41950378e+02 4.28475586e+02 9.11718458e-02 0. 0. 0. 4.94963654e+02
    1.19345062e+02 6.89096212e-01 5.20385071e+02 1.19373558e+02
    4.23533350e-01 4.32448120e+02 6.06301117e+01 2.69494891e-01 0. 0. 0.</data></pose_0>
</opencv_storage>
