<?xml version="1.0"?>
<opencv_storage>
<hand_left_0 type_id="opencv-nd-matrix">
  <sizes>
    1 21 3</sizes>
  <dt>f</dt>
  <data>
    4.61328156e+02 4.14664673e+02 5.44770181e-01 4.48944244e+02
    4.26360565e+02 6.51162386e-01 4.38624329e+02 4.44936401e+02
    5.55186570e-01 4.28304443e+02 4.51128357e+02 4.48885202e-01
    4.14544556e+02 4.53880341e+02 7.43801475e-01 4.54448212e+02
    4.42184448e+02 5.83476186e-01 4.41376312e+02 4.53880341e+02
    4.41994190e-01 4.42752319e+02 4.65576233e+02 6.04591727e-01
    4.45504272e+02 4.76584137e+02 7.34007478e-01 4.68896088e+02
    4.38056458e+02 6.78929567e-01 4.79903992e+02 4.55256317e+02
    3.50310624e-01 4.64768127e+02 4.67640228e+02 4.02998775e-01
    4.66144104e+02 4.80024109e+02 7.03979611e-01 4.82655975e+02
    4.33240509e+02 6.27391040e-01 4.92975861e+02 4.49752380e+02
    6.24930143e-01 4.99855804e+02 4.62136261e+02 6.10491633e-01
    5.06047760e+02 4.73832153e+02 6.90022528e-01 4.98479828e+02
    4.26360565e+02 7.67267883e-01 5.06047760e+02 4.31176514e+02
    7.85632253e-01 5.13615723e+02 4.37368469e+02 8.40260029e-01
    5.19119629e+02 4.44248413e+02 7.83494592e-01</data></hand_left_0>
</opencv_storage>
