<?xml version="1.0"?>
<opencv_storage>
<pose_0 type_id="opencv-nd-matrix">
  <sizes>
    1 18 3</sizes>
  <dt>f</dt>
  <data>
    4.83245392e+02 1.19423363e+02 8.47291946e-01 4.61691467e+02
    7.23769226e+01 8.06137264e-01 3.65867096e+02 7.04751816e+01
    7.07702458e-01 4.14730347e+02 2.48468887e+02 7.82251596e-01
    4.59714050e+02 3.87406464e+02 8.00611556e-01 5.55706970e+02
    8.02267990e+01 6.78202033e-01 5.18504700e+02 2.60277954e+02
    7.75742054e-01 4.91091248e+02 4.01063263e+02 5.91299355e-01
    3.77594757e+02 2.81736450e+02 4.21120524e-01 3.28680939e+02
    4.30434082e+02 5.51237285e-01 3.03270660e+02 4.91091583e+02
    5.42110167e-02 4.75432648e+02 2.91560425e+02 4.86895978e-01
    5.24329834e+02 4.06972687e+02 9.99038592e-02 0. 0. 0. 4.65689026e+02
    9.98279953e+01 8.10859561e-01 5.04752411e+02 9.98102264e+01
    8.85115027e-01 4.12777496e+02 5.08648567e+01 8.33068252e-01
    5.26338501e+02 5.47423744e+01 1.38056874e-01</data></pose_0>
</opencv_storage>
