<?xml version="1.0"?>
<opencv_storage>
<pose_0 type_id="opencv-nd-matrix">
  <sizes>
    1 18 3</sizes>
  <dt>f</dt>
  <data>
    5.00906036e+02 1.31161438e+02 7.05687881e-01 4.73457458e+02
    8.01975174e+01 8.12343001e-01 3.71780609e+02 7.43612366e+01
    6.28756464e-01 4.14772644e+02 2.62216797e+02 7.57110894e-01
    4.59783600e+02 3.97163849e+02 8.85270119e-01 5.71359985e+02
    8.80943909e+01 6.54198647e-01 5.24446350e+02 2.87549042e+02
    7.80728638e-01 4.93032196e+02 4.12840424e+02 6.20386720e-01
    3.79580780e+02 2.87597717e+02 4.19681013e-01 3.22860168e+02
    4.30487671e+02 4.75329459e-01 2.75881104e+02 4.85212646e+02
    7.96274617e-02 4.85240448e+02 3.03276978e+02 4.32027012e-01
    5.26350037e+02 4.14766052e+02 8.58281329e-02 0. 0. 0. 4.91156830e+02
    1.15408325e+02 7.36340046e-01 5.14572571e+02 1.15478065e+02
    4.97784317e-01 4.53904694e+02 6.85291824e+01 3.24199915e-01
    5.38120117e+02 5.67716026e+01 6.21105134e-02</data></pose_0>
</opencv_storage>
