<?xml version="1.0"?>
<opencv_storage>
<hand_left_0 type_id="opencv-nd-matrix">
  <sizes>
    1 21 3</sizes>
  <dt>f</dt>
  <data>
    4.62067657e+02 3.86950409e+02 5.87874591e-01 4.49760803e+02
    3.99257233e+02 6.76741838e-01 4.43245422e+02 4.15907654e+02
    6.56292498e-01 4.43245422e+02 4.29662354e+02 7.23211646e-01
    4.46865082e+02 4.44864929e+02 5.60153484e-01 4.57000122e+02
    4.11564087e+02 6.05377555e-01 4.59171936e+02 4.23870911e+02
    3.46647680e-01 4.47589020e+02 4.35453827e+02 4.95050430e-01
    4.47589020e+02 4.47036713e+02 5.61716735e-01 4.72202698e+02
    4.06496552e+02 6.84102893e-01 4.81613800e+02 4.20975189e+02
    4.21235412e-01 4.66411255e+02 4.38349548e+02 5.60848534e-01
    4.61343719e+02 4.51380310e+02 7.45062709e-01 4.86681335e+02
    4.01429016e+02 6.34307683e-01 4.96816376e+02 4.18079468e+02
    5.73082387e-01 5.01159973e+02 4.28938446e+02 5.72672367e-01
    5.03331757e+02 4.41245270e+02 6.04387224e-01 5.01159973e+02
    3.94189728e+02 7.56368279e-01 5.08399292e+02 3.99257233e+02
    7.91401267e-01 5.15638611e+02 4.03600830e+02 8.13787878e-01
    5.20706116e+02 4.09392273e+02 7.32411146e-01</data></hand_left_0>
</opencv_storage>
