<?xml version="1.0"?>
<opencv_storage>
<hand_right_0 type_id="opencv-nd-matrix">
  <sizes>
    1 21 3</sizes>
  <dt>f</dt>
  <data>
    4.60301178e+02 3.92390381e+02 6.36236370e-01 4.79159821e+02
    4.00562469e+02 7.23331571e-01 4.99275696e+02 4.08734528e+02
    7.40211427e-01 5.08705048e+02 4.20049744e+02 8.35618138e-01
    5.19391602e+02 4.30107666e+02 8.64745021e-01 4.86703278e+02
    4.16277985e+02 7.09635556e-01 4.95503967e+02 4.32622162e+02
    8.17527175e-01 5.00532959e+02 4.46451843e+02 8.61955523e-01
    5.04933319e+02 4.58395630e+02 9.06335890e-01 4.72244995e+02
    4.19421112e+02 7.78760433e-01 4.80417053e+02 4.35765259e+02
    8.36234093e-01 4.85446045e+02 4.50852173e+02 6.30001664e-01
    4.89846375e+02 4.60281525e+02 5.83118141e-01 4.59043915e+02
    4.21935608e+02 7.06403553e-01 4.60301178e+02 4.35136658e+02
    6.88659906e-01 4.62815674e+02 4.50223572e+02 7.53909945e-01
    4.59043915e+02 4.65310486e+02 7.52689183e-01 4.43328400e+02
    4.21935608e+02 6.63014174e-01 4.42071136e+02 4.35136658e+02
    7.73555160e-01 4.41442535e+02 4.45823212e+02 7.57223129e-01
    4.40813904e+02 4.55252533e+02 7.53215969e-01</data></hand_right_0>
</opencv_storage>
