<?xml version="1.0"?>
<opencv_storage>
<hand_right_0 type_id="opencv-nd-matrix">
  <sizes>
    1 21 3</sizes>
  <dt>f</dt>
  <data>
    4.58642517e+02 4.02483948e+02 5.62477648e-01 4.76516754e+02
    4.07488708e+02 6.87568724e-01 4.95820892e+02 4.14638397e+02
    7.37755775e-01 5.07260376e+02 4.23218018e+02 7.49655306e-01
    5.17984924e+02 4.31082672e+02 7.89100170e-01 4.83666443e+02
    4.23218018e+02 6.66445434e-01 4.95105927e+02 4.37517395e+02
    8.54027867e-01 5.02255615e+02 4.50386841e+02 8.41296554e-01
    5.07260376e+02 4.60396393e+02 9.42919016e-01 4.68652100e+02
    4.26077911e+02 7.57025242e-01 4.78661652e+02 4.41092255e+02
    6.74983382e-01 4.87956238e+02 4.54676636e+02 7.63523340e-01
    4.95820892e+02 4.66831116e+02 9.09545183e-01 4.55067688e+02
    4.30367706e+02 6.50961816e-01 4.59357483e+02 4.41807220e+02
    6.92300737e-01 4.63647308e+02 4.56106598e+02 7.98828900e-01
    4.68652100e+02 4.68261047e+02 7.47458041e-01 4.38623413e+02
    4.30367706e+02 6.82166576e-01 4.38623413e+02 4.44667084e+02
    8.30284536e-01 4.39338379e+02 4.54676636e+02 7.96850801e-01
    4.43628174e+02 4.65401184e+02 8.39670122e-01</data></hand_right_0>
</opencv_storage>
