<?xml version="1.0"?>
<opencv_storage>
<pose_0 type_id="opencv-nd-matrix">
  <sizes>
    1 18 3</sizes>
  <dt>f</dt>
  <data>
    4.79400665e+02 1.33124069e+02 7.95822501e-01 4.61809296e+02
    7.43536301e+01 8.41676772e-01 3.65821808e+02 7.43560257e+01
    6.53163314e-01 4.12883453e+02 2.60198853e+02 8.32320333e-01
    4.59717926e+02 3.95205109e+02 8.45753312e-01 5.57586609e+02
    8.40996780e+01 6.74514055e-01 5.20470154e+02 2.71858582e+02
    8.09531808e-01 4.91125610e+02 4.10850037e+02 6.02893949e-01
    3.79526550e+02 2.81747559e+02 4.03371960e-01 3.28668732e+02
    4.28505280e+02 5.55364132e-01 0. 0. 0. 4.77425537e+02 2.91556396e+02
    4.53146785e-01 5.22393250e+02 4.12816925e+02 8.27936679e-02 0. 0. 0.
    4.65659302e+02 1.17406998e+02 7.21842349e-01 5.00895355e+02
    1.15412766e+02 7.93230414e-01 4.12740204e+02 5.87095871e+01
    7.98934042e-01 5.24495300e+02 6.64951401e+01 1.17103226e-01</data></pose_0>
</opencv_storage>
