<?xml version="1.0"?>
<opencv_storage>
<hand_left_0 type_id="opencv-nd-matrix">
  <sizes>
    1 21 3</sizes>
  <dt>f</dt>
  <data>
    4.61189972e+02 3.99585388e+02 5.29397905e-01 4.48311218e+02
    4.11033173e+02 6.26671433e-01 4.39009857e+02 4.28204865e+02
    5.43715060e-01 4.34001465e+02 4.39652679e+02 5.21402955e-01
    4.16114258e+02 4.40368164e+02 7.17498481e-01 4.52604126e+02
    4.28204865e+02 5.70989966e-01 4.41156342e+02 4.39652679e+02
    5.09809375e-01 4.42587311e+02 4.51815948e+02 6.25252843e-01
    4.46164734e+02 4.62548279e+02 7.53907084e-01 4.69060333e+02
    4.23911957e+02 6.52558029e-01 4.61189972e+02 4.40368164e+02
    3.35529596e-01 4.65482910e+02 4.56108887e+02 5.96570373e-01
    4.64051941e+02 4.66841187e+02 7.37129867e-01 4.84801056e+02
    4.20334503e+02 5.83846331e-01 4.96248871e+02 4.37506226e+02
    5.79843163e-01 5.01257263e+02 4.49669495e+02 4.80802655e-01
    4.92671417e+02 4.63263763e+02 5.60292363e-01 4.99826294e+02
    4.12464142e+02 6.94149911e-01 5.10558624e+02 4.20334503e+02
    6.29418194e-01 5.17713501e+02 4.27489380e+02 7.11756229e-01
    5.20575439e+02 4.33928772e+02 5.13001204e-01</data></hand_left_0>
</opencv_storage>
