<?xml version="1.0"?>
<opencv_storage>
<pose_0 type_id="opencv-nd-matrix">
  <sizes>
    1 18 3</sizes>
  <dt>f</dt>
  <data>
    4.42144714e+02 1.25239487e+02 7.73844779e-01 4.67593262e+02
    8.41447601e+01 7.83505797e-01 3.73705688e+02 8.21307831e+01
    7.08224595e-01 4.14876617e+02 2.68016235e+02 7.34010100e-01
    4.59765381e+02 3.97145935e+02 8.83924842e-01 5.73297119e+02
    9.78377228e+01 6.40847623e-01 5.36044006e+02 2.77840637e+02
    7.47354150e-01 4.94996857e+02 4.08933685e+02 5.92319012e-01
    3.79589355e+02 2.89552338e+02 4.25165087e-01 3.26745148e+02
    4.32404175e+02 3.17813933e-01 2.87583130e+02 4.81299561e+02
    1.06292784e-01 4.89141815e+02 3.05234650e+02 4.33747888e-01
    5.41946777e+02 4.44129883e+02 6.30874485e-02 0. 0. 0. 4.24554932e+02
    1.01682098e+02 7.37444282e-01 4.61699799e+02 1.03730591e+02
    7.14637220e-01 4.10768768e+02 6.85528793e+01 6.29203841e-02
    5.10636475e+02 5.27852440e+01 6.80303872e-01</data></pose_0>
</opencv_storage>
