<?xml version="1.0"?>
<opencv_storage>
<hand_left_0 type_id="opencv-nd-matrix">
  <sizes>
    1 21 3</sizes>
  <dt>f</dt>
  <data>
    4.56227020e+02 4.23940186e+02 6.07030392e-01 4.44717377e+02
    4.39046600e+02 6.27767980e-01 4.33927124e+02 4.57749725e+02
    5.63467324e-01 4.25294891e+02 4.63504547e+02 5.80525637e-01
    4.13065918e+02 4.64223907e+02 7.90503919e-01 4.50472198e+02
    4.51275574e+02 5.85210860e-01 4.38962585e+02 4.62785187e+02
    5.48705280e-01 4.40401276e+02 4.75014191e+02 6.25208616e-01
    4.43278687e+02 4.85804474e+02 7.05739737e-01 4.66297943e+02
    4.46240112e+02 6.79374099e-01 4.77088226e+02 4.59907806e+02
    4.81024772e-01 4.62701202e+02 4.75733521e+02 5.88559628e-01
    4.62701202e+02 4.87962524e+02 7.34707236e-01 4.79965637e+02
    4.41204651e+02 6.96287394e-01 4.92913971e+02 4.57030396e+02
    6.80005491e-01 5.00826843e+02 4.69259369e+02 6.36327803e-01
    5.05862305e+02 4.80768982e+02 5.97453535e-01 4.95072021e+02
    4.34011139e+02 7.13077724e-01 5.02984894e+02 4.36888519e+02
    7.37135053e-01 5.10178406e+02 4.40485291e+02 7.97852755e-01
    5.14494507e+02 4.46240112e+02 7.09679723e-01</data></hand_left_0>
</opencv_storage>
