<?xml version="1.0"?>
<opencv_storage>
<hand_right_0 type_id="opencv-nd-matrix">
  <sizes>
    1 21 3</sizes>
  <dt>f</dt>
  <data>
    4.60478943e+02 4.19171051e+02 5.71060896e-01 4.78183594e+02
    4.25544708e+02 7.39237845e-01 4.98721008e+02 4.32626587e+02
    6.86293066e-01 5.10051971e+02 4.42541199e+02 7.97500730e-01
    5.19966553e+02 4.51039429e+02 7.37711549e-01 4.87390015e+02
    4.41833008e+02 6.92442596e-01 4.95180054e+02 4.56704895e+02
    6.83688819e-01 5.02261932e+02 4.70868622e+02 7.80276775e-01
    5.05802856e+02 4.81491425e+02 8.55999708e-01 4.70393555e+02
    4.42541199e+02 7.69124389e-01 4.77475433e+02 4.55288544e+02
    6.83288336e-01 4.85265472e+02 4.71576813e+02 7.58543789e-01
    4.93763702e+02 4.85032349e+02 8.33455384e-01 4.54813477e+02
    4.43957550e+02 6.63420856e-01 4.59062592e+02 4.55996704e+02
    7.32574761e-01 4.62603516e+02 4.71576813e+02 8.46231580e-01
    4.66852631e+02 4.84324158e+02 7.78921723e-01 4.40649750e+02
    4.47498474e+02 6.74977422e-01 4.38525177e+02 4.60245850e+02
    8.93834591e-01 4.40649750e+02 4.71576813e+02 7.55672812e-01
    4.44190674e+02 4.82199585e+02 7.86427975e-01</data></hand_right_0>
</opencv_storage>
