<?xml version="1.0"?>
<opencv_storage>
<pose_0 type_id="opencv-nd-matrix">
  <sizes>
    1 18 3</sizes>
  <dt>f</dt>
  <data>
    4.44064789e+02 1.64311584e+02 7.50112474e-01 4.67603088e+02
    1.05637749e+02 7.96177745e-01 3.69810303e+02 9.98173904e+01
    7.09330916e-01 4.14785431e+02 2.89643860e+02 7.52347648e-01
    4.59715607e+02 4.12855377e+02 8.67690206e-01 5.73320984e+02
    1.15472359e+02 6.50579214e-01 5.36060242e+02 3.03199341e+02
    7.95268476e-01 4.94993530e+02 4.24551147e+02 5.97937644e-01
    3.79522003e+02 2.93487823e+02 4.08469826e-01 3.22873383e+02
    4.34361755e+02 3.87733489e-01 2.83708466e+02 4.77424561e+02
    1.23312742e-01 4.89116241e+02 3.09145660e+02 4.20054793e-01
    5.40004883e+02 4.55841644e+02 8.04904401e-02 0. 0. 0. 4.30432739e+02
    1.44725647e+02 6.79145515e-01 4.61798187e+02 1.48720337e+02
    6.88026607e-01 4.10826752e+02 1.01724670e+02 1.58841178e-01
    5.16502075e+02 8.80515137e+01 4.51105624e-01</data></pose_0>
</opencv_storage>
