<?xml version="1.0"?>
<opencv_storage>
<hand_left_0 type_id="opencv-nd-matrix">
  <sizes>
    1 21 3</sizes>
  <dt>f</dt>
  <data>
    4.59432465e+02 4.22295135e+02 5.68629086e-01 4.45966980e+02
    4.35760651e+02 6.66522205e-01 4.34627625e+02 4.52769684e+02
    6.47747517e-01 4.23288269e+02 4.57730652e+02 6.14911616e-01
    4.11948914e+02 4.59856781e+02 7.87170053e-01 4.50219238e+02
    4.50643555e+02 5.68861961e-01 4.40297302e+02 4.60565491e+02
    4.50211048e-01 4.40297302e+02 4.72613556e+02 7.19031632e-01
    4.45258270e+02 4.84661621e+02 8.15646827e-01 4.66519592e+02
    4.46391296e+02 6.52624071e-01 4.59432465e+02 4.62691620e+02
    3.92246872e-01 4.62976044e+02 4.77574524e+02 5.86710930e-01
    4.63684753e+02 4.89622589e+02 7.97986567e-01 4.79985077e+02
    4.42847748e+02 6.49298072e-01 4.90615723e+02 4.59148071e+02
    6.55448556e-01 4.96994110e+02 4.72613556e+02 6.53454363e-01
    5.02663788e+02 4.85370331e+02 5.87949634e-01 4.96285400e+02
    4.36469360e+02 7.15189219e-01 5.03372498e+02 4.39304199e+02
    8.06153953e-01 5.11168304e+02 4.45682587e+02 7.94546902e-01
    5.16129272e+02 4.54187103e+02 7.32529402e-01</data></hand_left_0>
</opencv_storage>
