<?xml version="1.0"?>
<opencv_storage>
<pose_0 type_id="opencv-nd-matrix">
  <sizes>
    1 18 3</sizes>
  <dt>f</dt>
  <data>
    4.28412567e+02 1.33165726e+02 8.73420537e-01 4.42195374e+02
    9.19692993e+01 7.90975094e-01 3.50200562e+02 9.77975311e+01
    7.35937774e-01 4.08860474e+02 2.60249023e+02 7.96787322e-01
    4.59799225e+02 3.97245300e+02 8.34120393e-01 5.38043213e+02
    9.00410461e+01 7.16546834e-01 5.08773529e+02 2.71915497e+02
    8.57553840e-01 4.92993805e+02 4.14770599e+02 5.82788110e-01
    3.77578400e+02 2.91514191e+02 4.37991351e-01 3.34482758e+02
    4.42196014e+02 5.17197311e-01 3.05200836e+02 4.91128021e+02
    1.43677533e-01 4.75448883e+02 2.97390564e+02 4.71994102e-01
    5.12599670e+02 4.06984375e+02 1.19442470e-01 0. 0. 0. 4.06946960e+02
    1.15473709e+02 7.75380969e-01 4.46041901e+02 1.15360062e+02
    8.32540631e-01 3.79560242e+02 8.61579666e+01 1.83421418e-01
    4.89162384e+02 5.47415161e+01 7.34295130e-01</data></pose_0>
</opencv_storage>
