<?xml version="1.0"?>
<opencv_storage>
<pose_0 type_id="opencv-nd-matrix">
  <sizes>
    1 18 3</sizes>
  <dt>f</dt>
  <data>
    4.28472382e+02 1.01708282e+02 8.72194946e-01 4.42197540e+02
    8.21459961e+01 7.45152473e-01 3.52126343e+02 8.60251694e+01
    7.72146821e-01 4.10805206e+02 2.46492859e+02 7.89306998e-01
    4.59770721e+02 3.81519531e+02 8.54331255e-01 5.32205261e+02
    8.60417480e+01 7.17628300e-01 5.08609131e+02 2.56364746e+02
    8.87933254e-01 4.91140869e+02 3.97228760e+02 6.14155889e-01
    3.73699371e+02 2.87599457e+02 4.37963784e-01 3.34530792e+02
    4.30396637e+02 6.04020655e-01 2.99353027e+02 4.77427307e+02
    1.35752931e-01 4.71522919e+02 2.89571381e+02 4.68234390e-01
    5.20398865e+02 3.97173553e+02 8.78427997e-02 0. 0. 0. 4.12788818e+02
    7.24035797e+01 7.93438733e-01 4.53950745e+02 8.40548630e+01
    8.36084783e-01 3.81433746e+02 2.15881023e+01 7.71054149e-01
    4.95034363e+02 4.30242615e+01 6.58798933e-01</data></pose_0>
</opencv_storage>
