<?xml version="1.0"?>
<opencv_storage>
<pose_0 type_id="opencv-nd-matrix">
  <sizes>
    1 18 3</sizes>
  <dt>f</dt>
  <data>
    4.95038391e+02 1.29108337e+02 7.42093563e-01 4.67625732e+02
    7.82427368e+01 7.82756865e-01 3.67830109e+02 7.24416809e+01
    6.49007976e-01 4.14879395e+02 2.71948456e+02 7.89533973e-01
    4.59754822e+02 3.93289185e+02 8.74731600e-01 5.71341980e+02
    8.80522690e+01 6.63259447e-01 5.26309753e+02 2.79800751e+02
    7.43206203e-01 4.93061066e+02 4.04972321e+02 5.95777154e-01
    3.81530060e+02 2.93473663e+02 3.98495048e-01 3.22818146e+02
    4.34331299e+02 3.89501452e-01 2.85652649e+02 4.85224701e+02
    9.78663936e-02 4.91122620e+02 3.07165863e+02 4.48756784e-01
    5.24389954e+02 4.01109802e+02 7.00285286e-02 0. 0. 0. 4.89125732e+02
    1.05688232e+02 6.13741875e-01 5.10639709e+02 1.11469627e+02
    5.29229283e-01 4.28412048e+02 4.69687119e+01 5.66712737e-01 0. 0. 0.</data></pose_0>
</opencv_storage>
