<?xml version="1.0"?>
<opencv_storage>
<hand_left_0 type_id="opencv-nd-matrix">
  <sizes>
    1 21 3</sizes>
  <dt>f</dt>
  <data>
    4.59148071e+02 3.85364990e+02 5.64661384e-01 4.46056610e+02
    3.97147308e+02 6.56989872e-01 4.36238007e+02 4.12202484e+02
    6.40550375e-01 4.24455719e+02 4.22675629e+02 6.17125273e-01
    4.09400543e+02 4.28566772e+02 7.23664582e-01 4.49984039e+02
    4.16784485e+02 5.16387939e-01 4.40820038e+02 4.23984772e+02
    4.82453585e-01 4.40165466e+02 4.35767090e+02 7.72652388e-01
    4.39510895e+02 4.46240234e+02 7.07235575e-01 4.65693787e+02
    4.12857056e+02 6.90074086e-01 4.71584930e+02 4.29875946e+02
    4.00736481e-01 4.59802643e+02 4.43621948e+02 6.93355799e-01
    4.53911469e+02 4.58677124e+02 5.86539745e-01 4.80094391e+02
    4.08929596e+02 6.37224138e-01 4.87949249e+02 4.27257629e+02
    7.35175669e-01 4.94494965e+02 4.39039948e+02 5.87941289e-01
    4.98422424e+02 4.50167694e+02 7.11720884e-01 4.94494965e+02
    4.02383881e+02 7.22345889e-01 5.03004425e+02 4.16784485e+02
    7.43160844e-01 5.08240997e+02 4.20057343e+02 7.34236658e-01
    5.12822998e+02 4.21366486e+02 5.78728974e-01</data></hand_left_0>
</opencv_storage>
