<?xml version="1.0"?>
<opencv_storage>
<pose_0 type_id="opencv-nd-matrix">
  <sizes>
    1 18 3</sizes>
  <dt>f</dt>
  <data>
    5.04741760e+02 1.54610870e+02 6.64925575e-01 4.77341949e+02
    9.58716965e+01 8.11834991e-01 3.71779816e+02 9.00247574e+01
    6.15782619e-01 4.12860291e+02 2.85666748e+02 7.59146333e-01
    4.59738342e+02 4.08938385e+02 8.56538773e-01 5.75200928e+02
    1.03742950e+02 6.36954844e-01 5.32180420e+02 2.99313049e+02
    7.24985361e-01 5.00879486e+02 4.12753021e+02 6.92280710e-01
    3.79568298e+02 2.91551849e+02 4.13600534e-01 3.26716461e+02
    4.32410797e+02 4.78448689e-01 2.11341232e+02 4.93049408e+02
    1.73290908e-01 4.91017761e+02 3.05256622e+02 4.33758467e-01
    5.40006531e+02 4.30436066e+02 7.01494664e-02 0. 0. 0. 4.93098724e+02
    1.40868469e+02 7.10624278e-01 5.22341003e+02 1.36998596e+02
    3.57011497e-01 4.32380402e+02 7.82366333e+01 3.65909070e-01
    5.40178284e+02 9.00207443e+01 8.27710479e-02</data></pose_0>
</opencv_storage>
