<?xml version="1.0"?>
<opencv_storage>
<hand_right_0 type_id="opencv-nd-matrix">
  <sizes>
    1 21 3</sizes>
  <dt>f</dt>
  <data>
    4.60015717e+02 3.85360046e+02 6.29993558e-01 4.76772522e+02
    3.93040253e+02 7.86600411e-01 4.96322144e+02 4.02116882e+02
    6.55134141e-01 5.05398773e+02 4.13288086e+02 7.79877543e-01
    5.15173584e+02 4.23761108e+02 8.68726611e-01 4.83056335e+02
    4.10495270e+02 6.94815874e-01 4.92831146e+02 4.28648499e+02
    7.45010912e-01 4.99114960e+02 4.41914337e+02 8.36561084e-01
    5.02605957e+02 4.52387329e+02 8.84113431e-01 4.69790527e+02
    4.13986298e+02 7.61740386e-01 4.76074341e+02 4.28648499e+02
    5.73922873e-01 4.82358124e+02 4.43310730e+02 7.88073778e-01
    4.88641937e+02 4.57972961e+02 8.70828629e-01 4.54430084e+02
    4.14684479e+02 7.21658349e-01 4.58619293e+02 4.30044922e+02
    7.22397387e-01 4.60713898e+02 4.44707123e+02 7.70544410e-01
    4.64204926e+02 4.58671143e+02 8.29159558e-01 4.39069672e+02
    4.17477295e+02 7.15553880e-01 4.40466064e+02 4.31441315e+02
    7.66619623e-01 4.42560669e+02 4.43310730e+02 7.76873648e-01
    4.47448090e+02 4.56576538e+02 7.32976913e-01</data></hand_right_0>
</opencv_storage>
