<?xml version="1.0"?>
<opencv_storage>
<hand_right_0 type_id="opencv-nd-matrix">
  <sizes>
    1 21 3</sizes>
  <dt>f</dt>
  <data>
    4.61946594e+02 4.07295074e+02 6.86733067e-01 4.79233368e+02
    4.13057343e+02 7.38483787e-01 4.98440918e+02 4.22661133e+02
    7.74662197e-01 5.08044678e+02 4.35466156e+02 7.51353085e-01
    5.17648438e+02 4.45069916e+02 8.14224780e-01 4.87556641e+02
    4.31624634e+02 7.48557568e-01 4.95879913e+02 4.47630920e+02
    7.88005590e-01 5.02282410e+02 4.61716461e+02 7.91982412e-01
    5.04203186e+02 4.73240967e+02 9.23891783e-01 4.72190613e+02
    4.32905151e+02 8.15334439e-01 4.79873627e+02 4.51472443e+02
    5.98054230e-01 4.85635895e+02 4.64277466e+02 6.15859568e-01
    4.86916382e+02 4.74521484e+02 4.74204510e-01 4.57464844e+02
    4.36106384e+02 6.99897707e-01 4.60025848e+02 4.48911407e+02
    6.78228378e-01 4.62586853e+02 4.62996948e+02 7.77010798e-01
    4.61306335e+02 4.78362976e+02 7.56686628e-01 4.42098816e+02
    4.36106384e+02 6.21555328e-01 4.41458557e+02 4.47630920e+02
    7.63692260e-01 4.41458557e+02 4.58515198e+02 8.25422406e-01
    4.42098816e+02 4.68759216e+02 8.10375035e-01</data></hand_right_0>
</opencv_storage>
