<?xml version="1.0"?>
<opencv_storage>
<hand_left_0 type_id="opencv-nd-matrix">
  <sizes>
    1 21 3</sizes>
  <dt>f</dt>
  <data>
    4.56344421e+02 4.22902618e+02 6.53925180e-01 4.44896881e+02
    4.37927521e+02 6.54446185e-01 4.34880280e+02 4.57245239e+02
    5.39097726e-01 4.24148193e+02 4.62968994e+02 5.76936781e-01
    4.11985199e+02 4.65115417e+02 7.36940205e-01 4.50620636e+02
    4.51521454e+02 5.19325018e-01 4.39173096e+02 4.62968994e+02
    5.43469191e-01 4.39888580e+02 4.75847473e+02 6.40213966e-01
    4.44181396e+02 4.86579559e+02 7.33497560e-01 4.67791931e+02
    4.47944122e+02 6.56385660e-01 4.57775360e+02 4.62968994e+02
    3.68089795e-01 4.62783661e+02 4.77993896e+02 5.15043974e-01
    4.63499115e+02 4.90156891e+02 6.93131983e-01 4.82101379e+02
    4.42935822e+02 6.15318060e-01 4.92117950e+02 4.58676178e+02
    6.50962412e-01 5.00703613e+02 4.70839172e+02 5.65857589e-01
    5.06427399e+02 4.80855774e+02 6.12367928e-01 4.95695313e+02
    4.35065613e+02 7.04993188e-01 5.04996429e+02 4.39358459e+02
    7.73051322e-01 5.12151123e+02 4.43651276e+02 7.88860023e-01
    5.15013062e+02 4.48659576e+02 6.98198736e-01</data></hand_left_0>
</opencv_storage>
