<?xml version="1.0"?>
<opencv_storage>
<hand_left_0 type_id="opencv-nd-matrix">
  <sizes>
    1 21 3</sizes>
  <dt>f</dt>
  <data>
    4.59529083e+02 3.91778564e+02 5.70909500e-01 4.46497437e+02
    4.04086243e+02 6.59898341e-01 4.38533630e+02 4.21461792e+02
    5.70461690e-01 4.36361694e+02 4.38113342e+02 4.12078381e-01
    4.45049469e+02 4.55488892e+02 2.84362644e-01 4.50841309e+02
    4.21461792e+02 5.22154570e-01 4.40705597e+02 4.35941406e+02
    5.47350109e-01 4.42877533e+02 4.48249084e+02 5.85780144e-01
    4.45773438e+02 4.58384796e+02 7.25393176e-01 4.66768890e+02
    4.16393921e+02 6.23325288e-01 4.60977051e+02 4.34493439e+02
    4.48356479e-01 4.63148987e+02 4.49697021e+02 5.80411553e-01
    4.63148987e+02 4.62004700e+02 7.57405281e-01 4.81248505e+02
    4.12050049e+02 6.18493199e-01 4.92108215e+02 4.29425568e+02
    6.02055907e-01 4.97176086e+02 4.43181213e+02 5.80951810e-01
    4.86316376e+02 4.59108795e+02 5.46221137e-01 4.98624054e+02
    4.04810242e+02 7.36696362e-01 5.09483765e+02 4.14221985e+02
    7.24257231e-01 5.15999573e+02 4.21461792e+02 7.90193975e-01
    5.21067444e+02 4.27977600e+02 6.22806132e-01</data></hand_left_0>
</opencv_storage>
