<?xml version="1.0"?>
<opencv_storage>
<hand_right_0 type_id="opencv-nd-matrix">
  <sizes>
    1 21 3</sizes>
  <dt>f</dt>
  <data>
    4.59678894e+02 4.20327057e+02 5.80985606e-01 4.76729065e+02
    4.26720856e+02 7.23869622e-01 4.96620972e+02 4.32404266e+02
    7.11027622e-01 5.06566895e+02 4.40218933e+02 7.38769829e-01
    5.17933716e+02 4.49454437e+02 8.17724228e-01 4.83833313e+02
    4.40218933e+02 6.18918359e-01 4.94489685e+02 4.55137848e+02
    7.76248455e-01 5.02304352e+02 4.69346344e+02 7.75619745e-01
    5.05856476e+02 4.80713135e+02 8.50697339e-01 4.68914398e+02
    4.43771057e+02 7.41292596e-01 4.77439514e+02 4.56558685e+02
    7.57603884e-01 4.86675018e+02 4.72188019e+02 7.62453794e-01
    4.93779266e+02 4.85686096e+02 8.68421912e-01 4.53995483e+02
    4.45902313e+02 6.71156943e-01 4.57547607e+02 4.57979553e+02
    6.48478806e-01 4.61810150e+02 4.75029724e+02 7.83957183e-01
    4.65362274e+02 4.87106934e+02 6.00374460e-01 4.40497437e+02
    4.49454437e+02 7.04599142e-01 4.37655731e+02 4.61531677e+02
    8.78541291e-01 4.38366150e+02 4.72188019e+02 7.82174587e-01
    4.41207855e+02 4.82844391e+02 7.56191552e-01</data></hand_right_0>
</opencv_storage>
