<?xml version="1.0"?>
<opencv_storage>
<hand_left_0 type_id="opencv-nd-matrix">
  <sizes>
    1 21 3</sizes>
  <dt>f</dt>
  <data>
    4.60376984e+02 3.99780914e+02 5.49748123e-01 4.48335968e+02
    4.13828766e+02 6.83819830e-01 4.38301819e+02 4.30552368e+02
    5.17875731e-01 4.26260803e+02 4.40586548e+02 8.39586794e-01
    4.14888733e+02 4.50620697e+02 8.67078841e-01 4.53018585e+02
    4.30552368e+02 5.47112763e-01 4.42984406e+02 4.40586548e+02
    6.32719994e-01 4.42315460e+02 4.53296478e+02 8.36058974e-01
    4.42984406e+02 4.66675385e+02 7.72060990e-01 4.69073273e+02
    4.27207642e+02 6.81339145e-01 4.63721710e+02 4.45269165e+02
    4.86816317e-01 4.63721710e+02 4.57979095e+02 7.17682421e-01
    4.59039093e+02 4.73364838e+02 7.38874555e-01 4.85127930e+02
    4.24531860e+02 7.28940666e-01 4.95162109e+02 4.42593384e+02
    6.68051600e-01 5.01182617e+02 4.55972260e+02 5.46048582e-01
    5.05865204e+02 4.67344330e+02 7.00909972e-01 5.00513672e+02
    4.18511353e+02 7.77796566e-01 5.09209930e+02 4.30552368e+02
    6.65546179e-01 5.14561523e+02 4.35903931e+02 6.57804430e-01
    5.17237305e+02 4.40586548e+02 4.95104760e-01</data></hand_left_0>
</opencv_storage>
