<?xml version="1.0"?>
<opencv_storage>
<hand_right_0 type_id="opencv-nd-matrix">
  <sizes>
    1 21 3</sizes>
  <dt>f</dt>
  <data>
    4.61401703e+02 4.09744171e+02 6.66899323e-01 4.79287445e+02
    4.17693359e+02 7.10406601e-01 4.99160461e+02 4.27629883e+02
    7.71523416e-01 5.08434540e+02 4.40216125e+02 7.70516098e-01
    5.17708618e+02 4.48827789e+02 7.66110659e-01 4.86574219e+02
    4.34916656e+02 7.47023046e-01 4.94523438e+02 4.51477509e+02
    8.41524601e-01 4.99822906e+02 4.66051086e+02 8.19093108e-01
    5.03797516e+02 4.76650024e+02 9.16113138e-01 4.72000671e+02
    4.36241516e+02 8.02000165e-01 4.79287445e+02 4.56114563e+02
    6.10748291e-01 4.83924469e+02 4.68038391e+02 5.62548101e-01
    4.77962585e+02 4.79299774e+02 4.91640002e-01 4.56764679e+02
    4.39553711e+02 6.97221398e-01 4.60076843e+02 4.52139954e+02
    6.47396863e-01 4.61401703e+02 4.66713501e+02 7.43808270e-01
    4.59414398e+02 4.81949493e+02 7.45990574e-01 4.42191132e+02
    4.39553711e+02 6.42417073e-01 4.41528687e+02 4.52139954e+02
    8.00462663e-01 4.40866241e+02 4.62076477e+02 8.33589375e-01
    4.41528687e+02 4.72675415e+02 7.39372373e-01</data></hand_right_0>
</opencv_storage>
