<?xml version="1.0"?>
<opencv_storage>
<pose_0 type_id="opencv-nd-matrix">
  <sizes>
    1 18 3</sizes>
  <dt>f</dt>
  <data>
    4.26508118e+02 1.11522003e+02 8.23455751e-01 4.42194489e+02
    8.21592560e+01 7.84148872e-01 3.52160858e+02 8.41413116e+01
    7.76559591e-01 4.10790710e+02 2.44577530e+02 7.99543440e-01
    4.59758301e+02 3.81422119e+02 8.40774179e-01 5.34104187e+02
    8.60364075e+01 7.21365154e-01 5.06800629e+02 2.58190277e+02
    8.48849118e-01 4.91144928e+02 3.97185455e+02 6.21556044e-01
    3.77589233e+02 2.77827820e+02 4.39417541e-01 3.34525391e+02
    4.30391266e+02 5.98685086e-01 3.07186768e+02 4.83258118e+02
    1.01964928e-01 4.73485260e+02 2.85617950e+02 4.83191580e-01
    5.36090454e+02 4.14780914e+02 1.44018501e-01 0. 0. 0. 4.10795288e+02
    8.42064819e+01 7.51774073e-01 4.48073639e+02 8.81075134e+01
    8.13610554e-01 3.79602570e+02 2.34628010e+01 7.65801370e-01
    4.93124756e+02 5.28773079e+01 5.91365933e-01</data></pose_0>
</opencv_storage>
