<?xml version="1.0"?>
<opencv_storage>
<pose_0 type_id="opencv-nd-matrix">
  <sizes>
    1 18 3</sizes>
  <dt>f</dt>
  <data>
    4.59742035e+02 1.05661179e+02 7.68081546e-01 4.73419281e+02
    7.03871613e+01 7.83477187e-01 3.73718811e+02 6.84278183e+01
    6.97184265e-01 4.20622742e+02 2.54314484e+02 7.13307500e-01
    4.59820313e+02 3.81574921e+02 8.54086161e-01 5.71299927e+02
    8.40661087e+01 6.80663109e-01 5.26335144e+02 2.68030945e+02
    7.73526132e-01 4.98909729e+02 3.95158356e+02 5.67880154e-01
    3.83431671e+02 2.85640350e+02 4.04981971e-01 3.26748444e+02
    4.38272186e+02 2.01338604e-01 0. 0. 0. 4.89107147e+02 2.99356628e+02
    4.18409199e-01 5.22354797e+02 3.87416870e+02 6.49548024e-02 0. 0. 0.
    4.40211609e+02 8.60126572e+01 7.76218116e-01 4.77375336e+02
    8.41750946e+01 8.33778381e-01 4.08924377e+02 6.45807877e+01
    1.75325155e-01 0. 0. 0.</data></pose_0>
</opencv_storage>
