<?xml version="1.0"?>
<opencv_storage>
<hand_left_0 type_id="opencv-nd-matrix">
  <sizes>
    1 21 3</sizes>
  <dt>f</dt>
  <data>
    4.58005829e+02 3.97581909e+02 5.05923867e-01 4.45488586e+02
    4.10099152e+02 5.83312869e-01 4.36652863e+02 4.28506866e+02
    4.67690051e-01 4.29289795e+02 4.39551483e+02 5.08692801e-01
    4.16036224e+02 4.41024109e+02 7.48600066e-01 4.47697510e+02
    4.24825317e+02 5.06051838e-01 4.39598114e+02 4.38815186e+02
    6.86293781e-01 4.41070709e+02 4.51332428e+02 7.53038883e-01
    4.43279633e+02 4.62377075e+02 8.10211301e-01 4.64632599e+02
    4.21880096e+02 6.51075244e-01 4.58742126e+02 4.38815186e+02
    5.46320379e-01 4.62423676e+02 4.52068726e+02 7.14454412e-01
    4.63159973e+02 4.65322296e+02 7.79482901e-01 4.82304016e+02
    4.16725922e+02 6.30755961e-01 4.92612335e+02 4.33661011e+02
    4.83046442e-01 4.88930786e+02 4.49859802e+02 5.24213910e-01
    4.94821259e+02 4.61640747e+02 6.46186471e-01 4.96293884e+02
    4.09362823e+02 6.52256250e-01 5.05865875e+02 4.11571747e+02
    7.95461953e-01 5.11756348e+02 4.15989624e+02 8.27894211e-01
    5.17646851e+02 4.21880096e+02 7.59934008e-01</data></hand_left_0>
</opencv_storage>
