<?xml version="1.0"?>
<opencv_storage>
<hand_left_0 type_id="opencv-nd-matrix">
  <sizes>
    1 21 3</sizes>
  <dt>f</dt>
  <data>
    4.60137268e+02 3.98389557e+02 5.38764477e-01 4.46674591e+02
    4.10435120e+02 6.38331711e-01 4.36754700e+02 4.28149170e+02
    5.26109457e-01 4.26126282e+02 4.37360474e+02 4.73902702e-01
    4.13372162e+02 4.40903290e+02 6.75873160e-01 4.50217407e+02
    4.29566284e+02 5.05846202e-01 4.40297516e+02 4.43028961e+02
    5.48750520e-01 4.40297516e+02 4.54365967e+02 6.92415237e-01
    4.44548889e+02 4.65702972e+02 7.37583041e-01 4.65805756e+02
    4.26732056e+02 6.21820807e-01 4.61554382e+02 4.43737549e+02
    4.53460038e-01 4.62262939e+02 4.56491669e+02 5.63712120e-01
    4.63680084e+02 4.69954346e+02 7.28161275e-01 4.81394135e+02
    4.21772095e+02 6.12439513e-01 4.90605438e+02 4.40903290e+02
    6.54951453e-01 4.96273926e+02 4.53657410e+02 6.71196938e-01
    5.01942444e+02 4.64994415e+02 5.88924468e-01 4.96982513e+02
    4.16103607e+02 7.37433553e-01 5.06902374e+02 4.26023468e+02
    7.32310176e-01 5.13279419e+02 4.31691986e+02 8.14875841e-01
    5.16113708e+02 4.37360474e+02 7.09794939e-01</data></hand_left_0>
</opencv_storage>
