<?xml version="1.0"?>
<opencv_storage>
<hand_left_0 type_id="opencv-nd-matrix">
  <sizes>
    1 21 3</sizes>
  <dt>f</dt>
  <data>
    4.61501556e+02 4.22594513e+02 5.67891657e-01 4.49991882e+02
    4.32825317e+02 6.26988113e-01 4.39761108e+02 4.48810944e+02
    5.84361672e-01 4.25693756e+02 4.59041748e+02 7.54763603e-01
    4.13544678e+02 4.65436005e+02 7.67946362e-01 4.52549591e+02
    4.52008087e+02 4.32133973e-01 4.42318787e+02 4.62238892e+02
    6.02367043e-01 4.40400513e+02 4.73748535e+02 8.84586811e-01
    4.39121674e+02 4.83979340e+02 6.91344619e-01 4.67895813e+02
    4.48810944e+02 6.84443951e-01 4.61501556e+02 4.66714874e+02
    4.78527397e-01 4.61501556e+02 4.80142792e+02 7.03194380e-01
    4.55107300e+02 4.95488983e+02 6.33910537e-01 4.85799713e+02
    4.46892670e+02 6.25497818e-01 4.94112213e+02 4.64157166e+02
    6.89233661e-01 5.00506470e+02 4.78863922e+02 5.95560312e-01
    5.04982452e+02 4.89734161e+02 7.46926367e-01 5.01145905e+02
    4.41137848e+02 7.55105972e-01 5.09458435e+02 4.55205200e+02
    6.56585097e-01 5.15213257e+02 4.60320618e+02 6.47515059e-01
    5.17770935e+02 4.64157166e+02 4.71838415e-01</data></hand_left_0>
</opencv_storage>
