<?xml version="1.0"?>
<opencv_storage>
<pose_0 type_id="opencv-nd-matrix">
  <sizes>
    1 18 3</sizes>
  <dt>f</dt>
  <data>
    4.96964844e+02 1.15357285e+02 7.60958493e-01 4.67585602e+02
    7.23658752e+01 7.47784257e-01 3.67888397e+02 7.03769531e+01
    6.58686996e-01 4.14792694e+02 2.58296387e+02 7.77466476e-01
    4.59727631e+02 3.85450928e+02 8.47954035e-01 5.71241272e+02
    8.41398163e+01 6.70438409e-01 5.26266479e+02 2.73988037e+02
    7.57543027e-01 4.95029022e+02 3.95181427e+02 6.22049093e-01
    3.81525543e+02 2.93495361e+02 4.26036954e-01 3.26731506e+02
    4.28507294e+02 5.12699783e-01 2.13295822e+02 4.93048431e+02
    2.02083349e-01 4.91103149e+02 3.07164948e+02 4.06289369e-01
    5.22371704e+02 3.89380829e+02 6.24145791e-02 0. 0. 0. 4.85234406e+02
    9.00364075e+01 6.26572192e-01 5.14592896e+02 8.99885101e+01
    5.86650372e-01 4.30512024e+02 3.91631088e+01 3.17939609e-01 0. 0. 0.</data></pose_0>
</opencv_storage>
