<?xml version="1.0"?>
<opencv_storage>
<pose_0 type_id="opencv-nd-matrix">
  <sizes>
    1 18 3</sizes>
  <dt>f</dt>
  <data>
    4.63723877e+02 1.31141937e+02 7.04618812e-01 4.63731720e+02
    8.21428146e+01 7.83592165e-01 3.65873566e+02 8.21689072e+01
    6.72131598e-01 4.12726196e+02 2.69942810e+02 7.39284694e-01
    4.59707184e+02 3.95221039e+02 8.67101669e-01 5.69368591e+02
    8.99973450e+01 6.55433834e-01 5.26356201e+02 2.79788422e+02
    6.97003901e-01 4.96932739e+02 4.01065155e+02 5.74647903e-01
    3.77631866e+02 2.99358490e+02 4.01985794e-01 3.22862854e+02
    4.32410400e+02 3.70467573e-01 0. 0. 0. 4.91063324e+02 3.11084595e+02
    4.01063055e-01 5.45849426e+02 4.30428741e+02 7.01282397e-02 0. 0. 0.
    4.50021637e+02 1.13437996e+02 5.57837784e-01 4.81299591e+02
    1.13495728e+02 5.59430599e-01 4.10891632e+02 4.69447060e+01
    3.12954038e-01 5.22352478e+02 3.71554260e+01 2.96474934e-01</data></pose_0>
</opencv_storage>
