<?xml version="1.0"?>
<opencv_storage>
<hand_left_0 type_id="opencv-nd-matrix">
  <sizes>
    1 21 3</sizes>
  <dt>f</dt>
  <data>
    4.57131958e+02 3.91283783e+02 5.78172326e-01 4.44966522e+02
    4.04164825e+02 6.48256540e-01 4.39241608e+02 4.22770813e+02
    5.68424702e-01 4.39241608e+02 4.37798676e+02 6.75265908e-01
    4.44250916e+02 4.52110962e+02 6.41264617e-01 4.52838257e+02
    4.18477112e+02 6.16632402e-01 4.56416351e+02 4.31358154e+02
    4.69662189e-01 4.61425629e+02 4.43523590e+02 4.09385204e-01
    4.46397736e+02 4.54973419e+02 3.48871946e-01 4.68581787e+02
    4.12752197e+02 6.69755340e-01 4.78600372e+02 4.27780090e+02
    6.03289843e-01 4.67150543e+02 4.44239227e+02 3.81823331e-01
    4.63572479e+02 4.55689026e+02 5.93690753e-01 4.83609650e+02
    4.07027283e+02 6.58191621e-01 4.92197021e+02 4.22770813e+02
    6.39786601e-01 5.00784393e+02 4.33505005e+02 5.70244014e-01
    5.06509308e+02 4.44954834e+02 6.30655527e-01 4.96490723e+02
    3.98439941e+02 7.44493544e-01 5.04362457e+02 4.03449219e+02
    7.94387996e-01 5.11518616e+02 4.07742920e+02 8.34490478e-01
    5.16527893e+02 4.13467834e+02 7.33327210e-01</data></hand_left_0>
</opencv_storage>
