<?xml version="1.0"?>
<opencv_storage>
<pose_0 type_id="opencv-nd-matrix">
  <sizes>
    1 18 3</sizes>
  <dt>f</dt>
  <data>
    4.92986084e+02 9.96802521e+01 8.63065362e-01 4.67603607e+02
    6.84380569e+01 6.87442005e-01 3.67809021e+02 6.84382324e+01
    6.54466152e-01 4.14740326e+02 2.54320068e+02 7.40167618e-01
    4.59689362e+02 3.81494476e+02 8.53622556e-01 5.71270569e+02
    8.02160873e+01 6.82719290e-01 5.26329163e+02 2.69958466e+02
    7.49651134e-01 4.95003540e+02 3.91289398e+02 5.81250548e-01
    3.81487640e+02 2.91534332e+02 4.28105712e-01 3.24778564e+02
    4.30474884e+02 4.08158034e-01 2.70004578e+02 4.89131378e+02
    7.49963224e-02 4.91092163e+02 3.07160889e+02 4.18283790e-01
    5.22410217e+02 3.87404114e+02 5.86791411e-02 0. 0. 0. 4.77420441e+02
    7.24478760e+01 7.66575277e-01 5.10648285e+02 7.62675629e+01
    7.56541193e-01 4.14750885e+02 1.56139975e+01 6.56415761e-01
    5.39993286e+02 3.52088013e+01 6.35749400e-02</data></pose_0>
</opencv_storage>
