<?xml version="1.0"?>
<opencv_storage>
<pose_0 type_id="opencv-nd-matrix">
  <sizes>
    1 18 3</sizes>
  <dt>f</dt>
  <data>
    4.65657898e+02 8.80191193e+01 7.24347413e-01 4.71537445e+02
    6.84592133e+01 7.22419441e-01 3.69784912e+02 6.45919113e+01
    6.61218286e-01 4.14885284e+02 2.44596527e+02 7.25363672e-01
    4.59792114e+02 3.81536713e+02 8.40869427e-01 5.69409790e+02
    8.21096039e+01 6.87628210e-01 5.24454956e+02 2.69933228e+02
    7.82055914e-01 4.93112518e+02 3.95228516e+02 5.60503244e-01
    3.81462524e+02 2.97395752e+02 3.95660013e-01 3.24821838e+02
    4.40215790e+02 3.26035023e-01 2.87581573e+02 4.85203796e+02
    9.86438096e-02 4.91073486e+02 3.07183289e+02 3.89642715e-01
    5.22396667e+02 3.89355103e+02 6.31413832e-02 0. 0. 0. 4.48009521e+02
    6.84004669e+01 6.94455683e-01 4.89113403e+02 6.84478912e+01
    7.82671094e-01 4.01124725e+02 4.88613701e+00 1.39922887e-01
    5.36063904e+02 4.85744190e+00 4.37021226e-01</data></pose_0>
</opencv_storage>
