<?xml version="1.0"?>
<opencv_storage>
<hand_right_0 type_id="opencv-nd-matrix">
  <sizes>
    1 21 3</sizes>
  <dt>f</dt>
  <data>
    4.60442352e+02 4.20195984e+02 6.18889391e-01 4.78154358e+02
    4.28697723e+02 7.34449267e-01 4.98700256e+02 4.35782532e+02
    6.84487522e-01 5.09327454e+02 4.45701233e+02 7.76030779e-01
    5.19954651e+02 4.54203003e+02 7.84353852e-01 4.83822205e+02
    4.43575806e+02 6.36220992e-01 4.93740906e+02 4.58453857e+02
    8.07089627e-01 5.00117218e+02 4.74748901e+02 8.29677403e-01
    5.05076569e+02 4.86084564e+02 9.04293776e-01 4.69652588e+02
    4.46409698e+02 7.48709917e-01 4.78154358e+02 4.62704742e+02
    7.15106845e-01 4.84530670e+02 4.76165863e+02 7.80320585e-01
    4.89490021e+02 4.90335449e+02 8.44766200e-01 4.54774536e+02
    4.48535156e+02 6.76491559e-01 4.58316925e+02 4.62704742e+02
    6.64137840e-01 4.61150848e+02 4.78291290e+02 7.87789941e-01
    4.64693237e+02 4.91043915e+02 7.24886000e-01 4.39187988e+02
    4.50660583e+02 6.85594440e-01 4.38479492e+02 4.64121704e+02
    8.49807262e-01 4.39896454e+02 4.75457367e+02 8.33970606e-01
    4.44147339e+02 4.86793060e+02 7.70753086e-01</data></hand_right_0>
</opencv_storage>
