<?xml version="1.0"?>
<opencv_storage>
<pose_0 type_id="opencv-nd-matrix">
  <sizes>
    1 18 3</sizes>
  <dt>f</dt>
  <data>
    4.61761841e+02 1.50697128e+02 7.35452056e-01 4.69578766e+02
    9.78159103e+01 7.92562366e-01 3.73678070e+02 9.58389206e+01
    6.73794210e-01 4.14797607e+02 2.75935669e+02 7.60941744e-01
    4.59793976e+02 4.08898376e+02 8.65224063e-01 5.71369568e+02
    1.03663467e+02 6.66376770e-01 5.34152344e+02 2.93451385e+02
    7.60017812e-01 4.95006592e+02 4.16786377e+02 6.23221099e-01
    3.81506714e+02 2.89595856e+02 4.19924408e-01 3.20844147e+02
    4.42187103e+02 2.54722059e-01 0. 0. 0. 4.91097046e+02 3.09128326e+02
    4.29866701e-01 5.47847351e+02 4.55842651e+02 1.18946999e-01 0. 0. 0.
    4.46058563e+02 1.32982361e+02 6.43115640e-01 4.81287872e+02
    1.33081039e+02 6.57614589e-01 4.08892670e+02 8.21533585e+01
    2.07123429e-01 5.14538269e+02 7.82675476e+01 1.93632722e-01</data></pose_0>
</opencv_storage>
