<?xml version="1.0"?>
<opencv_storage>
<pose_0 type_id="opencv-nd-matrix">
  <sizes>
    1 18 3</sizes>
  <dt>f</dt>
  <data>
    4.73424591e+02 1.01790215e+02 7.47917891e-01 4.75472015e+02
    7.04175797e+01 7.68906951e-01 3.79546204e+02 6.84862442e+01
    6.99198246e-01 4.28379700e+02 2.56335571e+02 7.44163513e-01
    4.59871552e+02 3.85456329e+02 8.28346074e-01 5.73316162e+02
    8.41438980e+01 6.90563858e-01 5.28296326e+02 2.71990814e+02
    7.80174971e-01 4.95019775e+02 3.97148163e+02 5.44806004e-01
    3.81554504e+02 2.89584534e+02 4.11102891e-01 3.20928894e+02
    4.46074738e+02 2.59870291e-01 2.81746094e+02 4.89110901e+02
    6.13577515e-02 4.89093170e+02 3.03272156e+02 4.32166904e-01
    5.24330688e+02 3.99127563e+02 6.57144785e-02 0. 0. 0. 4.53927979e+02
    8.40463867e+01 6.64302945e-01 4.91114594e+02 8.21628876e+01
    7.97441721e-01 4.12726593e+02 2.54366074e+01 5.12581408e-01
    5.28234802e+02 3.89078999e+00 4.59877372e-01</data></pose_0>
</opencv_storage>
