<?xml version="1.0"?>
<opencv_storage>
<hand_left_0 type_id="opencv-nd-matrix">
  <sizes>
    1 21 3</sizes>
  <dt>f</dt>
  <data>
    4.61149261e+02 3.88255676e+02 5.59174418e-01 4.47424530e+02
    4.01258026e+02 6.13580704e-01 4.40200989e+02 4.19316895e+02
    6.51880205e-01 4.40200989e+02 4.33041626e+02 6.62848949e-01
    4.45257446e+02 4.47488708e+02 6.30764842e-01 4.55370422e+02
    4.14260406e+02 6.05692208e-01 4.56815125e+02 4.27985138e+02
    3.18079174e-01 4.45257446e+02 4.38098114e+02 3.60906214e-01
    4.46702179e+02 4.48933411e+02 4.39162731e-01 4.71262207e+02
    4.08481567e+02 6.91373289e-01 4.79208099e+02 4.24373383e+02
    5.65316081e-01 4.66205719e+02 4.38098114e+02 3.26631486e-01
    4.73429260e+02 4.49655762e+02 5.96638322e-01 4.84986938e+02
    4.02702759e+02 6.88369155e-01 4.94377563e+02 4.20039246e+02
    6.48905456e-01 5.01601105e+02 4.30874573e+02 5.85741997e-01
    5.07379913e+02 4.42432220e+02 6.07794285e-01 4.97266968e+02
    3.95479218e+02 7.31673658e-01 5.08102295e+02 4.00535675e+02
    7.88441002e-01 5.13881104e+02 4.05592163e+02 8.51663470e-01
    5.18937622e+02 4.12093353e+02 7.51718283e-01</data></hand_left_0>
</opencv_storage>
