<?xml version="1.0"?>
<opencv_storage>
<hand_left_0 type_id="opencv-nd-matrix">
  <sizes>
    1 21 3</sizes>
  <dt>f</dt>
  <data>
    4.58312134e+02 4.19920197e+02 4.49919969e-01 4.45087646e+02
    4.30940582e+02 6.20855927e-01 4.34801941e+02 4.48573242e+02
    5.09121597e-01 4.24516235e+02 4.55185486e+02 4.54223335e-01
    4.14965210e+02 4.58124268e+02 7.20763445e-01 4.46557037e+02
    4.44165070e+02 5.67568064e-01 4.39210114e+02 4.55920197e+02
    6.94359779e-01 4.39944794e+02 4.67675293e+02 7.72642374e-01
    4.44352966e+02 4.78695679e+02 8.18894923e-01 4.63455017e+02
    4.39756927e+02 6.38547659e-01 4.58312134e+02 4.55185486e+02
    5.45334935e-01 4.63455017e+02 4.69879364e+02 6.59914792e-01
    4.64924377e+02 4.83103851e+02 7.68586040e-01 4.81087646e+02
    4.36818146e+02 6.16314530e-01 4.91373383e+02 4.51512024e+02
    5.34759820e-01 4.98720306e+02 4.64736511e+02 5.72075546e-01
    5.05332550e+02 4.75022217e+02 6.08085692e-01 4.94312134e+02
    4.28001831e+02 7.13810682e-01 5.03863159e+02 4.32409973e+02
    8.03097427e-01 5.10475403e+02 4.37552826e+02 8.72500479e-01
    5.16352966e+02 4.43430389e+02 8.11779678e-01</data></hand_left_0>
</opencv_storage>
