<?xml version="1.0"?>
<opencv_storage>
<hand_left_0 type_id="opencv-nd-matrix">
  <sizes>
    1 21 3</sizes>
  <dt>f</dt>
  <data>
    4.57460999e+02 3.96381561e+02 5.16820967e-01 4.45349701e+02
    4.09205261e+02 6.09801114e-01 4.36800568e+02 4.29153259e+02
    3.94037694e-01 4.23976898e+02 4.36277527e+02 4.82176036e-01
    4.15427765e+02 4.40552094e+02 6.53813243e-01 4.45349701e+02
    4.24878693e+02 4.59132850e-01 4.41787567e+02 4.36989960e+02
    6.98099136e-01 4.42500000e+02 4.50526093e+02 7.95509040e-01
    4.44637299e+02 4.60500061e+02 8.05504858e-01 4.62447968e+02
    4.22741394e+02 6.17791772e-01 4.60310699e+02 4.38414795e+02
    5.80839515e-01 4.63872833e+02 4.52663361e+02 6.51966214e-01
    4.63160400e+02 4.65487061e+02 7.16632366e-01 4.80258667e+02
    4.17754395e+02 5.71559846e-01 4.91657532e+02 4.32002960e+02
    4.92493987e-01 4.99494232e+02 4.44826660e+02 5.37447214e-01
    5.06618500e+02 4.54800659e+02 5.99755049e-01 4.95219666e+02
    4.07780426e+02 6.80113912e-01 5.05906067e+02 4.12767395e+02
    7.55141914e-01 5.12317932e+02 4.18466827e+02 7.79876888e-01
    5.18017334e+02 4.24878693e+02 7.66621470e-01</data></hand_left_0>
</opencv_storage>
