<?xml version="1.0"?>
<opencv_storage>
<pose_0 type_id="opencv-nd-matrix">
  <sizes>
    1 18 3</sizes>
  <dt>f</dt>
  <data>
    4.44130859e+02 1.13457962e+02 8.64584088e-01 4.44136322e+02
    8.01910172e+01 7.45359242e-01 3.54102722e+02 8.21732788e+01
    7.45036006e-01 4.06965912e+02 2.40699142e+02 8.16831172e-01
    4.59721863e+02 3.77618225e+02 8.25349927e-01 5.36120483e+02
    8.41906586e+01 7.29439437e-01 5.08722931e+02 2.56305237e+02
    8.65097165e-01 4.91162750e+02 3.97196716e+02 5.98093331e-01
    3.73708191e+02 2.81746490e+02 4.23685223e-01 3.34531219e+02
    4.30493835e+02 5.36447763e-01 3.05224762e+02 4.89133820e+02
    6.74238130e-02 4.73475433e+02 2.85656036e+02 4.63951588e-01
    5.18449463e+02 3.95211548e+02 9.06951725e-02 0. 0. 0. 4.28387512e+02
    8.80540466e+01 7.52702892e-01 4.63715393e+02 8.80229568e+01
    8.50254118e-01 3.83466705e+02 3.51738319e+01 5.92628598e-01
    5.04712921e+02 3.32521706e+01 6.55542135e-01</data></pose_0>
</opencv_storage>
