<?xml version="1.0"?>
<opencv_storage>
<pose_0 type_id="opencv-nd-matrix">
  <sizes>
    1 18 3</sizes>
  <dt>f</dt>
  <data>
    4.42152924e+02 1.19433922e+02 7.66643584e-01 4.63719330e+02
    8.02017822e+01 7.72361696e-01 3.69809143e+02 7.63397522e+01
    6.95976913e-01 4.14854065e+02 2.66109436e+02 7.48635232e-01
    4.59704041e+02 3.93283051e+02 8.65129769e-01 5.71255371e+02
    9.19563370e+01 6.36146247e-01 5.34122925e+02 2.75838806e+02
    7.50968635e-01 4.95024506e+02 3.99183044e+02 5.80317855e-01
    3.81446747e+02 2.89538055e+02 4.39775884e-01 3.30622864e+02
    4.30447723e+02 3.77789378e-01 2.85665588e+02 4.79349304e+02
    1.38058469e-01 4.91078705e+02 3.07156860e+02 4.30884153e-01
    5.45859253e+02 4.24565033e+02 6.17460199e-02 0. 0. 0. 4.26459656e+02
    9.97591324e+01 7.49561310e-01 4.61680054e+02 1.01699997e+02
    7.29223251e-01 3.97216736e+02 7.43300476e+01 7.48069063e-02
    5.08694214e+02 5.08832130e+01 6.51224852e-01</data></pose_0>
</opencv_storage>
