<?xml version="1.0"?>
<opencv_storage>
<hand_left_0 type_id="opencv-nd-matrix">
  <sizes>
    1 21 3</sizes>
  <dt>f</dt>
  <data>
    4.61571899e+02 4.05498322e+02 5.42433858e-01 4.49111755e+02
    4.17302673e+02 6.39067769e-01 4.39274780e+02 4.36320801e+02
    5.52732289e-01 4.26814636e+02 4.42878784e+02 7.51024246e-01
    4.15010284e+02 4.52059937e+02 7.92574644e-01 4.53702332e+02
    4.36320801e+02 5.27520835e-01 4.43209564e+02 4.45501984e+02
    5.60961306e-01 4.42553772e+02 4.57962128e+02 8.51647496e-01
    4.42553772e+02 4.69766479e+02 7.55272925e-01 4.69441467e+02
    4.32386017e+02 7.05159366e-01 4.64195099e+02 4.52715729e+02
    4.04095381e-01 4.63539276e+02 4.63864288e+02 6.65823519e-01
    4.58948700e+02 4.78947632e+02 7.30924547e-01 4.85180603e+02
    4.29107025e+02 7.09126174e-01 4.95017548e+02 4.48125153e+02
    7.41871119e-01 5.00919739e+02 4.61241119e+02 6.56366467e-01
    5.05510315e+02 4.73045471e+02 7.77873158e-01 5.00263947e+02
    4.22549072e+02 7.76691973e-01 5.10756683e+02 4.37632416e+02
    6.12359226e-01 5.15347290e+02 4.42222992e+02 6.43616736e-01
    5.16658875e+02 4.45501984e+02 4.71640736e-01</data></hand_left_0>
</opencv_storage>
