<?xml version="1.0"?>
<opencv_storage>
<hand_right_0 type_id="opencv-nd-matrix">
  <sizes>
    1 21 3</sizes>
  <dt>f</dt>
  <data>
    4.58489105e+02 3.84482544e+02 6.85658395e-01 4.75859161e+02
    3.90065765e+02 7.19483018e-01 4.93229187e+02 3.95649017e+02
    7.21211135e-01 5.04395660e+02 4.04954376e+02 7.95695662e-01
    5.17423218e+02 4.13639404e+02 8.61983657e-01 4.83923828e+02
    4.03093323e+02 6.23120487e-01 4.93849548e+02 4.18602295e+02
    7.90167928e-01 5.01914215e+02 4.32870544e+02 7.58732438e-01
    5.03775299e+02 4.43416656e+02 8.22003484e-01 4.69655548e+02
    4.06195099e+02 7.34826446e-01 4.78960938e+02 4.22324432e+02
    6.36665225e-01 4.87645966e+02 4.34731628e+02 6.61892116e-01
    4.93849548e+02 4.47759155e+02 7.06373274e-01 4.57248383e+02
    4.09917267e+02 6.59082949e-01 4.58489105e+02 4.20463348e+02
    6.01248503e-01 4.64692688e+02 4.35972321e+02 6.47970498e-01
    4.63451965e+02 4.48999878e+02 5.50870359e-01 4.42980133e+02
    4.13019043e+02 7.45015621e-01 4.41739410e+02 4.22324432e+02
    6.77216649e-01 4.40498688e+02 4.30389099e+02 7.08174407e-01
    4.40498688e+02 4.39694489e+02 7.53201067e-01</data></hand_right_0>
</opencv_storage>
