<?xml version="1.0"?>
<opencv_storage>
<hand_left_0 type_id="opencv-nd-matrix">
  <sizes>
    1 21 3</sizes>
  <dt>f</dt>
  <data>
    4.60324432e+02 4.23162750e+02 5.49715221e-01 4.46465179e+02
    4.34833679e+02 6.27567291e-01 4.35523682e+02 4.50881226e+02
    5.44309795e-01 4.26041046e+02 4.56716705e+02 6.09915972e-01
    4.13640656e+02 4.61093323e+02 8.48381162e-01 4.47924042e+02
    4.50151794e+02 4.82819200e-01 4.39170837e+02 4.61093323e+02
    5.98802507e-01 4.40629700e+02 4.73493683e+02 7.63104379e-01
    4.44276886e+02 4.85164642e+02 8.18999469e-01 4.64701019e+02
    4.47234070e+02 6.64149046e-01 4.60324432e+02 4.63281616e+02
    5.34841597e-01 4.61783295e+02 4.77140869e+02 6.38086140e-01
    4.62512726e+02 4.89541229e+02 8.03022206e-01 4.80019135e+02
    4.42857452e+02 6.09456956e-01 4.90231232e+02 4.59634430e+02
    6.68885827e-01 4.96066681e+02 4.72764252e+02 5.81388175e-01
    5.03361023e+02 4.84435181e+02 6.23042405e-01 4.96796112e+02
    4.36292542e+02 7.52710998e-01 5.05549316e+02 4.41398590e+02
    8.03040922e-01 5.12843689e+02 4.47234070e+02 8.46784592e-01
    5.18679138e+02 4.54528412e+02 7.41858959e-01</data></hand_left_0>
</opencv_storage>
