<?xml version="1.0"?>
<opencv_storage>
<hand_left_0 type_id="opencv-nd-matrix">
  <sizes>
    1 21 3</sizes>
  <dt>f</dt>
  <data>
    4.60792389e+02 4.08840485e+02 5.53858995e-01 4.49524506e+02
    4.20771210e+02 6.39493108e-01 4.39582214e+02 4.39992920e+02
    6.37264848e-01 4.25663055e+02 4.47283905e+02 6.94017291e-01
    4.13732330e+02 4.54574921e+02 7.93783545e-01 4.55489838e+02
    4.40655731e+02 5.33303738e-01 4.42896301e+02 4.50597992e+02
    4.56338912e-01 4.42233490e+02 4.62528717e+02 7.35299468e-01
    4.44221954e+02 4.75785095e+02 7.58635223e-01 4.70734650e+02
    4.36016022e+02 6.91402197e-01 4.80014099e+02 4.56563354e+02
    4.77821052e-01 4.62118042e+02 4.67168457e+02 6.40755653e-01
    4.58141113e+02 4.82413269e+02 6.40802145e-01 4.85316650e+02
    4.32701935e+02 6.57424510e-01 4.93933289e+02 4.51260834e+02
    6.83036923e-01 4.99235840e+02 4.64517181e+02 6.02449179e-01
    5.03875549e+02 4.76447906e+02 6.77764893e-01 4.99235840e+02
    4.26736572e+02 7.60003328e-01 5.09178101e+02 4.41981384e+02
    6.72346234e-01 5.14480652e+02 4.46621094e+02 6.23901844e-01
    5.17131897e+02 4.49935181e+02 4.50796306e-01</data></hand_left_0>
</opencv_storage>
