<?xml version="1.0"?>
<opencv_storage>
<pose_0 type_id="opencv-nd-matrix">
  <sizes>
    1 18 3</sizes>
  <dt>f</dt>
  <data>
    4.59731079e+02 1.72159210e+02 7.09485829e-01 4.65649445e+02
    1.03707008e+02 8.07442427e-01 3.67798218e+02 1.01674118e+02
    6.96034253e-01 4.10846039e+02 2.91536133e+02 7.34272361e-01
    4.59718781e+02 4.12888733e+02 8.71157706e-01 5.71280151e+02
    1.11523308e+02 6.52929842e-01 5.34135498e+02 3.01262756e+02
    7.69683838e-01 4.95045166e+02 4.16742371e+02 6.77208662e-01
    3.77623657e+02 2.89577087e+02 4.08872038e-01 3.24768311e+02
    4.30464600e+02 5.31311750e-01 2.87604034e+02 4.79359772e+02
    9.16413069e-02 4.89156464e+02 3.05209778e+02 4.17257786e-01
    5.41931458e+02 4.57794434e+02 1.13842078e-01 0. 0. 0. 4.44118011e+02
    1.48786819e+02 7.22032547e-01 4.77369751e+02 1.54572357e+02
    5.62676966e-01 4.10808258e+02 9.78176956e+01 2.82771409e-01
    5.16515747e+02 8.60529556e+01 2.37894803e-01</data></pose_0>
</opencv_storage>
