<?xml version="1.0"?>
<opencv_storage>
<hand_right_0 type_id="opencv-nd-matrix">
  <sizes>
    1 21 3</sizes>
  <dt>f</dt>
  <data>
    4.57932739e+02 4.08189911e+02 5.58578670e-01 4.77203644e+02
    4.14613556e+02 6.88933492e-01 4.97188263e+02 4.21750916e+02
    6.67551160e-01 5.07180573e+02 4.28888275e+02 7.41558790e-01
    5.15031677e+02 4.36025665e+02 7.30961502e-01 4.82913544e+02
    4.28174561e+02 6.67496741e-01 4.94333313e+02 4.43163025e+02
    8.26301575e-01 5.02184418e+02 4.56724030e+02 8.31930161e-01
    5.07180573e+02 4.66002594e+02 8.89110684e-01 4.67211334e+02
    4.31029480e+02 7.28853226e-01 4.77917389e+02 4.46731689e+02
    7.20675588e-01 4.87195953e+02 4.60292694e+02 7.28294194e-01
    4.95760803e+02 4.73853699e+02 9.04433370e-01 4.53650330e+02
    4.35311920e+02 6.40542448e-01 4.57218994e+02 4.47445435e+02
    6.70560777e-01 4.62215179e+02 4.63861389e+02 8.36086154e-01
    4.67211334e+02 4.75281158e+02 8.16542268e-01 4.38661865e+02
    4.37453125e+02 6.44752026e-01 4.38661865e+02 4.51727875e+02
    8.48714352e-01 4.39375580e+02 4.63147644e+02 7.42486179e-01
    4.42944275e+02 4.72426239e+02 7.75017202e-01</data></hand_right_0>
</opencv_storage>
