<?xml version="1.0"?>
<opencv_storage>
<hand_right_0 type_id="opencv-nd-matrix">
  <sizes>
    1 21 3</sizes>
  <dt>f</dt>
  <data>
    4.56668884e+02 3.82264923e+02 6.02094889e-01 4.75134003e+02
    3.87236298e+02 6.98757410e-01 4.94309296e+02 3.92207672e+02
    7.15011537e-01 5.06382629e+02 4.02150421e+02 8.64876151e-01
    5.18455994e+02 4.09252380e+02 8.11331451e-01 4.84366547e+02
    4.03570801e+02 6.83441818e-01 4.95019501e+02 4.19195129e+02
    7.71551013e-01 5.02121460e+02 4.30558289e+02 8.40579629e-01
    5.07092834e+02 4.40501038e+02 8.56594563e-01 4.69452423e+02
    4.08542175e+02 7.66728103e-01 4.77974762e+02 4.19905334e+02
    6.96904838e-01 4.86497131e+02 4.34109253e+02 7.19165087e-01
    4.96439880e+02 4.46892792e+02 8.48222017e-01 4.54538300e+02
    4.12803375e+02 6.66653037e-01 4.55958679e+02 4.23456299e+02
    7.38080502e-01 4.60930054e+02 4.37660248e+02 8.13262522e-01
    4.63770844e+02 4.50443787e+02 6.53501749e-01 4.38203766e+02
    4.13513550e+02 7.14152932e-01 4.38203766e+02 4.25586884e+02
    8.54666710e-01 4.38913971e+02 4.36239838e+02 7.68125772e-01
    4.41044556e+02 4.46182587e+02 6.90687418e-01</data></hand_right_0>
</opencv_storage>
