<?xml version="1.0"?>
<opencv_storage>
<pose_0 type_id="opencv-nd-matrix">
  <sizes>
    1 18 3</sizes>
  <dt>f</dt>
  <data>
    4.71514069e+02 1.64323547e+02 7.68038273e-01 4.73444916e+02
    1.01681549e+02 8.18996251e-01 3.67878174e+02 9.58870544e+01
    6.78079903e-01 4.12841614e+02 2.89563507e+02 7.47259259e-01
    4.59764709e+02 4.14748901e+02 8.87583256e-01 5.73248291e+02
    1.13445526e+02 6.54195547e-01 5.30234619e+02 3.01291229e+02
    7.44105697e-01 4.94975281e+02 4.26480469e+02 5.60913026e-01
    3.77609100e+02 2.91507294e+02 4.10658002e-01 3.22820190e+02
    4.38256470e+02 4.10672665e-01 2.81735046e+02 4.85217041e+02
    9.43290666e-02 4.87169922e+02 3.07196381e+02 4.21321929e-01
    5.40020508e+02 4.51944458e+02 1.33704811e-01 0. 0. 0. 4.59741913e+02
    1.46805756e+02 7.08921432e-01 4.91085693e+02 1.48675232e+02
    5.45484483e-01 4.22605743e+02 8.02356873e+01 4.75648731e-01
    5.24340820e+02 8.61512680e+01 3.19104135e-01</data></pose_0>
</opencv_storage>
