<?xml version="1.0"?>
<opencv_storage>
<hand_left_0 type_id="opencv-nd-matrix">
  <sizes>
    1 21 3</sizes>
  <dt>f</dt>
  <data>
    4.60263824e+02 3.92386505e+02 5.34540176e-01 4.47666992e+02
    4.04283508e+02 6.55374944e-01 4.39269104e+02 4.21079285e+02
    5.76478958e-01 4.37869446e+02 4.35075745e+02 5.05633175e-01
    4.42768219e+02 4.50471893e+02 4.14692253e-01 4.53265564e+02
    4.18279968e+02 5.81362665e-01 4.42068390e+02 4.28077515e+02
    4.52123672e-01 4.42768219e+02 4.41374176e+02 5.15985370e-01
    4.44867676e+02 4.52571350e+02 5.81067979e-01 4.68661713e+02
    4.14780853e+02 6.59950137e-01 4.76359772e+02 4.28777344e+02
    3.98211807e-01 4.64462769e+02 4.44873291e+02 4.80151176e-01
    4.61663452e+02 4.58169952e+02 5.83322406e-01 4.82658173e+02
    4.09882080e+02 6.58861756e-01 4.94555176e+02 4.26677856e+02
    6.16899490e-01 4.99453949e+02 4.37875061e+02 5.49663782e-01
    5.06452209e+02 4.46972778e+02 5.79987824e-01 4.98754120e+02
    4.02883850e+02 7.33394146e-01 5.09251495e+02 4.09182281e+02
    7.00304389e-01 5.15549927e+02 4.16180511e+02 8.14066589e-01
    5.19748840e+02 4.21779114e+02 7.14451253e-01</data></hand_left_0>
</opencv_storage>
