<?xml version="1.0"?>
<opencv_storage>
<pose_0 type_id="opencv-nd-matrix">
  <sizes>
    2 18 3</sizes>
  <dt>f</dt>
  <data>
    4.81341766e+02 1.58505447e+02 6.74853146e-01 4.75376556e+02
    9.97475204e+01 8.11365008e-01 3.69753998e+02 9.78117447e+01
    6.59502864e-01 4.12742676e+02 2.85676910e+02 7.29778469e-01
    4.59729584e+02 4.10798492e+02 8.58583808e-01 5.73265015e+02
    1.07587456e+02 6.54406607e-01 5.32187500e+02 2.93520935e+02
    7.31856883e-01 4.96976257e+02 4.14730286e+02 6.65255785e-01
    3.75670868e+02 2.95420532e+02 3.88979048e-01 3.22873535e+02
    4.32379364e+02 5.01763046e-01 2.87629028e+02 4.77375153e+02
    1.46518439e-01 4.89149414e+02 3.05234894e+02 4.03315276e-01
    5.40051819e+02 4.50002319e+02 9.25896913e-02 0. 0. 0. 4.75360077e+02
    1.40848755e+02 5.91000676e-01 5.02829437e+02 1.36941391e+02
    4.68849242e-01 4.16736389e+02 7.23633575e+01 5.07059455e-01
    5.30254333e+02 8.21760712e+01 2.71947652e-01 0. 0. 0. 0. 0. 0. 0. 0.
    0. 0. 0. 0. 0. 0. 0. 0. 0. 0. 0. 0. 0. 0. 0. 0. 0. 0. 0. 0. 0. 0. 0.
    0. 0. 6.76957397e+02 4.79334656e+02 5.62679917e-02 9.70441650e+02
    5.24311218e+02 1.14969075e-01 1.11719043e+03 5.28227112e+02
    3.64046276e-01 0. 0. 0. 0. 0. 0. 0. 0. 0. 0. 0. 0.</data></pose_0>
</opencv_storage>
