<?xml version="1.0"?>
<opencv_storage>
<pose_0 type_id="opencv-nd-matrix">
  <sizes>
    1 18 3</sizes>
  <dt>f</dt>
  <data>
    4.75424438e+02 1.15415268e+02 8.82925570e-01 4.53907379e+02
    7.23665466e+01 7.45295405e-01 3.65844116e+02 7.23963470e+01
    7.12476075e-01 4.14750183e+02 2.42530029e+02 8.27265680e-01
    4.59749756e+02 3.81486115e+02 8.11913013e-01 5.51699829e+02
    8.40442734e+01 7.06699491e-01 5.10720184e+02 2.56346252e+02
    8.19898427e-01 4.91115143e+02 3.97100037e+02 5.35382271e-01
    3.79513245e+02 2.75861969e+02 4.25668031e-01 3.32561981e+02
    4.30467041e+02 5.53041637e-01 3.01315704e+02 4.87186493e+02
    6.24171384e-02 4.75389130e+02 2.81754364e+02 4.74869013e-01
    5.24334961e+02 4.01111908e+02 1.16260923e-01 0. 0. 0. 4.59815918e+02
    9.19765320e+01 7.45600581e-01 4.93098236e+02 9.00223160e+01
    8.39457273e-01 4.06945068e+02 4.30152435e+01 7.92930484e-01
    5.22472046e+02 3.52030029e+01 3.20006281e-01</data></pose_0>
</opencv_storage>
