<?xml version="1.0"?>
<opencv_storage>
<pose_0 type_id="opencv-nd-matrix">
  <sizes>
    1 18 3</sizes>
  <dt>f</dt>
  <data>
    4.22591919e+02 8.40678558e+01 8.04526329e-01 4.44067963e+02
    8.40986481e+01 7.60832667e-01 3.50281494e+02 8.61311188e+01
    7.73796856e-01 4.08882904e+02 2.54327225e+02 7.86609232e-01
    4.59807831e+02 3.83526367e+02 8.40437353e-01 5.36059021e+02
    8.60925827e+01 7.01435089e-01 5.08753021e+02 2.58216736e+02
    8.89897525e-01 4.91147308e+02 3.99135468e+02 5.45225263e-01
    3.75614532e+02 2.89588684e+02 4.43133712e-01 3.34568115e+02
    4.30463257e+02 6.29561365e-01 3.09127228e+02 4.83250671e+02
    1.22093730e-01 4.75451569e+02 2.93503662e+02 4.82049644e-01
    5.20423645e+02 4.01077301e+02 1.20637387e-01 0. 0. 0. 3.99102600e+02
    5.68077927e+01 8.63739610e-01 4.44133057e+02 5.48549309e+01
    8.85143995e-01 3.65768738e+02 2.15682564e+01 7.44135976e-01
    4.87147919e+02 2.93288479e+01 8.56600583e-01</data></pose_0>
</opencv_storage>
