<?xml version="1.0"?>
<opencv_storage>
<hand_left_0 type_id="opencv-nd-matrix">
  <sizes>
    1 21 3</sizes>
  <dt>f</dt>
  <data>
    4.60044189e+02 3.97729156e+02 4.90739882e-01 4.48363220e+02
    4.10097260e+02 5.88462472e-01 4.38056458e+02 4.24526703e+02
    4.58688438e-01 4.26375458e+02 4.34833466e+02 5.86538672e-01
    4.14694458e+02 4.39643280e+02 8.40033174e-01 4.48363220e+02
    4.23152466e+02 5.61128259e-01 4.41492035e+02 4.38269043e+02
    7.32061207e-01 4.42179138e+02 4.50637146e+02 8.11301649e-01
    4.43553375e+02 4.60943909e+02 8.22375298e-01 4.64854004e+02
    4.21778229e+02 6.61206841e-01 4.59357086e+02 4.38956177e+02
    5.76778769e-01 4.62792664e+02 4.54072754e+02 6.20077789e-01
    4.61418427e+02 4.64379486e+02 7.66624928e-01 4.82031952e+02
    4.17655548e+02 6.74835801e-01 4.95087158e+02 4.34146362e+02
    4.91483033e-01 4.88216003e+02 4.49950043e+02 5.46741724e-01
    4.93025818e+02 4.60256805e+02 5.77446342e-01 4.98522736e+02
    4.10097260e+02 6.75863743e-01 5.07455261e+02 4.13532837e+02
    6.56440437e-01 5.14326416e+02 4.19716888e+02 7.04658806e-01
    5.19136230e+02 4.24526703e+02 6.18130624e-01</data></hand_left_0>
</opencv_storage>
