<?xml version="1.0"?>
<opencv_storage>
<hand_left_0 type_id="opencv-nd-matrix">
  <sizes>
    1 21 3</sizes>
  <dt>f</dt>
  <data>
    4.58750397e+02 3.91544006e+02 5.75162828e-01 4.44070068e+02
    4.03555176e+02 6.61177218e-01 4.34728058e+02 4.22239227e+02
    5.11663437e-01 4.22716888e+02 4.30913940e+02 5.64244568e-01
    4.14042145e+02 4.36252258e+02 7.17595577e-01 4.46739227e+02
    4.18235504e+02 4.90540355e-01 4.40066345e+02 4.28244812e+02
    6.31039262e-01 4.39399048e+02 4.40923248e+02 7.82529771e-01
    4.41400909e+02 4.53601715e+02 7.27869093e-01 4.63421387e+02
    4.14899048e+02 6.79374754e-01 4.58083099e+02 4.30913940e+02
    4.75751668e-01 4.58750397e+02 4.45594269e+02 6.96258724e-01
    4.60084961e+02 4.60274597e+02 6.36528134e-01 4.79436279e+02
    4.12897186e+02 6.83338523e-01 4.86776459e+02 4.30246674e+02
    6.80632472e-01 4.94783905e+02 4.44259705e+02 5.00701845e-01
    4.99454895e+02 4.54936279e+02 6.57241523e-01 4.94783905e+02
    4.07558899e+02 7.41896331e-01 5.03458618e+02 4.18902771e+02
    6.13691747e-01 5.08129639e+02 4.23573792e+02 6.92151070e-01
    5.09464203e+02 4.26910217e+02 5.18911600e-01</data></hand_left_0>
</opencv_storage>
