<?xml version="1.0"?>
<opencv_storage>
<hand_left_0 type_id="opencv-nd-matrix">
  <sizes>
    1 21 3</sizes>
  <dt>f</dt>
  <data>
    4.61133881e+02 3.89800995e+02 5.71759224e-01 4.48851288e+02
    4.03528595e+02 6.06135607e-01 4.40181244e+02 4.21591187e+02
    6.43227518e-01 4.40903748e+02 4.36041290e+02 6.95994258e-01
    4.45238770e+02 4.48323883e+02 6.77376330e-01 4.56076355e+02
    4.16533661e+02 6.46701992e-01 4.59688873e+02 4.33151276e+02
    6.32855654e-01 4.61856384e+02 4.42543854e+02 5.80170453e-01
    4.60411377e+02 4.53381409e+02 5.70973277e-01 4.72693939e+02
    4.10031128e+02 7.27739930e-01 4.79919006e+02 4.26648743e+02
    7.42499650e-01 4.85699036e+02 4.38931305e+02 6.03274405e-01
    4.90756561e+02 4.49046387e+02 4.10554171e-01 4.85699036e+02
    4.06418610e+02 7.16528893e-01 4.95091614e+02 4.21591187e+02
    6.45224512e-01 5.01594147e+02 4.32428772e+02 6.65926576e-01
    5.07374176e+02 4.42543854e+02 6.98598981e-01 4.99426636e+02
    3.97748535e+02 7.26202190e-01 5.08096680e+02 4.02083557e+02
    8.21247101e-01 5.14599243e+02 4.07863617e+02 8.89361084e-01
    5.18934265e+02 4.12921143e+02 7.61918783e-01</data></hand_left_0>
</opencv_storage>
