<?xml version="1.0"?>
<opencv_storage>
<hand_left_0 type_id="opencv-nd-matrix">
  <sizes>
    1 21 3</sizes>
  <dt>f</dt>
  <data>
    4.60202515e+02 4.22211700e+02 6.12225413e-01 4.45358459e+02
    4.34228333e+02 6.61028981e-01 4.35462402e+02 4.52606689e+02
    5.47815919e-01 4.25566376e+02 4.61089020e+02 3.58230650e-01
    4.12136017e+02 4.61795868e+02 6.99251413e-01 4.48892761e+02
    4.50486115e+02 5.19852042e-01 4.38289856e+02 4.61089020e+02
    5.82940102e-01 4.38996704e+02 4.74519379e+02 7.72620440e-01
    4.43237885e+02 4.85829132e+02 7.99745739e-01 4.65150543e+02
    4.47658661e+02 6.38036788e-01 4.57375092e+02 4.66037048e+02
    4.55353051e-01 4.59495667e+02 4.78760529e+02 5.69375515e-01
    4.60909393e+02 4.90777161e+02 8.06614578e-01 4.79994629e+02
    4.44124359e+02 6.34754121e-01 4.89183807e+02 4.61795868e+02
    6.91642761e-01 4.95545532e+02 4.76639954e+02 6.45053864e-01
    4.86356354e+02 4.90070313e+02 5.95324457e-01 4.96252411e+02
    4.37762634e+02 6.98718369e-01 5.03321014e+02 4.44831238e+02
    6.56052709e-01 5.08975891e+02 4.51192963e+02 7.00418472e-01
    5.12510193e+02 4.56847870e+02 6.52641416e-01</data></hand_left_0>
</opencv_storage>
