<?xml version="1.0"?>
<opencv_storage>
<hand_left_0 type_id="opencv-nd-matrix">
  <sizes>
    1 21 3</sizes>
  <dt>f</dt>
  <data>
    4.57044556e+02 3.91928894e+02 5.55199623e-01 4.44876404e+02
    4.05528595e+02 6.35831475e-01 4.35571350e+02 4.23422943e+02
    5.16065001e-01 4.34855591e+02 4.39885742e+02 4.69893426e-01
    4.15529694e+02 4.34875305e+02 3.11867595e-01 4.51318390e+02
    4.21275635e+02 6.10777140e-01 4.40581787e+02 4.34875305e+02
    4.89062607e-01 4.40581787e+02 4.47759247e+02 5.23288965e-01
    4.44160645e+02 4.57780090e+02 6.19063318e-01 4.67781189e+02
    4.16980988e+02 6.61385357e-01 4.77086243e+02 4.30580688e+02
    4.49929446e-01 4.62054993e+02 4.47043457e+02 5.15526175e-01
    4.59191895e+02 4.62074707e+02 6.91617727e-01 4.80665100e+02
    4.11254791e+02 6.85443282e-01 4.92833252e+02 4.25570251e+02
    6.19833291e-01 4.98559448e+02 4.35591095e+02 5.64579964e-01
    5.06432953e+02 4.46327698e+02 6.12154186e-01 4.94980560e+02
    4.00518188e+02 6.83008075e-01 5.03569855e+02 4.05528595e+02
    7.66943097e-01 5.10727600e+02 4.10539001e+02 8.06098282e-01
    5.15738037e+02 4.16980988e+02 7.42623925e-01</data></hand_left_0>
</opencv_storage>
