<?xml version="1.0"?>
<opencv_storage>
<pose_0 type_id="opencv-nd-matrix">
  <sizes>
    1 18 3</sizes>
  <dt>f</dt>
  <data>
    4.44112183e+02 1.15350792e+02 8.51302266e-01 4.67635651e+02
    7.82644806e+01 7.53166378e-01 3.75665619e+02 7.05068283e+01
    7.16145575e-01 4.16808960e+02 2.60255249e+02 7.40398407e-01
    4.59785370e+02 3.93219971e+02 8.51447403e-01 5.73266541e+02
    8.80762024e+01 6.42463267e-01 5.34150818e+02 2.73855164e+02
    7.72891045e-01 4.95035706e+02 3.99203125e+02 6.16925597e-01
    3.81478851e+02 2.87594543e+02 4.29087520e-01 3.26759735e+02
    4.30407074e+02 3.98790836e-01 2.87594543e+02 4.79383972e+02
    1.16607502e-01 4.89154083e+02 3.05187347e+02 4.25551325e-01
    5.22333862e+02 3.97183716e+02 6.35583848e-02 0. 0. 0. 4.24573822e+02
    9.00409622e+01 7.59119928e-01 4.61752655e+02 9.00145874e+01
    7.64950275e-01 3.97237244e+02 7.04294510e+01 7.55884796e-02
    5.10646515e+02 3.91998367e+01 8.15543890e-01</data></pose_0>
</opencv_storage>
