<?xml version="1.0"?>
<opencv_storage>
<pose_0 type_id="opencv-nd-matrix">
  <sizes>
    1 18 3</sizes>
  <dt>f</dt>
  <data>
    5.08794159e+02 1.17317696e+02 8.79178882e-01 4.65637665e+02
    7.63143616e+01 6.86550319e-01 3.67820801e+02 7.43461304e+01
    6.62592649e-01 4.12793640e+02 2.60192505e+02 7.51682162e-01
    4.59704529e+02 3.93270142e+02 8.45639527e-01 5.71314392e+02
    8.61062927e+01 6.87893748e-01 5.30189270e+02 2.75904449e+02
    7.17659175e-01 4.96932739e+02 3.99164001e+02 6.15871608e-01
    3.77598969e+02 2.91534668e+02 4.12517399e-01 3.24821442e+02
    4.30495789e+02 4.32224691e-01 2.79790985e+02 4.79393677e+02
    1.15045540e-01 4.91050385e+02 3.09137848e+02 3.89794379e-01
    5.47831238e+02 4.22618286e+02 7.38528073e-02 0. 0. 0. 4.95060120e+02
    9.78016434e+01 7.84927368e-01 5.26276428e+02 9.77611923e+01
    7.07282066e-01 4.36284271e+02 4.88993759e+01 6.13245964e-01 0. 0. 0.</data></pose_0>
</opencv_storage>
