<?xml version="1.0"?>
<opencv_storage>
<pose_0 type_id="opencv-nd-matrix">
  <sizes>
    1 18 3</sizes>
  <dt>f</dt>
  <data>
    5.00894348e+02 1.48790451e+02 7.56411552e-01 4.65692780e+02
    9.58433075e+01 7.70476937e-01 3.65906891e+02 9.19479141e+01
    6.65918648e-01 4.06932556e+02 2.77808594e+02 6.76489890e-01
    4.59708984e+02 4.06938416e+02 8.61538410e-01 5.71246826e+02
    1.01806541e+02 6.85876846e-01 5.36028137e+02 2.91523041e+02
    7.75916100e-01 4.96941132e+02 4.12859009e+02 6.95413947e-01
    3.77605927e+02 2.89578369e+02 4.34856683e-01 3.26758636e+02
    4.30414825e+02 5.61137617e-01 2.75870697e+02 4.83248871e+02
    1.07897460e-01 4.87199768e+02 3.05234680e+02 4.43031222e-01
    5.47822571e+02 4.48058472e+02 1.51150972e-01 0. 0. 0. 4.87165375e+02
    1.33024063e+02 7.67613769e-01 5.12650696e+02 1.31162598e+02
    6.65778041e-01 4.28525726e+02 7.43673477e+01 5.81345797e-01
    5.37969238e+02 8.21912079e+01 5.89232594e-02</data></pose_0>
</opencv_storage>
