<?xml version="1.0"?>
<opencv_storage>
<hand_left_0 type_id="opencv-nd-matrix">
  <sizes>
    1 21 3</sizes>
  <dt>f</dt>
  <data>
    4.60138428e+02 3.92694672e+02 5.40948153e-01 4.48180817e+02
    4.04652283e+02 5.94140291e-01 4.40443573e+02 4.22236938e+02
    5.13924479e-01 4.41146973e+02 4.36304688e+02 4.13434267e-01
    4.46070679e+02 4.50372437e+02 3.24952960e-01 4.54511322e+02
    4.18720001e+02 5.20252407e-01 4.43960510e+02 4.27864044e+02
    5.96394777e-01 4.43960510e+02 4.40525024e+02 6.47536576e-01
    4.46774048e+02 4.52482605e+02 6.68491721e-01 4.68579071e+02
    4.12389526e+02 5.90882182e-01 4.61545197e+02 4.27864044e+02
    5.71368814e-01 4.66468903e+02 4.43338562e+02 6.44994617e-01
    4.66468903e+02 4.55296143e+02 7.43966341e-01 4.84053589e+02
    4.08169220e+02 6.06413603e-01 4.95307770e+02 4.24347107e+02
    4.28202063e-01 4.93197632e+02 4.37711487e+02 5.01503348e-01
    4.99528107e+02 4.49669067e+02 6.46728396e-01 5.00231506e+02
    3.99728546e+02 7.10387886e-01 5.10078918e+02 4.04652283e+02
    7.82115996e-01 5.16409424e+02 4.08872589e+02 8.17902505e-01
    5.20629700e+02 4.13796295e+02 7.21684575e-01</data></hand_left_0>
</opencv_storage>
