<?xml version="1.0"?>
<opencv_storage>
<pose_0 type_id="opencv-nd-matrix">
  <sizes>
    1 18 3</sizes>
  <dt>f</dt>
  <data>
    4.98923553e+02 1.03781479e+02 7.75482595e-01 4.61766541e+02
    7.24081802e+01 7.38581359e-01 3.65872742e+02 7.05156860e+01
    6.62160754e-01 4.12827728e+02 2.58282135e+02 7.42496789e-01
    4.59668427e+02 3.87390106e+02 8.27545106e-01 5.69363647e+02
    8.41201096e+01 6.88682318e-01 5.24316040e+02 2.73999695e+02
    7.60395169e-01 4.96939941e+02 3.93219513e+02 6.17021561e-01
    3.81475708e+02 2.91538086e+02 4.34182733e-01 3.24784943e+02
    4.28512665e+02 5.13220668e-01 2.19126175e+02 4.93039764e+02
    1.16016686e-01 4.91059021e+02 3.07179199e+02 4.20961827e-01
    5.22366699e+02 3.95243561e+02 6.76882416e-02 0. 0. 0. 4.87135925e+02
    8.42030716e+01 7.50602067e-01 5.18457886e+02 8.41088257e+01
    7.04495907e-01 4.26550476e+02 3.71049347e+01 5.17750204e-01 0. 0. 0.</data></pose_0>
</opencv_storage>
