<?xml version="1.0"?>
<opencv_storage>
<pose_0 type_id="opencv-nd-matrix">
  <sizes>
    1 18 3</sizes>
  <dt>f</dt>
  <data>
    4.73464844e+02 1.76096176e+02 7.41813660e-01 4.73470551e+02
    1.03760353e+02 7.69838512e-01 3.67803162e+02 1.01744095e+02
    6.98080003e-01 4.14732452e+02 2.99306610e+02 6.99308038e-01
    4.59776001e+02 4.18692383e+02 8.43089402e-01 5.71355530e+02
    1.15457291e+02 6.83778882e-01 5.26372192e+02 3.05232544e+02
    7.68072069e-01 4.96942261e+02 4.28411560e+02 5.81292510e-01
    3.77625122e+02 2.89605316e+02 4.22085166e-01 3.22848663e+02
    4.44095795e+02 4.11657333e-01 2.70003448e+02 4.89105682e+02
    8.02372545e-02 4.89071594e+02 3.07172668e+02 4.45647687e-01
    5.43920959e+02 4.42145172e+02 1.92201674e-01 0. 0. 0. 4.61684601e+02
    1.58456512e+02 6.66506350e-01 4.91144867e+02 1.60437347e+02
    4.41239893e-01 4.12863861e+02 7.63267593e+01 5.01463115e-01
    5.32129395e+02 9.98189163e+01 1.79485708e-01</data></pose_0>
</opencv_storage>
