<?xml version="1.0"?>
<opencv_storage>
<hand_left_0 type_id="opencv-nd-matrix">
  <sizes>
    1 21 3</sizes>
  <dt>f</dt>
  <data>
    4.60127930e+02 3.99694733e+02 5.65249383e-01 4.47964996e+02
    4.13884827e+02 6.65001929e-01 4.38504944e+02 4.31453522e+02
    5.11768818e-01 4.26342010e+02 4.42265015e+02 8.16801786e-01
    4.14854797e+02 4.50373627e+02 8.55917275e-01 4.52695007e+02
    4.32129242e+02 5.20960212e-01 4.42559235e+02 4.41589294e+02
    6.05721116e-01 4.41883514e+02 4.54427948e+02 8.35781693e-01
    4.43234955e+02 4.66590851e+02 7.54891217e-01 4.69587982e+02
    4.28750641e+02 6.64371014e-01 4.64182220e+02 4.47670746e+02
    5.01930416e-01 4.63506500e+02 4.59833679e+02 6.78360283e-01
    4.58776489e+02 4.74699493e+02 7.74001718e-01 4.85129486e+02
    4.26047760e+02 7.24596322e-01 4.94589569e+02 4.42940735e+02
    7.15564847e-01 5.01346741e+02 4.57130798e+02 5.55593371e-01
    5.06076782e+02 4.67942291e+02 6.56738281e-01 5.00671021e+02
    4.19290588e+02 7.57591844e-01 5.08779633e+02 4.32129242e+02
    6.92011774e-01 5.13509644e+02 4.37534973e+02 6.92845285e-01
    5.17563965e+02 4.41589294e+02 5.24420381e-01</data></hand_left_0>
</opencv_storage>
