<?xml version="1.0"?>
<opencv_storage>
<hand_left_0 type_id="opencv-nd-matrix">
  <sizes>
    1 21 3</sizes>
  <dt>f</dt>
  <data>
    4.60471741e+02 4.00980682e+02 5.75548649e-01 4.47618073e+02
    4.13834351e+02 6.67031646e-01 4.39048950e+02 4.33114838e+02
    5.97050965e-01 4.37620789e+02 4.46682617e+02 6.14436626e-01
    4.15483917e+02 4.42398041e+02 4.35645193e-01 4.54759003e+02
    4.30972565e+02 6.12144589e-01 4.41905334e+02 4.41683960e+02
    2.92845398e-01 4.43333527e+02 4.54537628e+02 4.41096336e-01
    4.46903992e+02 4.64534912e+02 5.94775259e-01 4.69754944e+02
    4.25259827e+02 6.74639761e-01 4.76895874e+02 4.42398041e+02
    5.42301178e-01 4.68326752e+02 4.58108093e+02 3.86161685e-01
    4.64756287e+02 4.68819458e+02 6.39798880e-01 4.85464966e+02
    4.22403473e+02 6.17736816e-01 4.93320007e+02 4.38113495e+02
    6.40319169e-01 4.99032745e+02 4.51681244e+02 6.80774450e-01
    5.04745483e+02 4.62392639e+02 6.66704774e-01 4.98318634e+02
    4.15262543e+02 7.43723929e-01 5.09030029e+02 4.21689362e+02
    7.86112547e-01 5.15456848e+02 4.27402100e+02 8.42152596e-01
    5.21169617e+02 4.34543030e+02 7.80374944e-01</data></hand_left_0>
</opencv_storage>
