<?xml version="1.0"?>
<opencv_storage>
<pose_0 type_id="opencv-nd-matrix">
  <sizes>
    1 18 3</sizes>
  <dt>f</dt>
  <data>
    4.51948639e+02 1.17433540e+02 8.09243619e-01 4.69582275e+02
    7.82449570e+01 7.75426388e-01 3.73717834e+02 7.43489151e+01
    6.92727268e-01 4.16727081e+02 2.58345612e+02 7.38802016e-01
    4.59790161e+02 3.91317596e+02 8.38369191e-01 5.71346497e+02
    8.80349655e+01 6.81977808e-01 5.32187256e+02 2.73938721e+02
    7.61514604e-01 4.95037720e+02 4.01076233e+02 5.92460155e-01
    3.81505524e+02 2.83686798e+02 4.29071903e-01 3.30679443e+02
    4.30408173e+02 4.35522467e-01 2.89580109e+02 4.85219391e+02
    1.18335791e-01 4.91058838e+02 3.03290649e+02 4.30793256e-01
    5.22421570e+02 3.99139984e+02 6.60060421e-02 0. 0. 0. 4.30460632e+02
    9.77935410e+01 6.97157562e-01 4.73488037e+02 9.78168488e+01
    7.68301547e-01 3.97213623e+02 4.11100082e+01 2.15046197e-01
    5.20362000e+02 3.32575073e+01 7.58739710e-01</data></pose_0>
</opencv_storage>
