<?xml version="1.0"?>
<opencv_storage>
<pose_0 type_id="opencv-nd-matrix">
  <sizes>
    1 18 3</sizes>
  <dt>f</dt>
  <data>
    4.16774078e+02 1.30989944e+02 8.85123372e-01 4.36338806e+02
    8.80627975e+01 7.84931600e-01 3.50155701e+02 9.77918396e+01
    7.47827232e-01 4.05017242e+02 2.58254791e+02 8.40849757e-01
    4.59748535e+02 3.95164734e+02 8.22708726e-01 5.36098694e+02
    8.80476074e+01 7.02168286e-01 5.08744720e+02 2.66065247e+02
    8.34061146e-01 4.93058929e+02 4.12779510e+02 5.76789677e-01
    3.75620636e+02 2.93490601e+02 4.42007482e-01 3.34532684e+02
    4.40207397e+02 5.86618066e-01 3.03274109e+02 4.91082031e+02
    8.31418186e-02 4.73502441e+02 2.97414520e+02 4.56363738e-01
    5.10664490e+02 4.05036011e+02 1.05001807e-01 0. 0. 0. 3.97234863e+02
    1.07610504e+02 7.55641997e-01 4.36339874e+02 1.03745506e+02
    7.58217692e-01 3.69781311e+02 8.21643066e+01 1.66953877e-01
    4.77471527e+02 5.67444687e+01 6.61287189e-01</data></pose_0>
</opencv_storage>
