<?xml version="1.0"?>
<opencv_storage>
<pose_0 type_id="opencv-nd-matrix">
  <sizes>
    1 18 3</sizes>
  <dt>f</dt>
  <data>
    4.95038971e+02 1.58500610e+02 6.07640326e-01 4.73512665e+02
    9.78641052e+01 8.15075397e-01 3.67853271e+02 9.00402298e+01
    6.27098322e-01 4.06950226e+02 2.85617767e+02 6.89481199e-01
    4.59698334e+02 4.08894501e+02 8.56233120e-01 5.71333008e+02
    1.05674248e+02 6.38938367e-01 5.28303833e+02 2.99337219e+02
    7.14158773e-01 4.95011230e+02 4.14766907e+02 6.85455799e-01
    3.75638580e+02 2.95440857e+02 3.91881734e-01 3.20876831e+02
    4.32392090e+02 3.79443824e-01 2.11274002e+02 4.91072540e+02
    1.06888942e-01 4.91084198e+02 3.11088379e+02 4.11388844e-01
    5.49782288e+02 4.57824799e+02 1.03140756e-01 0. 0. 0. 4.91005890e+02
    1.44777740e+02 6.15820527e-01 5.10681122e+02 1.44782532e+02
    3.51074666e-01 4.28466156e+02 8.40685043e+01 4.17708337e-01
    5.37999268e+02 8.99868011e+01 9.55088288e-02</data></pose_0>
</opencv_storage>
