<?xml version="1.0"?>
<opencv_storage>
<hand_right_0 type_id="opencv-nd-matrix">
  <sizes>
    1 21 3</sizes>
  <dt>f</dt>
  <data>
    4.58325165e+02 3.84105682e+02 6.75793469e-01 4.76496033e+02
    3.89744934e+02 7.24504769e-01 4.94040283e+02 3.96637329e+02
    7.05909789e-01 5.04692169e+02 4.06036041e+02 7.77958632e-01
    5.17223816e+02 4.14181610e+02 8.69289935e-01 4.84014984e+02
    4.02903137e+02 6.20525122e-01 4.94040283e+02 4.18567657e+02
    8.14798176e-01 5.01559265e+02 4.32979034e+02 7.70079315e-01
    5.04065613e+02 4.43630920e+02 8.60172033e-01 4.69603638e+02
    4.05409454e+02 7.17715502e-01 4.79002350e+02 4.22327148e+02
    6.87759817e-01 4.87774475e+02 4.35485352e+02 6.65320933e-01
    4.94040283e+02 4.48016998e+02 7.46476710e-01 4.57071991e+02
    4.09795532e+02 6.63199663e-01 4.58325165e+02 4.20447418e+02
    5.66103458e-01 4.64590973e+02 4.36738525e+02 6.30917549e-01
    4.63337830e+02 4.49270142e+02 5.26335955e-01 4.42660645e+02
    4.12928436e+02 7.24083066e-01 4.41407471e+02 4.21700562e+02
    6.91711366e-01 4.40154297e+02 4.30472717e+02 6.98116004e-01
    4.40154297e+02 4.39871429e+02 7.49571681e-01</data></hand_right_0>
</opencv_storage>
