<?xml version="1.0"?>
<opencv_storage>
<hand_right_0 type_id="opencv-nd-matrix">
  <sizes>
    1 21 3</sizes>
  <dt>f</dt>
  <data>
    4.58816467e+02 3.85974976e+02 5.75050712e-01 4.76566467e+02
    3.90944977e+02 7.19055891e-01 4.95026520e+02 3.95204987e+02
    6.40206456e-01 5.06386536e+02 4.02304993e+02 8.48870635e-01
    5.17746521e+02 4.10825012e+02 8.24762762e-01 4.83666504e+02
    4.05854980e+02 6.70574486e-01 4.95736511e+02 4.19345001e+02
    7.18189418e-01 5.03546509e+02 4.32125031e+02 8.43373954e-01
    5.07806519e+02 4.42065033e+02 8.42734575e-01 4.68756470e+02
    4.09404999e+02 7.02884197e-01 4.77986481e+02 4.22895020e+02
    6.52377605e-01 4.88636505e+02 4.36385040e+02 7.65516400e-01
    4.98576508e+02 4.48455048e+02 9.11907077e-01 4.53846436e+02
    4.14375000e+02 6.78302705e-01 4.55976440e+02 4.25735016e+02
    6.89393818e-01 4.60946472e+02 4.40645050e+02 8.32581758e-01
    4.65916473e+02 4.53425049e+02 7.62487411e-01 4.38226440e+02
    4.15795013e+02 7.18620718e-01 4.38936432e+02 4.29995026e+02
    8.23992014e-01 4.39646423e+02 4.40645050e+02 6.99008226e-01
    4.45326447e+02 4.52715057e+02 5.93435764e-01</data></hand_right_0>
</opencv_storage>
