<?xml version="1.0"?>
<opencv_storage>
<pose_0 type_id="opencv-nd-matrix">
  <sizes>
    1 18 3</sizes>
  <dt>f</dt>
  <data>
    5.06785889e+02 9.39286575e+01 8.48515809e-01 4.67594330e+02
    6.85230484e+01 6.93324685e-01 3.67890350e+02 6.65215149e+01
    6.53364778e-01 4.14735077e+02 2.48491425e+02 7.19149590e-01
    4.59728210e+02 3.81500824e+02 8.58608782e-01 5.71260010e+02
    8.01905060e+01 6.73999965e-01 5.28238586e+02 2.69938629e+02
    7.36285627e-01 4.96942383e+02 3.87389862e+02 5.88260293e-01
    3.79555695e+02 2.93468781e+02 4.13102627e-01 3.22875610e+02
    4.30454803e+02 4.28711593e-01 2.73916138e+02 4.83251251e+02
    8.02505612e-02 4.91046112e+02 3.05223206e+02 4.08597350e-01
    5.24303101e+02 3.87422913e+02 6.21083044e-02 0. 0. 0. 4.91104553e+02
    7.04665833e+01 8.13002706e-01 5.24306335e+02 7.04752350e+01
    8.70309293e-01 4.30367432e+02 2.14268894e+01 8.05176854e-01 0. 0. 0.</data></pose_0>
</opencv_storage>
