<?xml version="1.0"?>
<opencv_storage>
<pose_0 type_id="opencv-nd-matrix">
  <sizes>
    1 18 3</sizes>
  <dt>f</dt>
  <data>
    4.01139526e+02 1.46824814e+02 8.46171618e-01 4.38288269e+02
    1.07590965e+02 6.86952710e-01 3.52162842e+02 1.13425552e+02
    7.66551435e-01 4.12828583e+02 2.73861328e+02 8.41628671e-01
    4.61658966e+02 4.14752960e+02 8.16769302e-01 5.39963867e+02
    1.13471252e+02 6.96231544e-01 5.10682495e+02 2.87627411e+02
    8.50420833e-01 4.91077850e+02 4.28506958e+02 5.86267889e-01
    3.75651093e+02 3.07198853e+02 4.10099417e-01 3.22846222e+02
    4.61718658e+02 5.33390999e-01 2.13243805e+02 5.22396240e+02
    7.24285841e-02 4.73449860e+02 3.15000610e+02 4.60420698e-01
    5.12604309e+02 4.28458374e+02 1.02387324e-01 0. 0. 0. 3.83448578e+02
    1.27209694e+02 8.28112185e-01 4.18705505e+02 1.27183380e+02
    7.52515078e-01 3.65837585e+02 1.01878494e+02 5.88767156e-02
    4.73395813e+02 7.04440384e+01 9.06751812e-01</data></pose_0>
</opencv_storage>
