<?xml version="1.0"?>
<opencv_storage>
<hand_right_0 type_id="opencv-nd-matrix">
  <sizes>
    2 21 3</sizes>
  <dt>f</dt>
  <data>
    4.59556061e+02 4.03248108e+02 5.53740859e-01 4.76737946e+02
    4.11839050e+02 7.02836335e-01 4.96783478e+02 4.19714081e+02
    6.71210766e-01 5.06806244e+02 4.29020935e+02 7.02592671e-01
    5.17544922e+02 4.36895966e+02 8.05154443e-01 4.83181152e+02
    4.29020935e+02 5.91276109e-01 4.91056183e+02 4.43339172e+02
    7.12572277e-01 4.99647125e+02 4.59089233e+02 8.10719609e-01
    5.03226685e+02 4.69827911e+02 8.25766504e-01 4.68147003e+02
    4.31168671e+02 7.26467013e-01 4.76022034e+02 4.45486908e+02
    5.92206776e-01 4.82465240e+02 4.61236969e+02 7.47062325e-01
    4.89624359e+02 4.74123383e+02 8.19301188e-01 4.53828766e+02
    4.34748230e+02 6.51010156e-01 4.57408325e+02 4.46918732e+02
    6.99043036e-01 4.60271973e+02 4.61952881e+02 7.93499172e-01
    4.62419708e+02 4.75555206e+02 7.46117234e-01 4.38078705e+02
    4.35464142e+02 6.48256898e-01 4.37362793e+02 4.49066467e+02
    8.02805841e-01 4.38794617e+02 4.60521057e+02 7.70979702e-01
    4.43090088e+02 4.71259735e+02 7.22557306e-01 0. 0. 0. 0. 0. 0. 0. 0.
    0. 0. 0. 0. 0. 0. 0. 0. 0. 0. 0. 0. 0. 0. 0. 0. 0. 0. 0. 0. 0. 0. 0.
    0. 0. 0. 0. 0. 0. 0. 0. 0. 0. 0. 0. 0. 0. 0. 0. 0. 0. 0. 0. 0. 0. 0.
    0. 0. 0. 0. 0. 0. 0. 0. 0.</data></hand_right_0>
</opencv_storage>
