<?xml version="1.0"?>
<opencv_storage>
<hand_left_0 type_id="opencv-nd-matrix">
  <sizes>
    1 21 3</sizes>
  <dt>f</dt>
  <data>
    4.57068512e+02 4.17618927e+02 4.90978390e-01 4.44550201e+02
    4.29400879e+02 6.02944791e-01 4.36450104e+02 4.47810150e+02
    4.93868828e-01 4.26140900e+02 4.54437500e+02 5.47793090e-01
    4.13622589e+02 4.57382996e+02 7.67809868e-01 4.48968414e+02
    4.43391937e+02 4.81636703e-01 4.40131958e+02 4.55173889e+02
    6.38059795e-01 4.42341095e+02 4.67692200e+02 7.29776561e-01
    4.44550201e+02 4.78737762e+02 8.20135117e-01 4.65904968e+02
    4.38973694e+02 6.31700039e-01 4.60750366e+02 4.55173889e+02
    4.54266965e-01 4.62223114e+02 4.68428558e+02 6.15696013e-01
    4.62959473e+02 4.81683258e+02 7.26833940e-01 4.82105133e+02
    4.33819092e+02 6.00415826e-01 4.92414337e+02 4.49282898e+02
    5.75622320e-01 5.00514435e+02 4.61801208e+02 5.39795160e-01
    4.99041687e+02 4.77265015e+02 5.86100698e-01 4.96096191e+02
    4.25719025e+02 6.68105662e-01 5.04196289e+02 4.30873627e+02
    7.99468219e-01 5.12296387e+02 4.36028229e+02 8.08025837e-01
    5.16714600e+02 4.41919189e+02 7.15795577e-01</data></hand_left_0>
</opencv_storage>
