<?xml version="1.0"?>
<opencv_storage>
<hand_right_0 type_id="opencv-nd-matrix">
  <sizes>
    1 21 3</sizes>
  <dt>f</dt>
  <data>
    4.56359711e+02 3.99702240e+02 5.31119466e-01 4.72988647e+02
    4.04552338e+02 6.85221255e-01 4.93081909e+02 4.10095306e+02
    6.74379945e-01 5.05553619e+02 4.19795502e+02 8.20790112e-01
    5.17332397e+02 4.26031372e+02 9.21999633e-01 4.82688843e+02
    4.19795502e+02 6.96320891e-01 4.94467651e+02 4.35731567e+02
    7.84512103e-01 5.01396362e+02 4.48203247e+02 8.78662825e-01
    5.06939362e+02 4.59289185e+02 9.62483466e-01 4.68138550e+02
    4.25338501e+02 7.38316059e-01 4.78531616e+02 4.41274536e+02
    7.02534854e-01 4.88231812e+02 4.53746216e+02 7.03063369e-01
    4.95853394e+02 4.64832153e+02 9.13542509e-01 4.52895355e+02
    4.30881470e+02 6.53443575e-01 4.57745453e+02 4.42660278e+02
    6.02299511e-01 4.62595581e+02 4.57903442e+02 7.58206844e-01
    4.64674194e+02 4.69682281e+02 5.84229112e-01 4.39730804e+02
    4.31574341e+02 6.88041806e-01 4.39037933e+02 4.44738892e+02
    7.87491262e-01 4.40423676e+02 4.54439087e+02 8.13981950e-01
    4.42502289e+02 4.64832153e+02 8.17212820e-01</data></hand_right_0>
</opencv_storage>
