<?xml version="1.0"?>
<opencv_storage>
<hand_left_0 type_id="opencv-nd-matrix">
  <sizes>
    1 21 3</sizes>
  <dt>f</dt>
  <data>
    4.63675385e+02 3.87838715e+02 5.48940599e-01 4.50805206e+02
    3.99354126e+02 6.59760892e-01 4.40644562e+02 4.16288544e+02
    5.59271455e-01 4.39289795e+02 4.30513458e+02 4.44420099e-01
    4.44031433e+02 4.46093140e+02 2.87113488e-01 4.55546875e+02
    4.13579041e+02 5.90653718e-01 4.43354065e+02 4.25094452e+02
    4.81146932e-01 4.42676697e+02 4.37964630e+02 5.80343604e-01
    4.44708832e+02 4.48802673e+02 6.61754489e-01 4.70449158e+02
    4.08837402e+02 6.76620483e-01 4.78577698e+02 4.26449219e+02
    4.02696848e-01 4.62998016e+02 4.42028900e+02 4.37463433e-01
    4.60965881e+02 4.54899048e+02 5.87701976e-01 4.83996704e+02
    4.04773132e+02 6.56967819e-01 4.94834747e+02 4.23739716e+02
    5.97935915e-01 4.99576385e+02 4.34577728e+02 6.24298632e-01
    5.07027527e+02 4.42706268e+02 5.91561437e-01 4.99576385e+02
    3.99354126e+02 7.58943975e-01 5.08382294e+02 4.06805267e+02
    7.00328350e-01 5.15156067e+02 4.13579041e+02 7.94343174e-01
    5.18542969e+02 4.19675446e+02 7.40457118e-01</data></hand_left_0>
</opencv_storage>
