<?xml version="1.0"?>
<opencv_storage>
<hand_left_0 type_id="opencv-nd-matrix">
  <sizes>
    1 21 3</sizes>
  <dt>f</dt>
  <data>
    4.60345062e+02 3.89124481e+02 5.15376866e-01 4.48184570e+02
    4.02000336e+02 6.07356489e-01 4.38170013e+02 4.22029388e+02
    5.17547131e-01 4.37454681e+02 4.34189911e+02 3.04794878e-01
    4.47469238e+02 4.50642365e+02 2.38073394e-01 4.48184570e+02
    4.15591492e+02 5.29424906e-01 4.41746643e+02 4.28467316e+02
    6.05605900e-01 4.43892609e+02 4.42058472e+02 6.76995814e-01
    4.47469238e+02 4.52072998e+02 7.56522715e-01 4.64636993e+02
    4.10584198e+02 6.29234791e-01 4.60345062e+02 4.29182648e+02
    5.65069914e-01 4.64636993e+02 4.44204437e+02 6.22566879e-01
    4.63921692e+02 4.55649628e+02 7.22013533e-01 4.81089447e+02
    4.05576935e+02 5.99655926e-01 4.92534637e+02 4.23460052e+02
    5.15644908e-01 4.88242706e+02 4.39197174e+02 4.96021569e-01
    4.88242706e+02 4.50642365e+02 5.38985550e-01 4.94680603e+02
    3.97708374e+02 6.64090574e-01 5.04695160e+02 4.01285004e+02
    7.48861194e-01 5.11133057e+02 4.07722900e+02 7.98608720e-01
    5.16855652e+02 4.16306793e+02 7.66396999e-01</data></hand_left_0>
</opencv_storage>
