<?xml version="1.0"?>
<opencv_storage>
<hand_right_0 type_id="opencv-nd-matrix">
  <sizes>
    1 21 3</sizes>
  <dt>f</dt>
  <data>
    4.59498260e+02 3.86903564e+02 5.38874388e-01 4.76671112e+02
    3.93343384e+02 7.23715425e-01 4.95990570e+02 3.99783203e+02
    6.60553157e-01 5.10301270e+02 4.09800690e+02 8.39115560e-01
    5.21749817e+02 4.16956055e+02 8.46058249e-01 4.85257538e+02
    4.09800690e+02 5.87186873e-01 4.94559509e+02 4.21964783e+02
    7.30741680e-01 5.03145905e+02 4.37706573e+02 8.22251976e-01
    5.06723602e+02 4.46292999e+02 8.13140750e-01 4.69515778e+02
    4.11947296e+02 6.95488989e-01 4.78102173e+02 4.26973541e+02
    6.42160177e-01 4.88119690e+02 4.41284241e+02 6.36380255e-01
    4.95275024e+02 4.52732819e+02 8.05487871e-01 4.53773987e+02
    4.15524994e+02 6.65898919e-01 4.58782745e+02 4.27689087e+02
    7.18695700e-01 4.63075958e+02 4.44146393e+02 7.89406478e-01
    4.65938080e+02 4.56310486e+02 7.12533593e-01 4.38032227e+02
    4.16240509e+02 7.10919082e-01 4.39463287e+02 4.32697815e+02
    7.94791162e-01 4.42325409e+02 4.44146393e+02 7.34049559e-01
    4.47334167e+02 4.55594940e+02 7.73072243e-01</data></hand_right_0>
</opencv_storage>
