<?xml version="1.0"?>
<opencv_storage>
<hand_left_0 type_id="opencv-nd-matrix">
  <sizes>
    1 21 3</sizes>
  <dt>f</dt>
  <data>
    4.61060883e+02 3.97055573e+02 5.07801354e-01 4.49291656e+02
    4.10132477e+02 6.36962235e-01 4.38830109e+02 4.27786316e+02
    5.50744832e-01 4.27060883e+02 4.37594025e+02 7.51274884e-01
    4.13983978e+02 4.46747864e+02 8.11008394e-01 4.53868591e+02
    4.27132477e+02 5.82344413e-01 4.43407043e+02 4.36940186e+02
    6.13650143e-01 4.42753204e+02 4.48709412e+02 8.34907770e-01
    4.43407043e+02 4.61132477e+02 7.47136891e-01 4.69560883e+02
    4.23863251e+02 7.16296554e-01 4.64983978e+02 4.42824799e+02
    3.95551294e-01 4.64330109e+02 4.53940186e+02 7.09018230e-01
    4.59099335e+02 4.68978638e+02 7.49638319e-01 4.85907043e+02
    4.20594025e+02 7.03143954e-01 4.94407043e+02 4.37594025e+02
    6.72672033e-01 5.00945496e+02 4.51978638e+02 5.00926614e-01
    5.06176270e+02 4.63094025e+02 6.23539805e-01 5.00291656e+02
    4.13401703e+02 7.34899282e-01 5.08137817e+02 4.26478638e+02
    6.55618250e-01 5.14022400e+02 4.32363251e+02 6.47834182e-01
    5.17291626e+02 4.35632477e+02 5.09126544e-01</data></hand_left_0>
</opencv_storage>
