<?xml version="1.0"?>
<opencv_storage>
<hand_left_0 type_id="opencv-nd-matrix">
  <sizes>
    1 21 3</sizes>
  <dt>f</dt>
  <data>
    4.61737335e+02 4.25124786e+02 5.72131217e-01 4.49087250e+02
    4.36509888e+02 6.41894937e-01 4.38967163e+02 4.52322479e+02
    6.04760706e-01 4.25684570e+02 4.61810059e+02 5.95622897e-01
    4.13666992e+02 4.68767609e+02 7.50243962e-01 4.54147278e+02
    4.55485016e+02 5.07994175e-01 4.42762207e+02 4.65605103e+02
    5.17406225e-01 4.39599670e+02 4.76357666e+02 7.23410904e-01
    4.38967163e+02 4.85845245e+02 6.43628478e-01 4.69959900e+02
    4.51690002e+02 6.83400452e-01 4.81977478e+02 4.73827637e+02
    4.35959637e-01 4.61737335e+02 4.82050201e+02 5.31754732e-01
    4.54147278e+02 4.97230316e+02 5.58296800e-01 4.85140015e+02
    4.49792480e+02 6.41339481e-01 4.94627563e+02 4.67502594e+02
    7.11005867e-01 5.00320129e+02 4.80152710e+02 7.54292011e-01
    5.04747650e+02 4.90905273e+02 8.15697968e-01 5.00320129e+02
    4.44099945e+02 7.59599805e-01 5.09175171e+02 4.58015045e+02
    6.51724279e-01 5.14235229e+02 4.61810059e+02 6.81762040e-01
    5.17397766e+02 4.65605103e+02 5.33908248e-01</data></hand_left_0>
</opencv_storage>
