<?xml version="1.0"?>
<opencv_storage>
<hand_left_0 type_id="opencv-nd-matrix">
  <sizes>
    1 21 3</sizes>
  <dt>f</dt>
  <data>
    4.59763367e+02 3.85613281e+02 5.40164113e-01 4.48928284e+02
    3.97085724e+02 6.29496157e-01 4.39367950e+02 4.12382263e+02
    6.09722495e-01 4.27258179e+02 4.23217346e+02 7.21745133e-01
    4.15785736e+02 4.32777679e+02 7.94382632e-01 4.53389801e+02
    4.09832855e+02 5.34061074e-01 4.43192078e+02 4.21305267e+02
    5.60962081e-01 4.43829437e+02 4.33415039e+02 7.34359980e-01
    4.43829437e+02 4.44887482e+02 6.57937884e-01 4.68686340e+02
    4.06646057e+02 6.41571641e-01 4.61038086e+02 4.22579987e+02
    5.07951379e-01 4.63587494e+02 4.37239197e+02 6.70999944e-01
    4.56576569e+02 4.53810455e+02 6.35361552e-01 4.84620270e+02
    4.03459290e+02 5.74616790e-01 4.92268555e+02 4.21305267e+02
    6.55036747e-01 4.91631195e+02 4.34052399e+02 4.78355289e-01
    4.90356476e+02 4.46162170e+02 5.97195327e-01 4.98642120e+02
    4.01547211e+02 6.84037805e-01 5.08202484e+02 4.11107574e+02
    5.46866298e-01 5.12663940e+02 4.14294342e+02 7.18201518e-01
    5.15213379e+02 4.14931702e+02 5.60202837e-01</data></hand_left_0>
</opencv_storage>
