<?xml version="1.0"?>
<opencv_storage>
<hand_left_0 type_id="opencv-nd-matrix">
  <sizes>
    1 21 3</sizes>
  <dt>f</dt>
  <data>
    4.57239166e+02 3.96824646e+02 5.43884933e-01 4.45816772e+02
    4.09674866e+02 5.84513903e-01 4.35822144e+02 4.30377991e+02
    3.87805998e-01 4.26541443e+02 4.38230896e+02 6.53459370e-01
    4.15832947e+02 4.41800385e+02 7.38047719e-01 4.48672363e+02
    4.25380676e+02 4.89275932e-01 4.40819458e+02 4.38230896e+02
    6.76419616e-01 4.42961151e+02 4.50367188e+02 7.63720095e-01
    4.45102875e+02 4.61075684e+02 7.95631289e-01 4.66519867e+02
    4.22525085e+02 6.37890756e-01 4.61522583e+02 4.38230896e+02
    5.97375333e-01 4.65092072e+02 4.52508881e+02 6.97552860e-01
    4.67947693e+02 4.64645203e+02 7.70097852e-01 4.80797882e+02
    4.16813873e+02 6.29001439e-01 4.93648102e+02 4.32519684e+02
    5.55500567e-01 4.90792511e+02 4.48939392e+02 5.42370558e-01
    4.95075897e+02 4.60361786e+02 5.85861027e-01 4.95789795e+02
    4.08247070e+02 6.83107376e-01 5.03642700e+02 4.11102661e+02
    7.28856623e-01 5.12209534e+02 4.16813873e+02 7.54960537e-01
    5.17920715e+02 4.25380676e+02 7.24754691e-01</data></hand_left_0>
</opencv_storage>
