<?xml version="1.0"?>
<opencv_storage>
<hand_right_0 type_id="opencv-nd-matrix">
  <sizes>
    1 21 3</sizes>
  <dt>f</dt>
  <data>
    4.57954163e+02 3.88292236e+02 5.69746137e-01 4.74829956e+02
    3.91808014e+02 7.01300740e-01 4.94518402e+02 3.98136444e+02
    6.52377009e-01 5.07878418e+02 4.05871185e+02 8.32071781e-01
    5.19128967e+02 4.15012238e+02 7.93989062e-01 4.83971039e+02
    4.06574341e+02 6.96888745e-01 4.94518402e+02 4.22043854e+02
    8.16530466e-01 5.02956299e+02 4.33997528e+02 8.95455241e-01
    5.08581573e+02 4.45248077e+02 9.54696059e-01 4.69204712e+02
    4.11496460e+02 7.94137597e-01 4.79048920e+02 4.26262787e+02
    5.96130073e-01 4.87486816e+02 4.39622803e+02 7.16098070e-01
    4.96627899e+02 4.51576508e+02 8.21951210e-01 4.53735199e+02
    4.16418579e+02 6.84362710e-01 4.58657318e+02 4.27669098e+02
    7.36920059e-01 4.64282593e+02 4.43841766e+02 7.98314989e-01
    4.69204712e+02 4.55092285e+02 7.96692014e-01 4.39672028e+02
    4.17121735e+02 6.89626098e-01 4.41078339e+02 4.31888062e+02
    8.14102054e-01 4.42484680e+02 4.43138611e+02 7.91824281e-01
    4.46000458e+02 4.52982819e+02 7.82085836e-01</data></hand_right_0>
</opencv_storage>
