<?xml version="1.0"?>
<opencv_storage>
<pose_0 type_id="opencv-nd-matrix">
  <sizes>
    1 18 3</sizes>
  <dt>f</dt>
  <data>
    4.01070160e+02 1.52668625e+02 8.49398792e-01 4.38254578e+02
    1.17373535e+02 6.80124104e-01 3.52129425e+02 1.19404335e+02
    7.68508613e-01 4.10833557e+02 2.77827576e+02 7.75737643e-01
    4.59842285e+02 4.20662720e+02 7.42834628e-01 5.39949280e+02
    1.23256927e+02 6.72546685e-01 5.12630981e+02 2.93495056e+02
    7.67303765e-01 4.89107666e+02 4.32412445e+02 4.85569149e-01
    3.69797180e+02 3.18929138e+02 4.22033340e-01 3.26739746e+02
    4.73433441e+02 5.80498278e-01 0. 0. 0. 4.71542847e+02 3.24779755e+02
    4.76773739e-01 5.36050964e+02 4.69553741e+02 1.44339517e-01 0. 0. 0.
    3.83408356e+02 1.33027664e+02 8.87166202e-01 4.20662994e+02
    1.32980972e+02 7.89010108e-01 0. 0. 0. 4.71493896e+02 8.01799316e+01
    8.44346344e-01</data></pose_0>
</opencv_storage>
