<?xml version="1.0"?>
<opencv_storage>
<hand_left_0 type_id="opencv-nd-matrix">
  <sizes>
    1 21 3</sizes>
  <dt>f</dt>
  <data>
    4.61706604e+02 4.18699432e+02 5.84830642e-01 4.50580170e+02
    4.29825867e+02 6.56895339e-01 4.40108215e+02 4.45533813e+02
    6.61969662e-01 4.25709290e+02 4.56005737e+02 7.33929813e-01
    4.13928345e+02 4.62550720e+02 7.68500507e-01 4.54507141e+02
    4.49460785e+02 4.85702753e-01 4.42726196e+02 4.59932739e+02
    5.62563479e-01 4.40762726e+02 4.71059174e+02 8.25244546e-01
    4.40762726e+02 4.81531128e+02 7.11911201e-01 4.68906067e+02
    4.46188293e+02 6.65866137e-01 4.80687012e+02 4.65823212e+02
    3.87913346e-01 4.61706604e+02 4.76949646e+02 7.41708875e-01
    4.55816132e+02 4.92657562e+02 6.96021140e-01 4.85922974e+02
    4.44879303e+02 6.38922632e-01 4.93776947e+02 4.61896210e+02
    6.94875956e-01 5.00321899e+02 4.76295135e+02 5.87853372e-01
    5.04903381e+02 4.87421600e+02 7.20067322e-01 5.00976410e+02
    4.38334351e+02 7.36582577e-01 5.10139374e+02 4.54042267e+02
    6.84080958e-01 5.16029846e+02 4.58623718e+02 6.60091817e-01
    5.19956787e+02 4.62550720e+02 4.94900703e-01</data></hand_left_0>
</opencv_storage>
