<?xml version="1.0"?>
<opencv_storage>
<hand_left_0 type_id="opencv-nd-matrix">
  <sizes>
    1 21 3</sizes>
  <dt>f</dt>
  <data>
    4.61798370e+02 4.25224335e+02 5.66507459e-01 4.49171021e+02
    4.37851715e+02 6.75719678e-01 4.39069122e+02 4.54898651e+02
    6.24918640e-01 4.25810394e+02 4.63737793e+02 4.90699828e-01
    4.14445770e+02 4.69420105e+02 7.09548354e-01 4.56747437e+02
    4.58055481e+02 5.71159780e-01 4.42857330e+02 4.66263275e+02
    3.81148189e-01 4.39700500e+02 4.77627899e+02 5.81470490e-01
    4.38437744e+02 4.85835693e+02 5.91054857e-01 4.71268890e+02
    4.53004547e+02 6.87409818e-01 4.83264893e+02 4.75102417e+02
    6.68333411e-01 4.84527618e+02 4.85204315e+02 4.76744771e-01
    4.74425751e+02 4.95306213e+02 5.00057578e-01 4.86421722e+02
    4.49847687e+02 6.57894850e-01 4.95260895e+02 4.68788757e+02
    7.30315566e-01 5.00943207e+02 4.80153381e+02 7.55425334e-01
    5.04731415e+02 4.91518005e+02 8.34028959e-01 5.00311829e+02
    4.44165375e+02 7.80761242e-01 5.09782349e+02 4.58686859e+02
    6.91713512e-01 5.14833313e+02 4.62475067e+02 6.44324362e-01
    5.17990173e+02 4.66263275e+02 4.86378223e-01</data></hand_left_0>
</opencv_storage>
