<?xml version="1.0"?>
<opencv_storage>
<pose_0 type_id="opencv-nd-matrix">
  <sizes>
    1 18 3</sizes>
  <dt>f</dt>
  <data>
    4.63678009e+02 1.33149246e+02 7.31575429e-01 4.63694824e+02
    8.41732330e+01 7.92154193e-01 3.65819214e+02 8.41568832e+01
    7.14164495e-01 4.12769043e+02 2.73973328e+02 7.94784427e-01
    4.59714844e+02 3.97210541e+02 8.94904435e-01 5.69393433e+02
    9.58399048e+01 6.68298006e-01 5.26353760e+02 2.87586365e+02
    7.42675543e-01 4.95025696e+02 4.08913574e+02 5.93521059e-01
    3.77611664e+02 2.91542938e+02 4.22670841e-01 3.24806915e+02
    4.30412689e+02 5.14580131e-01 2.87585815e+02 4.77395691e+02
    1.23463467e-01 4.89120178e+02 3.07172455e+02 4.28686887e-01
    5.51759033e+02 4.32407379e+02 1.55783519e-01 0. 0. 0. 4.48087921e+02
    1.15516510e+02 6.48829460e-01 4.81339142e+02 1.17369377e+02
    6.77057564e-01 4.10893707e+02 6.26126060e+01 5.10234952e-01
    5.08707642e+02 5.08526154e+01 3.22554380e-01</data></pose_0>
</opencv_storage>
