<?xml version="1.0"?>
<opencv_storage>
<hand_right_0 type_id="opencv-nd-matrix">
  <sizes>
    1 21 3</sizes>
  <dt>f</dt>
  <data>
    4.56995972e+02 3.84543823e+02 6.19157374e-01 4.74693451e+02
    3.89308533e+02 6.99776530e-01 4.93071625e+02 3.94753906e+02
    7.18025148e-01 5.06685059e+02 4.03602631e+02 7.75858641e-01
    5.18256470e+02 4.11770721e+02 8.31408262e-01 4.81500183e+02
    4.05644653e+02 6.89557910e-01 4.93071625e+02 4.18577423e+02
    7.91386187e-01 5.01920349e+02 4.32871552e+02 8.37699890e-01
    5.07365723e+02 4.43081635e+02 8.75971496e-01 4.67886749e+02
    4.11090027e+02 7.35596657e-01 4.76735474e+02 4.24022797e+02
    6.48676991e-01 4.86264893e+02 4.37636261e+02 6.78679347e-01
    4.96474976e+02 4.49207672e+02 8.03758919e-01 4.53592621e+02
    4.15854736e+02 6.82287455e-01 4.55634644e+02 4.27426178e+02
    6.74467742e-01 4.59718689e+02 4.40358948e+02 7.99328744e-01
    4.63122040e+02 4.53972382e+02 6.98624253e-01 4.37937164e+02
    4.16535400e+02 7.41362453e-01 4.37937164e+02 4.28787506e+02
    8.23167384e-01 4.37937164e+02 4.38997589e+02 8.10871542e-01
    4.38617828e+02 4.48527008e+02 7.55427420e-01</data></hand_right_0>
</opencv_storage>
