<?xml version="1.0"?>
<opencv_storage>
<hand_left_0 type_id="opencv-nd-matrix">
  <sizes>
    1 21 3</sizes>
  <dt>f</dt>
  <data>
    4.58093353e+02 3.95195892e+02 5.08945704e-01 4.45213684e+02
    4.06644501e+02 5.84142089e-01 4.38058289e+02 4.23817413e+02
    5.16739011e-01 4.36627228e+02 4.37412628e+02 4.93516535e-01
    4.16592163e+02 4.34550476e+02 3.46764803e-01 4.51653534e+02
    4.19524170e+02 5.26931822e-01 4.41635986e+02 4.30972778e+02
    5.20548642e-01 4.42351532e+02 4.43852478e+02 5.63330472e-01
    4.43067078e+02 4.55301086e+02 6.31644607e-01 4.65964264e+02
    4.14515411e+02 6.26595438e-01 4.60239960e+02 4.30972778e+02
    4.10433739e-01 4.64533203e+02 4.46714630e+02 5.87998867e-01
    4.63102112e+02 4.58878754e+02 7.07816839e-01 4.82421631e+02
    4.10222198e+02 6.47051156e-01 4.93870239e+02 4.26679565e+02
    4.64379370e-01 4.99594543e+02 4.38128174e+02 4.57166970e-01
    5.05318848e+02 4.48145691e+02 5.59949934e-01 4.96016876e+02
    4.01635742e+02 6.92760766e-01 5.05318848e+02 4.05928955e+02
    8.21532190e-01 5.11758698e+02 4.09506653e+02 8.28998625e-01
    5.17482971e+02 4.15230957e+02 7.48101354e-01</data></hand_left_0>
</opencv_storage>
