<?xml version="1.0"?>
<opencv_storage>
<hand_right_0 type_id="opencv-nd-matrix">
  <sizes>
    1 21 3</sizes>
  <dt>f</dt>
  <data>
    4.59191650e+02 3.87981659e+02 6.88817441e-01 4.77243317e+02
    3.93139282e+02 7.48048007e-01 4.95939667e+02 4.01520386e+02
    7.09797502e-01 5.06899567e+02 4.13125031e+02 8.12232554e-01
    5.19148926e+02 4.20861450e+02 8.61948073e-01 4.85624420e+02
    4.08612122e+02 7.17004836e-01 4.95294952e+02 4.25374359e+02
    8.34596157e-01 5.01741974e+02 4.39557800e+02 8.17520320e-01
    5.04965485e+02 4.49873016e+02 9.93019938e-01 4.72085693e+02
    4.12480316e+02 7.71042883e-01 4.79822113e+02 4.28597870e+02
    7.34331727e-01 4.85624420e+02 4.41491882e+02 6.19783580e-01
    4.89492645e+02 4.53741241e+02 6.62101090e-01 4.57902252e+02
    4.14414429e+02 7.31347322e-01 4.59836365e+02 4.29242554e+02
    7.20865071e-01 4.63704559e+02 4.43425995e+02 7.56566107e-01
    4.61125763e+02 4.57609436e+02 6.40728772e-01 4.43074127e+02
    4.17637939e+02 7.07284689e-01 4.42429413e+02 4.28597870e+02
    7.07656801e-01 4.42429413e+02 4.38913086e+02 8.05218160e-01
    4.43074127e+02 4.49228302e+02 6.80430949e-01</data></hand_right_0>
</opencv_storage>
