<?xml version="1.0"?>
<opencv_storage>
<hand_left_0 type_id="opencv-nd-matrix">
  <sizes>
    2 21 3</sizes>
  <dt>f</dt>
  <data>
    4.58737213e+02 4.03840393e+02 5.20855427e-01 4.45982697e+02
    4.16594910e+02 6.31349087e-01 4.37479706e+02 4.34309479e+02
    5.23423135e-01 4.29685303e+02 4.44938232e+02 4.98055607e-01
    4.13387878e+02 4.46355408e+02 8.08635533e-01 4.50234222e+02
    4.36435242e+02 4.87181932e-01 4.39605469e+02 4.49898315e+02
    6.12107694e-01 4.40314056e+02 4.61944214e+02 6.78872228e-01
    4.45274139e+02 4.72572968e+02 7.67382383e-01 4.64405884e+02
    4.32892303e+02 5.90470612e-01 4.59445801e+02 4.50606903e+02
    4.33498919e-01 4.62988708e+02 4.62652802e+02 5.50296783e-01
    4.63697296e+02 4.75407318e+02 7.78221130e-01 4.79994690e+02
    4.27932220e+02 6.26010954e-01 4.89914856e+02 4.44938232e+02
    6.12965107e-01 4.96292114e+02 4.57692719e+02 6.09251022e-01
    5.02669373e+02 4.69030060e+02 5.42623878e-01 4.96292114e+02
    4.20846405e+02 7.11618841e-01 5.06212280e+02 4.25806488e+02
    7.81883776e-01 5.13298096e+02 4.30057983e+02 8.30787957e-01
    5.17549622e+02 4.37852386e+02 7.14610934e-01 0. 0. 0. 0. 0. 0. 0. 0.
    0. 0. 0. 0. 0. 0. 0. 0. 0. 0. 0. 0. 0. 0. 0. 0. 0. 0. 0. 0. 0. 0. 0.
    0. 0. 0. 0. 0. 0. 0. 0. 0. 0. 0. 0. 0. 0. 0. 0. 0. 0. 0. 0. 0. 0. 0.
    0. 0. 0. 0. 0. 0. 0. 0. 0.</data></hand_left_0>
</opencv_storage>
