<?xml version="1.0"?>
<opencv_storage>
<hand_right_0 type_id="opencv-nd-matrix">
  <sizes>
    1 21 3</sizes>
  <dt>f</dt>
  <data>
    4.60411438e+02 4.12115112e+02 5.96906245e-01 4.78031189e+02
    4.18214264e+02 7.05010295e-01 4.98361664e+02 4.26346436e+02
    7.13984549e-01 5.09204590e+02 4.34478638e+02 7.60799944e-01
    5.18692139e+02 4.43288513e+02 7.73452699e-01 4.84808014e+02
    4.33800964e+02 6.30232096e-01 4.94295563e+02 4.48032288e+02
    7.78683901e-01 5.02427765e+02 4.60908264e+02 8.25719833e-01
    5.05816193e+02 4.71751190e+02 8.61984134e-01 4.71254364e+02
    4.36511688e+02 7.45059550e-01 4.78031189e+02 4.50065338e+02
    7.31030285e-01 4.86841064e+02 4.65652039e+02 7.32208371e-01
    4.93617889e+02 4.77850342e+02 8.81875038e-01 4.55667664e+02
    4.39222412e+02 6.89956665e-01 4.58378387e+02 4.50743042e+02
    6.97008133e-01 4.62444489e+02 4.66329742e+02 8.12139630e-01
    4.65832886e+02 4.77850342e+02 7.09704816e-01 4.40758636e+02
    4.41255463e+02 6.69781864e-01 4.38725586e+02 4.54131439e+02
    8.71735156e-01 4.40080963e+02 4.64974365e+02 7.22426534e-01
    4.41436310e+02 4.73106567e+02 7.51935661e-01</data></hand_right_0>
</opencv_storage>
