<?xml version="1.0"?>
<opencv_storage>
<hand_left_0 type_id="opencv-nd-matrix">
  <sizes>
    1 21 3</sizes>
  <dt>f</dt>
  <data>
    4.59932861e+02 3.98532928e+02 4.74136800e-01 4.48035217e+02
    4.09730713e+02 5.66948950e-01 4.39636871e+02 4.27227234e+02
    4.05767590e-01 4.29838806e+02 4.36325439e+02 5.87826192e-01
    4.17241302e+02 4.39824738e+02 8.31893742e-01 4.50834656e+02
    4.22328217e+02 4.99503255e-01 4.43136169e+02 4.36325439e+02
    7.01068461e-01 4.43836029e+02 4.48922943e+02 7.70712137e-01
    4.45935638e+02 4.60120728e+02 8.24209392e-01 4.67631317e+02
    4.19528748e+02 6.22818351e-01 4.62032440e+02 4.35625580e+02
    5.76608717e-01 4.65531738e+02 4.51022522e+02 6.55598581e-01
    4.64132019e+02 4.63620026e+02 7.61770606e-01 4.85127869e+02
    4.14629730e+02 6.00002944e-01 4.95625793e+02 4.31426392e+02
    4.84323353e-01 4.91426605e+02 4.47523224e+02 5.27946055e-01
    4.97725372e+02 4.58021118e+02 6.46783710e-01 5.00524811e+02
    4.08330994e+02 6.48212492e-01 5.08223297e+02 4.10430573e+02
    7.73619175e-01 5.13822144e+02 4.14629730e+02 7.84608066e-01
    5.19421082e+02 4.20928497e+02 7.20617950e-01</data></hand_left_0>
</opencv_storage>
