<?xml version="1.0"?>
<opencv_storage>
<hand_left_0 type_id="opencv-nd-matrix">
  <sizes>
    1 21 3</sizes>
  <dt>f</dt>
  <data>
    4.62015900e+02 4.26887787e+02 5.64268529e-01 4.48555969e+02
    4.38222473e+02 6.78680062e-01 4.36512848e+02 4.54516083e+02
    5.31792581e-01 4.25178162e+02 4.60183441e+02 6.35180712e-01
    4.13135071e+02 4.63725525e+02 8.22455227e-01 4.48555969e+02
    4.50973999e+02 5.45314610e-01 4.41471771e+02 4.63725525e+02
    6.27092421e-01 4.42180206e+02 4.77185455e+02 8.30415547e-01
    4.44305450e+02 4.88520142e+02 7.81561375e-01 4.64849579e+02
    4.48848755e+02 6.76853955e-01 4.59890656e+02 4.66559204e+02
    5.52355647e-01 4.61307495e+02 4.80019135e+02 5.77152133e-01
    4.62724335e+02 4.92770660e+02 7.57853627e-01 4.81851593e+02
    4.46015076e+02 6.65836930e-01 4.91769470e+02 4.62308685e+02
    6.38141632e-01 4.98145203e+02 4.75768646e+02 6.41990840e-01
    5.04520966e+02 4.87811737e+02 5.97671747e-01 4.98145203e+02
    4.38930908e+02 6.68717027e-01 5.05229401e+02 4.42472992e+02
    8.22108090e-01 5.12313599e+02 4.48848755e+02 7.89295614e-01
    5.17980896e+02 4.57349762e+02 7.60295630e-01</data></hand_left_0>
</opencv_storage>
