<?xml version="1.0"?>
<opencv_storage>
<pose_0 type_id="opencv-nd-matrix">
  <sizes>
    1 18 3</sizes>
  <dt>f</dt>
  <data>
    5.06704254e+02 1.40912262e+02 7.52474606e-01 4.69562256e+02
    8.80760345e+01 7.33063638e-01 3.67868256e+02 8.61089554e+01
    6.56958818e-01 4.08916534e+02 2.73850739e+02 7.52377152e-01
    4.57821686e+02 4.01057404e+02 8.67773235e-01 5.73254883e+02
    1.01704559e+02 6.80713773e-01 5.26325073e+02 2.89537964e+02
    7.61747897e-01 4.93048492e+02 4.06942932e+02 6.47523701e-01
    3.71731598e+02 3.03234070e+02 3.85606021e-01 3.20894592e+02
    4.36313080e+02 3.26882571e-01 0. 0. 0. 4.87152496e+02 3.09123108e+02
    3.84334445e-01 5.41946716e+02 4.44138031e+02 9.75495353e-02 0. 0. 0.
    4.93110626e+02 1.21322266e+02 7.12153912e-01 5.22323364e+02
    1.19359901e+02 4.91461724e-01 4.34346252e+02 6.84535828e+01
    3.92975003e-01 0. 0. 0.</data></pose_0>
</opencv_storage>
