<?xml version="1.0"?>
<opencv_storage>
<hand_left_0 type_id="opencv-nd-matrix">
  <sizes>
    1 21 3</sizes>
  <dt>f</dt>
  <data>
    4.60255402e+02 3.88701263e+02 5.91732144e-01 4.48383392e+02
    4.01271637e+02 6.54106736e-01 4.39304779e+02 4.20127197e+02
    6.14050090e-01 4.38606415e+02 4.34792633e+02 5.58978677e-01
    4.44193268e+02 4.49458069e+02 4.58922654e-01 4.53970215e+02
    4.14540375e+02 5.50053954e-01 4.43494904e+02 4.27110748e+02
    3.82003546e-01 4.43494904e+02 4.40379486e+02 4.87705916e-01
    4.45589966e+02 4.51553131e+02 5.84939837e-01 4.68635651e+02
    4.10350250e+02 6.46750808e-01 4.77714264e+02 4.26412384e+02
    3.66109878e-01 4.64445526e+02 4.40379486e+02 5.62531829e-01
    4.63747162e+02 4.52251495e+02 6.82027638e-01 4.82602722e+02
    4.06160126e+02 6.95959508e-01 4.93776398e+02 4.22920624e+02
    6.06765687e-01 4.98664886e+02 4.34094299e+02 5.69971263e-01
    5.04950073e+02 4.44569611e+02 5.75218916e-01 4.97966522e+02
    3.99176575e+02 6.88367009e-01 5.04950073e+02 4.04065063e+02
    7.37301826e-01 5.11235260e+02 4.11048615e+02 7.74707735e-01
    5.15425354e+02 4.17333801e+02 7.45610952e-01</data></hand_left_0>
</opencv_storage>
