<?xml version="1.0"?>
<opencv_storage>
<hand_right_0 type_id="opencv-nd-matrix">
  <sizes>
    1 21 3</sizes>
  <dt>f</dt>
  <data>
    4.61231049e+02 4.07860260e+02 5.89850426e-01 4.78155975e+02
    4.13501923e+02 7.11110592e-01 4.99312164e+02 4.21259186e+02
    6.64785445e-01 5.09890259e+02 4.29721649e+02 7.33803272e-01
    5.19763123e+02 4.38184113e+02 7.47310340e-01 4.85208038e+02
    4.29016449e+02 6.24788225e-01 4.94375732e+02 4.42415344e+02
    7.70117819e-01 5.02838196e+02 4.57929901e+02 8.09936702e-01
    5.06364227e+02 4.68507965e+02 8.41696978e-01 4.70398712e+02
    4.30426849e+02 7.32593834e-01 4.77450775e+02 4.45941376e+02
    7.14221001e-01 4.86618469e+02 4.59340302e+02 7.16745913e-01
    4.94375732e+02 4.74149628e+02 8.85007262e-01 4.54884186e+02
    4.34658081e+02 6.43346071e-01 4.58410217e+02 4.46646606e+02
    7.05033779e-01 4.61231049e+02 4.62161133e+02 7.87962437e-01
    4.66167480e+02 4.74854828e+02 8.11047912e-01 4.40780090e+02
    4.35363312e+02 6.32246256e-01 4.37959259e+02 4.48762207e+02
    8.24370980e-01 4.40074860e+02 4.59340302e+02 7.40325391e-01
    4.43600891e+02 4.69918396e+02 8.10564101e-01</data></hand_right_0>
</opencv_storage>
