<?xml version="1.0"?>
<opencv_storage>
<hand_left_0 type_id="opencv-nd-matrix">
  <sizes>
    1 21 3</sizes>
  <dt>f</dt>
  <data>
    4.56324432e+02 4.20658112e+02 5.22797346e-01 4.43498566e+02
    4.33483978e+02 6.05136335e-01 4.34947968e+02 4.51297699e+02
    3.81523371e-01 4.24259735e+02 4.58423187e+02 4.57286388e-01
    4.13571503e+02 4.62698486e+02 7.56236792e-01 4.45636200e+02
    4.45597321e+02 5.57103038e-01 4.38510712e+02 4.57710663e+02
    7.27838218e-01 4.39935822e+02 4.70536530e+02 7.60584593e-01
    4.42073456e+02 4.81224762e+02 8.19218516e-01 4.62737366e+02
    4.43459686e+02 6.51716590e-01 4.57749542e+02 4.58423187e+02
    5.93186140e-01 4.62737366e+02 4.73386719e+02 7.07898736e-01
    4.62737366e+02 4.85500061e+02 7.75066137e-01 4.80551086e+02
    4.39896942e+02 6.35242462e-01 4.91239319e+02 4.54860443e+02
    5.62151849e-01 4.96227173e+02 4.66973785e+02 5.27383506e-01
    4.94802063e+02 4.81224762e+02 5.61434090e-01 4.93376984e+02
    4.29921234e+02 6.74271584e-01 5.03352661e+02 4.34196533e+02
    8.92459512e-01 5.09053040e+02 4.38471832e+02 8.36981356e-01
    5.14753418e+02 4.43459686e+02 7.47770905e-01</data></hand_left_0>
</opencv_storage>
