<?xml version="1.0"?>
<opencv_storage>
<hand_right_0 type_id="opencv-nd-matrix">
  <sizes>
    1 21 3</sizes>
  <dt>f</dt>
  <data>
    4.57249237e+02 3.85395935e+02 5.70029259e-01 4.74832703e+02
    3.90319305e+02 6.89762890e-01 4.91712830e+02 3.95242676e+02
    6.36790276e-01 5.04372925e+02 4.04386078e+02 8.05858970e-01
    5.17033020e+02 4.12826141e+02 7.91105688e-01 4.82569427e+02
    4.05089417e+02 6.82158291e-01 4.93822845e+02 4.19859528e+02
    7.34758914e-01 5.02966248e+02 4.33926300e+02 8.67737591e-01
    5.07889618e+02 4.44476379e+02 9.20192361e-01 4.69205994e+02
    4.11419464e+02 7.24143803e-01 4.76942719e+02 4.24782898e+02
    6.14338756e-01 4.86789459e+02 4.38849670e+02 7.04944015e-01
    4.95932861e+02 4.50103088e+02 8.46637905e-01 4.53029205e+02
    4.16342834e+02 6.52086616e-01 4.57249237e+02 4.27596252e+02
    7.01104820e-01 4.61469269e+02 4.42366364e+02 7.73911715e-01
    4.64985962e+02 4.53619781e+02 7.60454893e-01 4.37555756e+02
    4.17046173e+02 7.04542160e-01 4.38962433e+02 4.31816284e+02
    7.82572985e-01 4.41072449e+02 4.43069702e+02 8.11042070e-01
    4.44589142e+02 4.52213104e+02 7.62957215e-01</data></hand_right_0>
</opencv_storage>
