<?xml version="1.0"?>
<opencv_storage>
<hand_right_0 type_id="opencv-nd-matrix">
  <sizes>
    1 21 3</sizes>
  <dt>f</dt>
  <data>
    4.58426941e+02 4.05247833e+02 5.79788387e-01 4.76312378e+02
    4.10971161e+02 6.96129441e-01 4.97774902e+02 4.18125336e+02
    6.68982029e-01 5.09221558e+02 4.27425751e+02 7.15922177e-01
    5.17806580e+02 4.33864502e+02 7.72841871e-01 4.84897369e+02
    4.26710327e+02 7.07518578e-01 4.94197815e+02 4.43880341e+02
    7.87164271e-01 5.02782806e+02 4.56757874e+02 7.99453437e-01
    5.05644470e+02 4.67489136e+02 8.62276495e-01 4.69158203e+02
    4.28856598e+02 7.37440050e-01 4.76312378e+02 4.43164948e+02
    6.18450642e-01 4.86328217e+02 4.58904114e+02 7.76048362e-01
    4.93482391e+02 4.73212463e+02 9.09304917e-01 4.54134430e+02
    4.33149109e+02 6.29055023e-01 4.59142365e+02 4.45311188e+02
    7.74384618e-01 4.64150269e+02 4.61765778e+02 8.06246877e-01
    4.69873627e+02 4.73212463e+02 8.12338233e-01 4.40541504e+02
    4.33864502e+02 6.49446309e-01 4.40541504e+02 4.48888275e+02
    7.89261401e-01 4.41256927e+02 4.58188690e+02 8.42450559e-01
    4.44118591e+02 4.68919952e+02 8.27192128e-01</data></hand_right_0>
</opencv_storage>
