<?xml version="1.0"?>
<opencv_storage>
<pose_0 type_id="opencv-nd-matrix">
  <sizes>
    1 18 3</sizes>
  <dt>f</dt>
  <data>
    4.77353729e+02 1.68274399e+02 7.50095665e-01 4.73500458e+02
    1.01832848e+02 8.18290114e-01 3.67883911e+02 9.78113251e+01
    6.73620462e-01 4.14708862e+02 2.89523193e+02 7.72996306e-01
    4.59817993e+02 4.14791840e+02 8.73910308e-01 5.71375977e+02
    1.15372726e+02 6.80951655e-01 5.26349731e+02 3.03286377e+02
    7.81761229e-01 4.94986633e+02 4.28447083e+02 5.83858073e-01
    3.79530670e+02 2.87631439e+02 4.05771136e-01 3.22821259e+02
    4.38277069e+02 3.51225853e-01 2.83679077e+02 4.83295319e+02
    8.67350101e-02 4.91039032e+02 3.05250458e+02 4.44828421e-01
    5.41961487e+02 4.48038513e+02 2.01929137e-01 0. 0. 0. 4.63699951e+02
    1.48794693e+02 7.41073430e-01 4.95030090e+02 1.50648743e+02
    6.05413914e-01 4.20635193e+02 8.21690063e+01 4.54324961e-01
    5.30255859e+02 1.01719635e+02 2.93863952e-01</data></pose_0>
</opencv_storage>
