<?xml version="1.0"?>
<opencv_storage>
<pose_0 type_id="opencv-nd-matrix">
  <sizes>
    1 18 3</sizes>
  <dt>f</dt>
  <data>
    5.02805023e+02 9.58867188e+01 8.07598472e-01 4.61738922e+02
    6.84827194e+01 7.17707336e-01 3.65854919e+02 6.84216690e+01
    6.74807429e-01 4.12867706e+02 2.52357422e+02 7.02237666e-01
    4.59710388e+02 3.81450348e+02 8.45505476e-01 5.67400513e+02
    7.63180695e+01 6.67139769e-01 5.24395020e+02 2.66113281e+02
    7.66857028e-01 4.98920563e+02 3.85416290e+02 5.93603492e-01
    3.79595795e+02 2.91537720e+02 4.21455711e-01 3.24808411e+02
    4.30447968e+02 4.09945220e-01 2.83699738e+02 4.79348663e+02
    1.11176372e-01 4.91048279e+02 3.03260773e+02 4.29332495e-01
    5.38056335e+02 4.14775330e+02 6.74549341e-02 0. 0. 0. 4.81295807e+02
    7.43162918e+01 7.69515932e-01 5.18501831e+02 7.03702393e+01
    7.97805369e-01 4.22626282e+02 2.34660950e+01 7.07678199e-01 0. 0. 0.</data></pose_0>
</opencv_storage>
