<?xml version="1.0"?>
<opencv_storage>
<hand_left_0 type_id="opencv-nd-matrix">
  <sizes>
    1 21 3</sizes>
  <dt>f</dt>
  <data>
    4.60172028e+02 3.90723175e+02 5.71393490e-01 4.48272003e+02
    4.02623199e+02 6.50102496e-01 4.37771942e+02 4.20123260e+02
    4.91620153e-01 4.26571930e+02 4.27823303e+02 4.38386500e-01
    4.16771881e+02 4.32023315e+02 5.70712745e-01 4.48971985e+02
    4.14523254e+02 5.39907932e-01 4.41971954e+02 4.29223297e+02
    6.78675056e-01 4.41971954e+02 4.42523346e+02 7.66885996e-01
    4.44071960e+02 4.53023376e+02 7.62914538e-01 4.65072052e+02
    4.12423248e+02 6.25001431e-01 4.58772034e+02 4.29223297e+02
    5.56121588e-01 4.60172028e+02 4.43223328e+02 6.46795332e-01
    4.60172028e+02 4.57923401e+02 7.63351440e-01 4.81872101e+02
    4.08223236e+02 5.95513046e-01 4.93072144e+02 4.25023285e+02
    4.27353442e-01 4.88172119e+02 4.41123322e+02 4.95913565e-01
    4.90272125e+02 4.52323364e+02 5.74372053e-01 4.97272156e+02
    4.01223206e+02 6.44441009e-01 5.04972168e+02 4.05423218e+02
    7.87602782e-01 5.11272186e+02 4.12423248e+02 7.73537338e-01
    5.17572205e+02 4.19423248e+02 7.59462297e-01</data></hand_left_0>
</opencv_storage>
