<?xml version="1.0"?>
<opencv_storage>
<pose_0 type_id="opencv-nd-matrix">
  <sizes>
    1 18 3</sizes>
  <dt>f</dt>
  <data>
    4.61720612e+02 1.33048126e+02 7.23931849e-01 4.73467590e+02
    8.61157990e+01 7.94297636e-01 3.73714355e+02 8.41210709e+01
    7.01984406e-01 4.14814148e+02 2.64162903e+02 7.33903170e-01
    4.59794281e+02 3.97181122e+02 8.90238166e-01 5.71352844e+02
    9.77686005e+01 6.71015024e-01 5.32204773e+02 2.77874756e+02
    7.26205230e-01 4.94995819e+02 4.05010132e+02 5.32999754e-01
    3.81546631e+02 2.95438385e+02 3.89245480e-01 3.20849091e+02
    4.48053986e+02 2.14826211e-01 0. 0. 0. 4.93005280e+02 3.05251923e+02
    4.36811626e-01 5.41970337e+02 4.40214478e+02 1.23922803e-01 0. 0. 0.
    4.46056885e+02 1.15417732e+02 6.42002821e-01 4.79342224e+02
    1.15407082e+02 7.23370135e-01 4.10801605e+02 7.63261490e+01
    1.80272087e-01 5.20442261e+02 4.30517235e+01 5.11285424e-01</data></pose_0>
</opencv_storage>
