<?xml version="1.0"?>
<opencv_storage>
<hand_left_0 type_id="opencv-nd-matrix">
  <sizes>
    1 21 3</sizes>
  <dt>f</dt>
  <data>
    4.60031067e+02 4.17849945e+02 5.20611167e-01 4.48009369e+02
    4.29164490e+02 6.24342024e-01 4.38816284e+02 4.46136292e+02
    4.88844126e-01 4.27501740e+02 4.52500732e+02 4.79319543e-01
    4.15480042e+02 4.56036530e+02 7.86885381e-01 4.52959473e+02
    4.43307648e+02 5.41661799e-01 4.41644928e+02 4.52500732e+02
    6.35751724e-01 4.43059235e+02 4.65229584e+02 7.59560883e-01
    4.45180725e+02 4.75836975e+02 7.87540734e-01 4.67809814e+02
    4.38357544e+02 6.32638574e-01 4.61445374e+02 4.52500732e+02
    4.87466395e-01 4.66395477e+02 4.68058228e+02 6.49341881e-01
    4.66395477e+02 4.80079926e+02 7.83442855e-01 4.83367310e+02
    4.34821747e+02 6.98225439e-01 4.95389008e+02 4.50379242e+02
    6.01987123e-01 5.03167755e+02 4.63108124e+02 5.91487050e-01
    5.08825012e+02 4.73715485e+02 6.08901978e-01 4.99631958e+02
    4.27042999e+02 7.33081579e-01 5.06703552e+02 4.30578796e+02
    7.78168499e-01 5.14482300e+02 4.36236084e+02 8.40293169e-01
    5.18018066e+02 4.42600494e+02 7.37444460e-01</data></hand_left_0>
</opencv_storage>
