<?xml version="1.0"?>
<opencv_storage>
<hand_left_0 type_id="opencv-nd-matrix">
  <sizes>
    1 21 3</sizes>
  <dt>f</dt>
  <data>
    4.60062531e+02 3.86008667e+02 5.70344150e-01 4.47433899e+02
    4.00742096e+02 6.44139051e-01 4.38313202e+02 4.18983459e+02
    6.29930615e-01 4.38313202e+02 4.34418488e+02 5.98190129e-01
    4.43224335e+02 4.48450317e+02 5.03615737e-01 4.53046631e+02
    4.13370728e+02 5.79373837e-01 4.43224335e+02 4.25297791e+02
    3.85284752e-01 4.43224335e+02 4.39329620e+02 4.32979584e-01
    4.46030701e+02 4.51256683e+02 4.86146450e-01 4.67078461e+02
    4.07757996e+02 6.50128186e-01 4.60764130e+02 4.25999390e+02
    3.54086936e-01 4.63570496e+02 4.40732819e+02 5.35231113e-01
    4.62868896e+02 4.51958282e+02 6.76781058e-01 4.81811890e+02
    4.02846863e+02 6.29820406e-01 4.91634155e+02 4.19685059e+02
    6.21606588e-01 4.98650085e+02 4.31612122e+02 5.72910368e-01
    5.04964417e+02 4.41434418e+02 6.03497684e-01 4.94440521e+02
    3.95830933e+02 7.61672497e-01 5.04964417e+02 4.01443665e+02
    7.74840951e-01 5.10577148e+02 4.07056396e+02 8.23643684e-01
    5.16189880e+02 4.13370728e+02 7.69217193e-01</data></hand_left_0>
</opencv_storage>
