<?xml version="1.0"?>
<opencv_storage>
<pose_0 type_id="opencv-nd-matrix">
  <sizes>
    1 18 3</sizes>
  <dt>f</dt>
  <data>
    4.98890625e+02 1.62440018e+02 8.16023350e-01 4.65661835e+02
    1.01826134e+02 7.72347629e-01 3.65900330e+02 1.01725243e+02
    6.62731826e-01 4.10835175e+02 2.91549805e+02 7.41121113e-01
    4.59678101e+02 4.14740326e+02 8.67734313e-01 5.69401489e+02
    1.07589211e+02 6.43476367e-01 5.26352051e+02 3.03206512e+02
    7.36920238e-01 4.95035950e+02 4.16746552e+02 6.69187605e-01
    3.77611786e+02 2.91512848e+02 4.07226413e-01 3.24776917e+02
    4.30443573e+02 5.25330245e-01 2.83683563e+02 4.79385010e+02
    1.15744278e-01 4.89120911e+02 3.05186127e+02 4.43554282e-01
    5.41981934e+02 4.53892273e+02 1.61589056e-01 0. 0. 0. 4.89068573e+02
    1.46681000e+02 7.95565486e-01 5.12669373e+02 1.44718536e+02
    5.68262875e-01 4.26538879e+02 8.61328659e+01 4.47703868e-01
    5.39892639e+02 9.19627914e+01 9.69633758e-02</data></pose_0>
</opencv_storage>
