<?xml version="1.0"?>
<opencv_storage>
<pose_0 type_id="opencv-nd-matrix">
  <sizes>
    1 18 3</sizes>
  <dt>f</dt>
  <data>
    4.20620300e+02 5.68181648e+01 8.12843502e-01 4.44076355e+02
    8.41573334e+01 8.19960415e-01 3.52132660e+02 8.60851517e+01
    7.71442771e-01 4.08879456e+02 2.52412109e+02 7.80656874e-01
    4.59796112e+02 3.83428375e+02 8.53924870e-01 5.36058899e+02
    8.60325470e+01 6.99146330e-01 5.08774780e+02 2.58207825e+02
    8.91746521e-01 4.92988037e+02 3.99087006e+02 5.71162641e-01
    3.75645416e+02 2.89589996e+02 4.49354351e-01 3.34542450e+02
    4.30430023e+02 6.01528287e-01 3.05216797e+02 4.81338867e+02
    1.14447132e-01 4.77382904e+02 2.95419586e+02 4.64963585e-01
    5.18487976e+02 3.97179077e+02 1.14932671e-01 0. 0. 0. 3.97200684e+02
    3.70865974e+01 8.86555552e-01 4.44143707e+02 3.32535629e+01
    9.15427387e-01 0. 0. 0. 4.85184998e+02 1.94723854e+01 8.80091250e-01</data></pose_0>
</opencv_storage>
