<?xml version="1.0"?>
<opencv_storage>
<hand_left_0 type_id="opencv-nd-matrix">
  <sizes>
    1 21 3</sizes>
  <dt>f</dt>
  <data>
    4.61282532e+02 4.05488892e+02 5.42230070e-01 4.50245148e+02
    4.19123322e+02 6.50117636e-01 4.40506256e+02 4.37951813e+02
    5.86165011e-01 4.26222565e+02 4.45742920e+02 7.18006492e-01
    4.14535919e+02 4.51586243e+02 7.88317800e-01 4.56088470e+02
    4.38601074e+02 5.76561213e-01 4.42454041e+02 4.47041412e+02
    4.20951754e-01 4.43103302e+02 4.60675842e+02 6.65805340e-01
    4.44401825e+02 4.72362518e+02 6.83487594e-01 4.71021393e+02
    4.34705505e+02 6.75505042e-01 4.81409546e+02 4.54832520e+02
    4.32302535e-01 4.62581055e+02 4.65220673e+02 5.48825502e-01
    4.61282532e+02 4.78205841e+02 6.28330886e-01 4.85954346e+02
    4.30809967e+02 6.73154533e-01 4.95043976e+02 4.50287720e+02
    7.01687813e-01 5.00887299e+02 4.61974365e+02 6.36656880e-01
    5.05432098e+02 4.73011749e+02 7.00576663e-01 4.99588776e+02
    4.24317383e+02 7.60404766e-01 5.09976898e+02 4.39899597e+02
    6.62178457e-01 5.15170959e+02 4.45093658e+02 6.66421592e-01
    5.18417297e+02 4.47041412e+02 4.82390910e-01</data></hand_left_0>
</opencv_storage>
