<?xml version="1.0"?>
<opencv_storage>
<hand_right_0 type_id="opencv-nd-matrix">
  <sizes>
    1 21 3</sizes>
  <dt>f</dt>
  <data>
    4.61660614e+02 4.12494324e+02 6.76398695e-01 4.79187103e+02
    4.18336487e+02 7.36145675e-01 4.98661011e+02 4.28073425e+02
    7.87879705e-01 5.08397949e+02 4.41705139e+02 7.45900869e-01
    5.16836670e+02 4.50143829e+02 7.71337271e-01 4.86327545e+02
    4.35862976e+02 7.21519232e-01 4.94766235e+02 4.53389496e+02
    8.12579989e-01 5.00608398e+02 4.67021210e+02 7.95697749e-01
    5.03854034e+02 4.78705536e+02 9.20188189e-01 4.72046692e+02
    4.38459503e+02 7.99008906e-01 4.79836243e+02 4.57933411e+02
    6.43341362e-01 4.85029266e+02 4.70266876e+02 6.12309039e-01
    4.86327545e+02 4.80003815e+02 4.51828957e-01 4.57116699e+02
    4.40406891e+02 7.21813858e-01 4.60362335e+02 4.55985992e+02
    6.49980843e-01 4.61660614e+02 4.68968597e+02 7.29298949e-01
    4.58414948e+02 4.83898590e+02 7.47163594e-01 4.42186707e+02
    4.41056030e+02 6.31391048e-01 4.41537567e+02 4.54038605e+02
    7.83108771e-01 4.41537567e+02 4.64424683e+02 8.33934546e-01
    4.41537567e+02 4.74161652e+02 7.60854185e-01</data></hand_right_0>
</opencv_storage>
