<?xml version="1.0"?>
<opencv_storage>
<hand_right_0 type_id="opencv-nd-matrix">
  <sizes>
    1 21 3</sizes>
  <dt>f</dt>
  <data>
    4.56159393e+02 3.83493134e+02 6.15475893e-01 4.74400208e+02
    3.88404114e+02 6.94234312e-01 4.94044189e+02 3.94016693e+02
    6.98923051e-01 5.05970886e+02 4.03137085e+02 8.62734675e-01
    5.17897583e+02 4.10854370e+02 7.91842520e-01 4.83520630e+02
    4.04540253e+02 6.96043968e-01 4.94044189e+02 4.19273224e+02
    7.74295211e-01 5.01059875e+02 4.31199921e+02 8.50239277e-01
    5.05970886e+02 4.41723480e+02 8.82177591e-01 4.68787659e+02
    4.09451233e+02 7.67154634e-01 4.77206482e+02 4.21377930e+02
    6.91141546e-01 4.85625336e+02 4.35409332e+02 7.23354280e-01
    4.95447327e+02 4.48037598e+02 8.89861703e-01 4.54054657e+02
    4.14362213e+02 6.83069527e-01 4.55457794e+02 4.24885773e+02
    7.33789802e-01 4.60368805e+02 4.38917175e+02 7.97865570e-01
    4.61771942e+02 4.52948608e+02 7.01819181e-01 4.38620117e+02
    4.15063782e+02 7.30533242e-01 4.38620117e+02 4.26990479e+02
    8.39450002e-01 4.38620117e+02 4.37514038e+02 8.17655444e-01
    4.39321686e+02 4.46634460e+02 7.37758398e-01</data></hand_right_0>
</opencv_storage>
