<?xml version="1.0"?>
<opencv_storage>
<pose_0 type_id="opencv-nd-matrix">
  <sizes>
    2 18 3</sizes>
  <dt>f</dt>
  <data>
    4.98900635e+02 1.64373825e+02 8.13905776e-01 4.73498718e+02
    1.03689453e+02 7.87035048e-01 3.67810120e+02 1.01692055e+02
    6.87228084e-01 4.12758148e+02 2.89657043e+02 7.78430939e-01
    4.59715057e+02 4.14744812e+02 8.77543211e-01 5.77134888e+02
    1.13447815e+02 6.07325554e-01 5.32176025e+02 3.03288574e+02
    7.81933308e-01 4.96935760e+02 4.22591583e+02 6.02395356e-01
    3.77580750e+02 2.91510712e+02 4.13775057e-01 3.22894135e+02
    4.36305603e+02 4.30799901e-01 2.83700439e+02 4.81313416e+02
    1.15246430e-01 4.89093292e+02 3.03277954e+02 4.33533877e-01
    5.45879211e+02 4.46091248e+02 1.71929985e-01 0. 0. 0. 4.85231201e+02
    1.48633545e+02 7.95575857e-01 5.14619263e+02 1.46663147e+02
    6.69438839e-01 4.26549652e+02 8.60522385e+01 7.25525558e-01
    5.47835632e+02 1.01690941e+02 1.47964507e-01 0. 0. 0. 0. 0. 0. 0. 0.
    0. 0. 0. 0. 0. 0. 0. 0. 0. 0. 0. 0. 0. 0. 0. 0. 0. 0. 0. 0. 0. 0. 0.
    0. 0. 6.84782104e+02 4.85203430e+02 5.62205762e-02 9.64582520e+02
    5.22388855e+02 1.28307402e-01 1.12108948e+03 5.28261536e+02
    3.24654907e-01 0. 0. 0. 0. 0. 0. 0. 0. 0. 0. 0. 0.</data></pose_0>
</opencv_storage>
