<?xml version="1.0"?>
<opencv_storage>
<hand_left_0 type_id="opencv-nd-matrix">
  <sizes>
    1 21 3</sizes>
  <dt>f</dt>
  <data>
    4.61611633e+02 3.91335419e+02 5.32594919e-01 4.49464844e+02
    4.03482208e+02 6.36325777e-01 4.39875275e+02 4.21382721e+02
    5.72717369e-01 4.27089172e+02 4.32890198e+02 8.27435732e-01
    4.15581696e+02 4.42479767e+02 8.77563238e-01 4.53939972e+02
    4.20743408e+02 5.06570101e-01 4.43071777e+02 4.30972290e+02
    5.19960523e-01 4.42432495e+02 4.43119080e+02 7.33452976e-01
    4.44989716e+02 4.56544495e+02 6.83502436e-01 4.68643982e+02
    4.17546906e+02 7.10187137e-01 4.62890228e+02 4.32890198e+02
    4.24082190e-01 4.62890228e+02 4.47594208e+02 7.23591208e-01
    4.58415100e+02 4.63576843e+02 6.46864831e-01 4.84626587e+02
    4.13071777e+02 6.42015219e-01 4.94216156e+02 4.32250916e+02
    6.79799259e-01 4.99969910e+02 4.44397705e+02 5.88006794e-01
    5.06362946e+02 4.56544495e+02 6.50192618e-01 4.99969910e+02
    4.07957336e+02 7.33481050e-01 5.08920166e+02 4.20104126e+02
    6.72873557e-01 5.14034607e+02 4.23939941e+02 7.05419898e-01
    5.18509766e+02 4.27775787e+02 6.20415509e-01</data></hand_left_0>
</opencv_storage>
