<?xml version="1.0"?>
<opencv_storage>
<hand_right_0 type_id="opencv-nd-matrix">
  <sizes>
    1 21 3</sizes>
  <dt>f</dt>
  <data>
    4.59932068e+02 4.17402222e+02 5.67840576e-01 4.77437531e+02
    4.24696167e+02 7.18519032e-01 4.96401764e+02 4.32719482e+02
    6.76416576e-01 5.08801453e+02 4.41472198e+02 7.97777772e-01
    5.19742371e+02 4.50954315e+02 7.73834467e-01 4.84002075e+02
    4.40013428e+02 5.77933609e-01 4.94942963e+02 4.56060089e+02
    7.64500558e-01 5.01507507e+02 4.70647949e+02 8.46488535e-01
    5.05883881e+02 4.81588837e+02 8.52152109e-01 4.68684814e+02
    4.42201599e+02 6.96868181e-01 4.77437531e+02 4.57518860e+02
    6.54154539e-01 4.84731445e+02 4.72106720e+02 7.62912154e-01
    4.91295990e+02 4.86694611e+02 8.50190461e-01 4.54096924e+02
    4.46577972e+02 6.87613845e-01 4.58473297e+02 4.58248260e+02
    6.66091859e-01 4.61390869e+02 4.74294922e+02 8.31234992e-01
    4.66496613e+02 4.86694611e+02 7.93077111e-01 4.38779663e+02
    4.48036743e+02 6.52022123e-01 4.38050293e+02 4.62624603e+02
    8.02767813e-01 4.40238464e+02 4.73565521e+02 7.36587346e-01
    4.43156036e+02 4.83047638e+02 7.54036844e-01</data></hand_right_0>
</opencv_storage>
