<?xml version="1.0"?>
<opencv_storage>
<pose_0 type_id="opencv-nd-matrix">
  <sizes>
    1 18 3</sizes>
  <dt>f</dt>
  <data>
    3.97184937e+02 1.62435471e+02 9.11525130e-01 4.36293884e+02
    1.29075012e+02 6.49040937e-01 3.50186218e+02 1.32983826e+02
    7.85721898e-01 4.10902863e+02 2.89542664e+02 8.30495715e-01
    4.59827484e+02 4.26465576e+02 7.70594239e-01 5.36035156e+02
    1.31129807e+02 6.83313608e-01 5.08814056e+02 3.01336609e+02
    8.23409200e-01 4.91041199e+02 4.42143524e+02 5.35217762e-01
    3.71762817e+02 3.24800781e+02 4.20419157e-01 3.22854767e+02
    4.75461243e+02 4.26643252e-01 0. 0. 0. 4.75368744e+02 3.32622528e+02
    4.71187651e-01 5.22404419e+02 4.59776062e+02 9.97273624e-02 0. 0. 0.
    3.79593384e+02 1.44769989e+02 8.09647560e-01 4.12862518e+02
    1.38939606e+02 8.15712512e-01 0. 0. 0. 4.61680450e+02 8.61216660e+01
    9.56045985e-01</data></pose_0>
</opencv_storage>
