<?xml version="1.0"?>
<opencv_storage>
<hand_left_0 type_id="opencv-nd-matrix">
  <sizes>
    1 21 3</sizes>
  <dt>f</dt>
  <data>
    4.59961670e+02 3.92432922e+02 4.66969758e-01 4.47413666e+02
    4.05678040e+02 5.71593165e-01 4.36957001e+02 4.22408722e+02
    4.50020701e-01 4.29288788e+02 4.30774078e+02 5.38438976e-01
    4.16740753e+02 4.35653839e+02 7.79607296e-01 4.50202118e+02
    4.18226044e+02 5.38033664e-01 4.40442566e+02 4.31471191e+02
    6.01223946e-01 4.43231018e+02 4.45413422e+02 5.91462553e-01
    4.45322327e+02 4.55870087e+02 6.96510851e-01 4.66235687e+02
    4.12649170e+02 5.86212516e-01 4.59264557e+02 4.29379852e+02
    4.99381691e-01 4.62750122e+02 4.46110504e+02 6.96889102e-01
    4.61355896e+02 4.58658539e+02 7.44194329e-01 4.82269257e+02
    4.07769379e+02 5.31872332e-01 4.92725922e+02 4.26591400e+02
    4.01527137e-01 4.89240356e+02 4.41927856e+02 5.08641899e-01
    4.91331696e+02 4.52384521e+02 5.81434429e-01 4.96908600e+02
    4.01495392e+02 6.54856205e-01 5.06668152e+02 4.06375153e+02
    7.95961201e-01 5.12942139e+02 4.11952057e+02 7.59563744e-01
    5.18519043e+02 4.18923157e+02 7.32604086e-01</data></hand_left_0>
</opencv_storage>
