<?xml version="1.0"?>
<opencv_storage>
<pose_0 type_id="opencv-nd-matrix">
  <sizes>
    1 18 3</sizes>
  <dt>f</dt>
  <data>
    4.26492798e+02 1.33015762e+02 8.85407627e-01 4.40217438e+02
    9.19482117e+01 7.82490551e-01 3.50165894e+02 9.78496170e+01
    7.48073816e-01 4.06931702e+02 2.58354706e+02 8.08409035e-01
    4.59786163e+02 3.97139679e+02 8.37184787e-01 5.37969788e+02
    9.00206375e+01 7.04681158e-01 5.08763123e+02 2.70005127e+02
    8.52964580e-01 4.92995117e+02 4.12867157e+02 5.99541366e-01
    3.77590881e+02 2.93479919e+02 4.33404386e-01 3.32618286e+02
    4.42145447e+02 5.08866608e-01 3.03288971e+02 4.91099182e+02
    8.51136670e-02 4.75415924e+02 3.01281189e+02 4.76180971e-01
    5.14556702e+02 4.05027924e+02 1.12415761e-01 0. 0. 0. 4.03026184e+02
    1.15381943e+02 7.73166895e-01 4.44087097e+02 1.11487740e+02
    8.01258981e-01 3.77552826e+02 8.60902786e+01 1.83250368e-01
    4.87197662e+02 5.47374954e+01 6.62465930e-01</data></pose_0>
</opencv_storage>
