<?xml version="1.0"?>
<opencv_storage>
<hand_right_0 type_id="opencv-nd-matrix">
  <sizes>
    1 21 3</sizes>
  <dt>f</dt>
  <data>
    4.61175629e+02 3.85971466e+02 6.42955124e-01 4.77756226e+02
    3.92459534e+02 7.79503584e-01 4.97220367e+02 4.00389374e+02
    6.68650925e-01 5.08033783e+02 4.11202789e+02 7.86588132e-01
    5.21009888e+02 4.21295319e+02 8.54838371e-01 4.84965149e+02
    4.09760986e+02 6.86006546e-01 4.93615906e+02 4.25620697e+02
    7.70968199e-01 5.00103943e+02 4.39317688e+02 8.31517339e-01
    5.04429321e+02 4.50131104e+02 9.29013371e-01 4.69826385e+02
    4.11923676e+02 7.45122612e-01 4.76314423e+02 4.27062469e+02
    7.02840388e-01 4.84244263e+02 4.42201263e+02 7.46586740e-01
    4.90732330e+02 4.55177368e+02 8.70645642e-01 4.55408478e+02
    4.15528168e+02 6.99848592e-01 4.58292053e+02 4.28504272e+02
    6.49106562e-01 4.62617432e+02 4.43643066e+02 8.31592083e-01
    4.64780121e+02 4.55898254e+02 8.15886378e-01 4.40990601e+02
    4.16969940e+02 6.96500659e-01 4.40990601e+02 4.29946045e+02
    8.01826119e-01 4.40990601e+02 4.40038574e+02 8.45528126e-01
    4.42432373e+02 4.50131104e+02 7.55552411e-01</data></hand_right_0>
</opencv_storage>
