<?xml version="1.0"?>
<opencv_storage>
<hand_left_0 type_id="opencv-nd-matrix">
  <sizes>
    1 21 3</sizes>
  <dt>f</dt>
  <data>
    4.60045776e+02 3.83497284e+02 5.83111167e-01 4.48412354e+02
    3.94484406e+02 6.56862974e-01 4.38071533e+02 4.10641937e+02
    6.96134448e-01 4.25145508e+02 4.20982758e+02 8.32480252e-01
    4.10926849e+02 4.26153198e+02 7.95052886e-01 4.51643860e+02
    4.14519745e+02 4.54787493e-01 4.42595642e+02 4.21629059e+02
    4.61413980e-01 4.40656738e+02 4.33262512e+02 7.52499104e-01
    4.38717834e+02 4.42310730e+02 7.05323040e-01 4.65216217e+02
    4.10641937e+02 6.98873818e-01 4.60045776e+02 4.29384705e+02
    4.14457023e-01 4.59399475e+02 4.42957031e+02 7.16145694e-01
    4.52290161e+02 4.57175659e+02 6.63001955e-01 4.80081146e+02
    4.06764130e+02 7.06649482e-01 4.89775665e+02 4.26153198e+02
    7.01877832e-01 4.95592377e+02 4.38432922e+02 4.66729909e-01
    5.00116486e+02 4.49420044e+02 6.71444535e-01 4.94946075e+02
    3.99654816e+02 7.33756959e-01 5.03348022e+02 4.13873444e+02
    7.35933006e-01 5.09164734e+02 4.17751251e+02 6.88690066e-01
    5.14335144e+02 4.17104950e+02 6.27042532e-01</data></hand_left_0>
</opencv_storage>
