<?xml version="1.0"?>
<opencv_storage>
<pose_0 type_id="opencv-nd-matrix">
  <sizes>
    1 18 3</sizes>
  <dt>f</dt>
  <data>
    4.73489502e+02 1.15365723e+02 8.72732639e-01 4.51994141e+02
    7.04650040e+01 7.58238077e-01 3.65826691e+02 7.05068054e+01
    7.28382051e-01 4.14783600e+02 2.40726288e+02 8.23144555e-01
    4.59752716e+02 3.79570007e+02 7.95221210e-01 5.49776978e+02
    8.21414642e+01 6.95685863e-01 5.10712006e+02 2.56244232e+02
    8.16879690e-01 4.91136353e+02 3.95161102e+02 5.13898194e-01
    3.77633545e+02 2.75893524e+02 4.15594995e-01 3.32559235e+02
    4.32389679e+02 4.83928055e-01 3.01269745e+02 4.85210907e+02
    6.99452087e-02 4.75362366e+02 2.81728729e+02 4.69766647e-01
    5.38066772e+02 4.28477142e+02 1.51438072e-01 0. 0. 0. 4.57850830e+02
    9.00169830e+01 7.18949080e-01 4.93002411e+02 8.80955276e+01
    8.39736044e-01 4.04975006e+02 4.30449142e+01 7.69674063e-01
    5.22337891e+02 3.71547203e+01 3.28922629e-01</data></pose_0>
</opencv_storage>
