<?xml version="1.0"?>
<opencv_storage>
<hand_right_0 type_id="opencv-nd-matrix">
  <sizes>
    1 21 3</sizes>
  <dt>f</dt>
  <data>
    4.60768707e+02 4.03170166e+02 6.38681054e-01 4.79143433e+02
    4.09506287e+02 7.35153496e-01 4.99419037e+02 4.17743225e+02
    7.71507800e-01 5.08923187e+02 4.29781860e+02 8.06429505e-01
    5.17793762e+02 4.39919647e+02 7.99157739e-01 4.86746796e+02
    4.25346558e+02 7.24250555e-01 4.94983734e+02 4.41820465e+02
    8.10834467e-01 5.00686249e+02 4.55759949e+02 8.29139054e-01
    5.04487915e+02 4.67798553e+02 8.93331707e-01 4.72807312e+02
    4.29148254e+02 8.07111382e-01 4.79777069e+02 4.46889374e+02
    6.97248995e-01 4.85479553e+02 4.60195221e+02 6.25848174e-01
    4.89281219e+02 4.69699402e+02 5.48859060e-01 4.58234253e+02
    4.31049072e+02 7.20727503e-01 4.60135101e+02 4.46889374e+02
    6.15823448e-01 4.62669525e+02 4.60195221e+02 7.19508886e-01
    4.59501465e+02 4.74134674e+02 7.27718413e-01 4.42393951e+02
    4.31682678e+02 6.64514363e-01 4.41760345e+02 4.44354919e+02
    7.34846890e-01 4.41760345e+02 4.55126312e+02 7.68343389e-01
    4.41760345e+02 4.64630493e+02 7.46238112e-01</data></hand_right_0>
</opencv_storage>
