<?xml version="1.0"?>
<opencv_storage>
<hand_left_0 type_id="opencv-nd-matrix">
  <sizes>
    1 21 3</sizes>
  <dt>f</dt>
  <data>
    4.58520355e+02 4.05125122e+02 5.71624160e-01 4.44423981e+02
    4.19221497e+02 6.42060816e-01 4.35521027e+02 4.37769348e+02
    5.72060347e-01 4.31069519e+02 4.51123810e+02 4.63575780e-01
    4.13263580e+02 4.51123810e+02 6.23150826e-01 4.46649719e+02
    4.36285522e+02 5.07499218e-01 4.37004852e+02 4.46672302e+02
    6.22097015e-01 4.37746765e+02 4.58542938e+02 7.30148077e-01
    4.41456329e+02 4.71155487e+02 8.43748152e-01 4.64455688e+02
    4.33317871e+02 6.99378312e-01 4.58520355e+02 4.48156158e+02
    5.03363371e-01 4.60746094e+02 4.62252502e+02 6.57029510e-01
    4.62229919e+02 4.74865051e+02 8.39749873e-01 4.78552063e+02
    4.28866364e+02 6.67615473e-01 4.86713104e+02 4.46672302e+02
    7.12139904e-01 4.94132263e+02 4.62252502e+02 6.35664165e-01
    4.85971191e+02 4.74865051e+02 5.96156955e-01 4.95616089e+02
    4.23672974e+02 7.52022684e-01 5.02293304e+02 4.33317871e+02
    7.59078324e-01 5.08228638e+02 4.39253174e+02 7.90191174e-01
    5.10454376e+02 4.45188477e+02 6.77977800e-01</data></hand_left_0>
</opencv_storage>
