<?xml version="1.0"?>
<opencv_storage>
<hand_right_0 type_id="opencv-nd-matrix">
  <sizes>
    1 21 3</sizes>
  <dt>f</dt>
  <data>
    4.60545166e+02 3.92864258e+02 5.92790782e-01 4.78181427e+02
    3.98507874e+02 6.90067291e-01 4.98639526e+02 4.06267853e+02
    6.56288266e-01 5.09926758e+02 4.14733246e+02 7.84959137e-01
    5.21919434e+02 4.22493225e+02 8.29963028e-01 4.86646851e+02
    4.14733246e+02 6.42881751e-01 4.97228638e+02 4.29547729e+02
    7.35221982e-01 5.04283142e+02 4.42951324e+02 8.50687265e-01
    5.07810394e+02 4.53533081e+02 8.28350425e-01 4.71126923e+02
    4.18260529e+02 7.42720485e-01 4.79592346e+02 4.33780457e+02
    6.89583480e-01 4.88057770e+02 4.47889465e+02 6.51891291e-01
    4.95112274e+02 4.59176697e+02 7.92734861e-01 4.54901550e+02
    4.21082306e+02 6.89308703e-01 4.59134247e+02 4.34485901e+02
    6.49213731e-01 4.61956055e+02 4.48594910e+02 8.07622194e-01
    4.65483307e+02 4.60587585e+02 8.19711864e-01 4.40792511e+02
    4.21082306e+02 6.65712059e-01 4.40792511e+02 4.35896790e+02
    7.53637969e-01 4.42203430e+02 4.47889465e+02 7.81880081e-01
    4.45730682e+02 4.59176697e+02 8.05210710e-01</data></hand_right_0>
</opencv_storage>
