<?xml version="1.0"?>
<opencv_storage>
<pose_0 type_id="opencv-nd-matrix">
  <sizes>
    1 18 3</sizes>
  <dt>f</dt>
  <data>
    4.30406372e+02 9.58840179e+01 8.65100563e-01 4.65652985e+02
    6.85137100e+01 6.94286466e-01 3.71732422e+02 6.65226059e+01
    6.97490394e-01 4.18717163e+02 2.52386353e+02 6.73583686e-01
    4.59761810e+02 3.81518524e+02 8.59060705e-01 5.69389160e+02
    8.41233978e+01 6.18325114e-01 5.26383972e+02 2.68067902e+02
    7.54986346e-01 4.94971832e+02 3.95179260e+02 5.52601218e-01
    3.81492981e+02 2.85647675e+02 4.24302042e-01 3.26746674e+02
    4.28509399e+02 4.84064221e-01 2.83688660e+02 4.81322723e+02
    9.51140448e-02 4.89107056e+02 3.01313568e+02 4.14126068e-01
    5.22397888e+02 3.87406525e+02 6.13148883e-02 0. 0. 0. 4.12838562e+02
    7.04062347e+01 8.99818063e-01 4.51985352e+02 7.24182816e+01
    7.31861651e-01 3.89352570e+02 5.48303146e+01 6.84666932e-02
    5.08748688e+02 1.76031055e+01 6.97243989e-01</data></pose_0>
</opencv_storage>
