<?xml version="1.0"?>
<opencv_storage>
<hand_right_0 type_id="opencv-nd-matrix">
  <sizes>
    1 21 3</sizes>
  <dt>f</dt>
  <data>
    4.56193420e+02 4.09153015e+02 5.08324862e-01 4.73577118e+02
    4.13325104e+02 6.44230485e-01 4.93046844e+02 4.19583221e+02
    6.73539162e-01 5.04172424e+02 4.25841370e+02 7.56751537e-01
    5.16688660e+02 4.34185547e+02 7.84213781e-01 4.82616638e+02
    4.27927399e+02 6.71589792e-01 4.93046844e+02 4.41834351e+02
    8.02146792e-01 5.02086365e+02 4.54350616e+02 8.58962476e-01
    5.07649139e+02 4.65476196e+02 9.63260472e-01 4.68709656e+02
    4.32099487e+02 7.45546639e-01 4.77749176e+02 4.46701813e+02
    7.07069039e-01 4.87484070e+02 4.59913422e+02 7.15754211e-01
    4.96523590e+02 4.71734314e+02 8.76137555e-01 4.53412018e+02
    4.36271576e+02 6.44857347e-01 4.58279449e+02 4.48092499e+02
    6.73769057e-01 4.63146881e+02 4.64085510e+02 8.05421531e-01
    4.65232941e+02 4.75211060e+02 7.11399317e-01 4.39505066e+02
    4.36966919e+02 6.63541794e-01 4.38114349e+02 4.51569244e+02
    7.64422596e-01 4.40895752e+02 4.61304108e+02 7.84709156e-01
    4.42981781e+02 4.71734314e+02 8.27384353e-01</data></hand_right_0>
</opencv_storage>
