<?xml version="1.0"?>
<opencv_storage>
<hand_left_0 type_id="opencv-nd-matrix">
  <sizes>
    1 21 3</sizes>
  <dt>f</dt>
  <data>
    4.59176971e+02 4.00242218e+02 5.40550411e-01 4.47041870e+02
    4.12377319e+02 6.38501048e-01 4.37762085e+02 4.29509216e+02
    5.07122695e-01 4.28482300e+02 4.39502838e+02 5.45880914e-01
    4.14919556e+02 4.43071991e+02 8.19577694e-01 4.49897186e+02
    4.30223053e+02 5.28532267e-01 4.39903564e+02 4.42358154e+02
    6.44833326e-01 4.40617401e+02 4.54493256e+02 7.74575472e-01
    4.44186554e+02 4.66628357e+02 8.25817108e-01 4.65601440e+02
    4.26653900e+02 6.39744341e-01 4.61318451e+02 4.45213470e+02
    5.15778065e-01 4.62746124e+02 4.58062408e+02 6.62916541e-01
    4.63459961e+02 4.70911346e+02 8.21141660e-01 4.81305695e+02
    4.23798584e+02 6.02240205e-01 4.91299286e+02 4.40216675e+02
    6.28596723e-01 4.97009949e+02 4.53065613e+02 5.90709627e-01
    5.03434387e+02 4.64486877e+02 5.92584014e-01 4.98437592e+02
    4.17374115e+02 7.14785516e-01 5.07717377e+02 4.23084747e+02
    7.67938673e-01 5.14141846e+02 4.29509216e+02 8.35896254e-01
    5.19138672e+02 4.36647522e+02 7.20541894e-01</data></hand_left_0>
</opencv_storage>
