<?xml version="1.0"?>
<opencv_storage>
<pose_0 type_id="opencv-nd-matrix">
  <sizes>
    1 18 3</sizes>
  <dt>f</dt>
  <data>
    4.30415802e+02 1.42804047e+02 8.60138774e-01 4.46103027e+02
    9.58355255e+01 7.98045039e-01 3.52234039e+02 9.78386459e+01
    7.21619368e-01 4.10850891e+02 2.64093689e+02 7.98261404e-01
    4.59803345e+02 3.99143585e+02 8.40046644e-01 5.40038269e+02
    9.77905655e+01 7.11825252e-01 5.10630096e+02 2.72031860e+02
    8.50100040e-01 4.91121887e+02 4.12883850e+02 5.29838681e-01
    3.77626343e+02 2.91532776e+02 4.28866953e-01 3.32593445e+02
    4.46063507e+02 5.35749793e-01 3.03218903e+02 4.91082794e+02
    1.40956610e-01 4.75449524e+02 3.01274445e+02 4.78292167e-01
    5.08728790e+02 4.12839722e+02 1.55581802e-01 0. 0. 0. 4.12738342e+02
    1.19339500e+02 7.59979069e-01 4.48061523e+02 1.19328941e+02
    7.83579588e-01 3.81572662e+02 9.97501831e+01 2.01774403e-01
    4.91116486e+02 5.67410545e+01 6.79983079e-01</data></pose_0>
</opencv_storage>
