<?xml version="1.0"?>
<opencv_storage>
<hand_left_0 type_id="opencv-nd-matrix">
  <sizes>
    1 21 3</sizes>
  <dt>f</dt>
  <data>
    4.65402924e+02 4.39391449e+02 4.65810537e-01 4.53015961e+02
    4.48239258e+02 5.22750199e-01 4.46527557e+02 4.59446533e+02
    4.98942643e-01 4.41218872e+02 4.73013184e+02 6.23877823e-01
    4.18804352e+02 4.77142181e+02 4.36260968e-01 4.60094238e+02
    4.58856659e+02 3.62563610e-01 4.58324677e+02 4.81271179e+02
    5.17906547e-01 4.60094238e+02 4.90708862e+02 5.94631314e-01
    4.61273956e+02 4.94247986e+02 4.31430370e-01 4.75430481e+02
    4.56497253e+02 5.37295699e-01 4.77200043e+02 4.78321899e+02
    5.07757604e-01 4.77789886e+02 4.83630585e+02 3.61211896e-01
    4.89587006e+02 4.96017548e+02 4.94412005e-01 4.90766724e+02
    4.54727692e+02 5.88777065e-01 5.00794250e+02 4.67114655e+02
    5.05046725e-01 5.09052246e+02 4.79501617e+02 4.88212585e-01
    5.04923248e+02 4.91888580e+02 6.15251482e-01 5.04333405e+02
    4.50598694e+02 7.27281392e-01 5.13771057e+02 4.58856659e+02
    5.80166817e-01 5.20259460e+02 4.65345093e+02 7.19850779e-01
    5.27927612e+02 4.71833496e+02 7.62346983e-01</data></hand_left_0>
</opencv_storage>
