<?xml version="1.0"?>
<opencv_storage>
<pose_0 type_id="opencv-nd-matrix">
  <sizes>
    1 18 3</sizes>
  <dt>f</dt>
  <data>
    4.96989197e+02 1.17379745e+02 7.34844446e-01 4.61762024e+02
    7.43762741e+01 7.38398731e-01 3.65902405e+02 7.82488937e+01
    6.19859397e-01 4.10904724e+02 2.60242706e+02 7.27459252e-01
    4.57835449e+02 3.91289856e+02 8.22630405e-01 5.69358398e+02
    8.60341110e+01 6.68575644e-01 5.24385010e+02 2.75904144e+02
    7.34722972e-01 4.95037476e+02 3.95233826e+02 5.97324610e-01
    3.79521484e+02 2.97406281e+02 4.11361426e-01 3.28690826e+02
    4.28499908e+02 4.84950244e-01 2.70003784e+02 4.87165924e+02
    8.41136053e-02 4.91067322e+02 3.13041260e+02 3.98507267e-01
    5.22376770e+02 3.99140198e+02 5.99657148e-02 0. 0. 0. 4.91028320e+02
    9.97426834e+01 7.12312460e-01 5.10711517e+02 9.97617874e+01
    4.68351662e-01 4.38284485e+02 5.86742210e+01 3.06312859e-01 0. 0. 0.</data></pose_0>
</opencv_storage>
