<?xml version="1.0"?>
<opencv_storage>
<hand_right_0 type_id="opencv-nd-matrix">
  <sizes>
    1 21 3</sizes>
  <dt>f</dt>
  <data>
    4.60191284e+02 4.01351440e+02 6.29754722e-01 4.79118256e+02
    4.08922241e+02 7.18832970e-01 4.99307037e+02 4.16493011e+02
    7.48389363e-01 5.08770538e+02 4.29111023e+02 7.92409956e-01
    5.18234009e+02 4.39205414e+02 8.04055810e-01 4.86058136e+02
    4.24063812e+02 7.15032578e-01 4.94890747e+02 4.40467194e+02
    8.11267912e-01 4.99937927e+02 4.54977875e+02 8.67886901e-01
    5.04985138e+02 4.65703186e+02 9.17195082e-01 4.72178375e+02
    4.28480103e+02 7.56813943e-01 4.80380066e+02 4.47407104e+02
    6.98972642e-01 4.86058136e+02 4.60025085e+02 6.51520729e-01
    4.89843536e+02 4.69488556e+02 5.79104364e-01 4.58298584e+02
    4.30372803e+02 7.15906322e-01 4.60191284e+02 4.47407104e+02
    5.60155153e-01 4.62714874e+02 4.60025085e+02 6.59604549e-01
    4.58929474e+02 4.74535767e+02 7.09381640e-01 4.42526093e+02
    4.29741913e+02 6.50323868e-01 4.41895203e+02 4.43621704e+02
    7.53899276e-01 4.41264282e+02 4.54346985e+02 7.53818870e-01
    4.40633392e+02 4.63810486e+02 7.46794522e-01</data></hand_right_0>
</opencv_storage>
