<?xml version="1.0"?>
<opencv_storage>
<pose_0 type_id="opencv-nd-matrix">
  <sizes>
    1 18 3</sizes>
  <dt>f</dt>
  <data>
    4.22608612e+02 1.05645576e+02 7.87939429e-01 4.42197601e+02
    8.21234818e+01 7.81662583e-01 3.52150452e+02 8.41892014e+01
    7.80477524e-01 4.10795776e+02 2.44618683e+02 7.85081506e-01
    4.59795563e+02 3.81520813e+02 8.41614127e-01 5.32204590e+02
    8.60160294e+01 7.22843349e-01 5.06794250e+02 2.56357635e+02
    8.74131501e-01 4.91125946e+02 3.97198547e+02 6.23401046e-01
    3.73713440e+02 2.85648682e+02 4.35290545e-01 3.34514374e+02
    4.30382385e+02 5.88566899e-01 3.01273895e+02 4.77387939e+02
    1.37112141e-01 4.73446777e+02 2.89538330e+02 4.80702668e-01
    5.22343567e+02 3.99101196e+02 9.11870375e-02 0. 0. 0. 4.10793610e+02
    8.01980667e+01 7.34662831e-01 4.46173645e+02 8.61527710e+01
    8.39083433e-01 3.81417816e+02 2.14340286e+01 7.27851152e-01
    4.93145355e+02 5.08364487e+01 6.49336576e-01</data></pose_0>
</opencv_storage>
