<?xml version="1.0"?>
<opencv_storage>
<hand_right_0 type_id="opencv-nd-matrix">
  <sizes>
    1 21 3</sizes>
  <dt>f</dt>
  <data>
    4.60252167e+02 3.85210083e+02 6.32234156e-01 4.77671082e+02
    3.91742188e+02 7.52515793e-01 4.97993164e+02 4.00451660e+02
    6.60861433e-01 5.08154175e+02 4.09886902e+02 7.81258047e-01
    5.20492554e+02 4.20047913e+02 8.36901546e-01 4.84928955e+02
    4.09161102e+02 7.07483292e-01 4.94364197e+02 4.25128448e+02
    8.22478771e-01 5.00896301e+02 4.38918427e+02 8.44599962e-01
    5.04525238e+02 4.49079468e+02 9.25887287e-01 4.70413208e+02
    4.12790039e+02 7.52809763e-01 4.76945313e+02 4.28031586e+02
    6.47850156e-01 4.84203186e+02 4.42547363e+02 7.56582618e-01
    4.90735260e+02 4.54885742e+02 8.52871239e-01 4.54445862e+02
    4.14967407e+02 6.97024584e-01 4.58800598e+02 4.28031586e+02
    6.44358754e-01 4.62429535e+02 4.43273132e+02 8.70743573e-01
    4.64606903e+02 4.57063110e+02 7.70665407e-01 4.40655884e+02
    4.17144775e+02 7.01520801e-01 4.41381683e+02 4.30934753e+02
    8.35565686e-01 4.42107483e+02 4.42547363e+02 8.35170329e-01
    4.45736420e+02 4.53434174e+02 7.67153144e-01</data></hand_right_0>
</opencv_storage>
