<?xml version="1.0"?>
<opencv_storage>
<hand_left_0 type_id="opencv-nd-matrix">
  <sizes>
    1 21 3</sizes>
  <dt>f</dt>
  <data>
    4.60390442e+02 3.95597626e+02 5.43285429e-01 4.46217255e+02
    4.07644836e+02 6.39839649e-01 4.37713348e+02 4.23235352e+02
    5.30560255e-01 4.27083435e+02 4.33156586e+02 5.32175183e-01
    4.15744904e+02 4.38117218e+02 7.31185853e-01 4.48343231e+02
    4.26070007e+02 4.28580701e-01 4.41256653e+02 4.40243195e+02
    6.50545299e-01 4.42673950e+02 4.52290405e+02 7.79394031e-01
    4.45508606e+02 4.62920288e+02 8.25865448e-01 4.63225098e+02
    4.23235352e+02 6.38723135e-01 4.61099121e+02 4.40243195e+02
    5.54267764e-01 4.63225098e+02 4.55125031e+02 6.30437016e-01
    4.63225098e+02 4.67880920e+02 7.36470580e-01 4.80941589e+02
    4.18274750e+02 5.90217471e-01 4.90862823e+02 4.35282562e+02
    6.01995409e-01 4.96532104e+02 4.50164429e+02 5.44090867e-01
    5.05036011e+02 4.60794312e+02 5.61355114e-01 4.97949402e+02
    4.12605469e+02 7.07304537e-01 5.07161987e+02 4.20400726e+02
    7.27930546e-01 5.13539917e+02 4.26778656e+02 7.47692525e-01
    5.18500549e+02 4.33865234e+02 6.62210405e-01</data></hand_left_0>
</opencv_storage>
