<?xml version="1.0"?>
<opencv_storage>
<hand_left_0 type_id="opencv-nd-matrix">
  <sizes>
    1 21 3</sizes>
  <dt>f</dt>
  <data>
    4.61888428e+02 4.29404388e+02 5.57988644e-01 4.49286926e+02
    4.41375824e+02 6.16669774e-01 4.39205750e+02 4.56497620e+02
    5.71482480e-01 4.25974152e+02 4.67208893e+02 5.55967808e-01
    4.13372681e+02 4.72879547e+02 7.19202816e-01 4.52437317e+02
    4.57757751e+02 5.26309133e-01 4.42356110e+02 4.67208893e+02
    6.34602189e-01 4.40465881e+02 4.77920166e+02 7.48201787e-01
    4.37315521e+02 4.85481049e+02 7.12510407e-01 4.68189178e+02
    4.53977325e+02 6.96719468e-01 4.61888428e+02 4.70989349e+02
    4.75880623e-01 4.62518494e+02 4.82960754e+02 6.74091280e-01
    4.54957611e+02 4.98082550e+02 5.69274426e-01 4.85831268e+02
    4.52717163e+02 6.76182270e-01 4.93392181e+02 4.70989349e+02
    6.64072216e-01 4.99692902e+02 4.82960754e+02 5.86288214e-01
    5.04733521e+02 4.93672028e+02 6.99414015e-01 5.00953064e+02
    4.47676575e+02 7.65295863e-01 5.09144043e+02 4.62798370e+02
    7.29560375e-01 5.14184631e+02 4.67208893e+02 6.00000083e-01
    5.18595154e+02 4.70359253e+02 4.34668869e-01</data></hand_left_0>
</opencv_storage>
