<?xml version="1.0"?>
<opencv_storage>
<hand_right_0 type_id="opencv-nd-matrix">
  <sizes>
    1 21 3</sizes>
  <dt>f</dt>
  <data>
    4.60725861e+02 3.83662292e+02 6.26422226e-01 4.77692810e+02
    3.90731842e+02 7.40415990e-01 4.97487610e+02 3.99922302e+02
    6.67274356e-01 5.08798920e+02 4.11233612e+02 8.53400111e-01
    5.20817200e+02 4.20424042e+02 8.76260459e-01 4.86176300e+02
    4.10526642e+02 7.20546246e-01 4.93245880e+02 4.24665802e+02
    7.69163609e-01 5.00315460e+02 4.39511902e+02 8.28174949e-01
    5.04557190e+02 4.50116241e+02 9.11982656e-01 4.70623260e+02
    4.12647522e+02 7.64423788e-01 4.76278900e+02 4.26786682e+02
    6.40127420e-01 4.84055420e+02 4.41632751e+02 7.19855428e-01
    4.91831970e+02 4.55771912e+02 8.33034694e-01 4.56484100e+02
    4.16182312e+02 6.60360396e-01 4.58604980e+02 4.28200592e+02
    6.98490977e-01 4.62139771e+02 4.42339722e+02 8.00797343e-01
    4.64260651e+02 4.57185822e+02 8.28119695e-01 4.40931061e+02
    4.16889282e+02 7.41086006e-01 4.41638000e+02 4.29614502e+02
    8.33420873e-01 4.42344971e+02 4.40218842e+02 8.18642139e-01
    4.45879761e+02 4.51530151e+02 7.51986146e-01</data></hand_right_0>
</opencv_storage>
