<?xml version="1.0"?>
<opencv_storage>
<hand_right_0 type_id="opencv-nd-matrix">
  <sizes>
    1 21 3</sizes>
  <dt>f</dt>
  <data>
    4.56915405e+02 3.89319244e+02 5.40872991e-01 4.76570190e+02
    3.96338806e+02 6.70129776e-01 4.95523041e+02 4.03358398e+02
    6.44605279e-01 5.07456329e+02 4.11781891e+02 7.64781952e-01
    5.20793518e+02 4.21609283e+02 8.23598862e-01 4.84993683e+02
    4.13185791e+02 6.48163438e-01 4.94821106e+02 4.27224945e+02
    7.64302671e-01 5.03244568e+02 4.41966034e+02 7.83450782e-01
    5.06754364e+02 4.51091492e+02 8.55971158e-01 4.70252594e+02
    4.15993622e+02 7.71124542e-01 4.78676086e+02 4.31436676e+02
    7.41619885e-01 4.87801514e+02 4.44071930e+02 7.86221981e-01
    4.94119141e+02 4.56707153e+02 9.26295340e-01 4.55511475e+02
    4.20205383e+02 7.26549983e-01 4.57617340e+02 4.32138641e+02
    6.71742916e-01 4.61127136e+02 4.48283661e+02 8.42169464e-01
    4.66040833e+02 4.60918884e+02 7.36241817e-01 4.38664490e+02
    4.20205383e+02 7.05935478e-01 4.38664490e+02 4.33542572e+02
    8.46576035e-01 4.39366455e+02 4.44071930e+02 7.62139797e-01
    4.42876251e+02 4.54601288e+02 7.31715083e-01</data></hand_right_0>
</opencv_storage>
