<?xml version="1.0"?>
<opencv_storage>
<hand_right_0 type_id="opencv-nd-matrix">
  <sizes>
    1 21 3</sizes>
  <dt>f</dt>
  <data>
    4.59239014e+02 3.97437561e+02 5.88989079e-01 4.77302399e+02
    4.02300781e+02 7.05747724e-01 4.98839569e+02 4.09942993e+02
    6.97295904e-01 5.08566010e+02 4.18279968e+02 6.98221743e-01
    5.17597717e+02 4.25922180e+02 7.29146838e-01 4.85639374e+02
    4.18974701e+02 6.93741381e-01 4.95365814e+02 4.35648621e+02
    7.95830905e-01 5.02313293e+02 4.48154053e+02 7.97012687e-01
    5.06481781e+02 4.58575256e+02 9.23924148e-01 4.70354950e+02
    4.23837921e+02 7.59815156e-01 4.78691895e+02 4.38427612e+02
    6.96519434e-01 4.87028870e+02 4.52322540e+02 7.45596170e-01
    4.94671082e+02 4.64827972e+02 9.17582870e-01 4.55765259e+02
    4.25227417e+02 7.19729364e-01 4.59933746e+02 4.39122375e+02
    6.82427108e-01 4.64796967e+02 4.53017303e+02 7.47921050e-01
    4.68270721e+02 4.64827972e+02 7.42749333e-01 4.39786102e+02
    4.25922180e+02 6.26756668e-01 4.39786102e+02 4.39817108e+02
    7.93019950e-01 4.41175598e+02 4.51627808e+02 7.65689492e-01
    4.43954590e+02 4.62049011e+02 8.66213024e-01</data></hand_right_0>
</opencv_storage>
