<?xml version="1.0"?>
<opencv_storage>
<pose_0 type_id="opencv-nd-matrix">
  <sizes>
    1 18 3</sizes>
  <dt>f</dt>
  <data>
    5.04759338e+02 9.97239456e+01 8.18459630e-01 4.61775177e+02
    6.85116501e+01 7.11209118e-01 3.65840332e+02 6.84482803e+01
    6.62885427e-01 4.10872162e+02 2.48457184e+02 6.91115975e-01
    4.57846588e+02 3.81486633e+02 8.49349856e-01 5.69299561e+02
    8.21200333e+01 6.80364966e-01 5.24322571e+02 2.71899902e+02
    7.49618590e-01 4.93118378e+02 3.89322235e+02 5.75298607e-01
    3.79563629e+02 2.91535553e+02 4.03683096e-01 3.28673859e+02
    4.32387329e+02 3.45782846e-01 2.87592865e+02 4.79393494e+02
    1.06036484e-01 4.89140869e+02 3.05208771e+02 4.01250988e-01
    5.22351685e+02 3.91329102e+02 6.12857640e-02 0. 0. 0. 4.85191040e+02
    8.02108765e+01 7.56024659e-01 5.20430664e+02 7.23739700e+01
    7.32328117e-01 4.26482178e+02 2.35037041e+01 7.47831702e-01 0. 0. 0.</data></pose_0>
</opencv_storage>
