<?xml version="1.0"?>
<opencv_storage>
<hand_right_0 type_id="opencv-nd-matrix">
  <sizes>
    1 21 3</sizes>
  <dt>f</dt>
  <data>
    4.59105804e+02 4.12380035e+02 5.86131096e-01 4.77516571e+02
    4.21217194e+02 7.50043690e-01 4.99609528e+02 4.30054382e+02
    7.32502341e-01 5.07710266e+02 4.38891571e+02 7.40391314e-01
    5.17283875e+02 4.48465179e+02 8.07795227e-01 4.84144470e+02
    4.37418701e+02 6.20795608e-01 4.91508789e+02 4.52883759e+02
    6.51267111e-01 4.98873108e+02 4.67612396e+02 8.05733562e-01
    5.02555267e+02 4.78658875e+02 8.40165079e-01 4.67942963e+02
    4.38155121e+02 7.27371156e-01 4.75307281e+02 4.53620209e+02
    6.18392348e-01 4.83408051e+02 4.69821686e+02 7.68752873e-01
    4.90035919e+02 4.83813904e+02 8.61917377e-01 4.53950775e+02
    4.42573730e+02 7.21311450e-01 4.57632935e+02 4.54356628e+02
    6.78381324e-01 4.59842224e+02 4.70558136e+02 8.46567929e-01
    4.63524384e+02 4.83813904e+02 8.05728734e-01 4.39222137e+02
    4.43310150e+02 6.80775642e-01 4.37012848e+02 4.58038788e+02
    7.79515564e-01 4.37749268e+02 4.66875977e+02 7.63680279e-01
    4.41431427e+02 4.77922455e+02 7.65644431e-01</data></hand_right_0>
</opencv_storage>
