<?xml version="1.0"?>
<opencv_storage>
<hand_right_0 type_id="opencv-nd-matrix">
  <sizes>
    1 21 3</sizes>
  <dt>f</dt>
  <data>
    4.64775909e+02 4.34782623e+02 5.63537955e-01 4.83072052e+02
    4.41864990e+02 5.38792610e-01 5.03138763e+02 4.48947357e+02
    7.06152141e-01 5.16713318e+02 4.61341492e+02 8.08533490e-01
    5.27927063e+02 4.69604279e+02 7.81702042e-01 4.97236786e+02
    4.52488525e+02 6.08785927e-01 5.07860352e+02 4.67833679e+02
    6.68208778e-01 5.14942749e+02 4.81408234e+02 7.86267996e-01
    5.17893738e+02 4.90851379e+02 7.95042098e-01 4.82481842e+02
    4.55439514e+02 7.15104997e-01 4.94285797e+02 4.72555267e+02
    6.16400540e-01 5.03138763e+02 4.85539612e+02 6.74489796e-01
    5.08450562e+02 4.93802368e+02 6.90705657e-01 4.68907318e+02
    4.59570923e+02 7.04631746e-01 4.77760284e+02 4.79047424e+02
    4.94888395e-01 4.79530853e+02 4.84949402e+02 4.42633092e-01
    4.93105408e+02 4.94982758e+02 5.53483069e-01 4.53562164e+02
    4.64292480e+02 6.41629457e-01 4.58873932e+02 4.79637634e+02
    6.26724243e-01 4.60054352e+02 4.87900391e+02 6.45660818e-01
    4.61234741e+02 4.93802368e+02 5.97293139e-01</data></hand_right_0>
</opencv_storage>
