<?xml version="1.0"?>
<opencv_storage>
<hand_right_0 type_id="opencv-nd-matrix">
  <sizes>
    1 21 3</sizes>
  <dt>f</dt>
  <data>
    4.57880280e+02 4.05310242e+02 6.14354551e-01 4.75992310e+02
    4.12555084e+02 7.24918067e-01 4.94828827e+02 4.21973328e+02
    7.17344344e-01 5.02798126e+02 4.33565033e+02 7.38885880e-01
    5.10767426e+02 4.43707764e+02 7.67026544e-01 4.81063690e+02
    4.29218140e+02 6.93303704e-01 4.89032990e+02 4.46605682e+02
    8.02007318e-01 4.95553314e+02 4.61095337e+02 8.19141746e-01
    4.99900208e+02 4.71962555e+02 8.74610722e-01 4.65849579e+02
    4.30667114e+02 7.13077903e-01 4.72369904e+02 4.45156738e+02
    5.58932483e-01 4.79614716e+02 4.62544281e+02 7.49781549e-01
    4.86859528e+02 4.75584961e+02 7.96495378e-01 4.52808899e+02
    4.34289520e+02 6.84513390e-01 4.54982361e+02 4.45881226e+02
    6.52831972e-01 4.59329224e+02 4.61819794e+02 7.99547434e-01
    4.60778198e+02 4.74135986e+02 8.25698674e-01 4.36870300e+02
    4.35014008e+02 6.82599485e-01 4.36145844e+02 4.49503632e+02
    8.33086610e-01 4.36870300e+02 4.58921875e+02 8.04053545e-01
    4.39043762e+02 4.69064606e+02 7.92334914e-01</data></hand_right_0>
</opencv_storage>
