<?xml version="1.0"?>
<opencv_storage>
<hand_left_0 type_id="opencv-nd-matrix">
  <sizes>
    1 21 3</sizes>
  <dt>f</dt>
  <data>
    4.62090576e+02 3.86696381e+02 5.52732527e-01 4.48337708e+02
    3.99761627e+02 6.53237283e-01 4.37335388e+02 4.16952728e+02
    6.41653121e-01 4.30458954e+02 4.25204437e+02 4.44646746e-01
    4.18769012e+02 4.29330292e+02 5.58536410e-01 4.51775909e+02
    4.17640350e+02 5.66382051e-01 4.41461273e+02 4.37582031e+02
    6.60366714e-01 4.43524200e+02 4.47896667e+02 6.06807590e-01
    4.46962402e+02 4.56148407e+02 7.26641059e-01 4.67591736e+02
    4.13514496e+02 6.49336874e-01 4.61402924e+02 4.34143799e+02
    4.51549083e-01 4.63465851e+02 4.46521393e+02 5.79519093e-01
    4.62090576e+02 4.59586639e+02 7.05943584e-01 4.81344604e+02
    4.10763916e+02 6.37571514e-01 4.90971619e+02 4.27955017e+02
    6.46762609e-01 4.96472748e+02 4.41020233e+02 6.19608760e-01
    5.02661560e+02 4.50647247e+02 5.81494093e-01 4.97848053e+02
    4.04575134e+02 7.67020881e-01 5.07475067e+02 4.16952728e+02
    7.41758823e-01 5.12976196e+02 4.22453857e+02 7.62577176e-01
    5.16414429e+02 4.27955017e+02 6.19926691e-01</data></hand_left_0>
</opencv_storage>
