<?xml version="1.0"?>
<opencv_storage>
<hand_left_0 type_id="opencv-nd-matrix">
  <sizes>
    1 21 3</sizes>
  <dt>f</dt>
  <data>
    4.57760376e+02 3.89231049e+02 6.26174450e-01 4.45621948e+02
    4.03511566e+02 6.72139227e-01 4.37053650e+02 4.22790283e+02
    6.44295931e-01 4.39195709e+02 4.36356750e+02 6.90362573e-01
    4.45621948e+02 4.51351288e+02 6.88437045e-01 4.53476227e+02
    4.16364044e+02 6.20133281e-01 4.57046356e+02 4.30644562e+02
    6.93490863e-01 4.59188446e+02 4.41354950e+02 6.43980145e-01
    4.62758575e+02 4.52779358e+02 5.36801398e-01 4.69898834e+02
    4.11365845e+02 7.51267731e-01 4.79895172e+02 4.27788452e+02
    7.32581377e-01 4.85607391e+02 4.38498840e+02 5.75378180e-01
    4.93461670e+02 4.49923248e+02 4.53896135e-01 4.84893372e+02
    4.06367676e+02 7.06774652e-01 4.94889709e+02 4.22076233e+02
    7.14214146e-01 5.01315948e+02 4.32072601e+02 6.23124838e-01
    5.07742188e+02 4.41354950e+02 6.59006834e-01 4.97031799e+02
    3.98513397e+02 7.55441546e-01 5.04886078e+02 4.02083527e+02
    7.42153227e-01 5.12026367e+02 4.07081696e+02 7.97099650e-01
    5.14882446e+02 4.12079895e+02 7.39285231e-01</data></hand_left_0>
</opencv_storage>
