<?xml version="1.0"?>
<opencv_storage>
<hand_left_0 type_id="opencv-nd-matrix">
  <sizes>
    1 21 3</sizes>
  <dt>f</dt>
  <data>
    4.61408051e+02 4.20364716e+02 4.80492026e-01 4.47098480e+02
    4.31812378e+02 6.18287683e-01 4.35650818e+02 4.51130280e+02
    5.31406581e-01 4.26349609e+02 4.56138641e+02 5.68510532e-01
    4.13470978e+02 4.59716034e+02 7.87411332e-01 4.49960388e+02
    4.48268372e+02 5.06046712e-01 4.39228210e+02 4.59716034e+02
    5.56340218e-01 4.41374634e+02 4.71879150e+02 6.61781609e-01
    4.45667511e+02 4.83326813e+02 7.79660285e-01 4.66416382e+02
    4.42544556e+02 6.52152061e-01 4.60692566e+02 4.61146973e+02
    4.22086239e-01 4.62838989e+02 4.74025604e+02 4.87557113e-01
    4.63554474e+02 4.86904205e+02 7.03318655e-01 4.82872406e+02
    4.38251678e+02 5.90688050e-01 4.92889099e+02 4.54707672e+02
    6.74759805e-01 5.00043884e+02 4.69017242e+02 6.20311618e-01
    5.05052216e+02 4.80464905e+02 6.13694966e-01 4.98612915e+02
    4.32527832e+02 7.86500096e-01 5.07914154e+02 4.37536194e+02
    7.80538917e-01 5.13637939e+02 4.43260010e+02 8.50265145e-01
    5.19361816e+02 4.48983856e+02 7.55129099e-01</data></hand_left_0>
</opencv_storage>
