<?xml version="1.0"?>
<opencv_storage>
<pose_0 type_id="opencv-nd-matrix">
  <sizes>
    1 18 3</sizes>
  <dt>f</dt>
  <data>
    5.08631958e+02 9.39386826e+01 8.07747722e-01 4.69598206e+02
    6.84512558e+01 6.95784032e-01 3.71754425e+02 6.64742813e+01
    6.30946040e-01 4.16805664e+02 2.48469421e+02 7.19380379e-01
    4.59747040e+02 3.79541504e+02 8.31949830e-01 5.73298889e+02
    7.82472839e+01 6.70877755e-01 5.26322754e+02 2.69940826e+02
    7.37074554e-01 5.00837738e+02 3.83460358e+02 6.07903838e-01
    3.83435364e+02 2.91506378e+02 4.16734278e-01 3.28697113e+02
    4.28511414e+02 4.58915293e-01 2.11349030e+02 4.93053619e+02
    1.93662480e-01 4.93071503e+02 3.05225067e+02 3.95441025e-01
    5.22360291e+02 3.83520569e+02 6.36221170e-02 0. 0. 0. 4.91020844e+02
    7.23983002e+01 8.03946614e-01 5.24343140e+02 7.03603592e+01
    8.25199246e-01 4.30393097e+02 1.56204739e+01 6.85227156e-01 0. 0. 0.</data></pose_0>
</opencv_storage>
