<?xml version="1.0"?>
<opencv_storage>
<hand_right_0 type_id="opencv-nd-matrix">
  <sizes>
    1 21 3</sizes>
  <dt>f</dt>
  <data>
    4.60023834e+02 4.03564758e+02 5.32803118e-01 4.78080902e+02
    4.10787567e+02 7.13236868e-01 4.99749390e+02 4.18732697e+02
    6.98111951e-01 5.12028198e+02 4.26677795e+02 6.68096066e-01
    5.19973328e+02 4.35345215e+02 7.34168828e-01 4.83859161e+02
    4.25233246e+02 6.00999355e-01 4.94693420e+02 4.39678894e+02
    7.48825669e-01 5.01193970e+02 4.54124573e+02 8.17107141e-01
    5.06249939e+02 4.64958801e+02 8.62864852e-01 4.67968933e+02
    4.26677795e+02 7.21862316e-01 4.77358612e+02 4.42568024e+02
    6.39408708e-01 4.83859161e+02 4.57013702e+02 7.24635124e-01
    4.92526550e+02 4.70737061e+02 8.12379479e-01 4.54245575e+02
    4.30289215e+02 6.39518499e-01 4.57856964e+02 4.42568024e+02
    6.80424511e-01 4.60746124e+02 4.59902832e+02 8.27063859e-01
    4.65802094e+02 4.72181641e+02 8.38709414e-01 4.37633057e+02
    4.28122375e+02 6.31906509e-01 4.37633057e+02 4.44012604e+02
    8.18208218e-01 4.39077606e+02 4.55569122e+02 7.39772320e-01
    4.42689026e+02 4.67125641e+02 7.80486047e-01</data></hand_right_0>
</opencv_storage>
