<?xml version="1.0"?>
<opencv_storage>
<pose_0 type_id="opencv-nd-matrix">
  <sizes>
    1 18 3</sizes>
  <dt>f</dt>
  <data>
    5.06662720e+02 8.61343765e+01 8.28586459e-01 4.61805725e+02
    7.04279099e+01 7.43359089e-01 3.67772736e+02 6.83975983e+01
    6.55719876e-01 4.12902954e+02 2.56279724e+02 7.36096203e-01
    4.59667847e+02 3.81447418e+02 8.51311445e-01 5.65432312e+02
    7.82714920e+01 6.37340605e-01 5.22473755e+02 2.70008270e+02
    7.33844042e-01 4.94995758e+02 3.89317719e+02 5.92992008e-01
    3.79548553e+02 2.95449524e+02 4.20336097e-01 3.30637604e+02
    4.30468689e+02 5.00149965e-01 3.05200989e+02 4.89117096e+02
    1.17874540e-01 4.91049377e+02 3.07198120e+02 4.06252325e-01
    5.41948853e+02 4.26518494e+02 5.86923324e-02 0. 0. 0. 4.87197113e+02
    6.85000076e+01 7.17087924e-01 5.22401550e+02 6.45535126e+01
    7.21507251e-01 4.16790771e+02 3.88692260e+00 6.00374341e-01 0. 0. 0.</data></pose_0>
</opencv_storage>
