<?xml version="1.0"?>
<opencv_storage>
<pose_0 type_id="opencv-nd-matrix">
  <sizes>
    2 18 3</sizes>
  <dt>f</dt>
  <data>
    4.95057465e+02 1.48758652e+02 8.20081830e-01 4.71489990e+02
    9.39494400e+01 7.55072474e-01 3.67781830e+02 9.00442123e+01
    6.49259686e-01 4.12733002e+02 2.81727051e+02 7.27142394e-01
    4.59712433e+02 4.06967865e+02 8.55545640e-01 5.73235168e+02
    1.03663376e+02 6.67980492e-01 5.34081665e+02 2.89652191e+02
    7.63733745e-01 4.95026001e+02 4.12756439e+02 6.54665351e-01
    3.73725250e+02 2.99354126e+02 4.16803360e-01 3.22851379e+02
    4.34365234e+02 3.90252531e-01 2.81736237e+02 4.85196899e+02
    1.03896111e-01 4.87158508e+02 3.07209320e+02 4.23633784e-01
    5.49767212e+02 4.49997345e+02 1.17388733e-01 0. 0. 0. 4.85237274e+02
    1.31109894e+02 8.02683711e-01 5.10748474e+02 1.31082672e+02
    6.79998159e-01 4.28447601e+02 7.04884872e+01 7.00060725e-01
    5.40037720e+02 8.41501236e+01 1.00158252e-01 0. 0. 0. 0. 0. 0. 0. 0.
    0. 0. 0. 0. 0. 0. 0. 0. 0. 0. 0. 0. 0. 0. 0. 0. 0. 0. 0. 0. 0. 0. 0.
    0. 0. 6.86743164e+02 4.83271820e+02 6.03973530e-02 9.64588684e+02
    5.22403381e+02 1.28833249e-01 1.12108569e+03 5.28250854e+02
    3.19279194e-01 0. 0. 0. 0. 0. 0. 0. 0. 0. 0. 0. 0.</data></pose_0>
</opencv_storage>
