<?xml version="1.0"?>
<opencv_storage>
<hand_right_0 type_id="opencv-nd-matrix">
  <sizes>
    1 21 3</sizes>
  <dt>f</dt>
  <data>
    4.56989258e+02 3.93360443e+02 5.97886503e-01 4.73837799e+02
    3.97404083e+02 6.51364088e-01 4.93382080e+02 4.02795624e+02
    6.68104887e-01 5.05513031e+02 4.12230804e+02 8.30430090e-01
    5.18991882e+02 4.20992035e+02 8.03215146e-01 4.83272980e+02
    4.12904755e+02 6.70176506e-01 4.95403931e+02 4.28405396e+02
    8.04300785e-01 5.04165161e+02 4.41210266e+02 8.73634517e-01
    5.08882751e+02 4.51319397e+02 9.15332496e-01 4.69120209e+02
    4.18296265e+02 7.48817503e-01 4.79903259e+02 4.34470856e+02
    7.00815797e-01 4.88664490e+02 4.47949707e+02 6.95497334e-01
    4.96751801e+02 4.59406708e+02 8.40354741e-01 4.55641357e+02
    4.23013855e+02 7.30757594e-01 4.58337128e+02 4.34470856e+02
    6.33426547e-01 4.63054718e+02 4.49971527e+02 7.78499067e-01
    4.67772308e+02 4.61428528e+02 7.61277556e-01 4.40140717e+02
    4.23013855e+02 6.93238556e-01 4.40140717e+02 4.38514526e+02
    8.04526210e-01 4.40814667e+02 4.49297577e+02 7.33691335e-01
    4.44184357e+02 4.59406708e+02 7.97529340e-01</data></hand_right_0>
</opencv_storage>
