<?xml version="1.0"?>
<opencv_storage>
<hand_left_0 type_id="opencv-nd-matrix">
  <sizes>
    1 21 3</sizes>
  <dt>f</dt>
  <data>
    4.61072113e+02 3.87054993e+02 5.66287935e-01 4.47774689e+02
    4.01052277e+02 6.42921567e-01 4.39376312e+02 4.19948639e+02
    5.77633440e-01 4.39376312e+02 4.35345642e+02 6.18576527e-01
    4.45675110e+02 4.50742676e+02 4.35476959e-01 4.54773346e+02
    4.16449310e+02 6.50778651e-01 4.55473206e+02 4.29746735e+02
    3.08715045e-01 4.44975250e+02 4.43044159e+02 4.04170305e-01
    4.47774689e+02 4.53542114e+02 5.45527756e-01 4.69470490e+02
    4.10150513e+02 6.72949851e-01 4.79968475e+02 4.29746735e+02
    4.45879132e-01 4.63871582e+02 4.43744019e+02 4.49901968e-01
    4.62471863e+02 4.54242004e+02 6.58392429e-01 4.84867523e+02
    4.05951324e+02 6.41848564e-01 4.94665619e+02 4.24147827e+02
    5.41041195e-01 5.00964417e+02 4.34645782e+02 5.99973321e-01
    5.06563324e+02 4.44443878e+02 6.32215023e-01 4.96765228e+02
    3.97552948e+02 7.43702471e-01 5.07263184e+02 4.03151886e+02
    8.27443182e-01 5.13561951e+02 4.09450653e+02 7.97536671e-01
    5.19160889e+02 4.17149170e+02 7.46939659e-01</data></hand_left_0>
</opencv_storage>
