<?xml version="1.0"?>
<opencv_storage>
<hand_left_0 type_id="opencv-nd-matrix">
  <sizes>
    1 21 3</sizes>
  <dt>f</dt>
  <data>
    4.56817413e+02 3.93315094e+02 5.41387498e-01 4.45530670e+02
    4.06012665e+02 6.06442750e-01 4.37065613e+02 4.22942780e+02
    4.58361089e-01 4.28600555e+02 4.34229492e+02 6.40547216e-01
    4.16608398e+02 4.38462036e+02 8.01420093e-01 4.50468597e+02
    4.22237335e+02 5.00650883e-01 4.41298126e+02 4.34229492e+02
    6.09874189e-01 4.42708984e+02 4.46221649e+02 7.13780940e-01
    4.44825256e+02 4.57508392e+02 7.86789417e-01 4.67398712e+02
    4.17299408e+02 6.42031252e-01 4.61755341e+02 4.34934906e+02
    5.66068113e-01 4.64577026e+02 4.48337921e+02 6.76713526e-01
    4.63871613e+02 4.61035492e+02 7.18310595e-01 4.82917969e+02
    4.11656036e+02 6.35805964e-01 4.94910126e+02 4.29291565e+02
    5.34927666e-01 4.90677612e+02 4.44810822e+02 5.19696414e-01
    4.94910126e+02 4.55392120e+02 6.16812825e-01 4.97731812e+02
    4.03190979e+02 6.60266936e-01 5.06902283e+02 4.08128937e+02
    6.90346301e-01 5.13251038e+02 4.15183136e+02 7.26458788e-01
    5.16778198e+02 4.20826508e+02 6.52586699e-01</data></hand_left_0>
</opencv_storage>
