<?xml version="1.0"?>
<opencv_storage>
<pose_0 type_id="opencv-nd-matrix">
  <sizes>
    1 18 3</sizes>
  <dt>f</dt>
  <data>
    4.98939087e+02 1.48724701e+02 7.73692667e-01 4.67604279e+02
    9.39177170e+01 7.88588047e-01 3.67808380e+02 8.80922012e+01
    6.27363801e-01 4.10865875e+02 2.77827240e+02 7.37040341e-01
    4.59670624e+02 4.06969635e+02 8.51517498e-01 5.69388000e+02
    1.01775810e+02 6.70727849e-01 5.26317200e+02 2.89623413e+02
    7.49921083e-01 4.96953857e+02 4.12790100e+02 6.67152941e-01
    3.77591797e+02 2.99338379e+02 4.00813788e-01 3.24773590e+02
    4.30469574e+02 4.02340382e-01 2.77839569e+02 4.77450897e+02
    1.27527684e-01 4.89135559e+02 3.09130463e+02 4.17447418e-01
    5.49788879e+02 4.46088135e+02 1.47396982e-01 0. 0. 0. 4.89092468e+02
    1.32972900e+02 7.81231463e-01 5.12639221e+02 1.31126312e+02
    5.66548586e-01 4.38255615e+02 8.41142426e+01 3.38214636e-01
    5.37967285e+02 7.63369522e+01 7.71349594e-02</data></pose_0>
</opencv_storage>
