<?xml version="1.0"?>
<opencv_storage>
<pose_0 type_id="opencv-nd-matrix">
  <sizes>
    1 18 3</sizes>
  <dt>f</dt>
  <data>
    4.30368744e+02 1.38924408e+02 8.59949529e-01 4.44139954e+02
    9.39106979e+01 7.94330299e-01 3.52119049e+02 9.78316193e+01
    7.29265451e-01 4.08871948e+02 2.60224426e+02 7.96867609e-01
    4.59778229e+02 3.97241882e+02 8.26105714e-01 5.38095947e+02
    9.19848251e+01 7.03661859e-01 5.08783142e+02 2.71939026e+02
    8.51341248e-01 4.91125488e+02 4.14802643e+02 5.68392217e-01
    3.75677612e+02 2.93500031e+02 4.33848619e-01 3.32613220e+02
    4.44095367e+02 5.48553765e-01 3.03265472e+02 4.91092834e+02
    1.35858968e-01 4.75440155e+02 3.01319336e+02 4.85395700e-01
    5.12609253e+02 4.12796509e+02 1.28619164e-01 0. 0. 0. 4.10826019e+02
    1.17433975e+02 7.55042911e-01 4.46163727e+02 1.17364044e+02
    8.03000271e-01 3.81402557e+02 9.58596573e+01 1.96036682e-01
    4.89160767e+02 5.48613548e+01 6.38387024e-01</data></pose_0>
</opencv_storage>
