<?xml version="1.0"?>
<opencv_storage>
<pose_0 type_id="opencv-nd-matrix">
  <sizes>
    1 18 3</sizes>
  <dt>f</dt>
  <data>
    4.59763947e+02 1.62455841e+02 6.97690606e-01 4.71545624e+02
    1.01731140e+02 8.14829767e-01 3.73688263e+02 9.97119064e+01
    6.97830319e-01 4.14812866e+02 2.87535583e+02 7.54589081e-01
    4.59829437e+02 4.12854706e+02 8.79360318e-01 5.73314575e+02
    1.13419655e+02 6.22158110e-01 5.34146790e+02 2.99376923e+02
    7.60145724e-01 4.93108276e+02 4.24538818e+02 5.71492791e-01
    3.81478760e+02 2.91542725e+02 4.09652770e-01 3.18927032e+02
    4.46079285e+02 2.01170102e-01 0. 0. 0. 4.91030548e+02 3.09151489e+02
    4.44859385e-01 5.41994873e+02 4.55832520e+02 1.43508285e-01 0. 0. 0.
    4.46068390e+02 1.46624512e+02 5.34533083e-01 4.77449127e+02
    1.48679764e+02 6.40593946e-01 4.08915802e+02 9.00156250e+01
    2.26993889e-01 5.10657715e+02 7.63375320e+01 2.30155230e-01</data></pose_0>
</opencv_storage>
