<?xml version="1.0"?>
<opencv_storage>
<pose_0 type_id="opencv-nd-matrix">
  <sizes>
    1 18 3</sizes>
  <dt>f</dt>
  <data>
    4.87181000e+02 1.93641586e+02 8.00226927e-01 4.65666748e+02
    1.03738640e+02 7.21029282e-01 3.67789124e+02 9.78365021e+01
    6.47765160e-01 4.14718811e+02 2.99362640e+02 7.97710299e-01
    4.59784210e+02 4.18708984e+02 8.16848814e-01 5.65434692e+02
    1.15396667e+02 6.57987833e-01 5.22424744e+02 3.03244904e+02
    8.45908403e-01 4.89157593e+02 4.26482819e+02 5.84835768e-01
    3.77618164e+02 2.77817078e+02 3.60875756e-01 3.24762299e+02
    4.28524597e+02 5.32697618e-01 2.75880402e+02 4.79335938e+02
    6.59313649e-02 4.91072357e+02 3.01298340e+02 4.19668049e-01
    5.41978699e+02 4.44152863e+02 2.40245149e-01 0. 0. 0. 4.73512848e+02
    1.77999237e+02 8.77856374e-01 4.97027313e+02 1.78100342e+02
    5.17309010e-01 4.12844604e+02 1.15473320e+02 5.59983313e-01
    5.30233154e+02 1.11468071e+02 1.05101846e-01</data></pose_0>
</opencv_storage>
