<?xml version="1.0"?>
<opencv_storage>
<hand_left_0 type_id="opencv-nd-matrix">
  <sizes>
    1 21 3</sizes>
  <dt>f</dt>
  <data>
    4.58765656e+02 4.15864319e+02 5.09839356e-01 4.46252869e+02
    4.29072235e+02 6.09477043e-01 4.37215881e+02 4.49926880e+02
    4.51360166e-01 4.26788574e+02 4.56183258e+02 5.42727709e-01
    4.15666107e+02 4.59659027e+02 7.35331178e-01 4.46948029e+02
    4.42280182e+02 4.90133733e-01 4.39996490e+02 4.56183258e+02
    6.69962525e-01 4.41386810e+02 4.68000885e+02 7.44549632e-01
    4.44167419e+02 4.78428192e+02 8.12069535e-01 4.64326874e+02
    4.40194702e+02 6.56358480e-01 4.59460815e+02 4.55488098e+02
    5.97070932e-01 4.62241425e+02 4.68696045e+02 6.60226822e-01
    4.63631744e+02 4.80513641e+02 7.57342994e-01 4.81705750e+02
    4.35328644e+02 5.84317625e-01 4.92133057e+02 4.53402649e+02
    5.09322405e-01 4.98389435e+02 4.66610565e+02 5.04575849e-01
    5.05340973e+02 4.76342712e+02 5.82620859e-01 4.97694275e+02
    4.28377075e+02 7.37410069e-01 5.05340973e+02 4.33938324e+02
    8.32774043e-01 5.12292542e+02 4.40194702e+02 8.32618117e-01
    5.17158630e+02 4.45755951e+02 7.37243354e-01</data></hand_left_0>
</opencv_storage>
