<?xml version="1.0"?>
<opencv_storage>
<hand_left_0 type_id="opencv-nd-matrix">
  <sizes>
    1 21 3</sizes>
  <dt>f</dt>
  <data>
    4.59797028e+02 3.90169220e+02 5.55544496e-01 4.47657593e+02
    4.03022766e+02 6.26557708e-01 4.39802643e+02 4.21588959e+02
    5.85376441e-01 4.39802643e+02 4.36584747e+02 5.13693213e-01
    4.45515320e+02 4.51580536e+02 4.51061100e-01 4.52656189e+02
    4.15162201e+02 5.71651697e-01 4.41944916e+02 4.28729797e+02
    4.85391468e-01 4.42658997e+02 4.42297424e+02 5.30018330e-01
    4.46229431e+02 4.53008698e+02 5.92390418e-01 4.68366058e+02
    4.10163605e+02 6.36039376e-01 4.59797028e+02 4.28729797e+02
    3.79497826e-01 4.64081543e+02 4.43011505e+02 5.88400245e-01
    4.64081543e+02 4.55150940e+02 6.72916234e-01 4.81933655e+02
    4.05879089e+02 6.26062334e-01 4.92644928e+02 4.21588959e+02
    5.51093578e-01 4.98357605e+02 4.33728394e+02 4.78798956e-01
    5.06212555e+02 4.43011505e+02 5.41888058e-01 4.96929443e+02
    3.96595978e+02 7.15176344e-01 5.05498474e+02 4.01594574e+02
    8.19200814e-01 5.11211151e+02 4.07307251e+02 8.24129999e-01
    5.16923828e+02 4.13019958e+02 7.52243340e-01</data></hand_left_0>
</opencv_storage>
