<?xml version="1.0"?>
<opencv_storage>
<hand_left_0 type_id="opencv-nd-matrix">
  <sizes>
    1 21 3</sizes>
  <dt>f</dt>
  <data>
    4.56020905e+02 3.96833679e+02 5.61319888e-01 4.44126465e+02
    4.11701721e+02 6.47599280e-01 4.35205627e+02 4.32516968e+02
    4.93743688e-01 4.32232025e+02 4.43667999e+02 3.68835300e-01
    4.14390381e+02 4.42181213e+02 4.51129556e-01 4.49330292e+02
    4.27313171e+02 5.08762062e-01 4.38922638e+02 4.40694397e+02
    5.67371249e-01 4.40409454e+02 4.54075653e+02 6.77200615e-01
    4.44869873e+02 4.65226685e+02 7.80305147e-01 4.64941711e+02
    4.23596161e+02 5.96823692e-01 4.56764282e+02 4.41437805e+02
    4.32117999e-01 4.60481293e+02 4.54819031e+02 4.92962211e-01
    4.61224701e+02 4.68200287e+02 7.39829302e-01 4.80553162e+02
    4.18392334e+02 6.06750250e-01 4.92447601e+02 4.35490601e+02
    5.91438890e-01 4.96908020e+02 4.45898224e+02 4.88378465e-01
    5.03598633e+02 4.55562439e+02 5.51441014e-01 4.96164612e+02
    4.09471527e+02 6.37512088e-01 5.04342010e+02 4.13188538e+02
    8.06432962e-01 5.11032654e+02 4.18392334e+02 7.93928623e-01
    5.16236450e+02 4.24339569e+02 7.52322376e-01</data></hand_left_0>
</opencv_storage>
