<?xml version="1.0"?>
<opencv_storage>
<pose_0 type_id="opencv-nd-matrix">
  <sizes>
    1 18 3</sizes>
  <dt>f</dt>
  <data>
    5.02853302e+02 1.01679451e+02 8.35626066e-01 4.61712982e+02
    7.04449387e+01 7.29319811e-01 3.65824768e+02 6.85018845e+01
    6.72487080e-01 4.10835907e+02 2.52406799e+02 7.10078239e-01
    4.57817932e+02 3.81579254e+02 8.54474545e-01 5.69318359e+02
    8.21653366e+01 6.91797495e-01 5.24344482e+02 2.71982361e+02
    7.51052618e-01 4.93066864e+02 3.87419006e+02 5.73392808e-01
    3.79538055e+02 2.91548035e+02 4.02883798e-01 3.26748596e+02
    4.32375824e+02 3.60224694e-01 2.83708466e+02 4.79351593e+02
    1.16792642e-01 4.91033569e+02 3.07199158e+02 3.89149040e-01
    5.20466553e+02 3.99110748e+02 6.34722933e-02 0. 0. 0. 4.83252167e+02
    8.40428619e+01 7.99842715e-01 5.18514343e+02 7.82675018e+01
    7.35349715e-01 4.24556549e+02 2.73724155e+01 6.81118846e-01 0. 0. 0.</data></pose_0>
</opencv_storage>
