<?xml version="1.0"?>
<opencv_storage>
<pose_0 type_id="opencv-nd-matrix">
  <sizes>
    1 18 3</sizes>
  <dt>f</dt>
  <data>
    4.59717468e+02 1.48788727e+02 7.66261935e-01 4.63672363e+02
    9.39094696e+01 8.11027348e-01 3.65834961e+02 9.38963852e+01
    6.83038175e-01 4.08929840e+02 2.81739380e+02 7.10484684e-01
    4.59659210e+02 4.03050507e+02 8.46090436e-01 5.69410767e+02
    1.01734299e+02 6.91725552e-01 5.32195129e+02 2.89503571e+02
    7.85084307e-01 4.96950958e+02 4.10814178e+02 6.20439231e-01
    3.77586121e+02 2.85666595e+02 4.03328687e-01 3.26710815e+02
    4.30382904e+02 5.04762709e-01 2.87595612e+02 4.79344177e+02
    1.09860681e-01 4.89145111e+02 3.03265991e+02 3.76146734e-01
    5.43917053e+02 4.46087311e+02 9.53863263e-02 0. 0. 0. 4.44124756e+02
    1.32969467e+02 6.97439015e-01 4.77333160e+02 1.33099655e+02
    6.45172894e-01 4.10882507e+02 8.21642990e+01 3.80572587e-01
    5.10651398e+02 7.04131165e+01 3.29217494e-01</data></pose_0>
</opencv_storage>
