<?xml version="1.0"?>
<opencv_storage>
<hand_left_0 type_id="opencv-nd-matrix">
  <sizes>
    1 21 3</sizes>
  <dt>f</dt>
  <data>
    4.57044159e+02 4.09125397e+02 5.11858225e-01 4.43715515e+02
    4.21051025e+02 6.18184030e-01 4.34595917e+02 4.37887207e+02
    4.54288095e-01 4.26879333e+02 4.47708313e+02 5.02259195e-01
    4.14953705e+02 4.49111328e+02 7.52593398e-01 4.45118530e+02
    4.32275146e+02 5.46972275e-01 4.39506470e+02 4.48409821e+02
    6.82063699e-01 4.39506470e+02 4.59633942e+02 7.18491793e-01
    4.43715515e+02 4.70858063e+02 8.24019074e-01 4.62656219e+02
    4.30872131e+02 6.65112853e-01 4.57044159e+02 4.45603790e+02
    5.99206030e-01 4.61954712e+02 4.61036957e+02 6.75572097e-01
    4.62656219e+02 4.72261078e+02 7.71868408e-01 4.79492401e+02
    4.25961578e+02 6.57651722e-01 4.90716522e+02 4.42096252e+02
    5.41159272e-01 4.90716522e+02 4.58230927e+02 5.31443477e-01
    4.95627075e+02 4.69455048e+02 6.45611107e-01 4.96328583e+02
    4.18946503e+02 6.60813987e-01 5.06149689e+02 4.23155548e+02
    6.67216301e-01 5.12463257e+02 4.28066101e+02 7.44068503e-01
    5.16672302e+02 4.35081177e+02 5.93052566e-01</data></hand_left_0>
</opencv_storage>
