<?xml version="1.0"?>
<opencv_storage>
<hand_right_0 type_id="opencv-nd-matrix">
  <sizes>
    1 21 3</sizes>
  <dt>f</dt>
  <data>
    4.62544189e+02 4.05435059e+02 6.59511209e-01 4.79763062e+02
    4.11174683e+02 7.52769351e-01 4.99532898e+02 4.20740753e+02
    7.83797622e-01 5.08461212e+02 4.34133209e+02 7.69048929e-01
    5.18027222e+02 4.43699249e+02 8.14591110e-01 4.88053650e+02
    4.29669037e+02 7.50903368e-01 4.95706482e+02 4.45612457e+02
    8.01974297e-01 5.02721588e+02 4.59004913e+02 7.88980842e-01
    5.04634796e+02 4.71121918e+02 8.96116555e-01 4.72747986e+02
    4.31582245e+02 8.39047074e-01 4.79763062e+02 4.48163391e+02
    6.72947645e-01 4.86140442e+02 4.62831329e+02 6.14713788e-01
    4.86778168e+02 4.72397369e+02 4.37447280e-01 4.57442291e+02
    4.33495453e+02 7.09784269e-01 4.59993256e+02 4.46887939e+02
    7.28756249e-01 4.62544189e+02 4.61555878e+02 7.82742262e-01
    4.62544189e+02 4.74310577e+02 7.12680936e-01 4.42136627e+02
    4.32857727e+02 6.57562017e-01 4.42136627e+02 4.45612457e+02
    7.63769686e-01 4.42136627e+02 4.56453979e+02 8.03386152e-01
    4.42136627e+02 4.66657745e+02 8.09739888e-01</data></hand_right_0>
</opencv_storage>
