<?xml version="1.0"?>
<opencv_storage>
<hand_left_0 type_id="opencv-nd-matrix">
  <sizes>
    1 21 3</sizes>
  <dt>f</dt>
  <data>
    4.61563019e+02 3.79981171e+02 5.67112625e-01 4.48724426e+02
    3.91535889e+02 6.35822833e-01 4.39095490e+02 4.07584137e+02
    5.96534848e-01 4.26256927e+02 4.17854980e+02 7.06963539e-01
    4.15344116e+02 4.25558136e+02 7.85753489e-01 4.51934082e+02
    4.11435699e+02 4.81824398e-01 4.42947083e+02 4.18496918e+02
    4.98800516e-01 4.41021301e+02 4.30051666e+02 7.55963206e-01
    4.36527771e+02 4.38396729e+02 7.70265758e-01 4.67340393e+02
    4.08226044e+02 6.94821477e-01 4.62846893e+02 4.26842010e+02
    3.49128664e-01 4.60279175e+02 4.38396729e+02 6.32830381e-01
    4.49366364e+02 4.53803040e+02 6.74929082e-01 4.82746704e+02
    4.05016418e+02 7.17950106e-01 4.92375641e+02 4.22990417e+02
    7.29703367e-01 4.98152985e+02 4.35829010e+02 5.99711776e-01
    5.02646515e+02 4.46741821e+02 6.71059251e-01 4.97511078e+02
    3.96671326e+02 7.33798742e-01 5.04572296e+02 4.08867981e+02
    7.05190957e-01 5.10991577e+02 4.14003418e+02 7.57006466e-01
    5.16127014e+02 4.15287292e+02 6.27608418e-01</data></hand_left_0>
</opencv_storage>
