<?xml version="1.0"?>
<opencv_storage>
<hand_left_0 type_id="opencv-nd-matrix">
  <sizes>
    1 21 3</sizes>
  <dt>f</dt>
  <data>
    4.62179321e+02 4.21777985e+02 5.52818477e-01 4.49367676e+02
    4.32667908e+02 6.43086791e-01 4.39118347e+02 4.48041870e+02
    6.43142581e-01 4.25666107e+02 4.58291199e+02 7.21142113e-01
    4.13495056e+02 4.65337616e+02 8.23461473e-01 4.53851746e+02
    4.51885376e+02 5.11626363e-01 4.42961853e+02 4.61494110e+02
    5.80556035e-01 4.40399506e+02 4.73665161e+02 8.05686831e-01
    4.39758942e+02 4.83273895e+02 6.66725039e-01 4.69225708e+02
    4.48682465e+02 7.06164122e-01 4.60257568e+02 4.65337616e+02
    4.04804289e-01 4.61538727e+02 4.79430420e+02 7.02057421e-01
    4.56414063e+02 4.94163818e+02 6.44274473e-01 4.85240295e+02
    4.45479553e+02 6.89938366e-01 4.94208435e+02 4.64697021e+02
    7.05705225e-01 5.00614258e+02 4.78149261e+02 6.26595676e-01
    5.05098328e+02 4.89679749e+02 7.75657594e-01 5.00614258e+02
    4.40354889e+02 7.76081026e-01 5.10222992e+02 4.55728851e+02
    6.76020145e-01 5.15347656e+02 4.60212952e+02 6.72913432e-01
    5.19191162e+02 4.64056427e+02 5.09593129e-01</data></hand_left_0>
</opencv_storage>
