<?xml version="1.0"?>
<opencv_storage>
<hand_left_0 type_id="opencv-nd-matrix">
  <sizes>
    1 21 3</sizes>
  <dt>f</dt>
  <data>
    4.58910339e+02 3.84403168e+02 5.22347391e-01 4.47942200e+02
    3.96661682e+02 6.34867549e-01 4.37619232e+02 4.12791290e+02
    5.49716115e-01 4.27296265e+02 4.23759460e+02 7.85333872e-01
    4.16328125e+02 4.31501678e+02 7.41265357e-01 4.49232544e+02
    4.08920197e+02 4.19282556e-01 4.42780701e+02 4.19243164e+02
    5.92834592e-01 4.43425903e+02 4.34082397e+02 7.23623216e-01
    4.46651825e+02 4.47631287e+02 6.58066154e-01 4.66652557e+02
    4.06984619e+02 6.05826616e-01 4.64717010e+02 4.24404633e+02
    4.12096173e-01 4.63426636e+02 4.39243896e+02 7.34243631e-01
    4.58910339e+02 4.54728333e+02 6.72141731e-01 4.83427368e+02
    4.04403900e+02 6.52175248e-01 4.91814758e+02 4.21178711e+02
    6.59031987e-01 4.84072540e+02 4.38598694e+02 5.55505097e-01
    4.78265900e+02 4.50212036e+02 6.21965647e-01 4.98266632e+02
    3.99242401e+02 6.80308878e-01 5.05363647e+02 4.08920197e+02
    5.57075083e-01 5.11170319e+02 4.14081665e+02 6.86528563e-01
    5.13751038e+02 4.14726868e+02 5.46985328e-01</data></hand_left_0>
</opencv_storage>
