<?xml version="1.0"?>
<opencv_storage>
<pose_0 type_id="opencv-nd-matrix">
  <sizes>
    1 18 3</sizes>
  <dt>f</dt>
  <data>
    4.61769470e+02 1.09576599e+02 8.38910103e-01 4.46152588e+02
    7.23766403e+01 7.48208046e-01 3.61932098e+02 7.23682709e+01
    7.12687016e-01 4.12758575e+02 2.40568268e+02 8.19356918e-01
    4.59802948e+02 3.69822418e+02 8.12320948e-01 5.41922913e+02
    8.40421677e+01 7.30808616e-01 5.10666443e+02 2.56213165e+02
    8.22792530e-01 4.94983337e+02 3.91262665e+02 4.97278661e-01
    3.77599060e+02 2.81758850e+02 4.27959144e-01 3.32599121e+02
    4.30491333e+02 5.19200563e-01 3.07163147e+02 4.93037384e+02
    5.93389198e-02 4.73502411e+02 2.87582977e+02 4.70459431e-01
    5.10683594e+02 3.85443390e+02 1.01872467e-01 0. 0. 0. 4.46090607e+02
    8.61272659e+01 8.23809683e-01 4.85197540e+02 8.41833267e+01
    8.64338815e-01 3.97126495e+02 4.30181351e+01 7.47067809e-01
    5.10658325e+02 2.34854755e+01 5.85744321e-01</data></pose_0>
</opencv_storage>
