<?xml version="1.0"?>
<opencv_storage>
<hand_left_0 type_id="opencv-nd-matrix">
  <sizes>
    1 21 3</sizes>
  <dt>f</dt>
  <data>
    4.56989502e+02 4.07373627e+02 5.21535575e-01 4.45568237e+02
    4.22364044e+02 6.00323141e-01 4.36288452e+02 4.40209778e+02
    3.94570351e-01 4.24867157e+02 4.46634247e+02 4.38943893e-01
    4.13445892e+02 4.50203400e+02 7.84478247e-01 4.46995880e+02
    4.33785309e+02 5.21624744e-01 4.39857605e+02 4.45920410e+02
    7.33130932e-01 4.41285248e+02 4.58769348e+02 7.72043169e-01
    4.42712921e+02 4.69476776e+02 7.98961222e-01 4.64127808e+02
    4.29502319e+02 6.70889676e-01 4.59130981e+02 4.45920410e+02
    5.96804142e-01 4.64127808e+02 4.60910828e+02 6.61437690e-01
    4.64127808e+02 4.73759766e+02 7.58116126e-01 4.81259705e+02
    4.25219360e+02 6.50829554e-01 4.91253326e+02 4.40209778e+02
    5.52311778e-01 4.89111816e+02 4.57341675e+02 5.05008101e-01
    4.95536285e+02 4.68762939e+02 5.81327856e-01 4.97677795e+02
    4.17367218e+02 7.09486842e-01 5.05529907e+02 4.23077850e+02
    7.48195767e-01 5.12668213e+02 4.28788513e+02 7.70953894e-01
    5.15523499e+02 4.36640625e+02 6.27139449e-01</data></hand_left_0>
</opencv_storage>
