<?xml version="1.0"?>
<opencv_storage>
<hand_right_0 type_id="opencv-nd-matrix">
  <sizes>
    2 21 3</sizes>
  <dt>f</dt>
  <data>
    4.59595490e+02 3.98734222e+02 5.90691566e-01 4.76771545e+02
    4.06606567e+02 6.89293683e-01 4.94663269e+02 4.14478943e+02
    6.23013794e-01 5.05398315e+02 4.23782623e+02 7.71439195e-01
    5.16848999e+02 4.33802002e+02 8.48392189e-01 4.83928253e+02
    4.25213959e+02 6.41008317e-01 4.92516266e+02 4.39527344e+02
    7.19801545e-01 4.99672943e+02 4.55272064e+02 8.54230285e-01
    5.03251282e+02 4.66722748e+02 8.51576507e-01 4.69614868e+02
    4.27360962e+02 7.17680514e-01 4.76055878e+02 4.41674347e+02
    5.78617692e-01 4.83212585e+02 4.58134735e+02 7.28739619e-01
    4.89653595e+02 4.71732452e+02 7.85792649e-01 4.54585815e+02
    4.29507996e+02 6.59317434e-01 4.58164154e+02 4.41674347e+02
    6.88976586e-01 4.60311157e+02 4.57419067e+02 8.17892969e-01
    4.63173859e+02 4.71732452e+02 7.63585746e-01 4.38841095e+02
    4.28792328e+02 6.55337870e-01 4.37409760e+02 4.43821350e+02
    8.27626765e-01 4.38125427e+02 4.54556396e+02 7.77422726e-01
    4.41703796e+02 4.65291412e+02 7.44361520e-01 0. 0. 0. 0. 0. 0. 0. 0.
    0. 0. 0. 0. 0. 0. 0. 0. 0. 0. 0. 0. 0. 0. 0. 0. 0. 0. 0. 0. 0. 0. 0.
    0. 0. 0. 0. 0. 0. 0. 0. 0. 0. 0. 0. 0. 0. 0. 0. 0. 0. 0. 0. 0. 0. 0.
    0. 0. 0. 0. 0. 0. 0. 0. 0.</data></hand_right_0>
</opencv_storage>
