<?xml version="1.0"?>
<opencv_storage>
<hand_left_0 type_id="opencv-nd-matrix">
  <sizes>
    1 21 3</sizes>
  <dt>f</dt>
  <data>
    4.57825836e+02 3.90435089e+02 6.25479639e-01 4.45683685e+02
    4.04719971e+02 6.57070339e-01 4.37112762e+02 4.23290314e+02
    6.21623516e-01 4.36398529e+02 4.36146698e+02 5.11991084e-01
    4.43540955e+02 4.52574310e+02 3.42301399e-01 4.52111877e+02
    4.16147888e+02 5.69096148e-01 4.41398224e+02 4.29004272e+02
    4.03388649e-01 4.42112488e+02 4.41860657e+02 4.64913696e-01
    4.44969452e+02 4.53288544e+02 5.21313727e-01 4.68539490e+02
    4.12576660e+02 6.59965158e-01 4.78538910e+02 4.29004272e+02
    4.31042284e-01 4.62111298e+02 4.44003387e+02 3.63698423e-01
    4.58540070e+02 4.58288269e+02 6.34759963e-01 4.81395874e+02
    4.07576965e+02 6.43977404e-01 4.93538025e+02 4.24004547e+02
    6.21439934e-01 4.97109253e+02 4.34718231e+02 5.38113832e-01
    5.04965942e+02 4.44003387e+02 5.66804290e-01 4.96395020e+02
    4.00434509e+02 7.17691422e-01 5.04251678e+02 4.03291504e+02
    7.71978259e-01 5.11394135e+02 4.09005432e+02 7.68251359e-01
    5.14965332e+02 4.14005157e+02 7.35981464e-01</data></hand_left_0>
</opencv_storage>
