<?xml version="1.0"?>
<opencv_storage>
<hand_right_0 type_id="opencv-nd-matrix">
  <sizes>
    1 21 3</sizes>
  <dt>f</dt>
  <data>
    4.56208405e+02 4.08111389e+02 5.89259863e-01 4.73210846e+02
    4.12191956e+02 6.76111400e-01 4.94293823e+02 4.18312836e+02
    7.01854885e-01 5.05175385e+02 4.25793915e+02 7.16821313e-01
    5.16737061e+02 4.32594879e+02 8.06729138e-01 4.83412292e+02
    4.28514282e+02 7.17232525e-01 4.94973938e+02 4.43476410e+02
    8.52391601e-01 5.01774902e+02 4.55718170e+02 8.62369657e-01
    5.06535583e+02 4.66599701e+02 8.99227738e-01 4.68450165e+02
    4.33955048e+02 7.48008847e-01 4.78651611e+02 4.48237091e+02
    7.08899617e-01 4.87492859e+02 4.61158936e+02 7.18895614e-01
    4.96334137e+02 4.72720581e+02 9.04687345e-01 4.53488037e+02
    4.37355560e+02 6.04353786e-01 4.56888519e+02 4.50277374e+02
    6.96872115e-01 4.61649170e+02 4.64559418e+02 7.70260692e-01
    4.63689484e+02 4.76801178e+02 6.55987322e-01 4.39205994e+02
    4.38715729e+02 6.53403640e-01 4.37165710e+02 4.50957489e+02
    7.87820280e-01 4.39205994e+02 4.61839020e+02 7.65465975e-01
    4.40566193e+02 4.72040497e+02 8.13295484e-01</data></hand_right_0>
</opencv_storage>
