<?xml version="1.0"?>
<opencv_storage>
<hand_left_0 type_id="opencv-nd-matrix">
  <sizes>
    1 21 3</sizes>
  <dt>f</dt>
  <data>
    4.57228485e+02 4.18551910e+02 4.91646081e-01 4.44715271e+02
    4.31065125e+02 5.96132636e-01 4.35882446e+02 4.49466888e+02
    4.28973317e-01 4.26313507e+02 4.57563660e+02 5.04027128e-01
    4.14536377e+02 4.59771851e+02 8.02196026e-01 4.47659546e+02
    4.44314392e+02 5.02044082e-01 4.38826721e+02 4.54619354e+02
    6.62443340e-01 4.42507080e+02 4.67868622e+02 7.32706428e-01
    4.44715271e+02 4.77437561e+02 8.19970667e-01 4.65325256e+02
    4.39897949e+02 6.37218952e-01 4.61644897e+02 4.53883301e+02
    5.62647998e-01 4.66797394e+02 4.69340759e+02 6.70470297e-01
    4.68269531e+02 4.81117889e+02 7.74045587e-01 4.79310577e+02
    4.35481537e+02 6.73249424e-01 4.92559845e+02 4.50939026e+02
    6.36627793e-01 5.01392700e+02 4.64188293e+02 6.42154872e-01
    5.08017334e+02 4.73757202e+02 5.68013847e-01 4.96240204e+02
    4.28120819e+02 7.59514570e-01 5.04336975e+02 4.32537262e+02
    7.14674950e-01 5.12433777e+02 4.37689758e+02 8.16860437e-01
    5.16114136e+02 4.43578308e+02 7.08901703e-01</data></hand_left_0>
</opencv_storage>
