<?xml version="1.0"?>
<opencv_storage>
<hand_right_0 type_id="opencv-nd-matrix">
  <sizes>
    1 21 3</sizes>
  <dt>f</dt>
  <data>
    4.60250854e+02 4.11854950e+02 5.75564086e-01 4.77315399e+02
    4.17998199e+02 7.09722221e-01 4.98475464e+02 4.25506592e+02
    7.01803148e-01 5.09396790e+02 4.33015015e+02 7.76907206e-01
    5.18270386e+02 4.42571167e+02 7.49251068e-01 4.83458649e+02
    4.31649841e+02 5.99769950e-01 4.93697388e+02 4.45984070e+02
    7.67597198e-01 5.02570953e+02 4.60318298e+02 7.98527062e-01
    5.06666443e+02 4.71922211e+02 8.39035690e-01 4.69124420e+02
    4.33697601e+02 7.04566002e-01 4.77315399e+02 4.48714417e+02
    7.00921655e-01 4.86871552e+02 4.63731232e+02 7.36565530e-01
    4.93697388e+02 4.77382874e+02 9.07985628e-01 4.54790192e+02
    4.38475677e+02 6.77575529e-01 4.57520508e+02 4.49396973e+02
    6.76579416e-01 4.61615997e+02 4.65778961e+02 8.09613526e-01
    4.65711517e+02 4.78065460e+02 7.08071887e-01 4.39773376e+02
    4.39158234e+02 6.92402959e-01 4.38408203e+02 4.52809906e+02
    8.15201521e-01 4.39090790e+02 4.62366058e+02 7.71641612e-01
    4.41138550e+02 4.72604797e+02 7.75000453e-01</data></hand_right_0>
</opencv_storage>
