<?xml version="1.0"?>
<opencv_storage>
<hand_left_0 type_id="opencv-nd-matrix">
  <sizes>
    1 21 3</sizes>
  <dt>f</dt>
  <data>
    4.57918762e+02 4.13554810e+02 4.65344816e-01 4.45294403e+02
    4.26880493e+02 5.96372485e-01 4.36176819e+02 4.45115662e+02
    4.05044377e-01 4.27760620e+02 4.54233246e+02 5.16175210e-01
    4.15837616e+02 4.55635925e+02 8.39073956e-01 4.46697113e+02
    4.38102142e+02 4.79208648e-01 4.39683594e+02 4.51427826e+02
    6.87061071e-01 4.41086304e+02 4.63350830e+02 7.44316638e-01
    4.44593048e+02 4.73169739e+02 7.96577454e-01 4.65633636e+02
    4.34595367e+02 6.25966847e-01 4.60724152e+02 4.50726471e+02
    5.66904128e-01 4.64932281e+02 4.65454865e+02 6.97449684e-01
    4.67036346e+02 4.76676514e+02 7.44271398e-01 4.81063385e+02
    4.28984558e+02 6.06200218e-01 4.92986359e+02 4.46518372e+02
    5.60777724e-01 4.99999908e+02 4.59844055e+02 6.00816727e-01
    4.96493134e+02 4.73169739e+02 5.70015430e-01 4.95791779e+02
    4.21269684e+02 7.47769237e-01 5.06312073e+02 4.27581848e+02
    7.43315458e-01 5.12624207e+02 4.33192657e+02 8.29054773e-01
    5.17533691e+02 4.38803497e+02 7.13609636e-01</data></hand_left_0>
</opencv_storage>
