<?xml version="1.0"?>
<opencv_storage>
<hand_right_0 type_id="opencv-nd-matrix">
  <sizes>
    1 21 3</sizes>
  <dt>f</dt>
  <data>
    4.63204437e+02 4.33154968e+02 5.72239280e-01 4.81348572e+02
    4.39593201e+02 5.81080616e-01 5.03004456e+02 4.47202026e+02
    7.34086037e-01 5.14710388e+02 4.58907928e+02 7.72224069e-01
    5.26416260e+02 4.65931458e+02 8.87423396e-01 4.94225037e+02
    4.50128510e+02 5.73673546e-01 5.04175049e+02 4.65931458e+02
    7.57222593e-01 5.11783875e+02 4.79393219e+02 8.17488194e-01
    5.16466248e+02 4.89343231e+02 8.31152856e-01 4.80177979e+02
    4.52469666e+02 7.51497328e-01 4.92469177e+02 4.70028503e+02
    5.56385875e-01 4.99492706e+02 4.82319702e+02 6.39942169e-01
    5.04760345e+02 4.91099121e+02 6.83662653e-01 4.66130890e+02
    4.55981445e+02 7.49304473e-01 4.75495605e+02 4.77637360e+02
    5.29870212e-01 4.77836792e+02 4.84075592e+02 3.87800157e-01
    4.90713287e+02 4.94025604e+02 5.05665839e-01 4.52083832e+02
    4.61249084e+02 6.83498085e-01 4.56766174e+02 4.76466766e+02
    7.01661587e-01 4.57936768e+02 4.85246185e+02 6.55594051e-01
    4.60863251e+02 4.91684418e+02 5.92564881e-01</data></hand_right_0>
</opencv_storage>
