<?xml version="1.0"?>
<opencv_storage>
<hand_right_0 type_id="opencv-nd-matrix">
  <sizes>
    1 21 3</sizes>
  <dt>f</dt>
  <data>
    4.59985901e+02 4.16011749e+02 5.51904798e-01 4.78051819e+02
    4.23238129e+02 7.15111554e-01 4.99730957e+02 4.31909790e+02
    7.41989255e-01 5.12015808e+02 4.39858795e+02 8.04979563e-01
    5.22855347e+02 4.49253082e+02 7.84439266e-01 4.86000854e+02
    4.39858795e+02 5.89081287e-01 4.95395142e+02 4.55034180e+02
    7.61929989e-01 5.01898865e+02 4.68764282e+02 7.97372162e-01
    5.06234711e+02 4.79603851e+02 8.73103797e-01 4.70825470e+02
    4.42026703e+02 7.10559309e-01 4.78051819e+02 4.55756805e+02
    6.40237987e-01 4.84555573e+02 4.71654846e+02 7.74152756e-01
    4.91781952e+02 4.84662323e+02 8.82878482e-01 4.54927429e+02
    4.44194611e+02 6.90667510e-01 4.58540619e+02 4.56479462e+02
    6.56638622e-01 4.60708527e+02 4.73100128e+02 7.84851432e-01
    4.65766998e+02 4.84662323e+02 7.99795091e-01 4.39029388e+02
    4.45639893e+02 6.27210498e-01 4.37584137e+02 4.60092651e+02
    8.26211333e-01 4.39752045e+02 4.71654846e+02 7.44135439e-01
    4.43365234e+02 4.82494415e+02 7.62966514e-01</data></hand_right_0>
</opencv_storage>
