<?xml version="1.0"?>
<opencv_storage>
<pose_0 type_id="opencv-nd-matrix">
  <sizes>
    1 18 3</sizes>
  <dt>f</dt>
  <data>
    4.96981934e+02 1.62460495e+02 7.14203477e-01 4.73437469e+02
    1.01701355e+02 8.30800653e-01 3.67784332e+02 9.78160172e+01
    6.52116179e-01 4.08867218e+02 2.89529907e+02 6.84194148e-01
    4.57832733e+02 4.10890411e+02 8.64902139e-01 5.71297791e+02
    1.09540787e+02 6.47946596e-01 5.26343628e+02 3.01288330e+02
    7.45406508e-01 4.94987152e+02 4.14843811e+02 6.60548985e-01
    3.73691101e+02 2.91529266e+02 3.97869438e-01 3.20861847e+02
    4.38252441e+02 3.66823316e-01 2.71962769e+02 4.85193970e+02
    8.79636258e-02 4.89115753e+02 3.07169525e+02 4.40435171e-01
    5.47841064e+02 4.48033325e+02 1.40027478e-01 0. 0. 0. 4.89103424e+02
    1.46812485e+02 7.57424295e-01 5.12595154e+02 1.46660858e+02
    3.93605620e-01 4.26516846e+02 8.60421524e+01 5.07485688e-01
    5.38061035e+02 9.77921600e+01 1.21764369e-01</data></pose_0>
</opencv_storage>
