<?xml version="1.0"?>
<opencv_storage>
<pose_0 type_id="opencv-nd-matrix">
  <sizes>
    1 18 3</sizes>
  <dt>f</dt>
  <data>
    4.16760895e+02 1.23304985e+02 8.47688854e-01 4.36333984e+02
    8.60974045e+01 7.80877531e-01 3.50148529e+02 9.58399353e+01
    7.19004691e-01 4.04965424e+02 2.56318878e+02 8.32103848e-01
    4.59795349e+02 3.91321320e+02 8.15149188e-01 5.36084595e+02
    8.61596222e+01 7.05936313e-01 5.08758118e+02 2.62206116e+02
    8.41883302e-01 4.92994476e+02 4.04969910e+02 5.50263047e-01
    3.71776733e+02 2.91509705e+02 4.50357795e-01 3.34500183e+02
    4.40223724e+02 5.41787207e-01 3.03287476e+02 4.91065002e+02
    8.81672651e-02 4.75408752e+02 2.97388733e+02 4.72536564e-01
    5.12645325e+02 4.01088074e+02 1.22624591e-01 0. 0. 0. 3.99080048e+02
    1.01805458e+02 8.17014813e-01 4.40191864e+02 1.01727776e+02
    7.78924644e-01 3.69828339e+02 8.21675186e+01 1.53232098e-01
    4.77427673e+02 5.48110695e+01 6.77094936e-01</data></pose_0>
</opencv_storage>
