<?xml version="1.0"?>
<opencv_storage>
<hand_right_0 type_id="opencv-nd-matrix">
  <sizes>
    1 21 3</sizes>
  <dt>f</dt>
  <data>
    4.57271149e+02 4.17105316e+02 5.64657688e-01 4.75837372e+02
    4.22103912e+02 6.86142683e-01 4.95831726e+02 4.28530670e+02
    6.95058644e-01 5.07257080e+02 4.38527863e+02 8.13900590e-01
    5.17254272e+02 4.44954620e+02 7.40465820e-01 4.84406372e+02
    4.37099701e+02 6.49395883e-01 4.95117645e+02 4.52809570e+02
    8.07428956e-01 5.02258484e+02 4.67091248e+02 8.33002090e-01
    5.07257080e+02 4.78516602e+02 9.10569608e-01 4.68696503e+02
    4.39241943e+02 7.14696050e-01 4.77979614e+02 4.54237732e+02
    6.49355590e-01 4.87976807e+02 4.69947571e+02 7.59373188e-01
    4.95831726e+02 4.83515198e+02 8.88794184e-01 4.55128906e+02
    4.44240540e+02 6.67122185e-01 4.58699341e+02 4.55665894e+02
    6.94628298e-01 4.63697937e+02 4.72089844e+02 7.87789702e-01
    4.70124695e+02 4.83515198e+02 7.03384876e-01 4.39419037e+02
    4.46382782e+02 6.64071798e-01 4.38704956e+02 4.59950409e+02
    8.39722693e-01 4.39419037e+02 4.69233490e+02 7.54346907e-01
    4.42275391e+02 4.79230682e+02 7.74969459e-01</data></hand_right_0>
</opencv_storage>
