<?xml version="1.0"?>
<opencv_storage>
<hand_right_0 type_id="opencv-nd-matrix">
  <sizes>
    1 21 3</sizes>
  <dt>f</dt>
  <data>
    4.64295013e+02 4.34467743e+02 5.56218684e-01 4.83013214e+02
    4.41487061e+02 5.35375535e-01 5.02901306e+02 4.48506409e+02
    7.11939871e-01 5.16355042e+02 4.61375183e+02 7.93308258e-01
    5.28053894e+02 4.69564392e+02 7.89711654e-01 4.97051880e+02
    4.52016052e+02 6.20391786e-01 5.07580872e+02 4.67809570e+02
    6.74946249e-01 5.15185120e+02 4.81263275e+02 7.77161777e-01
    5.18109863e+02 4.91207336e+02 7.77894139e-01 4.81843323e+02
    4.54940796e+02 7.14902461e-01 4.94712097e+02 4.72489105e+02
    5.97521186e-01 5.02901306e+02 4.84772949e+02 6.68306410e-01
    5.08165802e+02 4.93547089e+02 6.79742277e-01 4.67804657e+02
    4.58450439e+02 6.77744925e-01 4.75993896e+02 4.76583710e+02
    5.13795972e-01 4.79503540e+02 4.84187988e+02 4.39035922e-01
    4.93542206e+02 4.94132050e+02 5.58430493e-01 4.53181061e+02
    4.63130005e+02 6.34352624e-01 4.59030518e+02 4.79508453e+02
    6.33276880e-01 4.60200409e+02 4.87112701e+02 6.36547565e-01
    4.61370300e+02 4.93547089e+02 6.14564419e-01</data></hand_right_0>
</opencv_storage>
