<?xml version="1.0"?>
<opencv_storage>
<hand_left_0 type_id="opencv-nd-matrix">
  <sizes>
    1 21 3</sizes>
  <dt>f</dt>
  <data>
    4.59123749e+02 3.91647797e+02 5.58436155e-01 4.47075897e+02
    4.03695648e+02 6.06323719e-01 4.38571503e+02 4.21413116e+02
    5.21602809e-01 4.37862823e+02 4.36295746e+02 5.01486182e-01
    4.43532379e+02 4.50469727e+02 3.92954320e-01 4.52745453e+02
    4.16452209e+02 5.34014583e-01 4.42823700e+02 4.29208771e+02
    4.91362572e-01 4.42823700e+02 4.42674042e+02 5.31172991e-01
    4.46367188e+02 4.54013214e+02 5.93132079e-01 4.67628113e+02
    4.11491333e+02 5.98405838e-01 4.59832458e+02 4.27791382e+02
    3.66685003e-01 4.61249847e+02 4.42674042e+02 5.27862489e-01
    4.60541138e+02 4.54721893e+02 6.92867041e-01 4.83219482e+02
    4.06530457e+02 6.38885260e-01 4.94558624e+02 4.21413116e+02
    5.25205970e-01 4.99519531e+02 4.32043579e+02 5.46345294e-01
    5.05897797e+02 4.42674042e+02 5.49267113e-01 4.98102142e+02
    3.97317383e+02 7.10945845e-01 5.05897797e+02 4.02278259e+02
    7.74962902e-01 5.11567383e+02 4.06530457e+02 7.93340981e-01
    5.16528259e+02 4.12200043e+02 7.08627164e-01</data></hand_left_0>
</opencv_storage>
