<?xml version="1.0"?>
<opencv_storage>
<hand_left_0 type_id="opencv-nd-matrix">
  <sizes>
    1 21 3</sizes>
  <dt>f</dt>
  <data>
    4.61511597e+02 4.12728363e+02 5.70929646e-01 4.49598297e+02
    4.24641663e+02 6.51350498e-01 4.39008698e+02 4.42511597e+02
    6.15740895e-01 4.25109863e+02 4.50453796e+02 7.09645927e-01
    4.13858429e+02 4.56410431e+02 7.84227848e-01 4.54893097e+02
    4.41849731e+02 5.42872131e-01 4.42979797e+02 4.51115631e+02
    4.54652071e-01 4.42317963e+02 4.64352631e+02 7.02215731e-01
    4.44303497e+02 4.76927765e+02 7.48555124e-01 4.70115631e+02
    4.38540497e+02 6.64974213e-01 4.77395996e+02 4.56410431e+02
    4.34524119e-01 4.61511597e+02 4.69647430e+02 6.67915463e-01
    4.57540497e+02 4.84208130e+02 6.98041439e-01 4.85338196e+02
    4.35231262e+02 6.58840537e-01 4.93942230e+02 4.55086731e+02
    6.97675049e-01 4.99237030e+02 4.67000031e+02 5.58696866e-01
    5.03869965e+02 4.78251465e+02 7.16919661e-01 4.99237030e+02
    4.29936462e+02 7.64137149e-01 5.09164764e+02 4.45158997e+02
    6.57797873e-01 5.14459595e+02 4.49791931e+02 5.87625682e-01
    5.17768799e+02 4.53763031e+02 4.06538010e-01</data></hand_left_0>
</opencv_storage>
