<?xml version="1.0"?>
<opencv_storage>
<pose_0 type_id="opencv-nd-matrix">
  <sizes>
    2 18 3</sizes>
  <dt>f</dt>
  <data>
    4.44115387e+02 1.38919357e+02 7.74343014e-01 4.69567932e+02
    9.38880615e+01 7.80608296e-01 3.73729065e+02 8.61404190e+01
    7.10738301e-01 4.14827545e+02 2.77811890e+02 7.56712377e-01
    4.59766022e+02 4.03086304e+02 8.53986025e-01 5.73303955e+02
    1.03696625e+02 6.43160522e-01 5.36069275e+02 2.89526764e+02
    8.11840713e-01 4.96957947e+02 4.12843048e+02 6.74293816e-01
    3.81458130e+02 2.89545868e+02 4.40244347e-01 3.26722595e+02
    4.30392517e+02 3.91958565e-01 2.87592957e+02 4.81289520e+02
    1.19575351e-01 4.91039734e+02 3.05246277e+02 4.57186788e-01
    5.47806030e+02 4.38263763e+02 1.10833831e-01 0. 0. 0. 4.28470886e+02
    1.15517738e+02 7.57535577e-01 4.63686920e+02 1.19362656e+02
    6.76999629e-01 4.10744995e+02 8.61569519e+01 1.06377572e-01
    5.08768738e+02 6.45550461e+01 5.29758275e-01 0. 0. 0. 0. 0. 0. 0. 0.
    0. 0. 0. 0. 0. 0. 0. 0. 0. 0. 0. 0. 0. 0. 0. 0. 0. 0. 0. 0. 0. 0. 0.
    0. 0. 6.86737793e+02 4.85222961e+02 5.90437464e-02 9.62582947e+02
    5.22415771e+02 1.38244301e-01 1.11714648e+03 5.28294250e+02
    3.88297558e-01 0. 0. 0. 0. 0. 0. 0. 0. 0. 0. 0. 0.</data></pose_0>
</opencv_storage>
