<?xml version="1.0"?>
<opencv_storage>
<pose_0 type_id="opencv-nd-matrix">
  <sizes>
    1 18 3</sizes>
  <dt>f</dt>
  <data>
    4.94992554e+02 1.31069077e+02 7.79145539e-01 4.69547516e+02
    7.63362656e+01 7.83206701e-01 3.67821991e+02 7.43210449e+01
    6.34256601e-01 4.10811737e+02 2.58295044e+02 6.90085232e-01
    4.57856476e+02 3.95217987e+02 8.58383477e-01 5.71303650e+02
    8.81034317e+01 6.66567385e-01 5.24454773e+02 2.85593170e+02
    7.38852143e-01 4.93088348e+02 4.03049805e+02 5.73648512e-01
    3.75638000e+02 2.99360016e+02 3.90449971e-01 3.22807831e+02
    4.34333374e+02 3.02554011e-01 2.73902191e+02 4.79372162e+02
    1.25184268e-01 4.91079254e+02 3.13029755e+02 3.98881912e-01
    5.49776611e+02 4.32410370e+02 1.08938508e-01 0. 0. 0. 4.85253784e+02
    1.13402397e+02 6.70719862e-01 5.10658936e+02 1.13448883e+02
    5.25130212e-01 4.28494537e+02 5.48018112e+01 3.64556432e-01
    5.37954468e+02 5.67428093e+01 5.64360283e-02</data></pose_0>
</opencv_storage>
