<?xml version="1.0"?>
<opencv_storage>
<hand_right_0 type_id="opencv-nd-matrix">
  <sizes>
    1 21 3</sizes>
  <dt>f</dt>
  <data>
    4.59628632e+02 3.95306305e+02 5.92014551e-01 4.77388092e+02
    4.00989319e+02 7.15493083e-01 4.97278687e+02 4.05961975e+02
    6.77177966e-01 5.10065491e+02 4.15196899e+02 8.16404641e-01
    5.21431519e+02 4.21590302e+02 8.66772056e-01 4.85912628e+02
    4.15907257e+02 6.57465756e-01 4.95147552e+02 4.28694092e+02
    7.36443520e-01 5.04382477e+02 4.43612030e+02 8.23992372e-01
    5.09355103e+02 4.54978088e+02 8.53017926e-01 4.70994690e+02
    4.20169525e+02 7.18686819e-01 4.79519226e+02 4.33666718e+02
    6.19679332e-01 4.88754150e+02 4.48584686e+02 7.25790024e-01
    4.97278687e+02 4.60661102e+02 8.81384373e-01 4.54655975e+02
    4.23721436e+02 6.61989689e-01 4.59628632e+02 4.36508240e+02
    6.70933068e-01 4.64601288e+02 4.50715820e+02 7.48307526e-01
    4.66732422e+02 4.62081879e+02 6.71750546e-01 4.41158783e+02
    4.26562958e+02 6.54702902e-01 4.41158783e+02 4.39349762e+02
    8.08643162e-01 4.43289917e+02 4.50715820e+02 7.94871390e-01
    4.47552185e+02 4.61371490e+02 7.91502237e-01</data></hand_right_0>
</opencv_storage>
