<?xml version="1.0"?>
<opencv_storage>
<hand_right_0 type_id="opencv-nd-matrix">
  <sizes>
    1 21 3</sizes>
  <dt>f</dt>
  <data>
    4.61723938e+02 3.85271149e+02 6.47436738e-01 4.78657166e+02
    3.91897186e+02 7.73514748e-01 4.97799042e+02 3.99995697e+02
    6.58390939e-01 5.08842438e+02 4.10302856e+02 7.91541755e-01
    5.21358276e+02 4.20610046e+02 8.55029166e-01 4.86019440e+02
    4.09566650e+02 7.01199651e-01 4.93381683e+02 4.25027405e+02
    7.67382383e-01 5.00007721e+02 4.38279480e+02 8.41367006e-01
    5.04425079e+02 4.50059113e+02 9.37712252e-01 4.69822449e+02
    4.11039093e+02 7.50737190e-01 4.76448486e+02 4.25763611e+02
    7.02588260e-01 4.83810730e+02 4.41960602e+02 7.53489554e-01
    4.89700562e+02 4.55212677e+02 8.93144846e-01 4.55834137e+02
    4.14720215e+02 7.10049331e-01 4.58042816e+02 4.27972290e+02
    6.46451235e-01 4.62460175e+02 4.43433075e+02 8.21666658e-01
    4.63932617e+02 4.55948914e+02 8.43465209e-01 4.40373383e+02
    4.16928894e+02 6.83717310e-01 4.40373383e+02 4.30917206e+02
    8.27835381e-01 4.40373383e+02 4.41224396e+02 8.29713941e-01
    4.44054504e+02 4.51531555e+02 7.45219409e-01</data></hand_right_0>
</opencv_storage>
