<?xml version="1.0"?>
<opencv_storage>
<hand_right_0 type_id="opencv-nd-matrix">
  <sizes>
    1 21 3</sizes>
  <dt>f</dt>
  <data>
    4.62451385e+02 3.86285339e+02 6.36633456e-01 4.79349823e+02
    3.94367218e+02 7.81185329e-01 4.98452454e+02 4.03918518e+02
    6.61507308e-01 5.06534302e+02 4.14204529e+02 7.02777863e-01
    5.16085632e+02 4.23755829e+02 8.56013715e-01 4.84492828e+02
    4.11265656e+02 6.91808462e-01 4.92574707e+02 4.26694702e+02
    7.69737720e-01 4.99187164e+02 4.40654297e+02 8.54379594e-01
    5.02860718e+02 4.52409760e+02 8.51477325e-01 4.69798523e+02
    4.12735107e+02 7.50119269e-01 4.75676239e+02 4.28164124e+02
    6.04171813e-01 4.82288696e+02 4.43593170e+02 7.44833350e-01
    4.89635864e+02 4.57552765e+02 8.47972274e-01 4.55838928e+02
    4.16408691e+02 7.12953985e-01 4.58777802e+02 4.29633545e+02
    6.48701251e-01 4.62451385e+02 4.45062592e+02 7.90821910e-01
    4.63920807e+02 4.58287476e+02 8.03806543e-01 4.39675201e+02
    4.17143402e+02 7.43490934e-01 4.41144623e+02 4.31837708e+02
    8.46122563e-01 4.42614044e+02 4.42123718e+02 7.75299489e-01
    4.46287628e+02 4.53879181e+02 8.30335200e-01</data></hand_right_0>
</opencv_storage>
