<?xml version="1.0"?>
<opencv_storage>
<pose_0 type_id="opencv-nd-matrix">
  <sizes>
    1 18 3</sizes>
  <dt>f</dt>
  <data>
    5.04718140e+02 1.70244690e+02 6.94517851e-01 4.73443420e+02
    1.03729149e+02 7.89614618e-01 3.67813812e+02 1.01702148e+02
    6.54732347e-01 4.12717438e+02 3.01314667e+02 7.21826613e-01
    4.59658112e+02 4.16737823e+02 8.84853125e-01 5.71324829e+02
    1.13492241e+02 6.66929960e-01 5.26341370e+02 3.05289917e+02
    7.39847839e-01 4.93114868e+02 4.24544342e+02 5.97623110e-01
    3.75631073e+02 2.95419342e+02 4.02804315e-01 3.20829956e+02
    4.40218811e+02 3.15789253e-01 0. 0. 0. 4.89145264e+02 3.09116028e+02
    4.52483416e-01 5.43910522e+02 4.57789398e+02 1.67112008e-01 0. 0. 0.
    4.92992706e+02 1.58426971e+02 7.28020370e-01 5.20448303e+02
    1.52627625e+02 3.23992193e-01 4.24575317e+02 9.39309387e+01
    4.79772627e-01 5.38110474e+02 9.98357086e+01 8.29245448e-02</data></pose_0>
</opencv_storage>
