<?xml version="1.0"?>
<opencv_storage>
<hand_right_0 type_id="opencv-nd-matrix">
  <sizes>
    1 21 3</sizes>
  <dt>f</dt>
  <data>
    4.59049896e+02 3.83373810e+02 5.73497653e-01 4.76632446e+02
    3.89703552e+02 7.35219598e-01 4.96324921e+02 3.96736572e+02
    6.86539650e-01 5.06874451e+02 4.05176178e+02 7.57815003e-01
    5.17423950e+02 4.14319122e+02 8.15094948e-01 4.84368774e+02
    4.06582794e+02 6.83989167e-01 4.95621613e+02 4.22055420e+02
    7.18993187e-01 5.02654633e+02 4.36121460e+02 8.08666766e-01
    5.05467834e+02 4.45967712e+02 8.88626277e-01 4.70302734e+02
    4.09395996e+02 7.45909750e-01 4.77335754e+02 4.24165344e+02
    6.19954050e-01 4.85775391e+02 4.38934692e+02 6.69210196e-01
    4.93511719e+02 4.51594116e+02 7.86119044e-01 4.54830109e+02
    4.13615814e+02 6.95967793e-01 4.58346619e+02 4.25571930e+02
    6.31487131e-01 4.61863129e+02 4.39637970e+02 7.41457939e-01
    4.66082916e+02 4.53704010e+02 7.48415112e-01 4.39357452e+02
    4.15022400e+02 7.25544035e-01 4.39357452e+02 4.28385162e+02
    7.50379086e-01 4.42170654e+02 4.38934692e+02 7.66495347e-01
    4.44983856e+02 4.49484222e+02 7.37899303e-01</data></hand_right_0>
</opencv_storage>
