<?xml version="1.0"?>
<opencv_storage>
<hand_right_0 type_id="opencv-nd-matrix">
  <sizes>
    1 21 3</sizes>
  <dt>f</dt>
  <data>
    4.57554474e+02 3.83380463e+02 6.01255000e-01 4.75845337e+02
    3.87601440e+02 7.10335255e-01 4.94136200e+02 3.92525879e+02
    7.17784405e-01 5.06095642e+02 4.00967834e+02 8.05481851e-01
    5.18055054e+02 4.09409790e+02 8.50117505e-01 4.84287292e+02
    4.03781799e+02 6.71756566e-01 4.95543213e+02 4.19258698e+02
    7.01781452e-01 5.03985138e+02 4.31218109e+02 8.37688267e-01
    5.08909607e+02 4.40363556e+02 8.22175682e-01 4.69513885e+02
    4.08706268e+02 7.34706283e-01 4.78659332e+02 4.21369202e+02
    6.62340283e-01 4.88508240e+02 4.36142578e+02 6.97343469e-01
    4.98357178e+02 4.46695007e+02 8.46103132e-01 4.54740479e+02
    4.13630737e+02 6.59719586e-01 4.56147491e+02 4.24183167e+02
    6.97245479e-01 4.61071960e+02 4.37549561e+02 8.37743938e-01
    4.65292908e+02 4.49509003e+02 7.22924471e-01 4.39263611e+02
    4.15037720e+02 7.04196334e-01 4.39263611e+02 4.26997162e+02
    7.97446370e-01 4.39263611e+02 4.36846069e+02 7.49791324e-01
    4.41374084e+02 4.45991516e+02 6.15881562e-01</data></hand_right_0>
</opencv_storage>
