<?xml version="1.0"?>
<opencv_storage>
<hand_right_0 type_id="opencv-nd-matrix">
  <sizes>
    1 21 3</sizes>
  <dt>f</dt>
  <data>
    4.57805176e+02 4.14543396e+02 5.44870436e-01 4.75907806e+02
    4.19612152e+02 6.72187448e-01 4.95458679e+02 4.26129089e+02
    7.12588310e-01 5.07044373e+02 4.36266571e+02 8.01815212e-01
    5.17181824e+02 4.43507629e+02 7.94570804e-01 4.86045288e+02
    4.36266571e+02 6.58370256e-01 4.96182770e+02 4.51472809e+02
    7.53240347e-01 5.05596161e+02 4.65230804e+02 8.04305375e-01
    5.08492584e+02 4.75368286e+02 8.33781302e-01 4.70114960e+02
    4.38438904e+02 7.69279540e-01 4.79528351e+02 4.53645111e+02
    6.77474320e-01 4.88941711e+02 4.67403137e+02 8.13935161e-01
    4.96906891e+02 4.79712921e+02 9.08478320e-01 4.54908752e+02
    4.42783539e+02 6.64719582e-01 4.59977478e+02 4.53645111e+02
    7.10578918e-01 4.65046234e+02 4.68127228e+02 8.54883313e-01
    4.71563171e+02 4.80437042e+02 7.42949605e-01 4.39702515e+02
    4.44231750e+02 6.47782266e-01 4.38254303e+02 4.57265656e+02
    7.69357324e-01 4.41874847e+02 4.67403137e+02 7.68237889e-01
    4.44047150e+02 4.78264709e+02 7.62448072e-01</data></hand_right_0>
</opencv_storage>
