<?xml version="1.0"?>
<opencv_storage>
<pose_0 type_id="opencv-nd-matrix">
  <sizes>
    1 18 3</sizes>
  <dt>f</dt>
  <data>
    4.91000275e+02 1.34985641e+02 6.68807149e-01 4.71504242e+02
    8.02376938e+01 8.14245522e-01 3.69755341e+02 7.24426117e+01
    6.26606345e-01 4.14703033e+02 2.62201843e+02 7.63081551e-01
    4.59713837e+02 3.95191498e+02 8.92287970e-01 5.67383789e+02
    8.80670547e+01 6.64556623e-01 5.26299316e+02 2.73960693e+02
    8.03113699e-01 4.92988617e+02 4.08933167e+02 5.94930232e-01
    3.77588562e+02 2.87587860e+02 4.05127943e-01 3.20940430e+02
    4.30473907e+02 4.89082575e-01 0. 0. 0. 4.85219208e+02 3.03272339e+02
    4.25343275e-01 5.40007019e+02 4.26522278e+02 1.11126795e-01 0. 0. 0.
    4.79355316e+02 1.21296860e+02 5.97121894e-01 5.02815033e+02
    1.23275322e+02 3.35422844e-01 4.46105499e+02 7.63016663e+01
    1.77101105e-01 5.24420471e+02 7.04912033e+01 1.89894781e-01</data></pose_0>
</opencv_storage>
