<?xml version="1.0"?>
<opencv_storage>
<pose_0 type_id="opencv-nd-matrix">
  <sizes>
    1 18 3</sizes>
  <dt>f</dt>
  <data>
    5.06791687e+02 1.64259018e+02 8.38359416e-01 4.73434875e+02
    1.05638290e+02 7.43608534e-01 3.67806061e+02 1.01768448e+02
    6.73453689e-01 4.12744873e+02 2.91523956e+02 7.63246417e-01
    4.59696228e+02 4.14743195e+02 8.83750379e-01 5.71270935e+02
    1.13466011e+02 6.46147311e-01 5.34147766e+02 3.03218536e+02
    7.88918197e-01 4.96987152e+02 4.18691132e+02 6.36968732e-01
    3.75662689e+02 2.93498413e+02 4.18574899e-01 3.22856537e+02
    4.32419220e+02 5.13296008e-01 2.73930267e+02 4.83245178e+02
    9.57947522e-02 4.87132935e+02 3.05198944e+02 4.24594373e-01
    5.43929993e+02 4.53897400e+02 1.74711227e-01 0. 0. 0. 4.92992737e+02
    1.46791534e+02 7.95165956e-01 5.22438599e+02 1.40878342e+02
    6.49940491e-01 4.28473724e+02 8.41812820e+01 7.20524192e-01
    5.41984131e+02 9.00735016e+01 6.63669854e-02</data></pose_0>
</opencv_storage>
