<?xml version="1.0"?>
<opencv_storage>
<pose_0 type_id="opencv-nd-matrix">
  <sizes>
    1 18 3</sizes>
  <dt>f</dt>
  <data>
    3.99137543e+02 1.60396515e+02 8.77056658e-01 4.34360748e+02
    1.21322495e+02 6.76707983e-01 3.50225647e+02 1.27197723e+02
    7.85111070e-01 4.12723846e+02 2.81707184e+02 7.71194518e-01
    4.59832550e+02 4.24517883e+02 7.48409271e-01 5.37982178e+02
    1.29085770e+02 6.71111643e-01 5.12611023e+02 2.97399048e+02
    7.76705205e-01 4.91099762e+02 4.38232086e+02 5.69752991e-01
    3.69817291e+02 3.22842865e+02 4.17129546e-01 3.24783325e+02
    4.73448181e+02 5.59313059e-01 0. 0. 0. 4.71510345e+02 3.28676910e+02
    4.66452599e-01 5.10660583e+02 4.32420380e+02 1.07081324e-01 0. 0. 0.
    3.81482758e+02 1.38876862e+02 8.53931367e-01 4.16719116e+02
    1.35010788e+02 8.12020183e-01 3.61964783e+02 1.17449646e+02
    5.30300029e-02 4.63762024e+02 8.42063599e+01 9.14724946e-01</data></pose_0>
</opencv_storage>
