<?xml version="1.0"?>
<opencv_storage>
<pose_0 type_id="opencv-nd-matrix">
  <sizes>
    1 18 3</sizes>
  <dt>f</dt>
  <data>
    4.95007996e+02 9.77764740e+01 8.34593117e-01 4.63725098e+02
    7.03977737e+01 7.31784999e-01 3.67767975e+02 6.84652939e+01
    6.64711833e-01 4.14762024e+02 2.58209198e+02 7.32296228e-01
    4.59705597e+02 3.81479095e+02 8.52911174e-01 5.69322449e+02
    8.02370529e+01 6.98403478e-01 5.24361267e+02 2.69974670e+02
    7.72765458e-01 4.98887787e+02 3.85481720e+02 5.71586430e-01
    3.81452850e+02 2.93480103e+02 4.37117308e-01 3.22861176e+02
    4.30394226e+02 5.15809774e-01 2.17179855e+02 4.93026001e+02
    1.24116451e-01 4.89140869e+02 3.05185791e+02 4.28601801e-01
    5.20460693e+02 3.89372528e+02 6.75587207e-02 0. 0. 0. 4.77434204e+02
    7.23782043e+01 8.06763589e-01 5.14574829e+02 7.23588028e+01
    7.86734402e-01 4.20680756e+02 2.14772949e+01 7.34016895e-01
    5.49805664e+02 4.84663486e+00 2.34542221e-01</data></pose_0>
</opencv_storage>
