<?xml version="1.0"?>
<opencv_storage>
<pose_0 type_id="opencv-nd-matrix">
  <sizes>
    1 18 3</sizes>
  <dt>f</dt>
  <data>
    4.14787872e+02 3.91967392e+01 9.09773409e-01 4.44074677e+02
    8.21862946e+01 7.98846066e-01 3.50283844e+02 8.41880112e+01
    7.65975416e-01 4.08940796e+02 2.46537552e+02 7.79782295e-01
    4.59725891e+02 3.81479858e+02 8.33431840e-01 5.36041748e+02
    8.41711502e+01 6.96501672e-01 5.08748077e+02 2.58203033e+02
    8.85029674e-01 4.91123535e+02 3.97196716e+02 5.93924105e-01
    3.77590240e+02 2.89575562e+02 4.41240519e-01 3.34495605e+02
    4.28514282e+02 6.13606453e-01 3.01313385e+02 4.77408020e+02
    1.39831051e-01 4.75484314e+02 2.93460754e+02 4.54898566e-01
    5.18451599e+02 3.95219574e+02 9.47115943e-02 0. 0. 0. 3.95154755e+02
    1.95063801e+01 7.96929181e-01 4.42129059e+02 1.94826393e+01
    8.37531328e-01 3.65943939e+02 4.83824968e+00 4.99578327e-01
    4.83244537e+02 4.82667160e+00 9.10537064e-01</data></pose_0>
</opencv_storage>
