<?xml version="1.0"?>
<opencv_storage>
<pose_0 type_id="opencv-nd-matrix">
  <sizes>
    1 18 3</sizes>
  <dt>f</dt>
  <data>
    5.00867157e+02 1.64439682e+02 8.16022873e-01 4.71522064e+02
    1.05679276e+02 7.84119487e-01 3.67769104e+02 1.01790108e+02
    6.59519613e-01 4.08913788e+02 2.89603851e+02 7.11067200e-01
    4.59673401e+02 4.16728424e+02 8.46417785e-01 5.71338135e+02
    1.15383484e+02 6.65645659e-01 5.28240479e+02 3.05171173e+02
    7.58153975e-01 4.95028137e+02 4.14794495e+02 7.24629283e-01
    3.77584808e+02 2.89540344e+02 4.11635667e-01 3.26708160e+02
    4.30418640e+02 5.56595981e-01 2.81732239e+02 4.81313934e+02
    1.03228442e-01 4.89087494e+02 3.03283356e+02 4.43294317e-01
    5.45861206e+02 4.51942749e+02 1.72179833e-01 0. 0. 0. 4.89052765e+02
    1.48663254e+02 8.13034773e-01 5.16534607e+02 1.46765305e+02
    6.60718679e-01 4.26542786e+02 8.80564270e+01 5.22253990e-01
    5.40078979e+02 9.97844620e+01 1.06641613e-01</data></pose_0>
</opencv_storage>
