<?xml version="1.0"?>
<opencv_storage>
<hand_right_0 type_id="opencv-nd-matrix">
  <sizes>
    1 21 3</sizes>
  <dt>f</dt>
  <data>
    4.60179565e+02 4.09852844e+02 5.98680139e-01 4.77391968e+02
    4.18459015e+02 6.98395073e-01 4.95321533e+02 4.25630859e+02
    6.75493658e-01 5.06079285e+02 4.37105774e+02 8.24541092e-01
    5.17554199e+02 4.46429169e+02 7.80008614e-01 4.83846619e+02
    4.35671417e+02 6.36170506e-01 4.93887177e+02 4.50732269e+02
    7.25184441e-01 5.00341827e+02 4.65793091e+02 8.35969210e-01
    5.03927734e+02 4.76550842e+02 8.24050188e-01 4.68785767e+02
    4.37822968e+02 7.30428874e-01 4.77391968e+02 4.54318176e+02
    7.34253526e-01 4.84563812e+02 4.68661835e+02 7.34137774e-01
    4.91735626e+02 4.79419586e+02 8.20727408e-01 4.55159302e+02
    4.41408875e+02 6.93607807e-01 4.58745209e+02 4.52883820e+02
    6.58586919e-01 4.60896759e+02 4.68661835e+02 8.04275811e-01
    4.63048309e+02 4.79419586e+02 7.41374135e-01 4.39381256e+02
    4.41408875e+02 6.54418826e-01 4.37946899e+02 4.54318176e+02
    8.45892668e-01 4.38664093e+02 4.65793091e+02 7.76398003e-01
    4.41532806e+02 4.75116486e+02 7.74905443e-01</data></hand_right_0>
</opencv_storage>
