<?xml version="1.0"?>
<opencv_storage>
<pose_0 type_id="opencv-nd-matrix">
  <sizes>
    1 18 3</sizes>
  <dt>f</dt>
  <data>
    4.63685974e+02 1.60429718e+02 7.09952116e-01 4.71557037e+02
    9.97944565e+01 7.90861607e-01 3.71777588e+02 9.77919922e+01
    6.91266656e-01 4.14854248e+02 2.81760010e+02 7.14458525e-01
    4.59805145e+02 4.10798004e+02 8.57605398e-01 5.73251343e+02
    1.09574966e+02 6.51874840e-01 5.36016113e+02 2.91571075e+02
    7.61131048e-01 4.95044739e+02 4.18700043e+02 5.52626967e-01
    3.81506165e+02 2.91546539e+02 4.18833226e-01 3.20875153e+02
    4.42185730e+02 2.42428467e-01 0. 0. 0. 4.91049438e+02 3.11107239e+02
    4.25120175e-01 5.41985107e+02 4.55857239e+02 8.45834538e-02 0. 0. 0.
    4.44140076e+02 1.35053406e+02 6.00839317e-01 4.81332001e+02
    1.40842453e+02 6.28743529e-01 4.08871613e+02 9.00141830e+01
    2.12350368e-01 5.12598572e+02 7.43731308e+01 2.59247392e-01</data></pose_0>
</opencv_storage>
