<?xml version="1.0"?>
<opencv_storage>
<hand_right_0 type_id="opencv-nd-matrix">
  <sizes>
    1 21 3</sizes>
  <dt>f</dt>
  <data>
    4.59176361e+02 3.94552032e+02 6.06868565e-01 4.77453247e+02
    4.02593842e+02 7.49974608e-01 4.99385498e+02 4.11366760e+02
    7.15187311e-01 5.08158386e+02 4.21601807e+02 6.60702586e-01
    5.17662354e+02 4.30374695e+02 8.00123572e-01 4.83301849e+02
    4.18677490e+02 6.17304444e-01 4.90612579e+02 4.34761139e+02
    7.33921468e-01 4.98654419e+02 4.48651581e+02 8.25960100e-01
    5.02309784e+02 4.58886627e+02 8.71644855e-01 4.68680359e+02
    4.22332886e+02 6.98458910e-01 4.74528931e+02 4.35492218e+02
    6.23489976e-01 4.82570770e+02 4.52306946e+02 8.17556679e-01
    4.89150452e+02 4.65466278e+02 8.40240121e-01 4.54058838e+02
    4.23795013e+02 7.26774156e-01 4.57714233e+02 4.37685455e+02
    6.97880864e-01 4.60638519e+02 4.53038025e+02 8.51583481e-01
    4.65024963e+02 4.66197357e+02 8.27001333e-01 4.37975189e+02
    4.24526093e+02 6.27156556e-01 4.38706268e+02 4.40609741e+02
    7.87021577e-01 4.40899506e+02 4.52306946e+02 7.77816474e-01
    4.43823792e+02 4.62541992e+02 7.49032140e-01</data></hand_right_0>
</opencv_storage>
