<?xml version="1.0"?>
<opencv_storage>
<hand_right_0 type_id="opencv-nd-matrix">
  <sizes>
    1 21 3</sizes>
  <dt>f</dt>
  <data>
    4.60100281e+02 3.84034882e+02 5.93735933e-01 4.76643921e+02
    3.89549408e+02 7.29264021e-01 4.97323425e+02 3.95063965e+02
    7.29623258e-01 5.09731140e+02 4.04714386e+02 8.30139577e-01
    5.20070923e+02 4.12296906e+02 8.21177661e-01 4.84226410e+02
    4.04714386e+02 6.52787805e-01 4.93876862e+02 4.18500763e+02
    7.67116070e-01 5.03527283e+02 4.32976410e+02 8.09550941e-01
    5.08352509e+02 4.44005493e+02 8.84067357e-01 4.70440063e+02
    4.07471680e+02 7.24424958e-01 4.77333221e+02 4.22636658e+02
    6.77205384e-01 4.87673004e+02 4.36423004e+02 6.73914075e-01
    4.95255493e+02 4.48830719e+02 8.28429580e-01 4.54585754e+02
    4.11607574e+02 6.96657300e-01 4.58032349e+02 4.24015289e+02
    6.74172223e-01 4.62168243e+02 4.38490967e+02 8.08430552e-01
    4.66304138e+02 4.50898682e+02 7.60747194e-01 4.39420776e+02
    4.15054169e+02 7.06881523e-01 4.40110077e+02 4.27461884e+02
    7.97429800e-01 4.42178040e+02 4.39180267e+02 7.51690209e-01
    4.44935303e+02 4.50209351e+02 7.72629499e-01</data></hand_right_0>
</opencv_storage>
