<?xml version="1.0"?>
<opencv_storage>
<hand_left_0 type_id="opencv-nd-matrix">
  <sizes>
    1 21 3</sizes>
  <dt>f</dt>
  <data>
    4.61823242e+02 4.19606598e+02 6.11371040e-01 4.48552643e+02
    4.32178711e+02 6.62163913e-01 4.39472778e+02 4.51735382e+02
    5.62070608e-01 4.35980499e+02 4.62212158e+02 6.07830644e-01
    4.15026947e+02 4.59418335e+02 6.50048316e-01 4.56235626e+02
    4.48243103e+02 6.48578405e-01 4.58330963e+02 4.62910614e+02
    5.98483384e-01 4.62521667e+02 4.72688934e+02 5.92155099e-01
    4.64617035e+02 4.83864166e+02 5.84406197e-01 4.70903107e+02
    4.42655518e+02 7.28742361e-01 4.79284546e+02 4.59418335e+02
    7.64418006e-01 4.84872131e+02 4.72688934e+02 6.01638198e-01
    4.91158203e+02 4.85261078e+02 5.98222971e-01 4.84872131e+02
    4.38464783e+02 7.17588782e-01 4.93253571e+02 4.53830750e+02
    7.23411143e-01 5.01635010e+02 4.68498230e+02 7.38821983e-01
    5.07222595e+02 4.80371918e+02 7.49186397e-01 4.96745819e+02
    4.31480286e+02 7.72215843e-01 5.07222595e+02 4.37067871e+02
    8.28841686e-01 5.13508667e+02 4.42655518e+02 8.71639431e-01
    5.19096313e+02 4.51036926e+02 7.88825929e-01</data></hand_left_0>
</opencv_storage>
