<?xml version="1.0"?>
<opencv_storage>
<pose_0 type_id="opencv-nd-matrix">
  <sizes>
    1 18 3</sizes>
  <dt>f</dt>
  <data>
    4.81283905e+02 1.27201279e+02 7.86014318e-01 4.61722168e+02
    7.04804230e+01 8.15868020e-01 3.65836670e+02 7.04799728e+01
    6.94119632e-01 4.14743958e+02 2.56211639e+02 8.24148417e-01
    4.59699005e+02 3.91278229e+02 8.01483274e-01 5.57574646e+02
    8.21492386e+01 6.53659940e-01 5.20375977e+02 2.62205475e+02
    7.68275321e-01 4.91137390e+02 4.01055542e+02 6.16302967e-01
    3.79509857e+02 2.77843079e+02 4.18490171e-01 3.28678650e+02
    4.28518799e+02 5.78050613e-01 0. 0. 0. 4.75470093e+02 2.91514740e+02
    4.91900146e-01 5.39979309e+02 4.18706451e+02 1.49843633e-01 0. 0. 0.
    4.65652863e+02 1.05685272e+02 6.96112335e-01 5.00892731e+02
    1.03712440e+02 8.20864439e-01 4.12762238e+02 5.28289413e+01
    8.52691591e-01 5.26304626e+02 6.06883583e+01 1.61841542e-01</data></pose_0>
</opencv_storage>
