<?xml version="1.0"?>
<opencv_storage>
<hand_left_0 type_id="opencv-nd-matrix">
  <sizes>
    1 21 3</sizes>
  <dt>f</dt>
  <data>
    4.56317200e+02 4.01649109e+02 5.18801570e-01 4.43565765e+02
    4.13692139e+02 5.96667528e-01 4.36481628e+02 4.34236145e+02
    4.44458753e-01 4.26563812e+02 4.42737122e+02 5.33658683e-01
    4.13103943e+02 4.46279175e+02 7.79185414e-01 4.48524658e+02
    4.30694061e+02 4.77891326e-01 4.38606873e+02 4.42737122e+02
    5.95744133e-01 4.40732117e+02 4.55488556e+02 6.51978970e-01
    4.42857361e+02 4.65406372e+02 7.57835448e-01 4.64818176e+02
    4.27152008e+02 6.22851849e-01 4.59150879e+02 4.43445526e+02
    4.96911466e-01 4.62692932e+02 4.58322235e+02 6.40407622e-01
    4.61984528e+02 4.70365265e+02 7.79312253e-01 4.81820129e+02
    4.20776276e+02 6.36647463e-01 4.93154755e+02 4.36361389e+02
    6.20261848e-01 4.98822052e+02 4.48404419e+02 5.60606658e-01
    4.94571564e+02 4.63989532e+02 6.05847836e-01 4.94571564e+02
    4.12275299e+02 6.63108706e-01 5.04489380e+02 4.14400543e+02
    7.53459156e-01 5.10865082e+02 4.19359436e+02 7.76663423e-01
    5.16532410e+02 4.25735168e+02 7.13791430e-01</data></hand_left_0>
</opencv_storage>
