<?xml version="1.0"?>
<opencv_storage>
<pose_0 type_id="opencv-nd-matrix">
  <sizes>
    1 18 3</sizes>
  <dt>f</dt>
  <data>
    5.02795746e+02 1.72215500e+02 7.36949921e-01 4.75465698e+02
    1.01806671e+02 8.10059190e-01 3.69831390e+02 9.97100220e+01
    6.40210450e-01 4.14818848e+02 2.89569000e+02 7.52740264e-01
    4.59715729e+02 4.14773834e+02 8.83128285e-01 5.73309082e+02
    1.15398285e+02 6.47866011e-01 5.28288757e+02 3.03308441e+02
    7.66379476e-01 4.94969604e+02 4.28493713e+02 5.87414622e-01
    3.73715271e+02 2.89579681e+02 4.15186852e-01 3.22871368e+02
    4.34336945e+02 5.11793673e-01 2.85636078e+02 4.83282196e+02
    9.39579308e-02 4.83231659e+02 3.07203918e+02 4.68291998e-01
    5.47837158e+02 4.40216064e+02 1.33773580e-01 0. 0. 0. 4.93016449e+02
    1.56508423e+02 7.27882385e-01 5.16549927e+02 1.58456436e+02
    3.08682561e-01 4.30364197e+02 8.80859604e+01 4.81179744e-01
    5.43898499e+02 1.01779884e+02 8.11361372e-02</data></pose_0>
</opencv_storage>
