<?xml version="1.0"?>
<opencv_storage>
<hand_left_0 type_id="opencv-nd-matrix">
  <sizes>
    1 21 3</sizes>
  <dt>f</dt>
  <data>
    4.60378326e+02 4.21768738e+02 5.56803882e-01 4.47038300e+02
    4.33704559e+02 6.27798915e-01 4.35102478e+02 4.51257202e+02
    4.63726252e-01 4.24570862e+02 4.57576172e+02 6.36740446e-01
    4.16145599e+02 4.61086700e+02 8.30321789e-01 4.49144592e+02
    4.45640350e+02 5.32971144e-01 4.40017212e+02 4.58278290e+02
    7.19371259e-01 4.41421417e+02 4.70916199e+02 7.65745759e-01
    4.44931976e+02 4.81447815e+02 8.18327725e-01 4.66697266e+02
    4.43534027e+02 7.15160787e-01 4.60378326e+02 4.59682495e+02
    5.49928784e-01 4.62484619e+02 4.73022522e+02 7.08676577e-01
    4.62484619e+02 4.84256226e+02 7.68497884e-01 4.83547821e+02
    4.39321411e+02 6.60062909e-01 4.94079437e+02 4.55469849e+02
    6.17600560e-01 5.01100494e+02 4.68107788e+02 6.30972087e-01
    5.07419464e+02 4.79341492e+02 6.28303230e-01 4.98292084e+02
    4.33002441e+02 7.08259881e-01 5.07419464e+02 4.37917175e+02
    7.61624575e-01 5.13036316e+02 4.42129822e+02 7.88108408e-01
    5.17951050e+02 4.49150909e+02 7.05235720e-01</data></hand_left_0>
</opencv_storage>
