<?xml version="1.0"?>
<opencv_storage>
<pose_0 type_id="opencv-nd-matrix">
  <sizes>
    1 18 3</sizes>
  <dt>f</dt>
  <data>
    4.96942505e+02 1.46652603e+02 6.63454831e-01 4.75474365e+02
    8.61433182e+01 8.66234064e-01 3.71750092e+02 8.40976563e+01
    6.51255548e-01 4.12818787e+02 2.73870880e+02 7.82588303e-01
    4.59754089e+02 3.99183838e+02 8.86927009e-01 5.77168884e+02
    9.97510147e+01 6.45184755e-01 5.26344421e+02 2.89631775e+02
    7.18231201e-01 4.98881592e+02 4.10825317e+02 6.04257226e-01
    3.79512146e+02 2.95433350e+02 4.08197522e-01 3.22815826e+02
    4.30475403e+02 3.89040619e-01 2.81744629e+02 4.79358887e+02
    1.11500025e-01 4.89089905e+02 3.07198914e+02 4.26901639e-01
    5.49785950e+02 4.44124695e+02 8.07303861e-02 0. 0. 0. 4.91026031e+02
    1.29130142e+02 6.38551295e-01 5.10665497e+02 1.31040573e+02
    4.67756510e-01 4.30524048e+02 6.45750809e+01 2.65228122e-01
    5.38158569e+02 7.82248993e+01 6.29424676e-02</data></pose_0>
</opencv_storage>
