<?xml version="1.0"?>
<opencv_storage>
<hand_left_0 type_id="opencv-nd-matrix">
  <sizes>
    1 21 3</sizes>
  <dt>f</dt>
  <data>
    4.62673706e+02 3.90286377e+02 5.73834419e-01 4.49020569e+02
    4.01891571e+02 6.59914434e-01 4.38780701e+02 4.18275330e+02
    5.66156805e-01 4.34684753e+02 4.29197845e+02 4.52443093e-01
    4.16252991e+02 4.29880524e+02 6.26533806e-01 4.53116516e+02
    4.14862061e+02 5.88129222e-01 4.42194000e+02 4.25784576e+02
    4.28432316e-01 4.42194000e+02 4.40803040e+02 5.51678419e-01
    4.44241974e+02 4.51725555e+02 6.36673033e-01 4.68817627e+02
    4.10766113e+02 6.60734415e-01 4.78374847e+02 4.27832550e+02
    4.39530075e-01 4.59943085e+02 4.42168335e+02 4.05701727e-01
    4.58577759e+02 4.54456177e+02 5.75857997e-01 4.84518738e+02
    4.07352814e+02 6.37005448e-01 4.93393311e+02 4.23736603e+02
    6.10049069e-01 5.00219879e+02 4.35341766e+02 6.05572820e-01
    5.05681122e+02 4.45581635e+02 6.78103089e-01 4.98854553e+02
    4.01208893e+02 7.10215628e-01 5.07729095e+02 4.07352814e+02
    7.83298016e-01 5.13190369e+02 4.13496735e+02 8.31671834e-01
    5.17968994e+02 4.18958008e+02 7.77937889e-01</data></hand_left_0>
</opencv_storage>
