<?xml version="1.0"?>
<opencv_storage>
<hand_left_0 type_id="opencv-nd-matrix">
  <sizes>
    1 21 3</sizes>
  <dt>f</dt>
  <data>
    4.60959290e+02 3.94969849e+02 5.23611128e-01 4.47530579e+02
    4.07691803e+02 6.12418830e-01 4.38342499e+02 4.23240875e+02
    5.14835119e-01 4.29154419e+02 4.33135712e+02 3.31107169e-01
    4.17139221e+02 4.36669586e+02 4.08323705e-01 4.54598328e+02
    4.25361206e+02 5.17941892e-01 4.42583130e+02 4.36669586e+02
    5.09182572e-01 4.43996704e+02 4.50805115e+02 5.96890867e-01
    4.46117004e+02 4.59993195e+02 6.85211360e-01 4.68027069e+02
    4.20413757e+02 6.48181915e-01 4.78628693e+02 4.35256042e+02
    4.03474122e-01 4.63079620e+02 4.50805115e+02 5.49103439e-01
    4.63079620e+02 4.62113495e+02 6.98885739e-01 4.84282898e+02
    4.16879883e+02 6.91316783e-01 4.94177734e+02 4.33842499e+02
    6.84115946e-01 5.00538727e+02 4.45150909e+02 5.85537076e-01
    5.05486145e+02 4.55752533e+02 5.40112495e-01 5.01245483e+02
    4.10518921e+02 7.73386180e-01 5.11847137e+02 4.20413757e+02
    6.54747844e-01 5.18208130e+02 4.26067963e+02 7.52496183e-01
    5.19621643e+02 4.31722168e+02 6.16427779e-01</data></hand_left_0>
</opencv_storage>
