<?xml version="1.0"?>
<opencv_storage>
<pose_0 type_id="opencv-nd-matrix">
  <sizes>
    1 18 3</sizes>
  <dt>f</dt>
  <data>
    4.96973450e+02 1.48614426e+02 8.12794626e-01 4.67619446e+02
    9.19627228e+01 7.79145420e-01 3.67769409e+02 8.80923615e+01
    6.43822730e-01 4.04994629e+02 2.73947784e+02 6.67534411e-01
    4.59697327e+02 4.06974945e+02 8.52799416e-01 5.69388977e+02
    1.01689468e+02 6.81823969e-01 5.28291992e+02 2.91573578e+02
    7.05268204e-01 4.96962402e+02 4.12805084e+02 6.26462758e-01
    3.77618408e+02 2.89573730e+02 4.16994035e-01 3.28664490e+02
    4.30405701e+02 4.97722447e-01 2.85664673e+02 4.81333832e+02
    1.12255797e-01 4.89136169e+02 3.05215576e+02 4.29305255e-01
    5.45859314e+02 4.48046936e+02 1.63033009e-01 0. 0. 0. 4.89057098e+02
    1.31046738e+02 7.73725748e-01 5.12613281e+02 1.31008652e+02
    6.13317132e-01 4.30373016e+02 7.24156036e+01 4.54610258e-01
    5.38002319e+02 7.82993698e+01 6.64654002e-02</data></pose_0>
</opencv_storage>
