<?xml version="1.0"?>
<opencv_storage>
<pose_0 type_id="opencv-nd-matrix">
  <sizes>
    1 18 3</sizes>
  <dt>f</dt>
  <data>
    4.93025055e+02 1.13480980e+02 7.80619204e-01 4.61788696e+02
    7.04341431e+01 7.62170434e-01 3.65871460e+02 7.04331207e+01
    6.58342004e-01 4.12760986e+02 2.56335785e+02 7.24774718e-01
    4.57844971e+02 3.83516571e+02 8.49834025e-01 5.69332031e+02
    8.21312866e+01 6.61880553e-01 5.24398132e+02 2.71956604e+02
    7.79567957e-01 4.96958435e+02 3.91269348e+02 5.78252792e-01
    3.81456512e+02 2.91509796e+02 4.26123828e-01 3.28681824e+02
    4.28502991e+02 4.69716966e-01 2.77841431e+02 4.83270508e+02
    9.65735316e-02 4.93008789e+02 3.09115570e+02 4.04804975e-01
    5.41946106e+02 4.20649963e+02 6.33923188e-02 0. 0. 0. 4.79354919e+02
    9.19540634e+01 6.87743127e-01 5.08726105e+02 9.19412994e+01
    6.26169205e-01 4.40206879e+02 5.27921143e+01 3.21225226e-01 0. 0. 0.</data></pose_0>
</opencv_storage>
