<?xml version="1.0"?>
<opencv_storage>
<hand_right_0 type_id="opencv-nd-matrix">
  <sizes>
    1 21 3</sizes>
  <dt>f</dt>
  <data>
    4.58949066e+02 3.90640167e+02 5.42263269e-01 4.76081940e+02
    3.99206573e+02 7.06493199e-01 4.94642517e+02 4.05631409e+02
    6.66671872e-01 5.06064423e+02 4.15625580e+02 7.90470839e-01
    5.19627930e+02 4.23478119e+02 8.49257171e-01 4.85362213e+02
    4.16339447e+02 7.14628220e-01 4.93928650e+02 4.31330688e+02
    7.75234401e-01 5.01781219e+02 4.45608063e+02 8.18929911e-01
    5.05350555e+02 4.55602234e+02 8.90289962e-01 4.70370972e+02
    4.18481049e+02 7.84600019e-01 4.77509674e+02 4.33472290e+02
    6.92164838e-01 4.85362213e+02 4.47035797e+02 7.23427117e-01
    4.93214783e+02 4.60599304e+02 8.77137840e-01 4.54665863e+02
    4.21336517e+02 6.58825338e-01 4.58235199e+02 4.33472290e+02
    7.05307484e-01 4.62518433e+02 4.47749664e+02 7.90795088e-01
    4.66087769e+02 4.60599304e+02 7.09263980e-01 4.38246887e+02
    4.22050385e+02 6.88806057e-01 4.39674622e+02 4.36327759e+02
    8.04296792e-01 4.41816223e+02 4.47749664e+02 7.68764973e-01
    4.47527161e+02 4.58457703e+02 7.92724073e-01</data></hand_right_0>
</opencv_storage>
