<?xml version="1.0"?>
<opencv_storage>
<hand_left_0 type_id="opencv-nd-matrix">
  <sizes>
    1 21 3</sizes>
  <dt>f</dt>
  <data>
    4.59755066e+02 4.03499603e+02 5.49255848e-01 4.47955353e+02
    4.16687500e+02 6.47220552e-01 4.38237946e+02 4.36122314e+02
    5.14726758e-01 4.36849762e+02 4.49310211e+02 3.60995620e-01
    4.15332642e+02 4.44451508e+02 2.76233643e-01 4.53508148e+02
    4.33345917e+02 5.18786073e-01 4.41708466e+02 4.43757416e+02
    4.60529745e-01 4.41708466e+02 4.56251221e+02 5.95360339e-01
    4.43790741e+02 4.66662720e+02 6.95837557e-01 4.68778351e+02
    4.28487213e+02 6.43867135e-01 4.77801666e+02 4.45145630e+02
    4.16487783e-01 4.66001953e+02 4.60415833e+02 3.57221365e-01
    4.61143250e+02 4.70827332e+02 5.50396979e-01 4.82660370e+02
    4.23628510e+02 6.48573816e-01 4.93071869e+02 4.40286926e+02
    6.42285407e-01 4.98624664e+02 4.52780731e+02 6.12443328e-01
    5.04871582e+02 4.63192230e+02 6.96383059e-01 4.97930573e+02
    4.16687500e+02 7.81251013e-01 5.06953857e+02 4.22934418e+02
    7.83405006e-01 5.13894897e+02 4.28487213e+02 8.52971435e-01
    5.18753601e+02 4.35428223e+02 7.50108957e-01</data></hand_left_0>
</opencv_storage>
