<?xml version="1.0"?>
<opencv_storage>
<hand_right_0 type_id="opencv-nd-matrix">
  <sizes>
    1 21 3</sizes>
  <dt>f</dt>
  <data>
    4.60776184e+02 4.13871765e+02 6.04268551e-01 4.78797760e+02
    4.20803131e+02 6.93554163e-01 4.99591858e+02 4.27734497e+02
    7.27773190e-01 5.09988922e+02 4.35359009e+02 7.40212023e-01
    5.19692810e+02 4.44369781e+02 7.80752182e-01 4.85729126e+02
    4.34665863e+02 6.39020801e-01 4.94739899e+02 4.49914886e+02
    7.69739926e-01 5.03750671e+02 4.63084473e+02 7.99664021e-01
    5.07216370e+02 4.74174683e+02 8.02114010e-01 4.71173248e+02
    4.37438416e+02 7.51180947e-01 4.78104614e+02 4.51301147e+02
    7.30382442e-01 4.87808533e+02 4.66550171e+02 7.55932212e-01
    4.94739899e+02 4.79026642e+02 8.88977766e-01 4.55231110e+02
    4.39517822e+02 7.09139764e-01 4.59389923e+02 4.51994293e+02
    7.08185196e-01 4.62855591e+02 4.67243317e+02 8.05595994e-01
    4.66321289e+02 4.79026642e+02 7.58557081e-01 4.42061493e+02
    4.40904114e+02 6.79758549e-01 4.38595825e+02 4.54766846e+02
    8.64383817e-01 4.40675232e+02 4.65857025e+02 7.23446250e-01
    4.43447784e+02 4.76254089e+02 7.74949551e-01</data></hand_right_0>
</opencv_storage>
