<?xml version="1.0"?>
<opencv_storage>
<hand_right_0 type_id="opencv-nd-matrix">
  <sizes>
    1 21 3</sizes>
  <dt>f</dt>
  <data>
    4.58356567e+02 3.82825684e+02 5.80529153e-01 4.76592438e+02
    3.88436707e+02 7.12593436e-01 4.94828278e+02 3.94047729e+02
    6.76298857e-01 5.07453094e+02 4.03165649e+02 8.26257467e-01
    5.18675171e+02 4.12283600e+02 7.80534923e-01 4.83606232e+02
    4.03867035e+02 6.78269029e-01 4.94828278e+02 4.19297363e+02
    7.90374279e-01 5.02543457e+02 4.32623566e+02 8.48272502e-01
    5.07453094e+02 4.43144257e+02 9.17576075e-01 4.68877258e+02
    4.08776703e+02 7.69438624e-01 4.77995178e+02 4.23505646e+02
    6.87504590e-01 4.87113098e+02 4.36831848e+02 7.07313001e-01
    4.95529663e+02 4.48755280e+02 8.97991717e-01 4.54849670e+02
    4.14387726e+02 6.97845936e-01 4.56953827e+02 4.24908417e+02
    6.94732308e-01 4.61863464e+02 4.39637360e+02 8.28371286e-01
    4.66773132e+02 4.53664948e+02 7.71730840e-01 4.38717957e+02
    4.15089111e+02 7.46131122e-01 4.39419342e+02 4.29818054e+02
    8.23558092e-01 4.43627625e+02 4.42442871e+02 7.59038329e-01
    4.48537262e+02 4.53664948e+02 7.86656380e-01</data></hand_right_0>
</opencv_storage>
