<?xml version="1.0"?>
<opencv_storage>
<hand_left_0 type_id="opencv-nd-matrix">
  <sizes>
    1 21 3</sizes>
  <dt>f</dt>
  <data>
    4.60535278e+02 4.21546936e+02 4.68196064e-01 4.47775604e+02
    4.33597717e+02 6.09062612e-01 4.37142548e+02 4.52028351e+02
    4.68357444e-01 4.25800629e+02 4.56990448e+02 5.68306446e-01
    4.14458710e+02 4.61243652e+02 7.83160806e-01 4.47775604e+02
    4.47066254e+02 5.16025484e-01 4.40686920e+02 4.60534790e+02
    6.95824564e-01 4.41395782e+02 4.72585571e+02 8.12289238e-01
    4.43522400e+02 4.83927521e+02 8.44732225e-01 4.64079620e+02
    4.44939636e+02 6.44992828e-01 4.59826416e+02 4.61243652e+02
    5.70252955e-01 4.61953003e+02 4.75421082e+02 6.21171832e-01
    4.64788483e+02 4.88889587e+02 8.38715076e-01 4.81801392e+02
    4.42104156e+02 5.89518368e-01 4.91016693e+02 4.59117065e+02
    5.97702742e-01 4.97396515e+02 4.72585571e+02 6.26873195e-01
    4.89598938e+02 4.88889587e+02 5.62018692e-01 4.96687653e+02
    4.34306610e+02 6.49408937e-01 5.05194092e+02 4.39268677e+02
    8.26206326e-01 5.10865051e+02 4.44939636e+02 8.28394890e-01
    5.15827148e+02 4.54154968e+02 7.42086589e-01</data></hand_left_0>
</opencv_storage>
