<?xml version="1.0"?>
<opencv_storage>
<hand_left_0 type_id="opencv-nd-matrix">
  <sizes>
    1 21 3</sizes>
  <dt>f</dt>
  <data>
    4.59091827e+02 4.24027435e+02 5.91342270e-01 4.44952820e+02
    4.35338623e+02 6.65470958e-01 4.35055542e+02 4.53719299e+02
    5.33258080e-01 4.21623505e+02 4.60081848e+02 4.42526251e-01
    4.12433167e+02 4.64323547e+02 7.32769847e-01 4.47073669e+02
    4.52305389e+02 4.79867131e-01 4.39297241e+02 4.63616577e+02
    6.04627371e-01 4.39297241e+02 4.75634735e+02 8.24321866e-01
    4.42125031e+02 4.86945923e+02 8.39091420e-01 4.64040466e+02
    4.48770660e+02 6.53956950e-01 4.58384857e+02 4.65030487e+02
    5.61574161e-01 4.59091827e+02 4.79876434e+02 5.86229265e-01
    4.61212677e+02 4.92601501e+02 7.92707801e-01 4.81007233e+02
    4.45942841e+02 6.22713804e-01 4.88783691e+02 4.63616577e+02
    6.48533583e-01 4.95146240e+02 4.76341675e+02 5.51348150e-01
    4.87369781e+02 4.91894562e+02 6.46247029e-01 4.97267090e+02
    4.39580322e+02 6.73962414e-01 5.03629608e+02 4.46649811e+02
    6.63282871e-01 5.09285217e+02 4.52305389e+02 7.15700626e-01
    5.12113037e+02 4.58667938e+02 6.51435375e-01</data></hand_left_0>
</opencv_storage>
