<?xml version="1.0"?>
<opencv_storage>
<pose_0 type_id="opencv-nd-matrix">
  <sizes>
    1 18 3</sizes>
  <dt>f</dt>
  <data>
    4.77462219e+02 1.17463669e+02 8.82698894e-01 4.59774841e+02
    7.04720764e+01 7.91545391e-01 3.65892487e+02 7.05059967e+01
    7.12850988e-01 4.14730438e+02 2.46488998e+02 7.89216518e-01
    4.59710938e+02 3.83510803e+02 8.22619021e-01 5.55658081e+02
    8.21280899e+01 7.20551074e-01 5.14560852e+02 2.60215912e+02
    7.54065454e-01 4.91121399e+02 3.99093353e+02 5.78856468e-01
    3.75669525e+02 2.83692017e+02 4.20766979e-01 3.30635742e+02
    4.30484558e+02 5.32705843e-01 3.03239410e+02 4.89126038e+02
    6.96502849e-02 4.75377411e+02 2.91544037e+02 5.04505217e-01
    5.38093933e+02 4.24562134e+02 1.53390303e-01 0. 0. 0. 4.63668182e+02
    9.78508148e+01 8.02107096e-01 4.98923370e+02 9.78494492e+01
    8.43489826e-01 4.10900238e+02 4.88696518e+01 8.17400932e-01
    5.24449829e+02 3.91525421e+01 1.91301614e-01</data></pose_0>
</opencv_storage>
