<?xml version="1.0"?>
<opencv_storage>
<pose_0 type_id="opencv-nd-matrix">
  <sizes>
    1 18 3</sizes>
  <dt>f</dt>
  <data>
    4.95059326e+02 9.78024673e+01 8.33635807e-01 4.65633026e+02
    6.85056534e+01 7.15544224e-01 3.67784515e+02 6.84198227e+01
    6.71915889e-01 4.14818024e+02 2.48498871e+02 7.02403188e-01
    4.59747803e+02 3.81508850e+02 8.38302553e-01 5.69382324e+02
    8.01739197e+01 6.93055153e-01 5.24430908e+02 2.69988434e+02
    7.71897614e-01 4.96944885e+02 3.89343842e+02 5.55732369e-01
    3.81529663e+02 2.91507477e+02 4.24492359e-01 3.28701630e+02
    4.28496521e+02 5.13992369e-01 2.13292618e+02 4.92996918e+02
    1.57843828e-01 4.91103241e+02 3.03275909e+02 4.09953624e-01
    5.22405029e+02 3.89372650e+02 6.33261949e-02 0. 0. 0. 4.79319000e+02
    7.23863449e+01 8.07410657e-01 5.14598450e+02 7.23648071e+01
    7.75552630e-01 4.20640320e+02 1.36860027e+01 6.09883666e-01 0. 0. 0.</data></pose_0>
</opencv_storage>
