<?xml version="1.0"?>
<opencv_storage>
<hand_right_0 type_id="opencv-nd-matrix">
  <sizes>
    1 21 3</sizes>
  <dt>f</dt>
  <data>
    4.59552277e+02 3.89238892e+02 5.37611425e-01 4.77445526e+02
    3.97827667e+02 7.03483403e-01 4.97485962e+02 4.04269226e+02
    6.87064290e-01 5.11084808e+02 4.14289429e+02 7.96531320e-01
    5.23252197e+02 4.21446747e+02 8.61159205e-01 4.86034271e+02
    4.14289429e+02 6.45882607e-01 4.95338776e+02 4.27888306e+02
    7.27077246e-01 5.03211792e+02 4.41487152e+02 7.79719830e-01
    5.06074707e+02 4.50791656e+02 8.84289622e-01 4.70288239e+02
    4.16436646e+02 7.46962786e-01 4.78161255e+02 4.31466949e+02
    6.40398681e-01 4.86034271e+02 4.45065826e+02 6.64102852e-01
    4.93907318e+02 4.57948944e+02 8.55863333e-01 4.54542175e+02
    4.20015289e+02 6.49838448e-01 4.58836548e+02 4.32182678e+02
    6.67111516e-01 4.63846680e+02 4.47928741e+02 7.63329864e-01
    4.65993866e+02 4.60811859e+02 7.88800538e-01 4.38080414e+02
    4.20731018e+02 6.82066560e-01 4.39511871e+02 4.35761322e+02
    7.46159971e-01 4.42374786e+02 4.47928741e+02 7.86074579e-01
    4.47384888e+02 4.59380402e+02 7.95689404e-01</data></hand_right_0>
</opencv_storage>
