<?xml version="1.0"?>
<opencv_storage>
<hand_right_0 type_id="opencv-nd-matrix">
  <sizes>
    1 21 3</sizes>
  <dt>f</dt>
  <data>
    4.58386719e+02 3.84087280e+02 6.33737564e-01 4.75309357e+02
    3.89728180e+02 6.93313122e-01 4.93485535e+02 3.95995819e+02
    6.98798239e-01 5.03513794e+02 4.06650818e+02 7.94389784e-01
    5.16675842e+02 4.14171997e+02 8.46804202e-01 4.82830536e+02
    4.02263458e+02 6.50233746e-01 4.93485535e+02 4.19812897e+02
    8.27329755e-01 5.00379974e+02 4.33601715e+02 7.81035244e-01
    5.03513794e+02 4.44256714e+02 9.23570931e-01 4.69041718e+02
    4.06024048e+02 7.04373062e-01 4.78443176e+02 4.22319946e+02
    6.46424651e-01 4.84710846e+02 4.34228485e+02 6.38603985e-01
    4.89098206e+02 4.47390533e+02 7.16439366e-01 4.56506409e+02
    4.09157898e+02 6.25721633e-01 4.58386719e+02 4.21693176e+02
    5.98132372e-01 4.62774078e+02 4.37362305e+02 6.66343927e-01
    4.63400818e+02 4.49270844e+02 6.30853295e-01 4.43344360e+02
    4.12291718e+02 6.62439585e-01 4.42090820e+02 4.20439667e+02
    6.98073089e-01 4.41464050e+02 4.29214355e+02 7.02234387e-01
    4.42090820e+02 4.39242615e+02 7.76866078e-01</data></hand_right_0>
</opencv_storage>
