<?xml version="1.0"?>
<opencv_storage>
<pose_0 type_id="opencv-nd-matrix">
  <sizes>
    1 18 3</sizes>
  <dt>f</dt>
  <data>
    5.06807495e+02 9.58323288e+01 8.53924334e-01 4.65684723e+02
    6.85056839e+01 6.95118368e-01 3.67860565e+02 6.84082260e+01
    6.65660501e-01 4.14723389e+02 2.50424225e+02 7.31382430e-01
    4.59739136e+02 3.81489899e+02 8.57633591e-01 5.71254822e+02
    7.82349548e+01 6.71288252e-01 5.28230530e+02 2.69938538e+02
    7.39582062e-01 4.95038239e+02 3.87362671e+02 5.81547201e-01
    3.79573822e+02 2.93476532e+02 4.18902844e-01 3.24757294e+02
    4.30436829e+02 4.59862679e-01 2.15245377e+02 4.93048981e+02
    1.31035566e-01 4.91032654e+02 3.05201965e+02 4.17621374e-01
    5.22435547e+02 3.85480164e+02 6.42974526e-02 0. 0. 0. 4.91086029e+02
    7.04949951e+01 8.07730138e-01 5.24338928e+02 7.04112778e+01
    8.52826774e-01 4.30360046e+02 2.15470695e+01 8.48388016e-01 0. 0. 0.</data></pose_0>
</opencv_storage>
