<?xml version="1.0"?>
<opencv_storage>
<pose_0 type_id="opencv-nd-matrix">
  <sizes>
    1 18 3</sizes>
  <dt>f</dt>
  <data>
    4.34369507e+02 1.07591232e+02 7.57161319e-01 4.63668213e+02
    7.04551315e+01 7.63358235e-01 3.69838562e+02 6.85413742e+01
    7.29562342e-01 4.14855804e+02 2.58324951e+02 7.67421842e-01
    4.59719482e+02 3.83514404e+02 8.71036887e-01 5.69366577e+02
    8.60337982e+01 6.50589824e-01 5.30211182e+02 2.71983490e+02
    7.62695551e-01 4.93116333e+02 3.97140472e+02 5.80501616e-01
    3.81507385e+02 2.89592834e+02 4.24863726e-01 3.24819336e+02
    4.30417145e+02 3.61493796e-01 2.85651245e+02 4.79399261e+02
    8.19578245e-02 4.91059875e+02 3.05238373e+02 4.13813621e-01
    5.22354004e+02 3.89358154e+02 6.60926402e-02 0. 0. 0. 4.18662170e+02
    8.41796417e+01 7.80544639e-01 4.57787872e+02 8.61386871e+01
    7.21010447e-01 3.97190094e+02 5.68041153e+01 9.45319459e-02
    5.06759247e+02 3.72041512e+01 7.14921474e-01</data></pose_0>
</opencv_storage>
