<?xml version="1.0"?>
<opencv_storage>
<pose_0 type_id="opencv-nd-matrix">
  <sizes>
    1 18 3</sizes>
  <dt>f</dt>
  <data>
    4.28530334e+02 1.46630981e+02 8.85003448e-01 4.46045471e+02
    9.98041763e+01 7.95230746e-01 3.52244415e+02 1.01818146e+02
    7.28149176e-01 4.12769379e+02 2.71914398e+02 8.49231601e-01
    4.59773071e+02 4.08941742e+02 8.11605573e-01 5.40024963e+02
    1.01762878e+02 7.37567425e-01 5.10706757e+02 2.77858948e+02
    7.99742341e-01 4.91114471e+02 4.26503693e+02 5.66833556e-01
    3.77627930e+02 3.03258636e+02 4.13172692e-01 3.30640198e+02
    4.53901184e+02 4.88893688e-01 3.03269836e+02 5.10638794e+02
    5.79485483e-02 4.75487305e+02 3.07161255e+02 4.71136659e-01
    5.12612610e+02 4.16763824e+02 1.03814885e-01 0. 0. 0. 4.10837280e+02
    1.27136017e+02 7.73206413e-01 4.46072144e+02 1.19372520e+02
    8.25934768e-01 3.79523804e+02 1.01819283e+02 2.04187840e-01
    4.79382080e+02 6.85098648e+01 6.32447600e-01</data></pose_0>
</opencv_storage>
