<?xml version="1.0"?>
<opencv_storage>
<hand_right_0 type_id="opencv-nd-matrix">
  <sizes>
    1 21 3</sizes>
  <dt>f</dt>
  <data>
    4.60230621e+02 3.87592377e+02 6.24867976e-01 4.76693634e+02
    3.94451965e+02 7.58421779e-01 4.97272400e+02 4.02683472e+02
    6.73013151e-01 5.08247742e+02 4.12286896e+02 7.87028015e-01
    5.19909058e+02 4.20518402e+02 8.44943225e-01 4.85611084e+02
    4.12286896e+02 7.32782841e-01 4.94528564e+02 4.26692047e+02
    7.41547883e-01 5.02760071e+02 4.40411224e+02 7.81812251e-01
    5.04817932e+02 4.50014648e+02 8.56775403e-01 4.70519989e+02
    4.14344788e+02 8.05730820e-01 4.77379578e+02 4.28749908e+02
    6.95533097e-01 4.85611084e+02 4.41783142e+02 7.47699142e-01
    4.92470673e+02 4.56188263e+02 8.94691825e-01 4.54742950e+02
    4.17774567e+02 6.81104541e-01 4.56800812e+02 4.28749908e+02
    6.84782028e-01 4.60916565e+02 4.42469086e+02 8.27113092e-01
    4.64346375e+02 4.56874237e+02 7.05636561e-01 4.38965881e+02
    4.19146484e+02 7.49363005e-01 4.39651855e+02 4.31493744e+02
    8.24922085e-01 4.40337799e+02 4.41783142e+02 7.26616681e-01
    4.43767609e+02 4.52072510e+02 6.26950026e-01</data></hand_right_0>
</opencv_storage>
