<?xml version="1.0"?>
<opencv_storage>
<pose_0 type_id="opencv-nd-matrix">
  <sizes>
    1 18 3</sizes>
  <dt>f</dt>
  <data>
    4.75414032e+02 1.78056778e+02 7.73935974e-01 4.71555939e+02
    1.09562920e+02 7.72678196e-01 3.67832886e+02 1.01724663e+02
    6.82733655e-01 4.12878632e+02 2.89524139e+02 7.49503314e-01
    4.59827362e+02 4.18669739e+02 8.21647108e-01 5.71331360e+02
    1.17419968e+02 6.88195527e-01 5.26353943e+02 3.03329987e+02
    7.82321215e-01 4.95012054e+02 4.26549866e+02 6.15025222e-01
    3.79518951e+02 2.87625000e+02 4.13615584e-01 3.18962402e+02
    4.42166168e+02 2.89613664e-01 0. 0. 0. 4.91056824e+02 3.05223816e+02
    4.61834610e-01 5.41991272e+02 4.46085724e+02 1.92045674e-01 0. 0. 0.
    4.59822266e+02 1.62303711e+02 7.78307378e-01 4.93042786e+02
    1.62282089e+02 5.78922153e-01 4.14759735e+02 8.41546936e+01
    5.76275587e-01 5.28267090e+02 1.11511772e+02 3.78379762e-01</data></pose_0>
</opencv_storage>
