<?xml version="1.0"?>
<opencv_storage>
<hand_left_0 type_id="opencv-nd-matrix">
  <sizes>
    1 21 3</sizes>
  <dt>f</dt>
  <data>
    4.59790558e+02 3.86162445e+02 5.41162968e-01 4.48298920e+02
    3.97015656e+02 6.19602025e-01 4.38722565e+02 4.12337799e+02
    5.73916018e-01 4.27230957e+02 4.23191010e+02 6.66091800e-01
    4.15100922e+02 4.32767334e+02 7.78572440e-01 4.52129456e+02
    4.09145691e+02 5.41445374e-01 4.42553101e+02 4.19998871e+02
    5.98652482e-01 4.42553101e+02 4.32128937e+02 7.32639790e-01
    4.41914703e+02 4.42982117e+02 6.82078481e-01 4.68090057e+02
    4.06591980e+02 6.22017384e-01 4.60428955e+02 4.21914154e+02
    4.78483051e-01 4.63621094e+02 4.37874725e+02 7.09233403e-01
    4.57236847e+02 4.53835327e+02 6.68943524e-01 4.83412201e+02
    4.04038300e+02 6.11232698e-01 4.92350128e+02 4.21275726e+02
    6.28091455e-01 4.97457520e+02 4.33405762e+02 4.83923435e-01
    4.89796448e+02 4.45535828e+02 5.81495464e-01 4.98734375e+02
    4.01484619e+02 7.24662304e-01 5.07033875e+02 4.09145691e+02
    5.70367634e-01 5.12779663e+02 4.13614655e+02 7.60533690e-01
    5.14694946e+02 4.14891479e+02 6.17285609e-01</data></hand_left_0>
</opencv_storage>
