<?xml version="1.0"?>
<opencv_storage>
<hand_left_0 type_id="opencv-nd-matrix">
  <sizes>
    1 21 3</sizes>
  <dt>f</dt>
  <data>
    4.61628418e+02 3.93258942e+02 5.49844444e-01 4.47491272e+02
    4.06689240e+02 6.27973795e-01 4.39715820e+02 4.25067566e+02
    6.08294249e-01 4.39715820e+02 4.39204712e+02 6.47303998e-01
    4.46077545e+02 4.53341888e+02 5.93312323e-01 4.53146118e+02
    4.19412689e+02 6.60855472e-01 4.41836395e+02 4.31429291e+02
    3.28073114e-01 4.45370697e+02 4.45566437e+02 4.58512664e-01
    4.46784393e+02 4.54755615e+02 5.60182810e-01 4.68696991e+02
    4.13757843e+02 6.98389411e-01 4.78593018e+02 4.30722412e+02
    4.20817763e-01 4.65162720e+02 4.46273315e+02 4.45563138e-01
    4.65162720e+02 4.56876190e+02 7.12344408e-01 4.84247894e+02
    4.09516693e+02 6.25138581e-01 4.94143890e+02 4.25774414e+02
    6.14923060e-01 5.00505615e+02 4.37084137e+02 5.91409743e-01
    5.05453613e+02 4.47687012e+02 6.40491068e-01 4.97678192e+02
    4.02448090e+02 7.54900336e-01 5.07574188e+02 4.07396118e+02
    7.80505359e-01 5.13935913e+02 4.13757843e+02 8.34845185e-01
    5.18883911e+02 4.20119568e+02 7.70980716e-01</data></hand_left_0>
</opencv_storage>
