<?xml version="1.0"?>
<opencv_storage>
<hand_right_0 type_id="opencv-nd-matrix">
  <sizes>
    1 21 3</sizes>
  <dt>f</dt>
  <data>
    4.60019531e+02 3.88666656e+02 5.87651432e-01 4.76900696e+02
    3.94997101e+02 7.46926427e-01 4.96595428e+02 4.02030914e+02
    7.00762391e-01 5.08552917e+02 4.11878265e+02 7.69687295e-01
    5.19807007e+02 4.21022247e+02 7.99616575e-01 4.85341309e+02
    4.11174896e+02 6.67101741e-01 4.93781891e+02 4.24539154e+02
    7.58059502e-01 5.02222473e+02 4.37200043e+02 8.23261917e-01
    5.05739380e+02 4.47750763e+02 9.02055502e-01 4.69866882e+02
    4.13285034e+02 7.50699162e-01 4.76900696e+02 4.27352692e+02
    7.74533451e-01 4.86044678e+02 4.41420319e+02 7.25712538e-01
    4.92375122e+02 4.53377838e+02 9.05373871e-01 4.54392456e+02
    4.15395172e+02 6.49208963e-01 4.57909393e+02 4.28056061e+02
    6.38741553e-01 4.62129669e+02 4.42827087e+02 7.99184144e-01
    4.64943207e+02 4.55487976e+02 5.81730723e-01 4.41028198e+02
    4.18208710e+02 7.32202411e-01 4.40324829e+02 4.30869598e+02
    8.24853837e-01 4.41731598e+02 4.42123718e+02 7.83380330e-01
    4.45248505e+02 4.52674438e+02 7.32896805e-01</data></hand_right_0>
</opencv_storage>
