<?xml version="1.0"?>
<opencv_storage>
<hand_left_0 type_id="opencv-nd-matrix">
  <sizes>
    1 21 3</sizes>
  <dt>f</dt>
  <data>
    4.59474213e+02 3.92685852e+02 5.15473485e-01 4.46862152e+02
    4.06699249e+02 5.82854748e-01 4.37052795e+02 4.24215973e+02
    4.16510642e-01 4.26542755e+02 4.30522003e+02 3.47152501e-01
    4.15332031e+02 4.32624023e+02 4.97375935e-01 4.49664825e+02
    4.18610626e+02 5.39835930e-01 4.41957458e+02 4.31222687e+02
    6.55062556e-01 4.42658142e+02 4.45236053e+02 6.64976001e-01
    4.44760132e+02 4.55746094e+02 7.12775230e-01 4.65780212e+02
    4.14406616e+02 6.42502964e-01 4.59474213e+02 4.31923340e+02
    4.43924427e-01 4.62276886e+02 4.47338074e+02 5.73727489e-01
    4.61576202e+02 4.58548767e+02 6.99901700e-01 4.82596283e+02
    4.10202606e+02 6.37956917e-01 4.95908997e+02 4.27719330e+02
    5.25283694e-01 4.99412354e+02 4.39630707e+02 4.62024540e-01
    5.06419037e+02 4.48038727e+02 5.10493755e-01 4.98011017e+02
    4.01794556e+02 6.89855456e-01 5.06419037e+02 4.06699249e+02
    7.49626160e-01 5.12725098e+02 4.12304596e+02 7.70050645e-01
    5.19731750e+02 4.18610626e+02 7.45440006e-01</data></hand_left_0>
</opencv_storage>
