<?xml version="1.0"?>
<opencv_storage>
<pose_0 type_id="opencv-nd-matrix">
  <sizes>
    1 18 3</sizes>
  <dt>f</dt>
  <data>
    4.77354004e+02 1.29097580e+02 7.19101310e-01 4.75457916e+02
    7.63413239e+01 7.57360995e-01 3.79524597e+02 7.63320770e+01
    6.65771067e-01 4.22573303e+02 2.68021820e+02 7.24466205e-01
    4.59784698e+02 3.95240356e+02 8.84929478e-01 5.75237427e+02
    9.19665375e+01 6.41907036e-01 5.30245422e+02 2.81742676e+02
    7.23804295e-01 4.95000793e+02 4.06927521e+02 5.29891551e-01
    3.81514618e+02 2.91534485e+02 4.04843360e-01 3.20893524e+02
    4.49994537e+02 2.60803521e-01 0. 0. 0. 4.91082245e+02 3.07195862e+02
    4.24300581e-01 5.26331360e+02 4.08926941e+02 6.89497143e-02 0. 0. 0.
    4.61709229e+02 1.03683807e+02 6.91528201e-01 4.93112762e+02
    1.03718132e+02 6.67780936e-01 4.14748413e+02 4.89233322e+01
    4.24158007e-01 5.36027161e+02 2.93457050e+01 6.24706507e-01</data></pose_0>
</opencv_storage>
