<?xml version="1.0"?>
<opencv_storage>
<hand_right_0 type_id="opencv-nd-matrix">
  <sizes>
    1 21 3</sizes>
  <dt>f</dt>
  <data>
    4.57647339e+02 4.22111511e+02 5.94437957e-01 4.74777313e+02
    4.27107758e+02 6.92930937e-01 4.93334778e+02 4.31390259e+02
    6.66104436e-01 5.04754761e+02 4.39955231e+02 8.10728431e-01
    5.15460999e+02 4.46378967e+02 7.22443640e-01 4.82628540e+02
    4.41382721e+02 6.49386942e-01 4.94048523e+02 4.57085205e+02
    7.72141695e-01 5.01899780e+02 4.69218933e+02 8.26304257e-01
    5.07609772e+02 4.80638916e+02 8.80820394e-01 4.68353577e+02
    4.46378967e+02 7.60441899e-01 4.76918549e+02 4.59226440e+02
    7.39967227e-01 4.87624786e+02 4.74215179e+02 8.20706964e-01
    4.95476013e+02 4.86348907e+02 8.56527686e-01 4.53364838e+02
    4.50661469e+02 6.79410338e-01 4.56933594e+02 4.62081451e+02
    6.46109939e-01 4.61216095e+02 4.76356415e+02 7.85058975e-01
    4.64784821e+02 4.89917664e+02 5.79037726e-01 4.39089874e+02
    4.52088959e+02 6.66073978e-01 4.36234863e+02 4.64222687e+02
    8.52232993e-01 4.37662354e+02 4.74928925e+02 7.50751078e-01
    4.41231110e+02 4.85635162e+02 8.02585006e-01</data></hand_right_0>
</opencv_storage>
