<?xml version="1.0"?>
<opencv_storage>
<hand_left_0 type_id="opencv-nd-matrix">
  <sizes>
    1 21 3</sizes>
  <dt>f</dt>
  <data>
    4.60404114e+02 4.00987061e+02 5.37344813e-01 4.48909698e+02
    4.13833771e+02 6.08880877e-01 4.38767548e+02 4.32089661e+02
    4.57293898e-01 4.27273102e+02 4.40203369e+02 4.31737214e-01
    4.15102509e+02 4.44260223e+02 8.10916245e-01 4.52290405e+02
    4.30061218e+02 5.72536170e-01 4.41472107e+02 4.42231812e+02
    5.85592210e-01 4.42148254e+02 4.54402374e+02 7.30435610e-01
    4.43500549e+02 4.65220673e+02 7.68627584e-01 4.67841705e+02
    4.26680511e+02 6.59180164e-01 4.59727997e+02 4.42907959e+02
    3.93208206e-01 4.63784851e+02 4.56430817e+02 5.73653936e-01
    4.64460999e+02 4.69953674e+02 7.58172333e-01 4.84069153e+02
    4.21947510e+02 6.26096129e-01 4.94211304e+02 4.38174957e+02
    6.19398713e-01 5.00972748e+02 4.50345520e+02 6.63431704e-01
    5.06381866e+02 4.60487671e+02 6.05583131e-01 5.00296600e+02
    4.15186066e+02 7.29871333e-01 5.09762604e+02 4.21947510e+02
    6.88247323e-01 5.17876343e+02 4.28032806e+02 7.59164631e-01
    5.21933167e+02 4.35470367e+02 6.38611019e-01</data></hand_left_0>
</opencv_storage>
