<?xml version="1.0"?>
<opencv_storage>
<pose_0 type_id="opencv-nd-matrix">
  <sizes>
    1 18 3</sizes>
  <dt>f</dt>
  <data>
    4.95011688e+02 1.31066452e+02 7.50643432e-01 4.65697418e+02
    8.40777435e+01 7.64202058e-01 3.65913269e+02 8.21570740e+01
    6.51439369e-01 4.08930328e+02 2.71970795e+02 6.85925603e-01
    4.57837372e+02 3.97097107e+02 8.76692355e-01 5.69385803e+02
    9.19391632e+01 6.57525837e-01 5.26340759e+02 2.77854248e+02
    7.22843945e-01 4.93034515e+02 4.01140961e+02 5.99284887e-01
    3.77630402e+02 2.99349030e+02 3.92796993e-01 3.24815247e+02
    4.32396057e+02 3.46322119e-01 2.83696686e+02 4.81296906e+02
    1.23400189e-01 4.91078644e+02 3.13038788e+02 4.08623070e-01
    5.45852051e+02 4.30439178e+02 6.69102222e-02 0. 0. 0. 4.89138885e+02
    1.13433029e+02 6.46942377e-01 5.10630737e+02 1.15389946e+02
    4.43050146e-01 4.53875214e+02 7.03983994e+01 2.97640502e-01 0. 0. 0.</data></pose_0>
</opencv_storage>
