<?xml version="1.0"?>
<opencv_storage>
<pose_0 type_id="opencv-nd-matrix">
  <sizes>
    1 18 3</sizes>
  <dt>f</dt>
  <data>
    5.06686279e+02 1.48740326e+02 7.42848933e-01 4.71495819e+02
    9.58945313e+01 7.79509068e-01 3.67835693e+02 9.19753647e+01
    6.28620386e-01 4.03045563e+02 2.73990448e+02 6.89286292e-01
    4.57846802e+02 4.05002960e+02 8.52054238e-01 5.71325378e+02
    1.01787605e+02 6.69932604e-01 5.26346558e+02 2.93485626e+02
    7.06054091e-01 4.96958954e+02 4.10899200e+02 6.92103744e-01
    3.75666382e+02 2.89602509e+02 3.98460150e-01 3.20839447e+02
    4.42165833e+02 3.10674876e-01 2.73918732e+02 4.87186462e+02
    5.75341806e-02 4.89120209e+02 3.07191040e+02 4.20727700e-01
    5.51722107e+02 4.59763245e+02 7.78045207e-02 0. 0. 0. 4.93100739e+02
    1.33079315e+02 7.81001747e-01 5.20421204e+02 1.31071701e+02
    4.19419199e-01 4.36308044e+02 8.40993500e+01 3.32190096e-01
    5.40081665e+02 8.41651001e+01 8.12081993e-02</data></pose_0>
</opencv_storage>
