<?xml version="1.0"?>
<opencv_storage>
<hand_left_0 type_id="opencv-nd-matrix">
  <sizes>
    1 21 3</sizes>
  <dt>f</dt>
  <data>
    4.58000824e+02 4.08852509e+02 5.10294259e-01 4.45952423e+02
    4.20900909e+02 5.86414874e-01 4.36738922e+02 4.41454102e+02
    4.77175444e-01 4.29651611e+02 4.48541382e+02 4.38433260e-01
    4.14059540e+02 4.49250122e+02 7.23366737e-01 4.52330994e+02
    4.36492981e+02 4.97639298e-01 4.40282562e+02 4.47832672e+02
    5.24424672e-01 4.41700043e+02 4.59881073e+02 6.22349739e-01
    4.45243683e+02 4.71220764e+02 7.11871743e-01 4.66505585e+02
    4.31531860e+02 6.10543907e-01 4.59418274e+02 4.47123932e+02
    4.14239407e-01 4.62961945e+02 4.60589813e+02 5.88853657e-01
    4.64379395e+02 4.71929474e+02 7.15946555e-01 4.82806396e+02
    4.25862030e+02 6.26846373e-01 4.94146057e+02 4.42871552e+02
    5.41706502e-01 4.92728607e+02 4.58463623e+02 5.14823794e-01
    4.98398438e+02 4.68385834e+02 6.18184626e-01 4.98398438e+02
    4.19483459e+02 6.87088192e-01 5.06903198e+02 4.23027100e+02
    6.70308232e-01 5.13990540e+02 4.27988220e+02 7.30336487e-01
    5.16116699e+02 4.34366791e+02 6.49728835e-01</data></hand_left_0>
</opencv_storage>
