<?xml version="1.0"?>
<opencv_storage>
<hand_right_0 type_id="opencv-nd-matrix">
  <sizes>
    1 21 3</sizes>
  <dt>f</dt>
  <data>
    4.62207794e+02 4.20264954e+02 6.46152258e-01 4.80267212e+02
    4.28360535e+02 6.96687639e-01 5.00194885e+02 4.37701630e+02
    7.80504644e-01 5.08913208e+02 4.51401886e+02 7.16985822e-01
    5.17631592e+02 4.60742981e+02 7.80794919e-01 4.87117371e+02
    4.44551758e+02 7.30208278e-01 4.95212952e+02 4.61988464e+02
    8.47311676e-01 5.00194885e+02 4.75688721e+02 8.42726409e-01
    5.03931305e+02 4.88143494e+02 9.07621801e-01 4.72794373e+02
    4.47665466e+02 7.60920107e-01 4.79644501e+02 4.63856659e+02
    7.27989435e-01 4.84626404e+02 4.79425140e+02 6.26116633e-01
    4.76530792e+02 4.90011719e+02 5.15120029e-01 4.59094086e+02
    4.48910950e+02 7.00714350e-01 4.59716827e+02 4.62611206e+02
    6.59004152e-01 4.60962311e+02 4.76934204e+02 7.08993316e-01
    4.59094086e+02 4.91879944e+02 7.31580794e-01 4.43525635e+02
    4.48288208e+02 6.53547108e-01 4.41034668e+02 4.60120239e+02
    7.50804722e-01 4.40411926e+02 4.70084076e+02 7.64925778e-01
    4.40411926e+02 4.80047882e+02 8.31440210e-01</data></hand_right_0>
</opencv_storage>
