<?xml version="1.0"?>
<opencv_storage>
<pose_0 type_id="opencv-nd-matrix">
  <sizes>
    1 18 3</sizes>
  <dt>f</dt>
  <data>
    4.61787903e+02 1.15464294e+02 8.13721418e-01 4.63734863e+02
    6.85238342e+01 7.81026661e-01 3.67820313e+02 6.64889755e+01
    6.93462729e-01 4.16731201e+02 2.58247131e+02 7.22503483e-01
    4.59861877e+02 3.85480682e+02 8.46011519e-01 5.69336060e+02
    8.41162186e+01 6.86164796e-01 5.26296204e+02 2.69980713e+02
    7.81076372e-01 4.93090118e+02 3.97169952e+02 5.15238523e-01
    3.81533081e+02 2.91536102e+02 4.10861790e-01 3.30639954e+02
    4.30478943e+02 4.17193800e-01 2.89576752e+02 4.81322418e+02
    1.09462917e-01 4.91125122e+02 3.05193085e+02 4.18692291e-01
    5.22405273e+02 3.95223602e+02 7.04509541e-02 0. 0. 0. 4.49979980e+02
    9.38928528e+01 6.17629468e-01 4.81312988e+02 9.77760849e+01
    6.60284638e-01 3.99135498e+02 4.84493208e+00 3.78773451e-01
    5.24270386e+02 4.30256729e+01 2.51300693e-01</data></pose_0>
</opencv_storage>
