<?xml version="1.0"?>
<opencv_storage>
<pose_0 type_id="opencv-nd-matrix">
  <sizes>
    1 18 3</sizes>
  <dt>f</dt>
  <data>
    4.75446869e+02 1.60442917e+02 7.29378343e-01 4.67598877e+02
    9.78095856e+01 8.24103117e-01 3.65870667e+02 9.78011017e+01
    6.82333291e-01 4.10869354e+02 2.83702271e+02 7.12757349e-01
    4.59712921e+02 4.10807465e+02 8.67361546e-01 5.71261353e+02
    1.05623169e+02 6.56254828e-01 5.32190369e+02 2.97365387e+02
    7.24642158e-01 4.96939270e+02 4.14816315e+02 6.60831034e-01
    3.75668762e+02 2.93481934e+02 3.93023908e-01 3.24803223e+02
    4.32385468e+02 4.75976437e-01 2.87596741e+02 4.77369934e+02
    1.36327043e-01 4.89134155e+02 3.05237732e+02 3.95695508e-01
    5.43895508e+02 4.51939880e+02 1.05560273e-01 0. 0. 0. 4.63701904e+02
    1.44729980e+02 5.78347325e-01 4.93004974e+02 1.46655411e+02
    4.68764365e-01 4.14826172e+02 7.04475784e+01 4.73702312e-01
    5.10701782e+02 7.04803238e+01 1.88916102e-01</data></pose_0>
</opencv_storage>
