<?xml version="1.0"?>
<opencv_storage>
<pose_0 type_id="opencv-nd-matrix">
  <sizes>
    1 18 3</sizes>
  <dt>f</dt>
  <data>
    4.95067108e+02 1.33168076e+02 7.21185803e-01 4.69590729e+02
    8.21759872e+01 7.97632575e-01 3.67839142e+02 8.02196579e+01
    6.53803289e-01 4.14782166e+02 2.68038727e+02 6.92083359e-01
    4.59765594e+02 3.97149506e+02 9.01061416e-01 5.71335510e+02
    9.19576645e+01 6.38573468e-01 5.26352234e+02 2.87526733e+02
    7.55529165e-01 4.91117249e+02 4.12750275e+02 5.15040636e-01
    3.79586792e+02 2.91547943e+02 4.06650871e-01 3.22809265e+02
    4.34338257e+02 4.55743581e-01 2.71974243e+02 4.89107056e+02
    7.22496063e-02 4.91041199e+02 3.11081207e+02 4.38484490e-01
    5.39984619e+02 4.36299927e+02 8.26610252e-02 0. 0. 0. 4.89105621e+02
    1.15518929e+02 7.13367343e-01 5.10684235e+02 1.17433037e+02
    5.32821298e-01 4.30392303e+02 5.67849121e+01 3.61960977e-01
    5.37981750e+02 6.26346626e+01 5.40426634e-02</data></pose_0>
</opencv_storage>
