<?xml version="1.0"?>
<opencv_storage>
<hand_left_0 type_id="opencv-nd-matrix">
  <sizes>
    1 21 3</sizes>
  <dt>f</dt>
  <data>
    4.61273102e+02 4.07300079e+02 5.38651049e-01 4.50232971e+02
    4.20288483e+02 6.53306603e-01 4.39842224e+02 4.37822845e+02
    5.76217592e-01 4.26204407e+02 4.46914703e+02 6.38610423e-01
    4.14514832e+02 4.52759491e+02 7.69474745e-01 4.56077728e+02
    4.37822845e+02 5.96598804e-01 4.42439911e+02 4.47564148e+02
    4.38652873e-01 4.42439911e+02 4.59903137e+02 6.41087711e-01
    4.44388184e+02 4.73540955e+02 6.99223995e-01 4.71014404e+02
    4.33926300e+02 6.76086485e-01 4.80106293e+02 4.53408936e+02
    4.76866245e-01 4.61922516e+02 4.63799652e+02 5.72714925e-01
    4.59974274e+02 4.79385742e+02 6.27098918e-01 4.85951080e+02
    4.31978058e+02 6.51290119e-01 4.95042969e+02 4.50811249e+02
    6.94984376e-01 5.00887756e+02 4.63150238e+02 6.23875022e-01
    5.04784271e+02 4.74190369e+02 7.57091761e-01 4.99588928e+02
    4.24834412e+02 7.42754042e-01 5.09330231e+02 4.39121674e+02
    6.47894323e-01 5.14525574e+02 4.43667603e+02 7.03405380e-01
    5.17772705e+02 4.46914703e+02 5.35656989e-01</data></hand_left_0>
</opencv_storage>
