<?xml version="1.0"?>
<opencv_storage>
<pose_0 type_id="opencv-nd-matrix">
  <sizes>
    1 18 3</sizes>
  <dt>f</dt>
  <data>
    4.91131622e+02 1.60458206e+02 4.35623646e-01 4.71500305e+02
    9.58457489e+01 7.49497294e-01 3.69799133e+02 8.99707031e+01
    6.36506736e-01 4.14748108e+02 2.85619537e+02 7.50079274e-01
    4.59727631e+02 4.10828400e+02 8.77148509e-01 5.69356934e+02
    1.03677238e+02 6.61934376e-01 5.26383972e+02 2.95456451e+02
    7.36580551e-01 4.92983795e+02 4.26523865e+02 5.87210178e-01
    3.77582977e+02 2.89549286e+02 3.94248217e-01 3.22870483e+02
    4.32382080e+02 4.74597156e-01 2.77815765e+02 4.77423981e+02
    1.11769326e-01 4.87135498e+02 3.03231323e+02 4.24501836e-01
    5.40018188e+02 4.44118774e+02 9.44880098e-02 0. 0. 0. 4.87188324e+02
    1.46756485e+02 4.15179908e-01 5.08701569e+02 1.46700378e+02
    1.93557069e-01 4.26478333e+02 8.41759949e+01 3.89589995e-01
    5.38044739e+02 1.01712196e+02 1.58565089e-01</data></pose_0>
</opencv_storage>
