<?xml version="1.0"?>
<opencv_storage>
<hand_left_0 type_id="opencv-nd-matrix">
  <sizes>
    1 21 3</sizes>
  <dt>f</dt>
  <data>
    4.55567688e+02 4.21658569e+02 5.48980474e-01 4.42656158e+02
    4.34570129e+02 6.11718714e-01 4.34048462e+02 4.53220154e+02
    4.50923920e-01 4.23288818e+02 4.59675903e+02 5.21408677e-01
    4.11094604e+02 4.63262451e+02 7.27054238e-01 4.49111938e+02
    4.49633606e+02 5.04500628e-01 4.38352295e+02 4.60393219e+02
    6.72346950e-01 4.39786926e+02 4.73304749e+02 7.32070446e-01
    4.44090759e+02 4.84064392e+02 8.22459638e-01 4.65610016e+02
    4.46047058e+02 6.18937612e-01 4.57719604e+02 4.60393219e+02
    4.50688779e-01 4.62740784e+02 4.74022064e+02 5.93879461e-01
    4.63458069e+02 4.86933624e+02 7.85071015e-01 4.79956177e+02
    4.41743225e+02 6.48939490e-01 4.90715790e+02 4.55372070e+02
    6.14394665e-01 4.96454254e+02 4.69000916e+02 5.53616464e-01
    5.04344635e+02 4.79043213e+02 6.08521819e-01 4.92867706e+02
    4.31700897e+02 6.64656281e-01 5.02910034e+02 4.36722046e+02
    8.41127396e-01 5.09365784e+02 4.40308594e+02 8.17039967e-01
    5.15104248e+02 4.46047058e+02 7.38708138e-01</data></hand_left_0>
</opencv_storage>
