<?xml version="1.0"?>
<opencv_storage>
<pose_0 type_id="opencv-nd-matrix">
  <sizes>
    1 18 3</sizes>
  <dt>f</dt>
  <data>
    4.32407715e+02 1.42860275e+02 8.34491491e-01 4.48015656e+02
    9.78148499e+01 7.91256428e-01 3.54116241e+02 1.01690620e+02
    7.35257208e-01 4.10900513e+02 2.68028473e+02 8.23759139e-01
    4.59829193e+02 4.03088531e+02 7.94520497e-01 5.42005432e+02
    9.97033081e+01 7.01300859e-01 5.10724426e+02 2.73974731e+02
    8.12105298e-01 4.93001099e+02 4.16750305e+02 5.68322718e-01
    3.81485596e+02 2.95444366e+02 4.27811474e-01 3.28721893e+02
    4.50027039e+02 5.08619964e-01 0. 0. 0. 4.79324036e+02 3.01299469e+02
    4.49265301e-01 5.10672546e+02 4.12817169e+02 1.14207372e-01 0. 0. 0.
    4.12787415e+02 1.21313881e+02 7.64858723e-01 4.51975983e+02
    1.17445198e+02 7.93744802e-01 3.81501526e+02 1.01723907e+02
    2.40205824e-01 4.89152527e+02 5.67849884e+01 6.19487762e-01</data></pose_0>
</opencv_storage>
