<?xml version="1.0"?>
<opencv_storage>
<pose_0 type_id="opencv-nd-matrix">
  <sizes>
    1 18 3</sizes>
  <dt>f</dt>
  <data>
    4.59709564e+02 1.07648537e+02 7.81455338e-01 4.71537567e+02
    7.03983078e+01 7.77550578e-01 3.73707672e+02 6.84480362e+01
    7.02507138e-01 4.20635620e+02 2.54314240e+02 6.93463922e-01
    4.59834473e+02 3.81591614e+02 8.55141222e-01 5.71301880e+02
    8.40484314e+01 6.75814152e-01 5.26324768e+02 2.69936249e+02
    7.84130692e-01 4.98885590e+02 3.95165924e+02 5.38137555e-01
    3.81569580e+02 2.87594788e+02 4.03200865e-01 3.22854156e+02
    4.46075928e+02 2.02253565e-01 0. 0. 0. 4.91029572e+02 3.01303345e+02
    4.17711198e-01 5.22354187e+02 3.89365875e+02 6.53992370e-02 0. 0. 0.
    4.40200806e+02 8.60686264e+01 7.62374341e-01 4.77357361e+02
    8.60167007e+01 8.30582976e-01 4.08871887e+02 6.64876480e+01
    2.02892751e-01 5.18428650e+02 1.94897709e+01 6.56689823e-01</data></pose_0>
</opencv_storage>
