<?xml version="1.0"?>
<opencv_storage>
<hand_left_0 type_id="opencv-nd-matrix">
  <sizes>
    1 21 3</sizes>
  <dt>f</dt>
  <data>
    4.62325775e+02 4.32339996e+02 5.30313373e-01 4.50608856e+02
    4.42299377e+02 6.21630967e-01 4.41821198e+02 4.57531342e+02
    6.15869343e-01 4.29518433e+02 4.68076569e+02 7.81150818e-01
    4.12528900e+02 4.71005798e+02 9.10426080e-01 4.55881470e+02
    4.53430420e+02 5.17728209e-01 4.45922119e+02 4.63389801e+02
    4.33087766e-01 4.47093811e+02 4.75692566e+02 5.56968987e-01
    4.46507965e+02 4.87409454e+02 5.50246656e-01 4.71113464e+02
    4.49329498e+02 6.44924462e-01 4.65255005e+02 4.66319031e+02
    3.41237694e-01 4.67598389e+02 4.75692566e+02 6.48255527e-01
    4.68770081e+02 4.84480255e+02 5.50279438e-01 4.88102997e+02
    4.48743652e+02 6.34888351e-01 4.96304810e+02 4.66319031e+02
    4.85019982e-01 4.92203888e+02 4.79207642e+02 5.35261273e-01
    4.93375580e+02 4.88581146e+02 6.84236765e-01 5.02163269e+02
    4.46986115e+02 7.66447186e-01 5.10950958e+02 4.59874725e+02
    6.54056966e-01 5.15637695e+02 4.62218109e+02 8.36818159e-01
    5.17395264e+02 4.62218109e+02 6.21865094e-01</data></hand_left_0>
</opencv_storage>
