<?xml version="1.0"?>
<opencv_storage>
<hand_right_0 type_id="opencv-nd-matrix">
  <sizes>
    1 21 3</sizes>
  <dt>f</dt>
  <data>
    4.60100739e+02 4.18928192e+02 6.12901926e-01 4.77534454e+02
    4.26918640e+02 7.55480170e-01 5.00052948e+02 4.36361877e+02
    7.16697097e-01 5.08043396e+02 4.43625916e+02 7.08864212e-01
    5.17486633e+02 4.53795563e+02 8.48982453e-01 4.84072083e+02
    4.42899506e+02 6.10357642e-01 4.91336121e+02 4.56701202e+02
    6.58350825e-01 4.99326569e+02 4.72682068e+02 7.89313316e-01
    5.03684967e+02 4.84304535e+02 8.20962608e-01 4.68091187e+02
    4.42899506e+02 7.34092593e-01 4.75355225e+02 4.58153992e+02
    6.37011051e-01 4.83345673e+02 4.74861298e+02 7.73915231e-01
    4.89883301e+02 4.88662964e+02 8.88843477e-01 4.53563110e+02
    4.47257935e+02 6.83851540e-01 4.56468719e+02 4.59606812e+02
    7.00513840e-01 4.60100739e+02 4.76314087e+02 8.34580064e-01
    4.63732758e+02 4.89389374e+02 8.12277198e-01 4.39035034e+02
    4.48710754e+02 7.02211678e-01 4.37582245e+02 4.63965240e+02
    7.87441909e-01 4.39761444e+02 4.74134888e+02 7.41770685e-01
    4.42667053e+02 4.84304535e+02 7.85428345e-01</data></hand_right_0>
</opencv_storage>
