<?xml version="1.0"?>
<opencv_storage>
<hand_right_0 type_id="opencv-nd-matrix">
  <sizes>
    1 21 3</sizes>
  <dt>f</dt>
  <data>
    4.60470093e+02 3.93568542e+02 6.54846489e-01 4.79755554e+02
    4.02278107e+02 7.05369055e-01 4.99663116e+02 4.10365540e+02
    7.85384238e-01 5.08994781e+02 4.22807770e+02 8.09051752e-01
    5.19570679e+02 4.32139465e+02 8.55781794e-01 4.87220886e+02
    4.17830902e+02 7.11244822e-01 4.95308319e+02 4.33383667e+02
    8.34725261e-01 5.00907318e+02 4.47692230e+02 8.47442627e-01
    5.05262115e+02 4.58890228e+02 9.40984607e-01 4.72912323e+02
    4.20319336e+02 7.71149397e-01 4.80377655e+02 4.37738464e+02
    8.16964388e-01 4.85976654e+02 4.52669128e+02 5.98352134e-01
    4.89709320e+02 4.62622894e+02 5.87146640e-01 4.58603760e+02
    4.23429901e+02 6.72669888e-01 4.59847992e+02 4.34627899e+02
    6.91808820e-01 4.62336426e+02 4.51424896e+02 7.42692113e-01
    4.59225861e+02 4.66977692e+02 6.91364765e-01 4.43050964e+02
    4.22807770e+02 6.94521010e-01 4.41806763e+02 4.36494232e+02
    7.51112461e-01 4.41184631e+02 4.46447998e+02 7.39779592e-01
    4.40562531e+02 4.55779694e+02 7.51728952e-01</data></hand_right_0>
</opencv_storage>
