<?xml version="1.0"?>
<opencv_storage>
<hand_left_0 type_id="opencv-nd-matrix">
  <sizes>
    2 21 3</sizes>
  <dt>f</dt>
  <data>
    4.60342255e+02 4.09845795e+02 5.40105641e-01 4.47426056e+02
    4.23479584e+02 6.43469632e-01 4.36662537e+02 4.41418762e+02
    5.55340290e-01 4.27334137e+02 4.49312012e+02 3.87418449e-01
    4.13700348e+02 4.50029602e+02 7.81360149e-01 4.48861176e+02
    4.39266083e+02 4.97514218e-01 4.40250366e+02 4.50029602e+02
    6.09007776e-01 4.40967926e+02 4.62945801e+02 7.08217978e-01
    4.42403076e+02 4.73709320e+02 7.85203159e-01 4.64647675e+02
    4.37830933e+02 6.68082118e-01 4.58907135e+02 4.51464722e+02
    4.49942261e-01 4.62494965e+02 4.66533661e+02 6.01628542e-01
    4.64647675e+02 4.79449890e+02 7.67514646e-01 4.81869293e+02
    4.32807953e+02 6.51479542e-01 4.90480133e+02 4.50029602e+02
    6.73158526e-01 4.97655792e+02 4.64380951e+02 6.21813655e-01
    5.02678772e+02 4.76579620e+02 5.99272490e-01 4.98373352e+02
    4.26349854e+02 7.81143785e-01 5.05549042e+02 4.32807953e+02
    7.98366785e-01 5.12724731e+02 4.39266083e+02 8.11673343e-01
    5.16312561e+02 4.47159332e+02 7.05763817e-01 0. 0. 0. 0. 0. 0. 0. 0.
    0. 0. 0. 0. 0. 0. 0. 0. 0. 0. 0. 0. 0. 0. 0. 0. 0. 0. 0. 0. 0. 0. 0.
    0. 0. 0. 0. 0. 0. 0. 0. 0. 0. 0. 0. 0. 0. 0. 0. 0. 0. 0. 0. 0. 0. 0.
    0. 0. 0. 0. 0. 0. 0. 0. 0.</data></hand_left_0>
</opencv_storage>
