<?xml version="1.0"?>
<opencv_storage>
<pose_0 type_id="opencv-nd-matrix">
  <sizes>
    1 18 3</sizes>
  <dt>f</dt>
  <data>
    4.65671661e+02 1.27207382e+02 7.74239302e-01 4.73497620e+02
    8.21815109e+01 7.62262464e-01 3.75666718e+02 8.21454468e+01
    6.80646181e-01 4.16796234e+02 2.64111359e+02 7.42340863e-01
    4.59810181e+02 3.97087646e+02 8.80574822e-01 5.73229858e+02
    9.00400543e+01 6.49396658e-01 5.28301086e+02 2.79815582e+02
    7.34668672e-01 4.94987549e+02 4.05011505e+02 5.66531301e-01
    3.81503754e+02 2.93499664e+02 4.05118048e-01 3.18889252e+02
    4.53914520e+02 2.01556042e-01 0. 0. 0. 4.91130402e+02 3.09143860e+02
    4.24849063e-01 5.26346436e+02 4.03050049e+02 7.50866607e-02 0. 0. 0.
    4.48009552e+02 1.03673943e+02 6.92291796e-01 4.85244049e+02
    1.01772141e+02 7.21348882e-01 4.12752075e+02 7.23841934e+01
    2.01683059e-01 5.24364197e+02 3.51886711e+01 7.16825724e-01</data></pose_0>
</opencv_storage>
