<?xml version="1.0"?>
<opencv_storage>
<hand_right_0 type_id="opencv-nd-matrix">
  <sizes>
    1 21 3</sizes>
  <dt>f</dt>
  <data>
    4.62908813e+02 4.35356293e+02 5.75930297e-01 4.81790985e+02
    4.41847046e+02 5.42768359e-01 5.02443359e+02 4.48927856e+02
    6.88575923e-01 5.14834778e+02 4.61319275e+02 8.32898378e-01
    5.26046082e+02 4.68990173e+02 7.80224919e-01 4.95952606e+02
    4.53058350e+02 6.50391459e-01 5.06573853e+02 4.69580231e+02
    7.26581693e-01 5.14244690e+02 4.81971649e+02 8.08687270e-01
    5.18965271e+02 4.91412750e+02 8.04718852e-01 4.81200928e+02
    4.56008667e+02 7.13802755e-01 4.93002289e+02 4.72530579e+02
    6.12101495e-01 5.01853302e+02 4.85512054e+02 6.74575388e-01
    5.07163910e+02 4.94363068e+02 7.06457257e-01 4.67629364e+02
    4.60139160e+02 7.26038933e-01 4.77070465e+02 4.79611389e+02
    4.43296850e-01 4.77660522e+02 4.83151794e+02 4.47888404e-01
    4.92412201e+02 4.95543213e+02 4.74039674e-01 4.52877686e+02
    4.64269623e+02 6.06810451e-01 4.58188293e+02 4.80201447e+02
    6.27795577e-01 4.58778351e+02 4.87872345e+02 6.05609655e-01
    4.61138611e+02 4.93773010e+02 5.42329848e-01</data></hand_right_0>
</opencv_storage>
