<?xml version="1.0"?>
<opencv_storage>
<hand_right_0 type_id="opencv-nd-matrix">
  <sizes>
    1 21 3</sizes>
  <dt>f</dt>
  <data>
    4.58812744e+02 3.86027496e+02 5.40486813e-01 4.76738739e+02
    3.91763794e+02 7.16506183e-01 4.95381805e+02 3.98217163e+02
    6.63077295e-01 5.07571472e+02 4.08972778e+02 7.92821288e-01
    5.19761169e+02 4.17577271e+02 7.89734244e-01 4.85343231e+02
    4.08972778e+02 6.81251526e-01 4.94664764e+02 4.22596527e+02
    7.54040897e-01 5.03269226e+02 4.38371429e+02 8.13009441e-01
    5.06137390e+02 4.46975922e+02 8.56660962e-01 4.70285370e+02
    4.11840942e+02 7.56498396e-01 4.77455780e+02 4.26181732e+02
    7.29558527e-01 4.86777313e+02 4.39805511e+02 7.54283667e-01
    4.93947723e+02 4.51995178e+02 9.05705690e-01 4.54510498e+02
    4.15426147e+02 7.31391609e-01 4.57378662e+02 4.27615814e+02
    6.98869944e-01 4.60246826e+02 4.43390717e+02 7.85249412e-01
    4.65266113e+02 4.55580383e+02 7.21693516e-01 4.38735626e+02
    4.16143188e+02 6.85144126e-01 4.40169708e+02 4.31918060e+02
    7.72688389e-01 4.42320801e+02 4.44107758e+02 7.69269466e-01
    4.48057129e+02 4.55580383e+02 7.52013087e-01</data></hand_right_0>
</opencv_storage>
