<?xml version="1.0"?>
<opencv_storage>
<pose_0 type_id="opencv-nd-matrix">
  <sizes>
    1 18 3</sizes>
  <dt>f</dt>
  <data>
    4.96932068e+02 1.85865494e+02 7.40879059e-01 4.73473907e+02
    1.11496536e+02 7.41509676e-01 3.69829895e+02 1.01746117e+02
    6.32505357e-01 4.14814423e+02 3.03169403e+02 7.57492959e-01
    4.59799500e+02 4.20620941e+02 8.39193821e-01 5.71267700e+02
    1.15400192e+02 6.70855463e-01 5.28288330e+02 3.05239746e+02
    7.79432118e-01 4.92997559e+02 4.28446045e+02 6.11019254e-01
    3.79517975e+02 2.85670471e+02 4.08223569e-01 3.24763153e+02
    4.30469666e+02 5.55123150e-01 2.75886841e+02 4.77422089e+02
    1.24462977e-01 4.89162933e+02 3.03225128e+02 4.56465274e-01
    5.43934204e+02 4.46071472e+02 2.06065446e-01 0. 0. 0. 4.87161865e+02
    1.74084961e+02 7.94993937e-01 5.10664703e+02 1.72135391e+02
    4.24078643e-01 4.28478119e+02 1.15476944e+02 5.22922754e-01
    5.40090759e+02 1.19313507e+02 1.99675918e-01</data></pose_0>
</opencv_storage>
