<?xml version="1.0"?>
<opencv_storage>
<hand_right_0 type_id="opencv-nd-matrix">
  <sizes>
    1 21 3</sizes>
  <dt>f</dt>
  <data>
    4.60501648e+02 4.07168396e+02 5.54969311e-01 4.78171783e+02
    4.13529663e+02 6.97518289e-01 4.99375946e+02 4.22011322e+02
    6.87198400e-01 5.10684845e+02 4.29786194e+02 7.58473754e-01
    5.19166504e+02 4.39681458e+02 7.73098588e-01 4.86653442e+02
    4.29079376e+02 6.77246213e-01 4.94428314e+02 4.44629089e+02
    7.38981724e-01 5.01496368e+02 4.57351593e+02 8.22795868e-01
    5.05737213e+02 4.68660492e+02 9.04232323e-01 4.71103729e+02
    4.30492981e+02 7.65036166e-01 4.77464996e+02 4.45335907e+02
    6.67450666e-01 4.85239838e+02 4.60885620e+02 7.63232946e-01
    4.93721527e+02 4.74314941e+02 9.23723936e-01 4.54847198e+02
    4.34733826e+02 6.84205413e-01 4.59088043e+02 4.45335907e+02
    7.21233964e-01 4.61208466e+02 4.61592438e+02 8.29201937e-01
    4.66156097e+02 4.74314941e+02 8.50720227e-01 4.41417877e+02
    4.34733826e+02 6.37350500e-01 4.38590668e+02 4.48163147e+02
    8.26414406e-01 4.40711090e+02 4.58765228e+02 7.17607677e-01
    4.43538300e+02 4.68660492e+02 7.87685335e-01</data></hand_right_0>
</opencv_storage>
