<?xml version="1.0"?>
<opencv_storage>
<hand_right_0 type_id="opencv-nd-matrix">
  <sizes>
    1 21 3</sizes>
  <dt>f</dt>
  <data>
    4.58763031e+02 4.15195251e+02 6.31106317e-01 4.76780334e+02
    4.23453186e+02 7.29291320e-01 4.96299103e+02 4.31711121e+02
    6.79005742e-01 5.06058472e+02 4.42221222e+02 7.23820090e-01
    5.13565674e+02 4.51980591e+02 8.19146156e-01 4.82035400e+02
    4.39969055e+02 6.72655106e-01 4.89542603e+02 4.56484924e+02
    7.86950231e-01 4.96299103e+02 4.72250061e+02 8.18554342e-01
    5.00803436e+02 4.82760162e+02 8.48622203e-01 4.66270233e+02
    4.42221222e+02 7.27496982e-01 4.74528198e+02 4.57235657e+02
    6.19311452e-01 4.81284668e+02 4.73751526e+02 8.28540027e-01
    4.88041168e+02 4.86513794e+02 8.58813763e-01 4.52757263e+02
    4.45224091e+02 7.77354002e-01 4.57261597e+02 4.60238525e+02
    6.61897242e-01 4.58763031e+02 4.73751526e+02 8.42822909e-01
    4.61015198e+02 4.86513794e+02 8.59822214e-01 4.37742828e+02
    4.45224091e+02 6.71674848e-01 4.35490662e+02 4.59487823e+02
    8.29014480e-01 4.36241394e+02 4.69247192e+02 8.34682584e-01
    4.39994995e+02 4.80508026e+02 8.36019397e-01</data></hand_right_0>
</opencv_storage>
