<?xml version="1.0"?>
<opencv_storage>
<hand_left_0 type_id="opencv-nd-matrix">
  <sizes>
    1 21 3</sizes>
  <dt>f</dt>
  <data>
    4.58656799e+02 3.87023376e+02 5.25577188e-01 4.45662445e+02
    3.98068573e+02 6.58081293e-01 4.35916687e+02 4.13661804e+02
    6.01368546e-01 4.23572052e+02 4.24707001e+02 6.82476997e-01
    4.11227417e+02 4.30554443e+02 7.54412115e-01 4.48911011e+02
    4.14961243e+02 4.64935660e-01 4.40464691e+02 4.24057281e+02
    5.85742593e-01 4.40464691e+02 4.35752197e+02 8.23992491e-01
    4.39814972e+02 4.46147675e+02 7.05415010e-01 4.63854523e+02
    4.12362366e+02 6.61651134e-01 4.57357361e+02 4.27955566e+02
    3.77450496e-01 4.58656799e+02 4.42249359e+02 6.82357609e-01
    4.54108765e+02 4.57842590e+02 6.03077292e-01 4.78798035e+02
    4.09113770e+02 6.47479653e-01 4.87894073e+02 4.27955566e+02
    6.69317782e-01 4.93741516e+02 4.40300201e+02 5.36796808e-01
    4.98289551e+02 4.50695679e+02 7.01399624e-01 4.93741516e+02
    4.03266327e+02 7.44097471e-01 5.02837555e+02 4.16260651e+02
    6.64345086e-01 5.08035309e+02 4.20808685e+02 6.87270880e-01
    5.10634186e+02 4.20808685e+02 5.01686573e-01</data></hand_left_0>
</opencv_storage>
