<?xml version="1.0"?>
<opencv_storage>
<hand_left_0 type_id="opencv-nd-matrix">
  <sizes>
    1 21 3</sizes>
  <dt>f</dt>
  <data>
    4.60909882e+02 3.90499878e+02 5.03935456e-01 4.48512909e+02
    4.03626068e+02 5.70309758e-01 4.39762115e+02 4.21856903e+02
    5.55418015e-01 4.39032898e+02 4.34983124e+02 4.60313231e-01
    4.44866760e+02 4.50296997e+02 3.61251831e-01 4.52888306e+02
    4.16023041e+02 4.93794292e-01 4.42679047e+02 4.26961548e+02
    5.64156055e-01 4.43408295e+02 4.40087738e+02 6.10015333e-01
    4.44866760e+02 4.51026245e+02 7.07025707e-01 4.68202209e+02
    4.10918427e+02 6.52714014e-01 4.61639130e+02 4.28420013e+02
    4.63652343e-01 4.63097595e+02 4.40816986e+02 5.66057026e-01
    4.62368347e+02 4.54672424e+02 6.71659887e-01 4.83516113e+02
    4.05084534e+02 6.24188125e-01 4.93725372e+02 4.21856903e+02
    5.79215407e-01 5.00288483e+02 4.32795410e+02 5.00569820e-01
    4.93725372e+02 4.47380066e+02 5.28435171e-01 4.97371552e+02
    3.97792206e+02 7.15068460e-01 5.07580811e+02 4.02167603e+02
    7.30668783e-01 5.14143921e+02 4.06542999e+02 8.04895639e-01
    5.18519287e+02 4.12376892e+02 7.12995052e-01</data></hand_left_0>
</opencv_storage>
