<?xml version="1.0"?>
<opencv_storage>
<pose_0 type_id="opencv-nd-matrix">
  <sizes>
    1 18 3</sizes>
  <dt>f</dt>
  <data>
    4.30376556e+02 1.44711685e+02 8.62028420e-01 4.46067078e+02
    9.97401733e+01 7.83150613e-01 3.52224548e+02 1.01741348e+02
    7.43292272e-01 4.12752167e+02 2.71869598e+02 8.44438136e-01
    4.59790253e+02 4.08905426e+02 8.06625128e-01 5.40045898e+02
    1.01703346e+02 7.33522475e-01 5.10700470e+02 2.77869995e+02
    8.04147065e-01 4.91109589e+02 4.22587250e+02 5.57876170e-01
    3.77606689e+02 3.03241638e+02 4.22362000e-01 3.32575348e+02
    4.51974213e+02 5.56273639e-01 3.05244049e+02 5.08696075e+02
    6.80504143e-02 4.77348694e+02 3.07161194e+02 4.66710478e-01
    5.10658264e+02 4.14819611e+02 1.09999150e-01 0. 0. 0. 4.08928650e+02
    1.21347572e+02 7.70116806e-01 4.46152557e+02 1.17459999e+02
    8.32186580e-01 3.79514191e+02 9.98265076e+01 2.21024856e-01
    4.83241364e+02 6.64902802e+01 6.26751304e-01</data></pose_0>
</opencv_storage>
