<?xml version="1.0"?>
<opencv_storage>
<hand_left_0 type_id="opencv-nd-matrix">
  <sizes>
    1 21 3</sizes>
  <dt>f</dt>
  <data>
    4.62814331e+02 3.89564941e+02 5.87440848e-01 4.49354034e+02
    4.02316803e+02 6.48358881e-01 4.40144379e+02 4.20027740e+02
    6.63670778e-01 4.40144379e+02 4.34904907e+02 6.25972271e-01
    4.45103424e+02 4.50490509e+02 4.97491062e-01 4.55021545e+02
    4.17193970e+02 6.23453617e-01 4.57146851e+02 4.34196472e+02
    3.64166290e-01 4.45103424e+02 4.42697693e+02 4.54531014e-01
    4.46520294e+02 4.52615814e+02 5.85678995e-01 4.70607147e+02
    4.12234924e+02 7.09179282e-01 4.79816833e+02 4.30654266e+02
    5.27397931e-01 4.69190277e+02 4.46239899e+02 4.06348169e-01
    4.59980591e+02 4.56157990e+02 5.64020753e-01 4.85484314e+02
    4.08692749e+02 6.35242701e-01 4.94694000e+02 4.27112091e+02
    6.45462573e-01 4.98944611e+02 4.38447083e+02 5.88173032e-01
    5.05320557e+02 4.47656769e+02 6.20419264e-01 4.98944611e+02
    4.03025238e+02 7.57359087e-01 5.08862732e+02 4.10818054e+02
    7.73744166e-01 5.15238647e+02 4.17193970e+02 8.36127758e-01
    5.19489258e+02 4.22861481e+02 7.58865118e-01</data></hand_left_0>
</opencv_storage>
