<?xml version="1.0"?>
<opencv_storage>
<hand_right_0 type_id="opencv-nd-matrix">
  <sizes>
    1 21 3</sizes>
  <dt>f</dt>
  <data>
    4.58880707e+02 3.85696442e+02 6.51747406e-01 4.75289215e+02
    3.92007416e+02 7.26481795e-01 4.94222076e+02 3.98318359e+02
    7.09952712e-01 5.04950684e+02 4.08415894e+02 8.33504558e-01
    5.16310425e+02 4.17251221e+02 8.63976002e-01 4.84755646e+02
    4.07153687e+02 7.07174182e-01 4.94853180e+02 4.23562195e+02
    7.89147139e-01 5.01164124e+02 4.36815186e+02 7.85020590e-01
    5.04950684e+02 4.46912720e+02 9.34688449e-01 4.70871521e+02
    4.09678070e+02 7.29742169e-01 4.80337982e+02 4.27348755e+02
    6.46599412e-01 4.86017822e+02 4.38077393e+02 6.63063705e-01
    4.90435486e+02 4.50068207e+02 6.92452073e-01 4.57618530e+02
    4.12833557e+02 6.60948694e-01 4.59511810e+02 4.25455475e+02
    6.80342615e-01 4.64560577e+02 4.38708466e+02 6.91747129e-01
    4.64560577e+02 4.50699280e+02 5.93677104e-01 4.43103333e+02
    4.14726837e+02 7.12029815e-01 4.41210052e+02 4.25455475e+02
    6.62327886e-01 4.40578949e+02 4.34290802e+02 7.21387863e-01
    4.40578949e+02 4.43126160e+02 7.37757802e-01</data></hand_right_0>
</opencv_storage>
