<?xml version="1.0"?>
<opencv_storage>
<hand_left_0 type_id="opencv-nd-matrix">
  <sizes>
    1 21 3</sizes>
  <dt>f</dt>
  <data>
    4.60344421e+02 3.93354675e+02 5.32546520e-01 4.49235565e+02
    4.06423920e+02 6.18166625e-01 4.39433624e+02 4.24067413e+02
    5.57600975e-01 4.27017853e+02 4.35829712e+02 7.23044038e-01
    4.14602081e+02 4.43671265e+02 8.13018739e-01 4.53156342e+02
    4.24067413e+02 5.65420508e-01 4.43354401e+02 4.33869324e+02
    6.06640458e-01 4.42700928e+02 4.46938568e+02 8.27213287e-01
    4.43354401e+02 4.58047424e+02 7.45056272e-01 4.69492889e+02
    4.20800110e+02 7.28621542e-01 4.62304810e+02 4.37136658e+02
    4.11372215e-01 4.64265198e+02 4.51512817e+02 7.44062662e-01
    4.59690948e+02 4.66542450e+02 6.97279572e-01 4.85175964e+02
    4.16879333e+02 7.04232395e-01 4.94977905e+02 4.35829712e+02
    6.57684803e-01 5.00859070e+02 4.48245514e+02 5.44680715e-01
    5.06086761e+02 4.60007813e+02 6.73383236e-01 5.00205597e+02
    4.10344696e+02 7.75277376e-01 5.07393677e+02 4.21453552e+02
    6.97657406e-01 5.13928284e+02 4.27334717e+02 7.10136712e-01
    5.17195618e+02 4.31908936e+02 6.31483138e-01</data></hand_left_0>
</opencv_storage>
