<?xml version="1.0"?>
<opencv_storage>
<pose_0 type_id="opencv-nd-matrix">
  <sizes>
    1 18 3</sizes>
  <dt>f</dt>
  <data>
    4.44106659e+02 1.03666206e+02 8.31920743e-01 4.71506226e+02
    7.04823227e+01 7.45707512e-01 3.77630341e+02 6.84705124e+01
    7.21588135e-01 4.18714417e+02 2.56371246e+02 7.08944619e-01
    4.59784119e+02 3.83492065e+02 8.57177496e-01 5.73271851e+02
    8.60652466e+01 6.57908022e-01 5.36016785e+02 2.70002747e+02
    7.73797572e-01 4.96951813e+02 3.95170929e+02 5.51413417e-01
    3.81534943e+02 2.85655731e+02 4.21673149e-01 3.28713043e+02
    4.30411285e+02 3.76236677e-01 2.81750610e+02 4.83281799e+02
    8.78309906e-02 4.89094910e+02 3.03280090e+02 4.36272323e-01
    5.22345398e+02 3.91327667e+02 6.17074333e-02 0. 0. 0. 4.28380463e+02
    8.40905304e+01 7.81032383e-01 4.61825073e+02 8.41502380e+01
    7.57498980e-01 3.97271484e+02 6.83716202e+01 1.06813446e-01
    5.12652710e+02 2.54955158e+01 7.27002561e-01</data></pose_0>
</opencv_storage>
