<?xml version="1.0"?>
<opencv_storage>
<pose_0 type_id="opencv-nd-matrix">
  <sizes>
    1 18 3</sizes>
  <dt>f</dt>
  <data>
    4.59778992e+02 1.21358688e+02 7.65284717e-01 4.69543060e+02
    7.82716446e+01 7.96404541e-01 3.69830383e+02 7.43562698e+01
    6.79174423e-01 4.14891541e+02 2.60212616e+02 7.31819034e-01
    4.59749939e+02 3.91335724e+02 8.34138989e-01 5.71291626e+02
    8.61445999e+01 6.63166761e-01 5.26333191e+02 2.73976166e+02
    7.76871324e-01 4.95041260e+02 3.99148407e+02 5.97021282e-01
    3.83428406e+02 2.89571320e+02 4.10065919e-01 3.22863831e+02
    4.38262817e+02 2.94914633e-01 2.85650574e+02 4.83277496e+02
    1.00315943e-01 4.91108429e+02 3.05191589e+02 4.34851646e-01
    5.45846252e+02 4.28493713e+02 9.79832560e-02 0. 0. 0. 4.42163910e+02
    1.01767403e+02 7.24560261e-01 4.75500610e+02 9.98328400e+01
    7.82589078e-01 4.10850159e+02 8.02134094e+01 1.76755905e-01
    5.12615417e+02 2.93529377e+01 7.45299041e-01</data></pose_0>
</opencv_storage>
