<?xml version="1.0"?>
<opencv_storage>
<hand_left_0 type_id="opencv-nd-matrix">
  <sizes>
    1 21 3</sizes>
  <dt>f</dt>
  <data>
    4.59001587e+02 3.85465240e+02 5.59474111e-01 4.48768188e+02
    3.97617401e+02 6.24420524e-01 4.39174377e+02 4.12967499e+02
    6.28175199e-01 4.27661804e+02 4.24480072e+02 6.60097122e-01
    4.16788818e+02 4.33434296e+02 7.86697507e-01 4.54524475e+02
    4.11688324e+02 6.04153335e-01 4.43651489e+02 4.22561310e+02
    5.28758407e-01 4.43651489e+02 4.34073883e+02 6.81340337e-01
    4.44291077e+02 4.46226044e+02 6.50595903e-01 4.69234985e+02
    4.07850800e+02 6.83557689e-01 4.61559937e+02 4.23200897e+02
    3.75272840e-01 4.64118286e+02 4.37911407e+02 6.32685184e-01
    4.57082825e+02 4.53901123e+02 6.42754018e-01 4.83945526e+02
    4.05292450e+02 5.77590346e-01 4.92899750e+02 4.21921722e+02
    6.50639236e-01 4.93539337e+02 4.33434296e+02 4.82640386e-01
    4.90980988e+02 4.44946869e+02 5.76945603e-01 4.97376862e+02
    4.00175751e+02 6.89034343e-01 5.06970673e+02 4.09769562e+02
    5.63528538e-01 5.12087341e+02 4.13607086e+02 7.06578732e-01
    5.15285278e+02 4.15525848e+02 5.88661313e-01</data></hand_left_0>
</opencv_storage>
