<?xml version="1.0"?>
<opencv_storage>
<pose_0 type_id="opencv-nd-matrix">
  <sizes>
    1 18 3</sizes>
  <dt>f</dt>
  <data>
    4.46052490e+02 1.60400604e+02 7.29935110e-01 4.63716766e+02
    9.97517624e+01 8.07373643e-01 3.67826416e+02 9.97056198e+01
    7.09835351e-01 4.12842590e+02 2.87630005e+02 7.87720442e-01
    4.59749664e+02 4.10815002e+02 8.81490469e-01 5.71311523e+02
    1.03729370e+02 6.63313389e-01 5.34132446e+02 2.93501953e+02
    7.62047291e-01 4.96957611e+02 4.14796570e+02 6.48456037e-01
    3.79522308e+02 2.91518250e+02 4.12235022e-01 3.22840485e+02
    4.30431641e+02 4.94996965e-01 2.87587128e+02 4.77435669e+02
    1.29396081e-01 4.89099060e+02 3.05191406e+02 4.29089695e-01
    5.40025330e+02 4.55872437e+02 7.36089498e-02 0. 0. 0. 4.30423401e+02
    1.33144089e+02 6.59287691e-01 4.61784058e+02 1.44718872e+02
    5.95163167e-01 4.08890564e+02 9.38754349e+01 1.90137565e-01
    5.04782623e+02 8.02340164e+01 4.18266892e-01</data></pose_0>
</opencv_storage>
