<?xml version="1.0"?>
<opencv_storage>
<pose_0 type_id="opencv-nd-matrix">
  <sizes>
    1 18 3</sizes>
  <dt>f</dt>
  <data>
    4.24534515e+02 1.11532021e+02 8.19504678e-01 4.42199463e+02
    8.21400604e+01 7.88574755e-01 3.52144318e+02 8.41306610e+01
    7.76652098e-01 4.08938629e+02 2.44586639e+02 7.96248078e-01
    4.59766144e+02 3.81487579e+02 8.52026284e-01 5.32185791e+02
    8.41843948e+01 7.29355752e-01 5.06765991e+02 2.58199219e+02
    8.44753027e-01 4.92973846e+02 3.97212555e+02 6.39550626e-01
    3.77592651e+02 2.77845642e+02 4.44332749e-01 3.34523041e+02
    4.30383057e+02 6.14133060e-01 3.07183289e+02 4.83254944e+02
    9.78138372e-02 4.73466309e+02 2.85645172e+02 4.83720601e-01
    5.22409546e+02 3.99134674e+02 1.03903055e-01 0. 0. 0. 4.08883026e+02
    8.41553802e+01 7.62211382e-01 4.46136108e+02 8.99713211e+01
    8.10093462e-01 3.79603729e+02 2.16173801e+01 7.73447990e-01
    4.93051727e+02 4.50079231e+01 6.34292483e-01</data></pose_0>
</opencv_storage>
