<?xml version="1.0"?>
<opencv_storage>
<hand_left_0 type_id="opencv-nd-matrix">
  <sizes>
    1 21 3</sizes>
  <dt>f</dt>
  <data>
    4.56140961e+02 3.99121460e+02 5.15477061e-01 4.44239807e+02
    4.11022614e+02 6.19537175e-01 4.35138947e+02 4.27824219e+02
    4.81930733e-01 4.26738129e+02 4.38325226e+02 5.20932376e-01
    4.13436859e+02 4.41125488e+02 7.39541054e-01 4.47740173e+02
    4.25023956e+02 4.89443302e-01 4.39339355e+02 4.40425415e+02
    6.25968575e-01 4.40739471e+02 4.52326569e+02 6.64033473e-01
    4.42839691e+02 4.62127502e+02 7.76231170e-01 4.63841705e+02
    4.21523621e+02 5.99143982e-01 4.57541107e+02 4.37625153e+02
    5.51139295e-01 4.62441559e+02 4.53726715e+02 6.45936012e-01
    4.62441559e+02 4.64927795e+02 7.24641383e-01 4.79943268e+02
    4.16623138e+02 5.87147713e-01 4.90444275e+02 4.32724701e+02
    4.54982579e-01 4.90444275e+02 4.48826233e+02 4.68874931e-01
    4.96044800e+02 4.60027313e+02 6.35632396e-01 4.95344727e+02
    4.09622467e+02 6.47143900e-01 5.03045471e+02 4.11022614e+02
    8.03018987e-01 5.09346069e+02 4.15222992e+02 7.77040362e-01
    5.16346741e+02 4.21523621e+02 7.27725506e-01</data></hand_left_0>
</opencv_storage>
