<?xml version="1.0"?>
<opencv_storage>
<pose_0 type_id="opencv-nd-matrix">
  <sizes>
    1 18 3</sizes>
  <dt>f</dt>
  <data>
    4.65650665e+02 9.97889252e+01 7.87918329e-01 4.75380524e+02
    7.03932419e+01 7.47057259e-01 3.73678589e+02 6.65150452e+01
    6.46698415e-01 4.16756348e+02 2.48472656e+02 7.02321529e-01
    4.59758942e+02 3.83503723e+02 8.34992051e-01 5.71302612e+02
    8.40988007e+01 7.04122126e-01 5.26270264e+02 2.70024109e+02
    8.09168577e-01 4.93081909e+02 3.97194580e+02 5.57388008e-01
    3.79569702e+02 2.99352539e+02 3.95615309e-01 3.24799835e+02
    4.44083313e+02 3.18906784e-01 2.83704773e+02 4.83289978e+02
    1.05399393e-01 4.91048492e+02 3.07184662e+02 4.10435766e-01
    5.45867493e+02 4.24567719e+02 6.41116872e-02 0. 0. 0. 4.48064240e+02
    7.63016968e+01 6.36600316e-01 4.89121246e+02 7.43708954e+01
    7.00998306e-01 3.99159515e+02 4.87639570e+00 1.54537722e-01
    5.34141724e+02 4.84439945e+00 5.52830935e-01</data></pose_0>
</opencv_storage>
