<?xml version="1.0"?>
<opencv_storage>
<hand_right_0 type_id="opencv-nd-matrix">
  <sizes>
    1 21 3</sizes>
  <dt>f</dt>
  <data>
    4.58187714e+02 3.82988953e+02 5.79296052e-01 4.75985199e+02
    3.89396027e+02 7.18620539e-01 4.94494598e+02 3.95803131e+02
    6.55722260e-01 5.05884979e+02 4.04345917e+02 8.30265105e-01
    5.16563477e+02 4.14312531e+02 8.38431180e-01 4.84527985e+02
    4.06481628e+02 6.72215104e-01 4.94494598e+02 4.20007721e+02
    7.31796503e-01 5.03037384e+02 4.32821899e+02 8.07485342e-01
    5.06596863e+02 4.42788513e+02 9.43993926e-01 4.69578094e+02
    4.09329224e+02 7.64903486e-01 4.78120911e+02 4.24279114e+02
    6.60872579e-01 4.87375580e+02 4.37093292e+02 7.42138088e-01
    4.94494598e+02 4.49195587e+02 9.19239521e-01 4.53916321e+02
    4.13600616e+02 7.03386664e-01 4.57475800e+02 4.24279114e+02
    6.62635446e-01 4.61747223e+02 4.37805206e+02 8.35151732e-01
    4.66018616e+02 4.52043182e+02 7.23996162e-01 4.38254517e+02
    4.14312531e+02 6.95196688e-01 4.38254517e+02 4.26414825e+02
    7.85188377e-01 4.41102112e+02 4.37093292e+02 7.85269439e-01
    4.43949738e+02 4.48483704e+02 7.55440772e-01</data></hand_right_0>
</opencv_storage>
