<?xml version="1.0"?>
<opencv_storage>
<pose_0 type_id="opencv-nd-matrix">
  <sizes>
    1 18 3</sizes>
  <dt>f</dt>
  <data>
    4.16722107e+02 1.46813919e+02 8.74413729e-01 4.40205627e+02
    1.03701981e+02 7.59122908e-01 3.52211700e+02 1.09558449e+02
    7.52218366e-01 4.12811859e+02 2.71985107e+02 8.42957795e-01
    4.59824371e+02 4.10818329e+02 8.06693435e-01 5.39972656e+02
    1.03726997e+02 7.09673822e-01 5.10684540e+02 2.83664185e+02
    8.11193883e-01 4.91097473e+02 4.26497986e+02 5.58824599e-01
    3.77603302e+02 3.03279724e+02 4.18656826e-01 3.30640533e+02
    4.57848022e+02 4.31702256e-01 2.77827148e+02 5.08729858e+02
    6.08976372e-02 4.75477051e+02 3.09141907e+02 4.69319999e-01
    5.14551453e+02 4.20662079e+02 1.15470566e-01 0. 0. 0. 3.97220001e+02
    1.29148758e+02 8.19823384e-01 4.34332031e+02 1.23247627e+02
    7.90455759e-01 3.69773773e+02 1.09526360e+02 1.60185501e-01
    4.77342010e+02 6.85395508e+01 8.72859955e-01</data></pose_0>
</opencv_storage>
