<?xml version="1.0"?>
<opencv_storage>
<hand_left_0 type_id="opencv-nd-matrix">
  <sizes>
    1 21 3</sizes>
  <dt>f</dt>
  <data>
    4.61058472e+02 4.10723572e+02 5.78619242e-01 4.49265442e+02
    4.23171783e+02 6.32949829e-01 4.39437927e+02 4.40206177e+02
    6.02836132e-01 4.25024200e+02 4.48068176e+02 7.06372440e-01
    4.13886353e+02 4.55930206e+02 7.93959022e-01 4.55161957e+02
    4.40861328e+02 5.65576553e-01 4.42713745e+02 4.50688873e+02
    5.04865766e-01 4.42058594e+02 4.62481903e+02 7.52928257e-01
    4.44679260e+02 4.76895599e+02 7.19054818e-01 4.70230835e+02
    4.36930328e+02 6.86702371e-01 4.80058380e+02 4.56585388e+02
    4.12370980e-01 4.61713654e+02 4.67723236e+02 6.96752250e-01
    4.57127472e+02 4.83447296e+02 6.53680146e-01 4.84644531e+02
    4.34309662e+02 6.43261194e-01 4.93816895e+02 4.52654358e+02
    6.76912069e-01 4.99058258e+02 4.65757751e+02 5.54369509e-01
    5.03644440e+02 4.77550781e+02 7.54322171e-01 4.99058258e+02
    4.29068298e+02 7.61452854e-01 5.08885773e+02 4.43481995e+02
    6.69506967e-01 5.14782288e+02 4.47413025e+02 5.93988776e-01
    5.17402954e+02 4.51344025e+02 4.51550037e-01</data></hand_left_0>
</opencv_storage>
