<?xml version="1.0"?>
<opencv_storage>
<hand_left_0 type_id="opencv-nd-matrix">
  <sizes>
    1 21 3</sizes>
  <dt>f</dt>
  <data>
    4.60269714e+02 3.89623718e+02 5.90277493e-01 4.47701019e+02
    4.02890686e+02 6.65843189e-01 4.39321899e+02 4.21045502e+02
    5.57841778e-01 4.38623627e+02 4.33614197e+02 5.31808496e-01
    4.43511444e+02 4.48975952e+02 3.84386599e-01 4.53985382e+02
    4.16157654e+02 6.16649270e-01 4.42813202e+02 4.27329834e+02
    4.33944523e-01 4.43511444e+02 4.40596802e+02 4.79291201e-01
    4.44907990e+02 4.51070740e+02 5.73267162e-01 4.69347137e+02
    4.11269836e+02 6.75195456e-01 4.80519318e+02 4.28028107e+02
    4.47275400e-01 4.65157562e+02 4.44088104e+02 4.63195205e-01
    4.60967987e+02 4.55958557e+02 6.49504960e-01 4.83312347e+02
    4.05683746e+02 6.62095726e-01 4.95881073e+02 4.23140259e+02
    5.66592932e-01 5.01467163e+02 4.34312469e+02 5.40536642e-01
    5.07053253e+02 4.44786377e+02 5.97767472e-01 4.97975861e+02
    3.98701111e+02 7.03367591e-01 5.07751495e+02 4.02890686e+02
    7.73123741e-01 5.14734131e+02 4.09175049e+02 7.83930182e-01
    5.19621948e+02 4.16855927e+02 7.77624786e-01</data></hand_left_0>
</opencv_storage>
