<?xml version="1.0"?>
<opencv_storage>
<hand_left_0 type_id="opencv-nd-matrix">
  <sizes>
    2 21 3</sizes>
  <dt>f</dt>
  <data>
    4.59541595e+02 4.22598602e+02 5.48361123e-01 4.46659180e+02
    4.35481018e+02 6.57418966e-01 4.36639526e+02 4.52657593e+02
    5.37635624e-01 4.24472809e+02 4.58383118e+02 6.31392121e-01
    4.14453125e+02 4.63392944e+02 7.74854183e-01 4.48090576e+02
    4.47647766e+02 5.16909599e-01 4.40933655e+02 4.59098785e+02
    6.75257683e-01 4.42365051e+02 4.71265533e+02 8.45293105e-01
    4.43796417e+02 4.82000885e+02 8.50294292e-01 4.65267120e+02
    4.44069305e+02 6.58083498e-01 4.60257294e+02 4.59814484e+02
    5.30479133e-01 4.65982819e+02 4.74128296e+02 6.64181888e-01
    4.68129883e+02 4.87010712e+02 8.01285028e-01 4.82443695e+02
    4.40490845e+02 6.10268533e-01 4.93179047e+02 4.56951721e+02
    6.06064916e-01 5.00335938e+02 4.69834137e+02 5.90147257e-01
    5.05345764e+02 4.82000885e+02 5.96891522e-01 4.96041809e+02
    4.31902588e+02 6.99375868e-01 5.06061462e+02 4.36912415e+02
    7.50563383e-01 5.12502686e+02 4.41922241e+02 8.07074189e-01
    5.17512512e+02 4.48363464e+02 7.19828665e-01 0. 0. 0. 0. 0. 0. 0. 0.
    0. 0. 0. 0. 0. 0. 0. 0. 0. 0. 0. 0. 0. 0. 0. 0. 0. 0. 0. 0. 0. 0. 0.
    0. 0. 0. 0. 0. 0. 0. 0. 0. 0. 0. 0. 0. 0. 0. 0. 0. 0. 0. 0. 0. 0. 0.
    0. 0. 0. 0. 0. 0. 0. 0. 0.</data></hand_left_0>
</opencv_storage>
