<?xml version="1.0"?>
<opencv_storage>
<hand_right_0 type_id="opencv-nd-matrix">
  <sizes>
    1 21 3</sizes>
  <dt>f</dt>
  <data>
    4.58744934e+02 4.04458923e+02 5.56042671e-01 4.76803314e+02
    4.13849274e+02 7.13956714e-01 4.99195709e+02 4.23239655e+02
    6.74155414e-01 5.06419067e+02 4.32630005e+02 7.60175645e-01
    5.14364746e+02 4.42742706e+02 7.90765285e-01 4.84026672e+02
    4.31185333e+02 6.80915356e-01 4.89805359e+02 4.44187378e+02
    6.59688175e-01 4.98473389e+02 4.60078766e+02 8.38130951e-01
    5.02085052e+02 4.71636139e+02 8.57406139e-01 4.68135284e+02
    4.31907684e+02 7.53957272e-01 4.73913971e+02 4.45632050e+02
    5.78724504e-01 4.82582001e+02 4.62245758e+02 7.66646206e-01
    4.88360687e+02 4.76692474e+02 8.09629738e-01 4.54410919e+02
    4.36241699e+02 7.19584823e-01 4.58022583e+02 4.47076721e+02
    6.76108122e-01 4.60911926e+02 4.62968109e+02 8.10099006e-01
    4.62356598e+02 4.75970154e+02 7.40283310e-01 4.39241852e+02
    4.36241699e+02 6.45105720e-01 4.37797180e+02 4.49243713e+02
    8.09594214e-01 4.38519531e+02 4.60078766e+02 7.65831709e-01
    4.41408875e+02 4.70191467e+02 7.63537884e-01</data></hand_right_0>
</opencv_storage>
