<?xml version="1.0"?>
<opencv_storage>
<hand_left_0 type_id="opencv-nd-matrix">
  <sizes>
    1 21 3</sizes>
  <dt>f</dt>
  <data>
    4.59133606e+02 4.02016998e+02 5.35315514e-01 4.46907562e+02
    4.14243042e+02 6.41409934e-01 4.37398438e+02 4.35299011e+02
    5.88545382e-01 4.25172394e+02 4.42091248e+02 5.51994145e-01
    4.13625580e+02 4.45487366e+02 7.82986343e-01 4.53020599e+02
    4.31223663e+02 5.93995750e-01 4.40794556e+02 4.40732788e+02
    4.31922168e-01 4.42832214e+02 4.52279602e+02 6.48960650e-01
    4.45549133e+02 4.63147217e+02 7.55460918e-01 4.67963531e+02
    4.25110626e+02 6.86542153e-01 4.77472687e+02 4.42770477e+02
    3.81183624e-01 4.66605072e+02 4.57034180e+02 6.54257417e-01
    4.67284302e+02 4.67222565e+02 7.69801021e-01 4.82906464e+02
    4.19676819e+02 6.81909204e-01 4.93094849e+02 4.36657440e+02
    6.10117197e-01 4.99887085e+02 4.50921173e+02 6.47057235e-01
    5.03962433e+02 4.61788757e+02 5.78864872e-01 4.96490967e+02
    4.11526123e+02 6.60602093e-01 5.05320892e+02 4.14922272e+02
    7.19225407e-01 5.11433899e+02 4.21035278e+02 7.70246446e-01
    5.16867737e+02 4.27827515e+02 6.69676781e-01</data></hand_left_0>
</opencv_storage>
