<?xml version="1.0"?>
<opencv_storage>
<pose_0 type_id="opencv-nd-matrix">
  <sizes>
    1 18 3</sizes>
  <dt>f</dt>
  <data>
    5.02833557e+02 9.78013000e+01 8.10151279e-01 4.61752319e+02
    6.84950485e+01 7.17217624e-01 3.65860626e+02 6.84345245e+01
    6.75949216e-01 4.12896729e+02 2.54340805e+02 7.27871656e-01
    4.59709625e+02 3.81502960e+02 8.54601026e-01 5.67392456e+02
    7.82350769e+01 6.56369925e-01 5.24384949e+02 2.68019806e+02
    7.68711507e-01 4.98885498e+02 3.85413849e+02 5.76995850e-01
    3.81474030e+02 2.91539246e+02 4.26079512e-01 3.24803192e+02
    4.30409027e+02 4.32847381e-01 2.85629913e+02 4.79381226e+02
    1.04088224e-01 4.91078613e+02 3.03253815e+02 4.36564982e-01
    5.47785278e+02 4.14828430e+02 9.66864601e-02 0. 0. 0. 4.79405975e+02
    7.62967529e+01 7.49567091e-01 5.20434570e+02 7.03798294e+01
    7.73889780e-01 4.24580078e+02 2.35508747e+01 7.13347614e-01 0. 0. 0.</data></pose_0>
</opencv_storage>
