<?xml version="1.0"?>
<opencv_storage>
<pose_0 type_id="opencv-nd-matrix">
  <sizes>
    1 18 3</sizes>
  <dt>f</dt>
  <data>
    5.06738312e+02 1.62399902e+02 8.25569928e-01 4.75421478e+02
    9.98454971e+01 8.08940530e-01 3.69790833e+02 9.78376465e+01
    6.46010756e-01 4.10855072e+02 2.87532074e+02 7.44452357e-01
    4.59679901e+02 4.12754211e+02 8.79594803e-01 5.75216919e+02
    1.03732895e+02 6.43745244e-01 5.34104980e+02 3.01316467e+02
    7.51779675e-01 4.95039093e+02 4.18690338e+02 6.58011079e-01
    3.77623199e+02 2.87632446e+02 4.03516650e-01 3.22877502e+02
    4.30465851e+02 4.58120644e-01 2.79781616e+02 4.79334778e+02
    1.36031240e-01 4.89107422e+02 3.05224182e+02 4.32516098e-01
    5.43906372e+02 4.46078430e+02 1.44952640e-01 0. 0. 0. 4.93102783e+02
    1.46782379e+02 8.30680490e-01 5.22378174e+02 1.44817398e+02
    4.88442600e-01 4.32392303e+02 8.41497498e+01 4.44276690e-01 0. 0. 0.</data></pose_0>
</opencv_storage>
