<?xml version="1.0"?>
<opencv_storage>
<pose_0 type_id="opencv-nd-matrix">
  <sizes>
    1 18 3</sizes>
  <dt>f</dt>
  <data>
    3.97100861e+02 1.66369583e+02 8.77369225e-01 4.36291748e+02
    1.44756561e+02 6.84536457e-01 3.50168152e+02 1.46671951e+02
    7.86895037e-01 4.12786865e+02 2.91557220e+02 8.00676465e-01
    4.61659332e+02 4.26527344e+02 8.02516580e-01 5.28271484e+02
    1.48635468e+02 6.98578060e-01 5.08723846e+02 3.05286102e+02
    8.56818199e-01 4.93008972e+02 4.40230804e+02 5.64350903e-01
    3.69782898e+02 3.34551453e+02 4.37871933e-01 3.24821686e+02
    4.85216766e+02 5.95248997e-01 0. 0. 0. 4.73503540e+02 3.38480042e+02
    4.76465642e-01 5.08747192e+02 4.32441071e+02 1.09826118e-01 0. 0. 0.
    3.77632416e+02 1.46821259e+02 8.66010487e-01 4.14757080e+02
    1.48625320e+02 8.61820757e-01 3.54150787e+02 1.32961838e+02
    5.99476695e-02 4.61730835e+02 1.01750031e+02 9.35343981e-01</data></pose_0>
</opencv_storage>
