<?xml version="1.0"?>
<opencv_storage>
<pose_0 type_id="opencv-nd-matrix">
  <sizes>
    1 18 3</sizes>
  <dt>f</dt>
  <data>
    4.28435730e+02 1.01762787e+02 8.75074983e-01 4.44081116e+02
    8.21208420e+01 7.55616188e-01 3.52135773e+02 8.60325775e+01
    7.76482582e-01 4.10805420e+02 2.46494705e+02 7.88060546e-01
    4.59775879e+02 3.81521637e+02 8.53711843e-01 5.34124756e+02
    8.60163345e+01 7.21172810e-01 5.08608948e+02 2.56367035e+02
    8.87375951e-01 4.91151215e+02 3.97233734e+02 6.23122156e-01
    3.73703308e+02 2.87591370e+02 4.35239643e-01 3.34534882e+02
    4.30380951e+02 6.10319316e-01 2.99351318e+02 4.77402283e+02
    1.42318964e-01 4.71540771e+02 2.89558319e+02 4.65786099e-01
    5.20411499e+02 3.97173615e+02 8.64989311e-02 0. 0. 0. 4.12750305e+02
    7.43756943e+01 7.45263457e-01 4.53899933e+02 8.41022644e+01
    8.34394932e-01 3.81467285e+02 2.15039539e+01 7.65203595e-01
    4.96950989e+02 4.30459175e+01 7.04540431e-01</data></pose_0>
</opencv_storage>
