<?xml version="1.0"?>
<opencv_storage>
<pose_0 type_id="opencv-nd-matrix">
  <sizes>
    1 18 3</sizes>
  <dt>f</dt>
  <data>
    4.44122375e+02 1.66347473e+02 7.16101468e-01 4.67584015e+02
    1.05655991e+02 7.82971501e-01 3.69816772e+02 9.97844086e+01
    7.03437924e-01 4.14817017e+02 2.91577850e+02 7.71113694e-01
    4.59762695e+02 4.14761322e+02 8.70675564e-01 5.73251465e+02
    1.17389656e+02 6.35260880e-01 5.36053467e+02 3.03273712e+02
    8.05753350e-01 4.96978027e+02 4.22609650e+02 5.78270435e-01
    3.79536011e+02 2.95439941e+02 4.06450331e-01 3.24778961e+02
    4.32405579e+02 4.09785032e-01 2.81758453e+02 4.77422638e+02
    1.34255007e-01 4.89121277e+02 3.09154419e+02 3.89970660e-01
    5.38040710e+02 4.38247925e+02 6.90868124e-02 0. 0. 0. 4.30470734e+02
    1.46728775e+02 7.49170482e-01 4.63750458e+02 1.50717712e+02
    6.50242805e-01 4.10822113e+02 1.09537163e+02 1.70365527e-01
    5.14585938e+02 8.80448303e+01 4.74172294e-01</data></pose_0>
</opencv_storage>
