<?xml version="1.0"?>
<opencv_storage>
<pose_0 type_id="opencv-nd-matrix">
  <sizes>
    1 18 3</sizes>
  <dt>f</dt>
  <data>
    4.63762421e+02 1.38894485e+02 7.10282087e-01 4.63722595e+02
    8.41541595e+01 8.27815771e-01 3.65912537e+02 8.21523361e+01
    6.88621342e-01 4.14782806e+02 2.73872803e+02 7.64692068e-01
    4.59752167e+02 3.97136414e+02 8.96686733e-01 5.69339539e+02
    9.38908386e+01 6.47175193e-01 5.26358582e+02 2.83669159e+02
    7.39782929e-01 4.93020935e+02 4.08888062e+02 5.27702153e-01
    3.81474701e+02 2.93474304e+02 4.02236819e-01 3.20920837e+02
    4.42157959e+02 2.85093844e-01 2.83682037e+02 4.83275299e+02
    9.82383937e-02 4.93014832e+02 3.11092865e+02 3.97124797e-01
    5.26319885e+02 4.05003113e+02 7.16719925e-02 0. 0. 0. 4.57798309e+02
    1.17493950e+02 6.18652999e-01 4.83265594e+02 1.23245949e+02
    5.42238414e-01 4.16720093e+02 5.27793427e+01 4.74276185e-01
    5.20419312e+02 6.85151520e+01 2.12328821e-01</data></pose_0>
</opencv_storage>
