<?xml version="1.0"?>
<opencv_storage>
<hand_left_0 type_id="opencv-nd-matrix">
  <sizes>
    1 21 3</sizes>
  <dt>f</dt>
  <data>
    4.60344910e+02 3.89113800e+02 5.24164915e-01 4.48185516e+02
    4.02703705e+02 6.17725849e-01 4.38171875e+02 4.22015717e+02
    5.52872777e-01 4.40317657e+02 4.36320892e+02 3.70742083e-01
    4.47470245e+02 4.51341309e+02 3.61394644e-01 4.49616028e+02
    4.16293640e+02 5.18820107e-01 4.42463440e+02 4.28453033e+02
    5.67156494e-01 4.43893951e+02 4.42758209e+02 6.06370986e-01
    4.48185516e+02 4.53487091e+02 6.90880477e-01 4.65351715e+02
    4.10571564e+02 6.22126281e-01 4.60344910e+02 4.29168304e+02
    5.19720078e-01 4.64636475e+02 4.43473480e+02 5.80515146e-01
    4.65351715e+02 4.55632874e+02 7.42270708e-01 4.81802673e+02
    4.05564758e+02 6.11517608e-01 4.93246826e+02 4.22730957e+02
    5.03494442e-01 4.98253632e+02 4.34890350e+02 4.95201021e-01
    5.04690979e+02 4.45619263e+02 5.49115717e-01 4.94677338e+02
    3.97696899e+02 6.77995682e-01 5.04690979e+02 4.01273193e+02
    7.49885917e-01 5.11128296e+02 4.06995270e+02 7.92735934e-01
    5.16850342e+02 4.16293640e+02 7.47223079e-01</data></hand_left_0>
</opencv_storage>
