<?xml version="1.0"?>
<opencv_storage>
<hand_right_0 type_id="opencv-nd-matrix">
  <sizes>
    1 21 3</sizes>
  <dt>f</dt>
  <data>
    4.58095123e+02 4.20225891e+02 5.55078804e-01 4.76655975e+02
    4.25223053e+02 6.94665909e-01 4.96644623e+02 4.31647980e+02
    7.24913716e-01 5.07352814e+02 4.38786774e+02 7.61123359e-01
    5.18061035e+02 4.48067230e+02 7.82858908e-01 4.83794800e+02
    4.40214539e+02 6.62120819e-01 4.95216858e+02 4.55206024e+02
    7.96102762e-01 5.03783417e+02 4.68769745e+02 7.77882218e-01
    5.08066711e+02 4.79477936e+02 8.24354947e-01 4.68803314e+02
    4.43783936e+02 7.88956165e-01 4.78083740e+02 4.58061554e+02
    7.18742609e-01 4.88078064e+02 4.72339142e+02 7.89691865e-01
    4.95930756e+02 4.84475098e+02 9.03267741e-01 4.54525696e+02
    4.48067230e+02 6.78208411e-01 4.57381226e+02 4.59489288e+02
    6.89953089e-01 4.62378387e+02 4.73766907e+02 8.28059494e-01
    4.67375549e+02 4.85902863e+02 7.45942295e-01 4.38820343e+02
    4.49494995e+02 6.87654138e-01 4.38106476e+02 4.62344818e+02
    8.56900573e-01 4.39534241e+02 4.73053009e+02 7.74116337e-01
    4.43103638e+02 4.83047333e+02 7.76710153e-01</data></hand_right_0>
</opencv_storage>
