<?xml version="1.0"?>
<opencv_storage>
<pose_0 type_id="opencv-nd-matrix">
  <sizes>
    1 18 3</sizes>
  <dt>f</dt>
  <data>
    4.65637085e+02 1.42830154e+02 7.08222330e-01 4.63758362e+02
    8.80625534e+01 7.95830011e-01 3.65924377e+02 8.61355743e+01
    6.79449081e-01 4.10886963e+02 2.77801880e+02 7.53555834e-01
    4.59667572e+02 3.99174194e+02 8.70017886e-01 5.69394775e+02
    9.98189011e+01 6.90977514e-01 5.30237366e+02 2.87581757e+02
    7.55179167e-01 4.98935730e+02 4.03084106e+02 6.32475197e-01
    3.79582611e+02 2.97392578e+02 4.00137812e-01 3.24823273e+02
    4.28500702e+02 4.65468735e-01 2.85665192e+02 4.77430725e+02
    1.26609549e-01 4.93034729e+02 3.14998688e+02 3.53273362e-01
    5.45853394e+02 4.57831879e+02 5.51618002e-02 0. 0. 0. 4.51937012e+02
    1.17472359e+02 6.49735212e-01 4.87138184e+02 1.19344879e+02
    6.25860572e-01 4.12804749e+02 6.65374985e+01 4.63817716e-01
    5.10703033e+02 5.47825127e+01 2.72300601e-01</data></pose_0>
</opencv_storage>
