<?xml version="1.0"?>
<opencv_storage>
<hand_left_0 type_id="opencv-nd-matrix">
  <sizes>
    1 21 3</sizes>
  <dt>f</dt>
  <data>
    4.60144592e+02 3.85680878e+02 5.38635075e-01 4.48159515e+02
    3.97035156e+02 6.15697324e-01 4.38066803e+02 4.12805023e+02
    5.44167459e-01 4.26712524e+02 4.24790100e+02 6.78922713e-01
    4.15358215e+02 4.31728821e+02 7.37492800e-01 4.51313477e+02
    4.09651031e+02 5.07511556e-01 4.42482361e+02 4.20374542e+02
    6.24056518e-01 4.42482361e+02 4.32990417e+02 7.50814319e-01
    4.43113159e+02 4.44344696e+02 6.58516645e-01 4.67083313e+02
    4.07127869e+02 6.18169427e-01 4.60144592e+02 4.21636139e+02
    5.72202802e-01 4.63298553e+02 4.37405975e+02 6.82214499e-01
    4.57621399e+02 4.53806610e+02 6.31094933e-01 4.82853149e+02
    4.05235504e+02 6.39189482e-01 4.91684265e+02 4.21005341e+02
    6.77143633e-01 4.97361420e+02 4.34252014e+02 5.28363049e-01
    4.88530304e+02 4.46237091e+02 6.16248488e-01 4.97361420e+02
    4.00189148e+02 7.07689464e-01 5.05561737e+02 4.09651031e+02
    5.96738756e-01 5.11869659e+02 4.14066589e+02 7.20711470e-01
    5.13762024e+02 4.15328186e+02 6.22924805e-01</data></hand_left_0>
</opencv_storage>
