<?xml version="1.0"?>
<opencv_storage>
<pose_0 type_id="opencv-nd-matrix">
  <sizes>
    1 18 3</sizes>
  <dt>f</dt>
  <data>
    4.22607727e+02 1.05639671e+02 7.92179883e-01 4.42171814e+02
    8.21306534e+01 7.85354853e-01 3.52126312e+02 8.42026291e+01
    7.87899077e-01 4.10791077e+02 2.44612991e+02 7.95606673e-01
    4.59782745e+02 3.81511414e+02 8.51904809e-01 5.32145264e+02
    8.41736832e+01 7.28651702e-01 5.06755005e+02 2.58209991e+02
    8.56163621e-01 4.91161438e+02 3.97229065e+02 6.28818631e-01
    3.77590729e+02 2.79783325e+02 4.43695784e-01 3.34526001e+02
    4.28533875e+02 6.08854055e-01 3.05239990e+02 4.81309479e+02
    1.07208453e-01 4.73467712e+02 2.87561829e+02 4.90667105e-01
    5.22434387e+02 3.99142761e+02 1.07757069e-01 0. 0. 0. 4.08879242e+02
    8.21092224e+01 7.40460753e-01 4.46167816e+02 8.61497955e+01
    8.55772197e-01 3.79590057e+02 2.14197063e+01 7.27755308e-01
    4.93123871e+02 5.28399391e+01 6.51042402e-01</data></pose_0>
</opencv_storage>
