<?xml version="1.0"?>
<opencv_storage>
<hand_left_0 type_id="opencv-nd-matrix">
  <sizes>
    1 21 3</sizes>
  <dt>f</dt>
  <data>
    4.56161682e+02 3.97673737e+02 5.39116323e-01 4.44934662e+02
    4.11707520e+02 6.04078948e-01 4.35111023e+02 4.28548065e+02
    4.88370985e-01 4.23883972e+02 4.36266632e+02 5.56832016e-01
    4.12656952e+02 4.41178467e+02 8.16921651e-01 4.48443115e+02
    4.25039612e+02 5.18715858e-01 4.40022827e+02 4.39073395e+02
    5.88250399e-01 4.40022827e+02 4.52405487e+02 7.05017507e-01
    4.43531281e+02 4.62930847e+02 7.53979564e-01 4.64581970e+02
    4.22232849e+02 6.44578397e-01 4.57565063e+02 4.39775085e+02
    5.23463309e-01 4.62476898e+02 4.53808868e+02 6.33097529e-01
    4.62476898e+02 4.66439270e+02 7.05661714e-01 4.80720825e+02
    4.17321014e+02 6.06059730e-01 4.91246155e+02 4.31354828e+02
    5.51152587e-01 4.95456299e+02 4.45388611e+02 4.98745501e-01
    4.96157990e+02 4.59422394e+02 5.66379070e-01 4.96157990e+02
    4.07497375e+02 6.38563633e-01 5.04578278e+02 4.11005829e+02
    7.69834995e-01 5.11595154e+02 4.15917664e+02 7.67516077e-01
    5.17910339e+02 4.22232849e+02 7.42719173e-01</data></hand_left_0>
</opencv_storage>
