<?xml version="1.0"?>
<opencv_storage>
<hand_left_0 type_id="opencv-nd-matrix">
  <sizes>
    1 21 3</sizes>
  <dt>f</dt>
  <data>
    4.61007385e+02 4.09495758e+02 5.52252650e-01 4.49221527e+02
    4.21936401e+02 6.36736691e-01 4.39399963e+02 4.40269989e+02
    5.83481312e-01 4.26304535e+02 4.47472473e+02 6.85396612e-01
    4.14518677e+02 4.54020172e+02 7.34932840e-01 4.53804932e+02
    4.40269989e+02 5.54557800e-01 4.43328583e+02 4.48782013e+02
    5.19307137e-01 4.42019043e+02 4.61877441e+02 7.81961322e-01
    4.42673828e+02 4.73663300e+02 7.42213309e-01 4.69519409e+02
    4.36996155e+02 7.43731380e-01 4.80650513e+02 4.57294037e+02
    3.69076371e-01 4.63626465e+02 4.67770355e+02 6.20885253e-01
    4.59043091e+02 4.82175323e+02 6.83942020e-01 4.85233917e+02
    4.32412750e+02 7.54928887e-01 4.95055481e+02 4.52055878e+02
    7.45556176e-01 5.00948395e+02 4.64496521e+02 6.92336202e-01
    5.05531799e+02 4.75627625e+02 7.56303012e-01 4.99638855e+02
    4.26519806e+02 8.04244757e-01 5.08805664e+02 4.41579529e+02
    7.23809838e-01 5.14698608e+02 4.46817688e+02 6.67747140e-01
    5.17972473e+02 4.50746338e+02 4.87325519e-01</data></hand_left_0>
</opencv_storage>
