<?xml version="1.0"?>
<opencv_storage>
<pose_0 type_id="opencv-nd-matrix">
  <sizes>
    1 18 3</sizes>
  <dt>f</dt>
  <data>
    4.69553467e+02 1.13412537e+02 8.15895975e-01 4.50063873e+02
    7.23609619e+01 7.46157110e-01 3.65800842e+02 7.05098190e+01
    7.34135389e-01 4.14837982e+02 2.42538727e+02 8.17525983e-01
    4.59775543e+02 3.77636139e+02 7.82913446e-01 5.47837158e+02
    8.21358337e+01 7.01713264e-01 5.10726929e+02 2.54360092e+02
    8.06042850e-01 4.93030334e+02 3.93246643e+02 5.60210526e-01
    3.79527344e+02 2.73944000e+02 4.20606881e-01 3.32609100e+02
    4.32405701e+02 4.83635008e-01 3.03252197e+02 4.91066650e+02
    5.74351884e-02 4.75363403e+02 2.79778442e+02 4.61823702e-01
    5.12608704e+02 3.85498230e+02 1.00821510e-01 0. 0. 0. 4.51955292e+02
    8.80304642e+01 7.35750914e-01 4.91059418e+02 8.60367889e+01
    9.32142138e-01 3.99197510e+02 4.11530037e+01 7.84601331e-01
    5.18481934e+02 2.73999214e+01 5.41285813e-01</data></pose_0>
</opencv_storage>
