<?xml version="1.0"?>
<opencv_storage>
<hand_left_0 type_id="opencv-nd-matrix">
  <sizes>
    1 21 3</sizes>
  <dt>f</dt>
  <data>
    4.60295410e+02 4.19749725e+02 6.10877752e-01 4.47219818e+02
    4.32137115e+02 6.52209580e-01 4.36897003e+02 4.53470947e+02
    5.13630867e-01 4.27950562e+02 4.59664612e+02 5.65960348e-01
    4.14186798e+02 4.63793762e+02 7.78182209e-01 4.52725342e+02
    4.49341797e+02 5.91807127e-01 4.38961578e+02 4.60352814e+02
    5.20860732e-01 4.41714325e+02 4.72740204e+02 5.88150978e-01
    4.44467072e+02 4.82374847e+02 7.30801761e-01 4.66489105e+02
    4.43836304e+02 6.71606302e-01 4.60295410e+02 4.59664612e+02
    3.79439056e-01 4.62359955e+02 4.73428375e+02 5.80529094e-01
    4.62359955e+02 4.85127594e+02 7.07450926e-01 4.82317413e+02
    4.40395355e+02 6.51675940e-01 4.93328430e+02 4.56911865e+02
    5.42573333e-01 5.00210297e+02 4.69299255e+02 5.83934009e-01
    5.06403992e+02 4.80310272e+02 6.63110733e-01 4.97457550e+02
    4.32137115e+02 7.08050013e-01 5.05715820e+02 4.36954407e+02
    7.88225591e-01 5.13974060e+02 4.43148102e+02 7.81051815e-01
    5.18791382e+02 4.51406372e+02 7.23645985e-01</data></hand_left_0>
</opencv_storage>
