<?xml version="1.0"?>
<opencv_storage>
<pose_0 type_id="opencv-nd-matrix">
  <sizes>
    1 18 3</sizes>
  <dt>f</dt>
  <data>
    4.77459625e+02 1.01758179e+02 8.23590577e-01 4.71490692e+02
    6.84335632e+01 7.34096646e-01 3.67859894e+02 6.25830269e+01
    6.35180295e-01 4.18718964e+02 2.52398087e+02 6.78626299e-01
    4.59855713e+02 3.81556580e+02 8.37953925e-01 5.71285034e+02
    8.21412430e+01 6.97556376e-01 5.26282288e+02 2.66110291e+02
    7.79056430e-01 4.94981262e+02 3.95213379e+02 5.16183019e-01
    3.81535522e+02 2.87610504e+02 3.99895012e-01 3.30645844e+02
    4.30403839e+02 3.63336623e-01 2.85622620e+02 4.77421600e+02
    1.17927045e-01 4.91084930e+02 3.03233154e+02 3.86627525e-01
    5.24316589e+02 3.95220154e+02 6.35659620e-02 0. 0. 0. 4.63755188e+02
    8.40257797e+01 6.99193835e-01 5.00863037e+02 8.22053604e+01
    7.54346550e-01 4.14752838e+02 4.83494520e+00 6.65788710e-01
    5.38050354e+02 4.69214134e+01 1.75776616e-01</data></pose_0>
</opencv_storage>
