<?xml version="1.0"?>
<opencv_storage>
<hand_right_0 type_id="opencv-nd-matrix">
  <sizes>
    1 21 3</sizes>
  <dt>f</dt>
  <data>
    4.57401672e+02 3.89857117e+02 5.33120692e-01 4.74806000e+02
    3.94034149e+02 6.66885614e-01 4.92906464e+02 3.98211182e+02
    6.52308166e-01 5.07526093e+02 4.07261414e+02 8.46032739e-01
    5.19361023e+02 4.14919312e+02 8.65226746e-01 4.84552399e+02
    4.09349915e+02 6.65689707e-01 4.95691162e+02 4.23969543e+02
    7.02999592e-01 5.02652863e+02 4.35804474e+02 8.72407556e-01
    5.08222260e+02 4.46943237e+02 9.52956617e-01 4.69236603e+02
    4.14223145e+02 7.40092695e-01 4.79679199e+02 4.29538940e+02
    6.66439891e-01 4.89425598e+02 4.42070038e+02 6.82046413e-01
    4.97083496e+02 4.53904968e+02 8.73468101e-01 4.53224640e+02
    4.18400177e+02 6.76345527e-01 4.58097839e+02 4.30235107e+02
    6.83187485e-01 4.62971069e+02 4.45550903e+02 7.68335819e-01
    4.65059570e+02 4.56689636e+02 7.14091420e-01 4.37908844e+02
    4.19096344e+02 6.77663028e-01 4.37908844e+02 4.33715973e+02
    7.64476061e-01 4.41389709e+02 4.44854706e+02 7.48072267e-01
    4.43478241e+02 4.54601135e+02 7.67823398e-01</data></hand_right_0>
</opencv_storage>
