<?xml version="1.0"?>
<opencv_storage>
<hand_right_0 type_id="opencv-nd-matrix">
  <sizes>
    1 21 3</sizes>
  <dt>f</dt>
  <data>
    4.59353424e+02 3.81115417e+02 6.46266758e-01 4.75292236e+02
    3.86019653e+02 6.98363304e-01 4.93683136e+02 3.93989075e+02
    6.74933672e-01 5.03491638e+02 4.05023621e+02 8.16119313e-01
    5.13913147e+02 4.14219086e+02 8.42260242e-01 4.83874664e+02
    4.02571503e+02 6.82077348e-01 4.94296173e+02 4.19736359e+02
    7.70523787e-01 4.99813446e+02 4.33223022e+02 7.52282798e-01
    5.02878601e+02 4.44257599e+02 9.18416619e-01 4.69161926e+02
    4.05636658e+02 7.49422491e-01 4.79583435e+02 4.25253632e+02
    6.32071674e-01 4.83874664e+02 4.38127289e+02 5.96362293e-01
    4.84487671e+02 4.46709717e+02 5.12336314e-01 4.55062195e+02
    4.09927856e+02 7.12110221e-01 4.59353424e+02 4.22188477e+02
    3.67866933e-01 4.61192505e+02 4.38127289e+02 4.54125017e-01
    4.58740387e+02 4.50387909e+02 5.31029105e-01 4.41575531e+02
    4.09927856e+02 6.27578974e-01 4.40349457e+02 4.19123322e+02
    7.00506032e-01 4.39736450e+02 4.26479706e+02 7.06862688e-01
    4.39736450e+02 4.37514252e+02 7.89427519e-01</data></hand_right_0>
</opencv_storage>
