<?xml version="1.0"?>
<opencv_storage>
<pose_0 type_id="opencv-nd-matrix">
  <sizes>
    1 18 3</sizes>
  <dt>f</dt>
  <data>
    3.99130707e+02 1.62291870e+02 8.88184428e-01 4.34380371e+02
    1.25192398e+02 6.65456653e-01 3.50217651e+02 1.29144135e+02
    7.84818053e-01 4.10899170e+02 2.85595581e+02 7.83379138e-01
    4.59832977e+02 4.22625824e+02 7.35724747e-01 5.37962158e+02
    1.31073547e+02 6.90106034e-01 5.10725616e+02 2.99373077e+02
    7.95008719e-01 4.91050568e+02 4.36289612e+02 5.69498181e-01
    3.69792999e+02 3.26746918e+02 4.14264262e-01 3.22847260e+02
    4.75378723e+02 5.24041891e-01 0. 0. 0. 4.71534943e+02 3.32581451e+02
    4.62437838e-01 5.22350220e+02 4.55871643e+02 9.79645252e-02 0. 0. 0.
    3.81482483e+02 1.40832077e+02 8.40794563e-01 4.14863007e+02
    1.36931290e+02 8.12253833e-01 3.61982330e+02 1.17424110e+02
    5.02089411e-02 4.63658386e+02 8.60848236e+01 9.32223380e-01</data></pose_0>
</opencv_storage>
