<?xml version="1.0"?>
<opencv_storage>
<pose_0 type_id="opencv-nd-matrix">
  <sizes>
    2 18 3</sizes>
  <dt>f</dt>
  <data>
    4.97002014e+02 1.31078949e+02 7.56773114e-01 4.71530182e+02
    7.82385712e+01 7.97159255e-01 3.69801514e+02 7.23723831e+01
    6.47939503e-01 4.14869812e+02 2.62181213e+02 7.44578123e-01
    4.59798187e+02 3.97138458e+02 8.87858272e-01 5.71370789e+02
    8.80485535e+01 6.61068976e-01 5.26288635e+02 2.85607086e+02
    7.64210224e-01 4.93024078e+02 4.12817078e+02 5.67941189e-01
    3.77620575e+02 2.93505066e+02 4.01631266e-01 3.26708862e+02
    4.34360962e+02 4.30680066e-01 2.83691437e+02 4.83254303e+02
    9.72440988e-02 4.87171478e+02 3.07176880e+02 4.51935381e-01
    5.40023376e+02 4.34350189e+02 1.43313646e-01 0. 0. 0. 4.89084747e+02
    1.13408684e+02 6.95063472e-01 5.12600098e+02 1.13428925e+02
    5.93280554e-01 4.32388580e+02 5.28056374e+01 4.05422568e-01
    5.38084778e+02 6.06339493e+01 5.85441627e-02 0. 0. 0. 0. 0. 0. 0. 0.
    0. 0. 0. 0. 0. 0. 0. 0. 0. 0. 0. 0. 0. 0. 0. 0. 0. 0. 0. 0. 0. 0. 0.
    0. 0. 6.98473022e+02 4.89104095e+02 7.59438500e-02 9.62634949e+02
    5.24340637e+02 1.71151876e-01 1.11912781e+03 5.28262695e+02
    3.34170759e-01 0. 0. 0. 0. 0. 0. 0. 0. 0. 0. 0. 0.</data></pose_0>
</opencv_storage>
