<?xml version="1.0"?>
<opencv_storage>
<hand_right_0 type_id="opencv-nd-matrix">
  <sizes>
    1 21 3</sizes>
  <dt>f</dt>
  <data>
    4.59087830e+02 3.84253540e+02 6.44688010e-01 4.75944275e+02
    3.89872375e+02 7.09006786e-01 4.94049347e+02 3.96115479e+02
    6.53404593e-01 5.04038330e+02 4.05480194e+02 7.77893484e-01
    5.15276001e+02 4.14220551e+02 8.54393005e-01 4.83436005e+02
    4.03607239e+02 6.90532446e-01 4.93425018e+02 4.19215057e+02
    7.54406810e-01 4.99668152e+02 4.33574249e+02 7.48097718e-01
    5.02789703e+02 4.44811890e+02 9.00797486e-01 4.69076813e+02
    4.05480194e+02 7.64587104e-01 4.77192902e+02 4.21712311e+02
    6.15839899e-01 4.83436005e+02 4.39193085e+02 6.06366634e-01
    4.79065826e+02 4.49806396e+02 6.53148592e-01 4.55341949e+02
    4.09226074e+02 6.31143868e-01 4.58463501e+02 4.19215057e+02
    6.98442757e-01 4.63458008e+02 4.36071503e+02 7.14131236e-01
    4.60336456e+02 4.52303650e+02 6.69564247e-01 4.43479980e+02
    4.11723328e+02 6.81791425e-01 4.42855682e+02 4.19839386e+02
    7.11109102e-01 4.42855682e+02 4.29828400e+02 7.33059227e-01
    4.43479980e+02 4.39817383e+02 8.21567714e-01</data></hand_right_0>
</opencv_storage>
