<?xml version="1.0"?>
<opencv_storage>
<hand_right_0 type_id="opencv-nd-matrix">
  <sizes>
    1 21 3</sizes>
  <dt>f</dt>
  <data>
    4.59352600e+02 3.83287720e+02 5.70604026e-01 4.75939606e+02
    3.88816742e+02 7.24454761e-01 4.95291107e+02 3.93654602e+02
    7.22184420e-01 5.09113617e+02 4.02639252e+02 8.21814120e-01
    5.20171631e+02 4.10241638e+02 8.27934861e-01 4.84924225e+02
    4.04021484e+02 6.23725414e-01 4.94600006e+02 4.16461761e+02
    7.41013765e-01 5.03584625e+02 4.31666504e+02 8.24126780e-01
    5.09113617e+02 4.40651154e+02 8.49065959e-01 4.69719482e+02
    4.07477112e+02 6.82849765e-01 4.78012970e+02 4.21299622e+02
    6.09868586e-01 4.88379852e+02 4.34431030e+02 6.90764427e-01
    4.97364502e+02 4.46871277e+02 8.40106905e-01 4.54514709e+02
    4.10932739e+02 6.36920333e-01 4.57970337e+02 4.21990753e+02
    6.88603282e-01 4.61425964e+02 4.36504395e+02 7.92432964e-01
    4.66263855e+02 4.48944641e+02 7.98443794e-01 4.39309967e+02
    4.14388367e+02 6.82523549e-01 4.40001068e+02 4.26828644e+02
    7.63678730e-01 4.42765594e+02 4.37886658e+02 7.57009268e-01
    4.46912323e+02 4.48253540e+02 7.28593886e-01</data></hand_right_0>
</opencv_storage>
