<?xml version="1.0"?>
<opencv_storage>
<hand_right_0 type_id="opencv-nd-matrix">
  <sizes>
    1 21 3</sizes>
  <dt>f</dt>
  <data>
    4.60747528e+02 4.20191559e+02 5.91064215e-01 4.79058319e+02
    4.26529907e+02 7.33880222e-01 4.98777618e+02 4.34276764e+02
    7.03073680e-01 5.10045776e+02 4.42727905e+02 8.10242712e-01
    5.19905457e+02 4.52587555e+02 7.63165534e-01 4.86100922e+02
    4.41319366e+02 6.95710421e-01 4.93847778e+02 4.55404572e+02
    7.25465596e-01 5.03003174e+02 4.70898315e+02 8.06819081e-01
    5.05820221e+02 4.81462219e+02 8.39957476e-01 4.70607178e+02
    4.42727905e+02 7.92382538e-01 4.76945526e+02 4.57517365e+02
    7.06971586e-01 4.86805176e+02 4.72306854e+02 7.86519468e-01
    4.93143524e+02 4.87096313e+02 9.05290127e-01 4.55817688e+02
    4.46953461e+02 6.25716388e-01 4.58634735e+02 4.58221619e+02
    7.20476866e-01 4.62860321e+02 4.73011108e+02 8.00471902e-01
    4.65677368e+02 4.86392059e+02 7.84469485e-01 4.41028229e+02
    4.47657715e+02 7.14567184e-01 4.38915436e+02 4.60334412e+02
    8.34764779e-01 4.41732483e+02 4.72306854e+02 8.02325428e-01
    4.45958038e+02 4.82166504e+02 7.83742547e-01</data></hand_right_0>
</opencv_storage>
