<?xml version="1.0"?>
<opencv_storage>
<pose_0 type_id="opencv-nd-matrix">
  <sizes>
    1 18 3</sizes>
  <dt>f</dt>
  <data>
    4.57859589e+02 1.77931671e+02 7.78124869e-01 4.63755585e+02
    1.07608177e+02 7.83141613e-01 3.67829498e+02 1.01755981e+02
    7.09490538e-01 4.14743225e+02 2.89644043e+02 7.70361364e-01
    4.59746674e+02 4.16746246e+02 8.64387631e-01 5.71364014e+02
    1.15467537e+02 6.68684602e-01 5.30187012e+02 3.03254517e+02
    7.59970963e-01 4.96957550e+02 4.26488708e+02 5.76995552e-01
    3.81524292e+02 2.93465759e+02 4.13129121e-01 3.20955627e+02
    4.38273041e+02 3.49308223e-01 2.85639343e+02 4.87166321e+02
    9.59131569e-02 4.91141632e+02 3.07200317e+02 4.31046486e-01
    5.49742371e+02 4.46083832e+02 1.97322935e-01 0. 0. 0. 4.44022614e+02
    1.60359482e+02 6.61258519e-01 4.75430023e+02 1.60407013e+02
    6.59661412e-01 3.99159332e+02 1.01744835e+02 2.67015576e-01
    5.12622375e+02 8.60894012e+01 4.50633407e-01</data></pose_0>
</opencv_storage>
