<?xml version="1.0"?>
<opencv_storage>
<hand_left_0 type_id="opencv-nd-matrix">
  <sizes>
    1 21 3</sizes>
  <dt>f</dt>
  <data>
    4.54806396e+02 4.21308594e+02 5.55652857e-01 4.42727417e+02
    4.34098114e+02 6.27610981e-01 4.34911591e+02 4.52571869e+02
    4.46650922e-01 4.24964172e+02 4.58966614e+02 6.31321132e-01
    4.12885193e+02 4.62519257e+02 7.61659682e-01 4.49122162e+02
    4.48308685e+02 4.64513391e-01 4.38464233e+02 4.60387695e+02
    6.15673006e-01 4.40595825e+02 4.73887726e+02 6.75304294e-01
    4.42727417e+02 4.83835144e+02 7.76968956e-01 4.65464325e+02
    4.45466583e+02 6.54186487e-01 4.59069580e+02 4.60387695e+02
    4.53430146e-01 4.62622223e+02 4.75308807e+02 5.97892880e-01
    4.61911682e+02 4.87387787e+02 7.23259389e-01 4.81806519e+02
    4.40492859e+02 6.51524007e-01 4.92464447e+02 4.56835052e+02
    5.62298417e-01 4.98859192e+02 4.68203491e+02 5.79496145e-01
    5.05253967e+02 4.78861450e+02 6.37578070e-01 4.94596039e+02
    4.30545471e+02 6.84657335e-01 5.04543427e+02 4.36229706e+02
    8.70838106e-01 5.10938202e+02 4.41203400e+02 8.66722465e-01
    5.15911926e+02 4.46887634e+02 7.91498125e-01</data></hand_left_0>
</opencv_storage>
