<?xml version="1.0"?>
<opencv_storage>
<pose_0 type_id="opencv-nd-matrix">
  <sizes>
    1 18 3</sizes>
  <dt>f</dt>
  <data>
    4.77397278e+02 1.62338135e+02 7.53918469e-01 4.77389343e+02
    9.97353287e+01 8.25554013e-01 3.81458923e+02 9.58511200e+01
    6.71833634e-01 4.20615936e+02 2.83669159e+02 6.89324141e-01
    4.59847687e+02 4.12838104e+02 8.58161688e-01 5.81070129e+02
    1.13504135e+02 6.60568953e-01 5.32171082e+02 3.01320129e+02
    7.49068737e-01 4.95032776e+02 4.24583344e+02 5.92316985e-01
    3.79567627e+02 2.95434387e+02 4.00380105e-01 3.22808807e+02
    4.44141449e+02 2.85636455e-01 0. 0. 0. 4.89086731e+02 3.11105988e+02
    4.33879852e-01 5.40059387e+02 4.57792236e+02 1.05087675e-01 0. 0. 0.
    4.63700439e+02 1.38922546e+02 6.65014148e-01 4.95063843e+02
    1.44759750e+02 6.10678494e-01 4.16737274e+02 7.43782349e+01
    4.23310071e-01 5.24396362e+02 7.04075470e+01 2.10810572e-01</data></pose_0>
</opencv_storage>
