<?xml version="1.0"?>
<opencv_storage>
<hand_left_0 type_id="opencv-nd-matrix">
  <sizes>
    1 21 3</sizes>
  <dt>f</dt>
  <data>
    4.60053497e+02 3.86244049e+02 5.31549454e-01 4.49330536e+02
    3.97597778e+02 6.22432828e-01 4.39869080e+02 4.12736084e+02
    5.82230806e-01 4.25992310e+02 4.23459045e+02 7.43713200e-01
    4.15269348e+02 4.32920471e+02 7.95360029e-01 4.50592041e+02
    4.08320740e+02 5.17301679e-01 4.42392151e+02 4.20305237e+02
    5.79242349e-01 4.43653656e+02 4.33551239e+02 7.37224400e-01
    4.44284424e+02 4.45535706e+02 6.58785939e-01 4.66991882e+02
    4.06428436e+02 6.42731667e-01 4.60684235e+02 4.22197510e+02
    5.82415760e-01 4.63838043e+02 4.37335815e+02 6.90971017e-01
    4.56899658e+02 4.53735626e+02 6.47080362e-01 4.83391693e+02
    4.03905396e+02 5.79663217e-01 4.91591614e+02 4.20935974e+02
    6.32955492e-01 4.87176270e+02 4.34182007e+02 4.92563367e-01
    4.90330078e+02 4.46166473e+02 5.90928614e-01 4.97899231e+02
    4.00751587e+02 6.66413963e-01 5.07360657e+02 4.09582275e+02
    5.58898032e-01 5.12406738e+02 4.13366852e+02 7.27075517e-01
    5.14929810e+02 4.15259125e+02 5.87615967e-01</data></hand_left_0>
</opencv_storage>
