<?xml version="1.0"?>
<opencv_storage>
<hand_left_0 type_id="opencv-nd-matrix">
  <sizes>
    1 21 3</sizes>
  <dt>f</dt>
  <data>
    4.60872894e+02 4.09256073e+02 5.79404473e-01 4.47998322e+02
    4.21415405e+02 6.57974243e-01 4.38700012e+02 4.41442505e+02
    5.18658817e-01 4.37984772e+02 4.55032349e+02 3.82589757e-01
    4.15811890e+02 4.49310303e+02 2.73505628e-01 4.54435608e+02
    4.38581482e+02 5.73091984e-01 4.42276306e+02 4.49310303e+02
    4.75249529e-01 4.42991547e+02 4.61469635e+02 5.61187625e-01
    4.45137299e+02 4.71483215e+02 6.72954500e-01 4.68740692e+02
    4.32859467e+02 6.44953370e-01 4.78039001e+02 4.49310303e+02
    3.64008635e-01 4.64449188e+02 4.62184906e+02 4.48767871e-01
    4.66594940e+02 4.74344208e+02 6.70774639e-01 4.84476318e+02
    4.28567932e+02 6.24172032e-01 4.93059357e+02 4.44303528e+02
    6.63792014e-01 5.00927155e+02 4.57178101e+02 6.76268399e-01
    5.05933929e+02 4.68622192e+02 7.00023055e-01 4.98781403e+02
    4.21415405e+02 7.50844240e-01 5.08079712e+02 4.27852692e+02
    8.34175885e-01 5.14516968e+02 4.33574707e+02 8.36555541e-01
    5.18808533e+02 4.40011993e+02 7.77644515e-01</data></hand_left_0>
</opencv_storage>
