<?xml version="1.0"?>
<opencv_storage>
<hand_left_0 type_id="opencv-nd-matrix">
  <sizes>
    1 21 3</sizes>
  <dt>f</dt>
  <data>
    4.56365906e+02 4.23647980e+02 5.90633333e-01 4.44201538e+02
    4.36527924e+02 6.49659157e-01 4.34183807e+02 4.54416718e+02
    5.81225574e-01 4.26312744e+02 4.60856689e+02 5.54248989e-01
    4.13432800e+02 4.62287781e+02 7.26295233e-01 4.51357056e+02
    4.50123413e+02 5.77630401e-01 4.39192657e+02 4.60856689e+02
    4.22110736e-01 4.39908234e+02 4.73021057e+02 5.43073356e-01
    4.42770447e+02 4.83754333e+02 6.62235320e-01 4.67814758e+02
    4.45114532e+02 6.71696782e-01 4.77832489e+02 4.60141144e+02
    4.30621803e-01 4.63521454e+02 4.75167725e+02 4.66660023e-01
    4.62805878e+02 4.86616547e+02 6.25803351e-01 4.81410248e+02
    4.40105682e+02 6.06851161e-01 4.92143524e+02 4.55847809e+02
    6.18987024e-01 5.00730133e+02 4.67296661e+02 5.77269018e-01
    4.96436829e+02 4.83754333e+02 5.46457767e-01 4.95721283e+02
    4.33665710e+02 6.98135197e-01 5.05023468e+02 4.38674561e+02
    7.41890430e-01 5.12178955e+02 4.41536774e+02 7.03254998e-01
    5.16472290e+02 4.47261200e+02 6.39909983e-01</data></hand_left_0>
</opencv_storage>
