<?xml version="1.0"?>
<opencv_storage>
<hand_left_0 type_id="opencv-nd-matrix">
  <sizes>
    1 21 3</sizes>
  <dt>f</dt>
  <data>
    4.56200439e+02 4.10639404e+02 5.26834249e-01 4.43920715e+02
    4.22919159e+02 6.41444445e-01 4.35252625e+02 4.42422302e+02
    4.99754041e-01 4.32363281e+02 4.53257355e+02 4.78423804e-01
    4.14304840e+02 4.52535034e+02 7.13180780e-01 4.50421753e+02
    4.39532928e+02 5.51659703e-01 4.38864319e+02 4.51090363e+02
    6.08083010e-01 4.39586670e+02 4.62647766e+02 6.40694439e-01
    4.43920715e+02 4.73482849e+02 7.68272638e-01 4.66313202e+02
    4.34476563e+02 6.53488874e-01 4.77148254e+02 4.48200989e+02
    4.14889127e-01 4.62701508e+02 4.64092438e+02 6.44774258e-01
    4.61979156e+02 4.76372192e+02 7.45093763e-01 4.80759949e+02
    4.28697876e+02 6.74992085e-01 4.93039703e+02 4.43866974e+02
    6.54673278e-01 5.00263092e+02 4.56869049e+02 5.82557678e-01
    4.98818420e+02 4.70593475e+02 5.66107273e-01 4.95929077e+02
    4.20752136e+02 7.12786198e-01 5.06764130e+02 4.26530853e+02
    7.17128217e-01 5.13265198e+02 4.30142548e+02 7.94918180e-01
    5.16876892e+02 4.38088257e+02 6.06739759e-01</data></hand_left_0>
</opencv_storage>
