<?xml version="1.0"?>
<opencv_storage>
<hand_right_0 type_id="opencv-nd-matrix">
  <sizes>
    1 21 3</sizes>
  <dt>f</dt>
  <data>
    4.59299469e+02 4.02944427e+02 5.65546691e-01 4.76706573e+02
    4.08514709e+02 7.13236451e-01 4.94809937e+02 4.14781250e+02
    6.70547068e-01 5.06646729e+02 4.24529205e+02 7.11976349e-01
    5.16394714e+02 4.33580902e+02 7.92905807e-01 4.82973114e+02
    4.23136658e+02 6.09297097e-01 4.93417358e+02 4.37062317e+02
    7.62392282e-01 5.01076477e+02 4.51684265e+02 8.02260995e-01
    5.05254181e+02 4.60039673e+02 8.70827734e-01 4.68351166e+02
    4.25921783e+02 7.42503405e-01 4.77402832e+02 4.41240021e+02
    7.52651513e-01 4.86454529e+02 4.54469391e+02 6.91205204e-01
    4.94113647e+02 4.65609924e+02 8.43982518e-01 4.54425507e+02
    4.30099487e+02 6.90408885e-01 4.57210632e+02 4.41240021e+02
    6.04824603e-01 4.61388336e+02 4.57254517e+02 7.90019751e-01
    4.64869751e+02 4.69091339e+02 6.03817582e-01 4.39107269e+02
    4.30099487e+02 7.00224757e-01 4.38410980e+02 4.44025146e+02
    8.17937851e-01 4.38410980e+02 4.53773102e+02 7.85230756e-01
    4.41892395e+02 4.64217377e+02 7.37158418e-01</data></hand_right_0>
</opencv_storage>
