<?xml version="1.0"?>
<opencv_storage>
<pose_0 type_id="opencv-nd-matrix">
  <sizes>
    1 18 3</sizes>
  <dt>f</dt>
  <data>
    5.06706055e+02 1.62356262e+02 8.19104671e-01 4.73470245e+02
    1.03677284e+02 7.48741329e-01 3.67833557e+02 1.01699142e+02
    6.77970648e-01 4.12733948e+02 2.89572296e+02 7.85928190e-01
    4.59682922e+02 4.12821686e+02 8.76783729e-01 5.71345459e+02
    1.09540672e+02 6.32810891e-01 5.34105042e+02 3.03168884e+02
    7.66690433e-01 4.95004547e+02 4.20653168e+02 6.24307990e-01
    3.75680664e+02 2.91516418e+02 4.17724967e-01 3.22856171e+02
    4.30456573e+02 5.35600305e-01 2.77827301e+02 4.81333618e+02
    9.92384329e-02 4.87182678e+02 3.03254089e+02 4.25910473e-01
    5.41966003e+02 4.49998596e+02 1.82722643e-01 0. 0. 0. 4.92988312e+02
    1.46624481e+02 7.72129178e-01 5.22402832e+02 1.36968323e+02
    5.97639084e-01 4.30357605e+02 8.21922150e+01 7.50843763e-01
    5.47847961e+02 9.00177689e+01 1.06291734e-01</data></pose_0>
</opencv_storage>
