<?xml version="1.0"?>
<opencv_storage>
<hand_right_0 type_id="opencv-nd-matrix">
  <sizes>
    1 21 3</sizes>
  <dt>f</dt>
  <data>
    4.57207336e+02 3.82572693e+02 5.81691206e-01 4.74499908e+02
    3.88336884e+02 6.97334707e-01 4.94674591e+02 3.94101074e+02
    6.71699226e-01 5.06202972e+02 4.04188416e+02 8.44575465e-01
    5.17010803e+02 4.14275757e+02 8.44410598e-01 4.83866730e+02
    4.04908936e+02 6.51058197e-01 4.94674591e+02 4.19319427e+02
    7.54268050e-01 5.02600342e+02 4.31568329e+02 8.15289557e-01
    5.06202972e+02 4.41655670e+02 9.42437947e-01 4.69456238e+02
    4.08511566e+02 7.02309608e-01 4.77382019e+02 4.22201508e+02
    6.62248731e-01 4.87469330e+02 4.35891479e+02 7.70388484e-01
    4.94674591e+02 4.48140381e+02 9.65246558e-01 4.53604706e+02
    4.13555237e+02 7.13431537e-01 4.57927856e+02 4.24363068e+02
    6.54844284e-01 4.62971527e+02 4.38053040e+02 8.12384248e-01
    4.66574158e+02 4.51022461e+02 6.38442218e-01 4.38473724e+02
    4.17157837e+02 6.79708958e-01 4.41355804e+02 4.29406738e+02
    7.33641863e-01 4.42796844e+02 4.40935120e+02 7.71070361e-01
    4.47840515e+02 4.49581421e+02 7.37787127e-01</data></hand_right_0>
</opencv_storage>
