<?xml version="1.0"?>
<opencv_storage>
<pose_0 type_id="opencv-nd-matrix">
  <sizes>
    1 18 3</sizes>
  <dt>f</dt>
  <data>
    4.98918884e+02 1.27186485e+02 7.25173831e-01 4.67586884e+02
    7.82562256e+01 7.38146603e-01 3.67777405e+02 7.82515564e+01
    6.34199500e-01 4.08861359e+02 2.66081360e+02 6.97576284e-01
    4.57827423e+02 3.93261230e+02 8.48433733e-01 5.71243225e+02
    8.80527496e+01 6.66889846e-01 5.24443237e+02 2.77847443e+02
    7.08535016e-01 4.93090149e+02 3.99095337e+02 6.19479418e-01
    3.77616821e+02 3.01319153e+02 3.99579316e-01 3.20951508e+02
    4.42156158e+02 3.06539595e-01 2.79776123e+02 4.85208923e+02
    8.09070542e-02 4.91133057e+02 3.15013184e+02 3.94614190e-01
    5.38053345e+02 4.26502533e+02 5.57712764e-02 0. 0. 0. 4.91046051e+02
    1.03693901e+02 6.78582609e-01 5.14552368e+02 1.05666359e+02
    4.66250956e-01 4.32385742e+02 5.47501831e+01 2.93946058e-01 0. 0. 0.</data></pose_0>
</opencv_storage>
