<?xml version="1.0"?>
<opencv_storage>
<pose_0 type_id="opencv-nd-matrix">
  <sizes>
    2 18 3</sizes>
  <dt>f</dt>
  <data>
    4.44176361e+02 1.40881912e+02 7.39866674e-01 4.65698517e+02
    9.19425812e+01 8.15243363e-01 3.69833313e+02 8.61279526e+01
    7.27903426e-01 4.14751404e+02 2.75835083e+02 7.52928257e-01
    4.59742554e+02 3.99126648e+02 8.99584949e-01 5.73261047e+02
    1.01746254e+02 6.92222774e-01 5.36056946e+02 2.87648621e+02
    8.09535086e-01 4.98934906e+02 4.08913086e+02 6.00704312e-01
    3.79538361e+02 2.89572388e+02 4.36404794e-01 3.30617920e+02
    4.30435211e+02 4.38917935e-01 2.85649200e+02 4.79337494e+02
    1.28103197e-01 4.89116058e+02 3.09130951e+02 4.26905870e-01
    5.24368530e+02 4.06965424e+02 6.90328702e-02 0. 0. 0. 4.30369232e+02
    1.15520538e+02 7.47076869e-01 4.63739594e+02 1.23218559e+02
    6.41142130e-01 4.10866486e+02 8.21660385e+01 1.88437641e-01
    5.14528931e+02 6.84039536e+01 5.31689227e-01 0. 0. 0. 0. 0. 0. 0. 0.
    0. 0. 0. 0. 0. 0. 0. 0. 0. 0. 0. 0. 0. 0. 0. 0. 0. 0. 0. 0. 0. 0. 0.
    0. 0. 6.80868530e+02 4.87148743e+02 7.47802630e-02 9.56737000e+02
    5.22424683e+02 1.39029473e-01 1.11521899e+03 5.26375916e+02
    3.57048154e-01 0. 0. 0. 0. 0. 0. 0. 0. 0. 0. 0. 0.</data></pose_0>
</opencv_storage>
