<?xml version="1.0"?>
<opencv_storage>
<hand_right_0 type_id="opencv-nd-matrix">
  <sizes>
    1 21 3</sizes>
  <dt>f</dt>
  <data>
    4.59212769e+02 4.07250061e+02 5.22552013e-01 4.77449127e+02
    4.16732971e+02 6.81985259e-01 4.97144379e+02 4.22568604e+02
    6.44825339e-01 5.07356720e+02 4.31322052e+02 7.34455049e-01
    5.17569092e+02 4.40075500e+02 7.83794165e-01 4.84014191e+02
    4.30592590e+02 5.84831595e-01 4.94226563e+02 4.45181671e+02
    7.32598901e-01 5.02250549e+02 4.59770752e+02 8.08558762e-01
    5.06627289e+02 4.70712555e+02 8.84049177e-01 4.68695679e+02
    4.33510406e+02 6.92398071e-01 4.77449127e+02 4.47370026e+02
    7.08221674e-01 4.86202576e+02 4.63418030e+02 7.46854722e-01
    4.94956024e+02 4.75818756e+02 8.78002346e-01 4.54106598e+02
    4.35698761e+02 6.51392162e-01 4.58483307e+02 4.48828949e+02
    7.11398125e-01 4.62860046e+02 4.64147491e+02 8.10195744e-01
    4.67236755e+02 4.76548187e+02 7.10487545e-01 4.40976410e+02
    4.38616577e+02 6.14442885e-01 4.37329132e+02 4.51746765e+02
    7.85532236e-01 4.40976410e+02 4.63418030e+02 7.37483501e-01
    4.45353149e+02 4.75089294e+02 7.56247878e-01</data></hand_right_0>
</opencv_storage>
