<?xml version="1.0"?>
<opencv_storage>
<pose_0 type_id="opencv-nd-matrix">
  <sizes>
    1 18 3</sizes>
  <dt>f</dt>
  <data>
    4.59813568e+02 1.58507690e+02 6.95322037e-01 4.65661560e+02
    9.78273392e+01 8.11859727e-01 3.67847107e+02 9.78107071e+01
    7.04071760e-01 4.14768768e+02 2.77864227e+02 7.59151757e-01
    4.59743439e+02 4.08889099e+02 8.56613159e-01 5.71357727e+02
    1.03704086e+02 6.65165603e-01 5.32192810e+02 2.91489594e+02
    7.34221578e-01 4.96936493e+02 4.14816986e+02 5.99165976e-01
    3.81578339e+02 2.91516113e+02 3.97948176e-01 3.22859497e+02
    4.34356232e+02 3.27593952e-01 2.81752045e+02 4.87163483e+02
    1.01155989e-01 4.92994812e+02 3.05200531e+02 4.11473542e-01
    5.47827881e+02 4.49986603e+02 1.52535886e-01 0. 0. 0. 4.46024048e+02
    1.40863571e+02 6.14237010e-01 4.77352844e+02 1.40879211e+02
    6.10749304e-01 4.08939789e+02 8.80710373e+01 1.97355747e-01
    5.12580139e+02 7.23825531e+01 4.02387649e-01</data></pose_0>
</opencv_storage>
