<?xml version="1.0"?>
<opencv_storage>
<pose_0 type_id="opencv-nd-matrix">
  <sizes>
    1 18 3</sizes>
  <dt>f</dt>
  <data>
    4.51953674e+02 1.62406586e+02 7.46828854e-01 4.71535370e+02
    1.05624207e+02 7.87030339e-01 3.71738190e+02 9.97606125e+01
    7.16341376e-01 4.14847656e+02 2.87668610e+02 7.37216055e-01
    4.59797180e+02 4.12858643e+02 8.74385715e-01 5.75218323e+02
    1.17352859e+02 6.41707718e-01 5.36054932e+02 3.01243774e+02
    7.80470192e-01 4.95045471e+02 4.20666107e+02 6.01877272e-01
    3.81487366e+02 2.93469330e+02 4.18807030e-01 3.26763763e+02
    4.30404541e+02 4.27031577e-01 2.89539185e+02 4.81334442e+02
    1.33899823e-01 4.91066376e+02 3.14984863e+02 4.49099123e-01
    5.40023438e+02 4.59753113e+02 9.33560580e-02 0. 0. 0. 4.36317780e+02
    1.38900482e+02 5.92825055e-01 4.73498016e+02 1.46640442e+02
    6.85747743e-01 4.04978394e+02 9.97469177e+01 1.44530058e-01
    5.12621277e+02 8.40941086e+01 3.96663338e-01</data></pose_0>
</opencv_storage>
