<?xml version="1.0"?>
<opencv_storage>
<hand_left_0 type_id="opencv-nd-matrix">
  <sizes>
    1 21 3</sizes>
  <dt>f</dt>
  <data>
    4.61279022e+02 4.12748108e+02 5.52734017e-01 4.49912231e+02
    4.24114899e+02 6.42771900e-01 4.39214050e+02 4.41499420e+02
    6.22120023e-01 4.25172729e+02 4.49523071e+02 7.11181700e-01
    4.13805908e+02 4.56209412e+02 7.73308635e-01 4.54592682e+02
    4.42836700e+02 5.27145267e-01 4.43225861e+02 4.52197601e+02
    4.80952799e-01 4.42557251e+02 4.65570313e+02 7.49788046e-01
    4.43894501e+02 4.76937103e+02 7.51316071e-01 4.69971283e+02
    4.38824890e+02 6.71066046e-01 4.80669464e+02 4.59552582e+02
    3.94465566e-01 4.61947662e+02 4.70919403e+02 7.31427372e-01
    4.57935852e+02 4.85629364e+02 6.81393445e-01 4.84012634e+02
    4.35481720e+02 6.67260349e-01 4.94042175e+02 4.54872131e+02
    6.70550108e-01 4.98722626e+02 4.67576202e+02 5.96108377e-01
    5.04071716e+02 4.79611664e+02 6.88329339e-01 4.98722626e+02
    4.30132629e+02 7.64236629e-01 5.09420776e+02 4.45511261e+02
    6.55979812e-01 5.14769897e+02 4.50191681e+02 5.97126782e-01
    5.17444397e+02 4.54203522e+02 4.08898205e-01</data></hand_left_0>
</opencv_storage>
