<?xml version="1.0"?>
<opencv_storage>
<pose_0 type_id="opencv-nd-matrix">
  <sizes>
    1 18 3</sizes>
  <dt>f</dt>
  <data>
    4.87181488e+02 1.89734238e+02 7.51006007e-01 4.65685272e+02
    1.03711540e+02 7.39304781e-01 3.67831268e+02 9.77890015e+01
    6.42209470e-01 4.14741791e+02 2.99332367e+02 7.92304933e-01
    4.59799530e+02 4.16805267e+02 8.31517220e-01 5.65437866e+02
    1.15373085e+02 6.44048810e-01 5.22467651e+02 3.03205566e+02
    8.43012929e-01 4.91064545e+02 4.24572296e+02 6.16624713e-01
    3.79561249e+02 2.77815277e+02 3.61475468e-01 3.22871246e+02
    4.30430023e+02 5.42834222e-01 2.77812866e+02 4.81314636e+02
    6.55947849e-02 4.91109070e+02 3.01264252e+02 4.21910167e-01
    5.41987061e+02 4.46067017e+02 2.18941256e-01 0. 0. 0. 4.75442749e+02
    1.76006958e+02 8.20205152e-01 4.96988922e+02 1.77940353e+02
    4.27311867e-01 4.14798615e+02 1.15470802e+02 4.87081081e-01
    5.28267151e+02 1.07594734e+02 1.22613870e-01</data></pose_0>
</opencv_storage>
