<?xml version="1.0"?>
<opencv_storage>
<hand_right_0 type_id="opencv-nd-matrix">
  <sizes>
    1 21 3</sizes>
  <dt>f</dt>
  <data>
    4.56726868e+02 3.99205811e+02 5.62702000e-01 4.74484222e+02
    4.07729340e+02 7.08093405e-01 4.94372437e+02 4.14832275e+02
    6.83330655e-01 5.01475342e+02 4.26196960e+02 6.40607953e-01
    5.07867981e+02 4.36851349e+02 7.81527638e-01 4.80166565e+02
    4.24066071e+02 7.09936142e-01 4.88690063e+02 4.41113098e+02
    7.67007411e-01 4.95082703e+02 4.54608673e+02 8.22531879e-01
    5.00054779e+02 4.66683655e+02 9.00555432e-01 4.65960693e+02
    4.25486664e+02 7.29271650e-01 4.70932739e+02 4.37561646e+02
    6.51323617e-01 4.78745972e+02 4.56029266e+02 7.72978425e-01
    4.85138611e+02 4.71655731e+02 8.41258705e-01 4.50334229e+02
    4.26907257e+02 7.06816077e-01 4.54596008e+02 4.40402832e+02
    6.58911824e-01 4.59568054e+02 4.54608673e+02 7.92460144e-01
    4.62409241e+02 4.68104248e+02 7.97559381e-01 4.37548950e+02
    4.27617554e+02 6.49460971e-01 4.36838684e+02 4.41823395e+02
    8.26410472e-01 4.37548950e+02 4.52477814e+02 7.84358382e-01
    4.39679840e+02 4.63132202e+02 7.96500087e-01</data></hand_right_0>
</opencv_storage>
