<?xml version="1.0"?>
<opencv_storage>
<hand_left_0 type_id="opencv-nd-matrix">
  <sizes>
    1 21 3</sizes>
  <dt>f</dt>
  <data>
    4.54890961e+02 4.14468048e+02 5.06571651e-01 4.42256714e+02
    4.27845490e+02 5.96073985e-01 4.34824829e+02 4.47911621e+02
    4.40709829e-01 4.25163361e+02 4.54600311e+02 4.47904199e-01
    4.11785919e+02 4.55343506e+02 7.06818044e-01 4.45972687e+02
    4.41966095e+02 4.92179334e-01 4.38540771e+02 4.53857147e+02
    7.25180626e-01 4.40027161e+02 4.66491364e+02 7.97236085e-01
    4.43743103e+02 4.77639221e+02 8.35752308e-01 4.63066040e+02
    4.37506958e+02 6.22162938e-01 4.58606903e+02 4.53857147e+02
    5.47502041e-01 4.61579651e+02 4.66491364e+02 6.62483692e-01
    4.63066040e+02 4.79868774e+02 8.00250888e-01 4.80902618e+02
    4.32304626e+02 6.14618540e-01 4.91307281e+02 4.47911621e+02
    5.77708781e-01 4.98739166e+02 4.60545837e+02 5.77589333e-01
    4.96509613e+02 4.76152832e+02 5.90213656e-01 4.94280029e+02
    4.24129517e+02 6.84171259e-01 5.04684692e+02 4.28588684e+02
    7.76158452e-01 5.11373413e+02 4.32304626e+02 8.37254107e-01
    5.16575745e+02 4.38250153e+02 7.71987855e-01</data></hand_left_0>
</opencv_storage>
