<?xml version="1.0"?>
<opencv_storage>
<hand_left_0 type_id="opencv-nd-matrix">
  <sizes>
    1 21 3</sizes>
  <dt>f</dt>
  <data>
    4.58134308e+02 4.05853210e+02 4.89884138e-01 4.45310699e+02
    4.18676788e+02 6.24830127e-01 4.34624390e+02 4.36487335e+02
    4.04350191e-01 4.23938049e+02 4.45748810e+02 4.40707624e-01
    4.17526245e+02 4.50735779e+02 7.19432414e-01 4.45310699e+02
    4.32212799e+02 4.75696385e-01 4.40323761e+02 4.46461243e+02
    7.35985100e-01 4.42461029e+02 4.59284821e+02 8.21140289e-01
    4.44598297e+02 4.69971161e+02 8.43272626e-01 4.63833679e+02
    4.30787964e+02 6.35914683e-01 4.61696411e+02 4.47886078e+02
    6.06293261e-01 4.65258514e+02 4.61422089e+02 6.49590194e-01
    4.68108215e+02 4.72820831e+02 7.71631956e-01 4.80931793e+02
    4.25800995e+02 6.04806781e-01 4.92330536e+02 4.42899139e+02
    6.26249552e-01 5.00167175e+02 4.55722717e+02 5.69784164e-01
    5.05866547e+02 4.66409058e+02 5.81595778e-01 4.96605072e+02
    4.18676788e+02 7.13598967e-01 5.07291412e+02 4.24376160e+02
    7.24845290e-01 5.13703186e+02 4.30075531e+02 7.76247203e-01
    5.18690125e+02 4.36487335e+02 7.19137073e-01</data></hand_left_0>
</opencv_storage>
