<?xml version="1.0"?>
<opencv_storage>
<hand_left_0 type_id="opencv-nd-matrix">
  <sizes>
    1 21 3</sizes>
  <dt>f</dt>
  <data>
    4.57857666e+02 4.05188721e+02 5.61931968e-01 4.45485779e+02
    4.19743866e+02 6.27858937e-01 4.36752686e+02 4.37210052e+02
    5.12466848e-01 4.35297180e+02 4.51037445e+02 5.07026136e-01
    4.15647736e+02 4.47398651e+02 4.87286657e-01 4.52035614e+02
    4.35754547e+02 5.66872060e-01 4.40391479e+02 4.45943146e+02
    5.74089348e-01 4.41119232e+02 4.57587250e+02 6.15723431e-01
    4.43302521e+02 4.69231384e+02 6.98502779e-01 4.67318512e+02
    4.29204712e+02 6.22207165e-01 4.59313171e+02 4.45943146e+02
    3.98378789e-01 4.63679718e+02 4.59042786e+02 6.67174459e-01
    4.64407471e+02 4.72142426e+02 7.47460842e-01 4.81873657e+02
    4.24110413e+02 6.58177257e-01 4.92790039e+02 4.40848846e+02
    6.14316702e-01 4.98612091e+02 4.53220703e+02 5.35727322e-01
    5.02978638e+02 4.64864838e+02 6.22635722e-01 4.98612091e+02
    4.17560608e+02 7.68958449e-01 5.07345184e+02 4.23382660e+02
    6.77872598e-01 5.13895020e+02 4.28476959e+02 7.76610374e-01
    5.16806030e+02 4.34299011e+02 6.32231176e-01</data></hand_left_0>
</opencv_storage>
