<?xml version="1.0"?>
<opencv_storage>
<pose_0 type_id="opencv-nd-matrix">
  <sizes>
    1 18 3</sizes>
  <dt>f</dt>
  <data>
    4.30428833e+02 1.42833832e+02 8.67994010e-01 4.46089600e+02
    9.97310181e+01 7.86120832e-01 3.52236023e+02 1.01721581e+02
    7.44254112e-01 4.12718292e+02 2.69978302e+02 8.34362507e-01
    4.59795624e+02 4.06984528e+02 8.04844558e-01 5.40048462e+02
    1.01700401e+02 7.29981780e-01 5.10706024e+02 2.77814240e+02
    8.08209419e-01 4.91123993e+02 4.18709442e+02 5.50915122e-01
    3.79544769e+02 3.01301544e+02 4.25445020e-01 3.32575775e+02
    4.51977753e+02 5.24199069e-01 0. 0. 0. 4.77413605e+02 3.05220490e+02
    4.55322355e-01 5.08739594e+02 4.14780151e+02 1.09487310e-01 0. 0. 0.
    4.10823547e+02 1.21322418e+02 7.82616913e-01 4.48011841e+02
    1.17403419e+02 8.42333615e-01 3.79564484e+02 9.98393250e+01
    2.24640638e-01 4.85219055e+02 6.84555130e+01 6.07613564e-01</data></pose_0>
</opencv_storage>
