<?xml version="1.0"?>
<opencv_storage>
<hand_left_0 type_id="opencv-nd-matrix">
  <sizes>
    1 21 3</sizes>
  <dt>f</dt>
  <data>
    4.59148163e+02 3.97798431e+02 5.67388237e-01 4.47369293e+02
    4.09577332e+02 6.17307127e-01 4.37669037e+02 4.26899200e+02
    4.42811668e-01 4.27275909e+02 4.36599457e+02 4.32121873e-01
    4.15497009e+02 4.41449585e+02 7.50875592e-01 4.50140778e+02
    4.25513458e+02 5.24281621e-01 4.40440521e+02 4.37292328e+02
    6.77627265e-01 4.41826263e+02 4.49764069e+02 7.79617548e-01
    4.43212036e+02 4.60157196e+02 8.16771448e-01 4.65384033e+02
    4.22049072e+02 6.37560427e-01 4.59148163e+02 4.38678070e+02
    5.39333701e-01 4.63998291e+02 4.53921326e+02 6.46946311e-01
    4.63305420e+02 4.65007324e+02 7.34723508e-01 4.82705902e+02
    4.17198944e+02 6.21874154e-01 4.93099030e+02 4.35213684e+02
    5.24165690e-01 4.97949158e+02 4.46992584e+02 4.91518140e-01
    4.94484802e+02 4.60157196e+02 5.91757298e-01 4.97949158e+02
    4.09577332e+02 7.07186222e-01 5.06956543e+02 4.15120331e+02
    7.27092564e-01 5.14578186e+02 4.20663330e+02 7.47593880e-01
    5.19428284e+02 4.26206329e+02 6.89304769e-01</data></hand_left_0>
</opencv_storage>
