<?xml version="1.0"?>
<opencv_storage>
<hand_right_0 type_id="opencv-nd-matrix">
  <sizes>
    1 21 3</sizes>
  <dt>f</dt>
  <data>
    4.60410858e+02 4.00428925e+02 5.82758725e-01 4.78025085e+02
    4.06526154e+02 6.87637925e-01 4.99026672e+02 4.15333252e+02
    7.47717857e-01 5.10543671e+02 4.24140381e+02 6.57736123e-01
    5.20705750e+02 4.32947479e+02 7.91581929e-01 4.84122314e+02
    4.21430511e+02 6.35233641e-01 4.94284393e+02 4.35657379e+02
    8.08857203e-01 5.02414032e+02 4.49206787e+02 8.31305146e-01
    5.06478851e+02 4.60046295e+02 8.60163212e-01 4.70572937e+02
    4.24817841e+02 7.28552103e-01 4.77347626e+02 4.38367249e+02
    7.41628528e-01 4.86154724e+02 4.53271606e+02 7.40421474e-01
    4.93606903e+02 4.66143524e+02 9.07441318e-01 4.54991119e+02
    4.27527740e+02 6.65700197e-01 4.57700989e+02 4.39722198e+02
    7.08799839e-01 4.61765808e+02 4.55304016e+02 8.09005141e-01
    4.65830627e+02 4.68853424e+02 7.55826712e-01 4.39409302e+02
    4.27527740e+02 6.53541446e-01 4.39409302e+02 4.43109558e+02
    8.10914457e-01 4.40086761e+02 4.53949066e+02 7.54609585e-01
    4.43474121e+02 4.64788605e+02 7.88263440e-01</data></hand_right_0>
</opencv_storage>
