<?xml version="1.0"?>
<opencv_storage>
<hand_left_0 type_id="opencv-nd-matrix">
  <sizes>
    1 21 3</sizes>
  <dt>f</dt>
  <data>
    4.58250397e+02 3.99697052e+02 5.46598077e-01 4.45679138e+02
    4.12268311e+02 6.56004190e-01 4.35203094e+02 4.29029999e+02
    5.69362581e-01 4.28917450e+02 4.39506042e+02 4.10303354e-01
    4.12854187e+02 4.40204437e+02 7.79066861e-01 4.50567963e+02
    4.29728394e+02 5.47270834e-01 4.39393524e+02 4.39506042e+02
    4.77238238e-01 4.39393524e+02 4.51378906e+02 6.74530506e-01
    4.40790314e+02 4.63251740e+02 7.58421242e-01 4.65932831e+02
    4.26236359e+02 6.60625219e-01 4.72916870e+02 4.42998047e+02
    3.92235070e-01 4.61742432e+02 4.56267731e+02 4.68676597e-01
    4.62440826e+02 4.69537384e+02 6.67638898e-01 4.80599304e+02
    4.22045959e+02 6.42518282e-01 4.89678558e+02 4.39506042e+02
    7.51597226e-01 4.95964172e+02 4.53474091e+02 7.10412741e-01
    4.98757782e+02 4.65346954e+02 5.70051372e-01 4.96662567e+02
    4.16458740e+02 7.85022318e-01 5.07837036e+02 4.28331573e+02
    6.65563941e-01 5.12027466e+02 4.33220398e+02 6.85134649e-01
    5.10630646e+02 4.39506042e+02 5.27273774e-01</data></hand_left_0>
</opencv_storage>
