<?xml version="1.0"?>
<opencv_storage>
<hand_right_0 type_id="opencv-nd-matrix">
  <sizes>
    1 21 3</sizes>
  <dt>f</dt>
  <data>
    4.60740204e+02 4.05351410e+02 5.85492253e-01 4.77468597e+02
    4.12321594e+02 7.16039300e-01 4.97682098e+02 4.19291748e+02
    6.70311034e-01 5.08137360e+02 4.29049988e+02 7.55059361e-01
    5.17895569e+02 4.38111206e+02 7.67355144e-01 4.85135803e+02
    4.28352966e+02 6.08948588e-01 4.94197021e+02 4.41596283e+02
    7.39747286e-01 5.02561218e+02 4.56930664e+02 8.18838835e-01
    5.05349304e+02 4.67385925e+02 8.63183618e-01 4.71195465e+02
    4.30444031e+02 7.39408493e-01 4.78165619e+02 4.45778412e+02
    7.12821841e-01 4.86529846e+02 4.59718750e+02 6.86349452e-01
    4.94197021e+02 4.73659088e+02 8.57723713e-01 4.55164063e+02
    4.34626129e+02 6.66479111e-01 4.58649139e+02 4.45778412e+02
    6.54807985e-01 4.61437225e+02 4.61112762e+02 8.00733209e-01
    4.65619324e+02 4.73659088e+02 7.68501341e-01 4.41223724e+02
    4.35323151e+02 6.47769511e-01 4.38435669e+02 4.47172424e+02
    8.50250125e-01 4.39829681e+02 4.57627686e+02 7.32151449e-01
    4.44011780e+02 4.68779968e+02 7.83344984e-01</data></hand_right_0>
</opencv_storage>
