<?xml version="1.0"?>
<opencv_storage>
<hand_left_0 type_id="opencv-nd-matrix">
  <sizes>
    1 21 3</sizes>
  <dt>f</dt>
  <data>
    4.60343048e+02 3.93261841e+02 5.31397045e-01 4.49232574e+02
    4.06986542e+02 6.25551701e-01 4.39429230e+02 4.23325470e+02
    5.30172110e-01 4.27665222e+02 4.35089478e+02 7.90882945e-01
    4.14594086e+02 4.44239288e+02 8.61908793e-01 4.53807465e+02
    4.23979004e+02 5.82822680e-01 4.43350555e+02 4.34435913e+02
    6.09437943e-01 4.42697021e+02 4.48814178e+02 8.03750098e-01
    4.44004120e+02 4.60578186e+02 7.51618207e-01 4.69492828e+02
    4.21364777e+02 7.05809891e-01 4.63610840e+02 4.38357269e+02
    4.20889318e-01 4.63610840e+02 4.51428406e+02 6.65358365e-01
    4.59689484e+02 4.67113770e+02 7.10503101e-01 4.85831757e+02
    4.18097015e+02 7.43340254e-01 4.94328003e+02 4.35089478e+02
    6.50951862e-01 5.00863556e+02 4.48814178e+02 5.75563848e-01
    5.06092010e+02 4.60578186e+02 7.15584099e-01 5.00863556e+02
    4.12214996e+02 7.82043576e-01 5.08052704e+02 4.23325470e+02
    6.77838683e-01 5.14588257e+02 4.28553925e+02 7.25153089e-01
    5.18509583e+02 4.33128815e+02 6.16268337e-01</data></hand_left_0>
</opencv_storage>
