<?xml version="1.0"?>
<opencv_storage>
<hand_left_0 type_id="opencv-nd-matrix">
  <sizes>
    1 21 3</sizes>
  <dt>f</dt>
  <data>
    4.59872772e+02 4.01619629e+02 5.56525052e-01 4.47734802e+02
    4.15106232e+02 6.53703213e-01 4.38968536e+02 4.31964478e+02
    5.36696315e-01 4.36945526e+02 4.46799744e+02 6.56078815e-01
    4.18738617e+02 4.43428101e+02 5.11498988e-01 4.55152435e+02
    4.31290161e+02 6.55133009e-01 4.57175446e+02 4.48148407e+02
    6.40267253e-01 4.61895752e+02 4.59612030e+02 5.41327834e-01
    4.59872772e+02 4.70401306e+02 4.25203443e-01 4.69987701e+02
    4.25221191e+02 7.20506430e-01 4.79428345e+02 4.44776764e+02
    7.39423215e-01 4.82799988e+02 4.57589050e+02 5.16001880e-01
    4.73359375e+02 4.67029663e+02 4.70897108e-01 4.84822968e+02
    4.21849548e+02 7.12714374e-01 4.94263611e+02 4.38707794e+02
    6.60289228e-01 5.00332581e+02 4.50171417e+02 7.35977292e-01
    5.05052887e+02 4.60960693e+02 7.55974352e-01 4.97635254e+02
    4.15106232e+02 7.51191497e-01 5.07075867e+02 4.21175201e+02
    8.04251611e-01 5.13144836e+02 4.27244171e+02 8.35976005e-01
    5.17190796e+02 4.33313141e+02 7.71943152e-01</data></hand_left_0>
</opencv_storage>
