<?xml version="1.0"?>
<opencv_storage>
<pose_0 type_id="opencv-nd-matrix">
  <sizes>
    1 18 3</sizes>
  <dt>f</dt>
  <data>
    4.14859161e+02 4.30326843e+01 8.74583840e-01 4.44059265e+02
    8.40590973e+01 7.92406201e-01 3.50275116e+02 8.60296021e+01
    7.73004651e-01 4.06949219e+02 2.48458206e+02 7.71298170e-01
    4.59756195e+02 3.81538849e+02 8.52200389e-01 5.36051514e+02
    8.41728973e+01 6.96827233e-01 5.08760315e+02 2.58199341e+02
    8.88076186e-01 4.91153412e+02 3.97148590e+02 5.91372907e-01
    3.73704163e+02 2.91512970e+02 4.40542161e-01 3.34492981e+02
    4.30463409e+02 5.58981955e-01 3.03241394e+02 4.79386597e+02
    1.49312124e-01 4.75459961e+02 2.95436768e+02 4.53277498e-01
    5.16514893e+02 3.93246429e+02 9.26645845e-02 0. 0. 0. 3.95195648e+02
    2.14417553e+01 8.42733681e-01 4.42207916e+02 1.95741920e+01
    8.78505230e-01 3.65829834e+02 4.83758020e+00 5.74483275e-01
    4.83280365e+02 3.88627934e+00 9.15550470e-01</data></pose_0>
</opencv_storage>
