<?xml version="1.0"?>
<opencv_storage>
<pose_0 type_id="opencv-nd-matrix">
  <sizes>
    1 18 3</sizes>
  <dt>f</dt>
  <data>
    4.59840668e+02 1.15511223e+02 7.35965729e-01 4.65638977e+02
    6.85216599e+01 8.05333376e-01 3.67774536e+02 6.64984207e+01
    6.73361778e-01 4.16705383e+02 2.58253510e+02 7.21689999e-01
    4.59811188e+02 3.83565521e+02 8.54743123e-01 5.69293884e+02
    8.40572815e+01 6.66593909e-01 5.24426819e+02 2.68021759e+02
    7.77390122e-01 4.93112732e+02 3.97206390e+02 5.45733571e-01
    3.81503448e+02 2.91542267e+02 4.03444558e-01 3.22855316e+02
    4.40204010e+02 2.85764337e-01 2.83687439e+02 4.83286743e+02
    7.77672678e-02 4.91047302e+02 3.05212952e+02 4.07304138e-01
    5.22408508e+02 3.95225739e+02 6.68169558e-02 0. 0. 0. 4.49995300e+02
    9.78459549e+01 5.71736693e-01 4.77441925e+02 1.01669357e+02
    6.10939205e-01 3.99224762e+02 4.84207678e+00 2.99508125e-01
    5.22426453e+02 5.67036362e+01 1.18611649e-01</data></pose_0>
</opencv_storage>
