<?xml version="1.0"?>
<opencv_storage>
<hand_left_0 type_id="opencv-nd-matrix">
  <sizes>
    1 21 3</sizes>
  <dt>f</dt>
  <data>
    4.60364471e+02 3.95890930e+02 5.33525348e-01 4.48596283e+02
    4.08312897e+02 6.18380189e-01 4.38789490e+02 4.25965179e+02
    5.52126765e-01 4.27021301e+02 4.36425812e+02 7.53996313e-01
    4.14599304e+02 4.44925049e+02 8.06086004e-01 4.53826599e+02
    4.25965179e+02 5.82777679e-01 4.43365997e+02 4.35772003e+02
    5.69678068e-01 4.42712189e+02 4.48847778e+02 8.07767689e-01
    4.43365997e+02 4.59962158e+02 7.37541378e-01 4.69517517e+02
    4.22696259e+02 7.50538707e-01 4.64941010e+02 4.41656097e+02
    3.45605552e-01 4.64287201e+02 4.53424286e+02 7.18907893e-01
    4.59056915e+02 4.68461426e+02 7.09493220e-01 4.85862213e+02
    4.18773529e+02 7.29784727e-01 4.95015259e+02 4.37733368e+02
    6.53158188e-01 5.00899353e+02 4.50809143e+02 5.53761840e-01
    5.06129669e+02 4.61923523e+02 6.57247603e-01 5.00245575e+02
    4.12235626e+02 7.89345443e-01 5.08091003e+02 4.24003815e+02
    7.03280389e-01 5.13975098e+02 4.29234131e+02 7.12279558e-01
    5.17897827e+02 4.33810638e+02 6.05266809e-01</data></hand_left_0>
</opencv_storage>
