<?xml version="1.0"?>
<opencv_storage>
<hand_left_0 type_id="opencv-nd-matrix">
  <sizes>
    1 21 3</sizes>
  <dt>f</dt>
  <data>
    4.59689514e+02 3.97144623e+02 4.92630720e-01 4.46683380e+02
    4.08705627e+02 6.09940231e-01 4.37290070e+02 4.25324585e+02
    5.60128331e-01 4.27896729e+02 4.33272797e+02 5.08304000e-01
    4.16335724e+02 4.39053314e+02 7.79709756e-01 4.48851074e+02
    4.26769714e+02 5.19593894e-01 4.39457733e+02 4.41943542e+02
    7.11335421e-01 4.40180298e+02 4.54227142e+02 7.45823383e-01
    4.43793121e+02 4.65065582e+02 8.27862859e-01 4.63302338e+02
    4.23879456e+02 6.43783987e-01 4.59689514e+02 4.42666107e+02
    5.51159322e-01 4.62579773e+02 4.56394806e+02 6.13102019e-01
    4.62579773e+02 4.68678406e+02 7.85974085e-01 4.79921295e+02
    4.19544098e+02 6.34898603e-01 4.90759735e+02 4.36885620e+02
    6.34486914e-01 4.95817688e+02 4.50614319e+02 5.39841175e-01
    4.86424377e+02 4.65788147e+02 5.81787825e-01 4.97262817e+02
    4.13041016e+02 7.37355232e-01 5.08101257e+02 4.19544098e+02
    7.92444408e-01 5.14604309e+02 4.25324585e+02 8.49966645e-01
    5.19662292e+02 4.33272797e+02 7.22365439e-01</data></hand_left_0>
</opencv_storage>
