<?xml version="1.0"?>
<opencv_storage>
<hand_right_0 type_id="opencv-nd-matrix">
  <sizes>
    1 21 3</sizes>
  <dt>f</dt>
  <data>
    4.63773590e+02 4.33767700e+02 5.90850711e-01 4.81919708e+02
    4.40206635e+02 5.86257875e-01 5.02992645e+02 4.47230957e+02
    7.30621696e-01 5.15285156e+02 4.60108826e+02 7.90182352e-01
    5.26406982e+02 4.66547791e+02 8.70455801e-01 4.95382965e+02
    4.51328461e+02 5.78430533e-01 5.04748718e+02 4.65962433e+02
    6.83444798e-01 5.12358398e+02 4.80011047e+02 8.25750053e-01
    5.17041260e+02 4.89376770e+02 8.60096395e-01 4.80163635e+02
    4.53669891e+02 7.37154543e-01 4.91285461e+02 4.68889221e+02
    5.28807163e-01 4.99480469e+02 4.81181763e+02 6.36531830e-01
    5.05334076e+02 4.90547485e+02 6.74322367e-01 4.66115021e+02
    4.56596680e+02 7.30226159e-01 4.73724701e+02 4.71816010e+02
    4.10810739e-01 4.76066132e+02 4.80011047e+02 5.19587159e-01
    4.92456177e+02 4.94644989e+02 4.78471488e-01 4.52651794e+02
    4.61279541e+02 6.65537179e-01 4.56749298e+02 4.75913513e+02
    6.80736005e-01 4.58505371e+02 4.84693909e+02 6.54556036e-01
    4.60846802e+02 4.92888916e+02 6.35969818e-01</data></hand_right_0>
</opencv_storage>
