<?xml version="1.0"?>
<opencv_storage>
<hand_left_0 type_id="opencv-nd-matrix">
  <sizes>
    1 21 3</sizes>
  <dt>f</dt>
  <data>
    4.57211639e+02 4.02580536e+02 5.05812585e-01 4.45404388e+02
    4.15125732e+02 6.20382667e-01 4.36548920e+02 4.33574585e+02
    5.11470556e-01 4.33597107e+02 4.46857788e+02 3.78588319e-01
    4.17362122e+02 4.46119812e+02 5.34147263e-01 4.48356201e+02
    4.29884827e+02 4.83694434e-01 4.40976654e+02 4.43167999e+02
    6.01450920e-01 4.41714600e+02 4.55713226e+02 7.03479052e-01
    4.43190521e+02 4.66782532e+02 8.00555289e-01 4.64591187e+02
    4.27670959e+02 6.94361150e-01 4.59425507e+02 4.44643921e+02
    4.99471575e-01 4.63853241e+02 4.57927094e+02 7.01642334e-01
    4.60163452e+02 4.71210266e+02 7.02515244e-01 4.82302094e+02
    4.22505280e+02 6.71847820e-01 4.91157532e+02 4.38740265e+02
    5.89152277e-01 4.98537079e+02 4.50547546e+02 5.34286559e-01
    4.95585266e+02 4.64568665e+02 5.78423023e-01 4.95585266e+02
    4.14387787e+02 6.94008410e-01 5.05178680e+02 4.18815521e+02
    7.14619875e-01 5.11820251e+02 4.23243225e+02 8.21870804e-01
    5.16985962e+02 4.28408905e+02 7.04329789e-01</data></hand_left_0>
</opencv_storage>
