<?xml version="1.0"?>
<opencv_storage>
<hand_right_0 type_id="opencv-nd-matrix">
  <sizes>
    1 21 3</sizes>
  <dt>f</dt>
  <data>
    4.56643280e+02 3.84847626e+02 5.69102883e-01 4.73689697e+02
    3.89109222e+02 7.21085370e-01 4.93577209e+02 3.94081085e+02
    6.58523381e-01 5.05651764e+02 4.03314575e+02 8.19384694e-01
    5.17726318e+02 4.11127533e+02 8.80663812e-01 4.82923187e+02
    4.05445374e+02 7.38944173e-01 4.94287476e+02 4.18940491e+02
    7.38448918e-01 5.01390137e+02 4.32435577e+02 8.53523433e-01
    5.06362030e+02 4.41669067e+02 8.97052407e-01 4.68007568e+02
    4.10417267e+02 7.59805501e-01 4.77241028e+02 4.22491821e+02
    7.16416001e-01 4.87184784e+02 4.35986908e+02 6.85333133e-01
    4.95708008e+02 4.48771729e+02 8.75449002e-01 4.53802185e+02
    4.14678864e+02 6.88973308e-01 4.55933014e+02 4.26043152e+02
    6.75738573e-01 4.60904877e+02 4.40248505e+02 8.30702186e-01
    4.65166473e+02 4.51612793e+02 6.51529074e-01 4.38886566e+02
    4.16809662e+02 7.30733454e-01 4.38176300e+02 4.28884216e+02
    8.40376973e-01 4.38886566e+02 4.38827972e+02 7.60527790e-01
    4.43148163e+02 4.49481995e+02 6.74019694e-01</data></hand_right_0>
</opencv_storage>
