<?xml version="1.0"?>
<opencv_storage>
<pose_0 type_id="opencv-nd-matrix">
  <sizes>
    1 18 3</sizes>
  <dt>f</dt>
  <data>
    4.91053772e+02 1.15498589e+02 7.83256888e-01 4.67591522e+02
    7.04209824e+01 7.66895235e-01 3.67850586e+02 6.84626846e+01
    6.59706235e-01 4.14852173e+02 2.58310028e+02 7.71528780e-01
    4.59761597e+02 3.87369385e+02 8.54105353e-01 5.71333191e+02
    8.41399307e+01 6.68684244e-01 5.26319397e+02 2.72029236e+02
    7.99907804e-01 4.93089172e+02 3.99161316e+02 5.58749735e-01
    3.83435547e+02 2.93491394e+02 3.96848589e-01 3.26727173e+02
    4.30461700e+02 4.18786377e-01 0. 0. 0. 4.91113617e+02 3.07153137e+02
    4.18113798e-01 5.22376465e+02 3.95219330e+02 7.12205544e-02 0. 0. 0.
    4.79356354e+02 9.77258301e+01 6.61012113e-01 5.08666229e+02
    9.97327499e+01 6.07638240e-01 4.28428162e+02 3.71283760e+01
    3.94842863e-01 5.38162415e+02 5.28213921e+01 6.33687004e-02</data></pose_0>
</opencv_storage>
