<?xml version="1.0"?>
<opencv_storage>
<hand_left_0 type_id="opencv-nd-matrix">
  <sizes>
    1 21 3</sizes>
  <dt>f</dt>
  <data>
    4.60858887e+02 3.99232849e+02 5.57006776e-01 4.48712219e+02
    4.12729126e+02 6.42362356e-01 4.39264832e+02 4.29599487e+02
    5.69126666e-01 4.26443359e+02 4.40396515e+02 8.19815278e-01
    4.14971497e+02 4.48494293e+02 8.54969144e-01 4.52761108e+02
    4.29599487e+02 5.02553940e-01 4.42638885e+02 4.38372070e+02
    5.72017312e-01 4.41964081e+02 4.51868347e+02 8.59914184e-01
    4.42638885e+02 4.64015015e+02 7.46772945e-01 4.69631470e+02
    4.26225403e+02 6.99778557e-01 4.64232941e+02 4.45795013e+02
    4.49993908e-01 4.63558136e+02 4.57266876e+02 6.82148218e-01
    4.58834442e+02 4.72787598e+02 7.64086723e-01 4.85826996e+02
    4.23526154e+02 7.11389303e-01 4.94599579e+02 4.41071320e+02
    7.17867851e-01 5.00672913e+02 4.54567596e+02 5.33213317e-01
    4.85826996e+02 4.68063904e+02 6.39880300e-01 5.00672913e+02
    4.16778015e+02 7.46774971e-01 5.08770691e+02 4.29599487e+02
    7.11413920e-01 5.14169189e+02 4.34997986e+02 6.99364185e-01
    5.18218079e+02 4.39046875e+02 5.41250169e-01</data></hand_left_0>
</opencv_storage>
