<?xml version="1.0"?>
<opencv_storage>
<hand_left_0 type_id="opencv-nd-matrix">
  <sizes>
    2 21 3</sizes>
  <dt>f</dt>
  <data>
    4.60599609e+02 4.08068817e+02 5.03241360e-01 4.48183899e+02
    4.20484528e+02 6.31930053e-01 4.38527222e+02 4.39108093e+02
    5.02098978e-01 4.29560333e+02 4.47385254e+02 4.48007524e-01
    4.15075317e+02 4.48764771e+02 8.39377403e-01 4.53701996e+02
    4.36349060e+02 5.38737655e-01 4.41286285e+02 4.47385254e+02
    5.21548808e-01 4.41976044e+02 4.59111206e+02 6.84396863e-01
    4.44045319e+02 4.70147369e+02 7.72611797e-01 4.68186981e+02
    4.31520721e+02 6.56412065e-01 4.77843658e+02 4.48075012e+02
    4.09371555e-01 4.64738159e+02 4.61180481e+02 4.90524620e-01
    4.65427948e+02 4.74285950e+02 6.85165048e-01 4.82671967e+02
    4.26692383e+02 6.72260165e-01 4.93708160e+02 4.43246674e+02
    6.40925050e-01 5.01985291e+02 4.55662384e+02 6.12823784e-01
    5.06813629e+02 4.67388336e+02 6.84979618e-01 4.97846741e+02
    4.19794769e+02 7.19229758e-01 5.07503387e+02 4.24623108e+02
    7.57469237e-01 5.14401001e+02 4.30830963e+02 8.23790312e-01
    5.19919128e+02 4.37728577e+02 7.86645234e-01 0. 0. 0. 0. 0. 0. 0. 0.
    0. 0. 0. 0. 0. 0. 0. 0. 0. 0. 0. 0. 0. 0. 0. 0. 0. 0. 0. 0. 0. 0. 0.
    0. 0. 0. 0. 0. 0. 0. 0. 0. 0. 0. 0. 0. 0. 0. 0. 0. 0. 0. 0. 0. 0. 0.
    0. 0. 0. 0. 0. 0. 0. 0. 0.</data></hand_left_0>
</opencv_storage>
