<?xml version="1.0"?>
<opencv_storage>
<hand_left_0 type_id="opencv-nd-matrix">
  <sizes>
    1 21 3</sizes>
  <dt>f</dt>
  <data>
    4.55793060e+02 4.14934967e+02 5.51255107e-01 4.44098297e+02
    4.28822540e+02 6.17617846e-01 4.34596283e+02 4.47095612e+02
    4.73190963e-01 4.28017975e+02 4.55135773e+02 4.72443819e-01
    4.14130402e+02 4.55866699e+02 7.27078378e-01 4.49214752e+02
    4.42710083e+02 5.46180487e-01 4.38250885e+02 4.54404877e+02
    6.54579639e-01 4.38981812e+02 4.66830566e+02 6.93502843e-01
    4.44098297e+02 4.78525360e+02 8.17946255e-01 4.66026001e+02
    4.39055450e+02 6.16600573e-01 4.57254913e+02 4.54404877e+02
    4.52298462e-01 4.62371399e+02 4.67561493e+02 6.13290727e-01
    4.63102295e+02 4.79987183e+02 7.77567267e-01 4.80644470e+02
    4.32477142e+02 6.06367290e-01 4.90877411e+02 4.49288391e+02
    6.02930307e-01 4.96724792e+02 4.60983185e+02 5.68743825e-01
    5.03303131e+02 4.73408875e+02 6.01735711e-01 4.95262970e+02
    4.24436981e+02 6.48009896e-01 5.04034058e+02 4.28822540e+02
    8.32820892e-01 5.10612366e+02 4.33208069e+02 8.09362829e-01
    5.15728821e+02 4.41248230e+02 7.60050416e-01</data></hand_left_0>
</opencv_storage>
