<?xml version="1.0"?>
<opencv_storage>
<pose_0 type_id="opencv-nd-matrix">
  <sizes>
    1 18 3</sizes>
  <dt>f</dt>
  <data>
    4.46036682e+02 1.72151779e+02 7.33285129e-01 4.63689575e+02
    1.05658485e+02 8.06963146e-01 3.67817871e+02 1.01707664e+02
    7.26131439e-01 4.12914581e+02 2.93481537e+02 7.58138418e-01
    4.59766937e+02 4.14789734e+02 8.59470785e-01 5.71314270e+02
    1.15353394e+02 6.54334128e-01 5.34157104e+02 3.03292480e+02
    7.98026979e-01 4.96951111e+02 4.22601135e+02 6.06805682e-01
    3.75671997e+02 2.95434296e+02 4.19582576e-01 3.20948792e+02
    4.32405823e+02 4.70786214e-01 2.87563263e+02 4.79325409e+02
    1.24329887e-01 4.87183990e+02 3.05248474e+02 4.48381841e-01
    5.41975830e+02 4.51957611e+02 1.41811103e-01 0. 0. 0. 4.32358185e+02
    1.48713058e+02 7.06503987e-01 4.61819244e+02 1.58464554e+02
    6.43034279e-01 4.04982117e+02 1.01747749e+02 1.94771126e-01
    5.08643585e+02 9.00158157e+01 3.29622328e-01</data></pose_0>
</opencv_storage>
