<?xml version="1.0"?>
<opencv_storage>
<pose_0 type_id="opencv-nd-matrix">
  <sizes>
    1 18 3</sizes>
  <dt>f</dt>
  <data>
    3.95167328e+02 1.64353378e+02 8.89928222e-01 4.34342468e+02
    1.33097900e+02 6.23856246e-01 3.48259216e+02 1.36972931e+02
    7.29378283e-01 4.10874146e+02 2.89586700e+02 8.25814605e-01
    4.59777283e+02 4.26471039e+02 8.03984880e-01 5.30214050e+02
    1.36941605e+02 6.45893157e-01 5.08786591e+02 3.03260284e+02
    8.67145658e-01 4.91153625e+02 4.44161377e+02 6.06464803e-01
    3.73677795e+02 3.24794708e+02 4.28910971e-01 3.24788116e+02
    4.77421692e+02 5.73903799e-01 0. 0. 0. 4.73457855e+02 3.34566040e+02
    4.64645177e-01 5.08693878e+02 4.36309631e+02 8.74111652e-02 0. 0. 0.
    3.73677460e+02 1.46757034e+02 8.31565201e-01 4.10900360e+02
    1.42801559e+02 7.74441957e-01 0. 0. 0. 4.59696564e+02 9.00328293e+01
    8.89267564e-01</data></pose_0>
</opencv_storage>
