<?xml version="1.0"?>
<opencv_storage>
<hand_right_0 type_id="opencv-nd-matrix">
  <sizes>
    1 21 3</sizes>
  <dt>f</dt>
  <data>
    4.56523621e+02 3.94601929e+02 5.53587675e-01 4.73717377e+02
    3.98728424e+02 6.60513043e-01 4.92974396e+02 4.03542664e+02
    6.25157237e-01 5.05353912e+02 4.11795685e+02 8.74988019e-01
    5.17045654e+02 4.20736450e+02 8.68517637e-01 4.83345886e+02
    4.13858948e+02 7.17034757e-01 4.95037659e+02 4.28301697e+02
    8.00223231e-01 5.01915161e+02 4.41368958e+02 8.07120621e-01
    5.06729431e+02 4.51685242e+02 9.06105101e-01 4.68215393e+02
    4.18673187e+02 7.31724799e-01 4.78531647e+02 4.33115967e+02
    6.96087837e-01 4.88160156e+02 4.45495483e+02 6.90280676e-01
    4.95725403e+02 4.58562744e+02 8.93404603e-01 4.54460358e+02
    4.22799713e+02 7.00712085e-01 4.57211365e+02 4.37242462e+02
    6.49594247e-01 4.62025635e+02 4.50997467e+02 7.73640096e-01
    4.66839874e+02 4.62001495e+02 7.16252089e-01 4.40017609e+02
    4.24862946e+02 6.91593647e-01 4.39329834e+02 4.38617981e+02
    8.08821440e-01 4.40017609e+02 4.49621979e+02 7.84007668e-01
    4.43456360e+02 4.59938232e+02 7.61554122e-01</data></hand_right_0>
</opencv_storage>
