<?xml version="1.0"?>
<opencv_storage>
<hand_right_0 type_id="opencv-nd-matrix">
  <sizes>
    1 21 3</sizes>
  <dt>f</dt>
  <data>
    4.58364929e+02 3.84179596e+02 6.57508016e-01 4.75221008e+02
    3.89798279e+02 7.19651282e-01 4.93325714e+02 3.95416992e+02
    7.11883366e-01 5.03938812e+02 4.04781464e+02 8.19654882e-01
    5.16424805e+02 4.13521667e+02 8.30063045e-01 4.83961212e+02
    4.02908569e+02 6.24007761e-01 4.93950012e+02 4.18516083e+02
    7.73950815e-01 5.01441620e+02 4.32874969e+02 7.62104392e-01
    5.03938812e+02 4.43488068e+02 8.45177233e-01 4.69602325e+02
    4.06654388e+02 7.28384078e-01 4.79591125e+02 4.22886169e+02
    6.25440001e-01 4.87707001e+02 4.35996460e+02 5.91288447e-01
    4.92701416e+02 4.47858154e+02 6.51964486e-01 4.55867737e+02
    4.09775879e+02 6.34079814e-01 4.58989227e+02 4.22886169e+02
    6.10669374e-01 4.64607910e+02 4.36620758e+02 6.13165617e-01
    4.63983612e+02 4.49106750e+02 5.70829511e-01 4.43381714e+02
    4.13521667e+02 7.31420159e-01 4.40884521e+02 4.23510468e+02
    6.44251764e-01 4.40260223e+02 4.31002075e+02 6.49078250e-01
    4.40884521e+02 4.39742279e+02 6.99855626e-01</data></hand_right_0>
</opencv_storage>
