<?xml version="1.0"?>
<opencv_storage>
<hand_right_0 type_id="opencv-nd-matrix">
  <sizes>
    1 21 3</sizes>
  <dt>f</dt>
  <data>
    4.57513977e+02 4.11220154e+02 5.94192922e-01 4.75688904e+02
    4.19550323e+02 7.15804636e-01 4.95378387e+02 4.28637787e+02
    6.71853662e-01 5.04465851e+02 4.38482544e+02 6.97907686e-01
    5.10524139e+02 4.49084564e+02 7.64857471e-01 4.80989929e+02
    4.34696106e+02 6.31969750e-01 4.87805511e+02 4.50599152e+02
    7.72677898e-01 4.95378387e+02 4.66502197e+02 8.32364082e-01
    4.99164825e+02 4.78618805e+02 8.72533500e-01 4.65086853e+02
    4.36210663e+02 7.04379201e-01 4.71902466e+02 4.49841858e+02
    6.57058239e-01 4.80232635e+02 4.68016785e+02 8.06882739e-01
    4.87048218e+02 4.80890686e+02 7.92500198e-01 4.51455688e+02
    4.39239838e+02 6.66355789e-01 4.55242126e+02 4.52113739e+02
    7.26633191e-01 4.58271271e+02 4.68016785e+02 8.48120153e-01
    4.61300415e+02 4.80133392e+02 8.37178946e-01 4.37824493e+02
    4.42268982e+02 6.87443137e-01 4.34795349e+02 4.55142883e+02
    8.08671653e-01 4.37067200e+02 4.66502197e+02 7.48774290e-01
    4.39339081e+02 4.77104248e+02 7.57607281e-01</data></hand_right_0>
</opencv_storage>
