<?xml version="1.0"?>
<opencv_storage>
<pose_0 type_id="opencv-nd-matrix">
  <sizes>
    1 18 3</sizes>
  <dt>f</dt>
  <data>
    5.04779327e+02 1.11523132e+02 8.06004643e-01 4.61688660e+02
    7.24217529e+01 7.25064695e-01 3.65837311e+02 7.23928070e+01
    6.54778004e-01 4.12777069e+02 2.58307556e+02 7.55847871e-01
    4.59663269e+02 3.89351257e+02 8.30173075e-01 5.69294189e+02
    8.40761032e+01 6.80029511e-01 5.24351990e+02 2.74004089e+02
    7.72286832e-01 4.96947632e+02 3.95152832e+02 6.23168528e-01
    3.79573975e+02 2.91546631e+02 4.19959456e-01 3.28673218e+02
    4.30408325e+02 4.35600519e-01 2.79795990e+02 4.79402832e+02
    1.24299444e-01 4.91060913e+02 3.07166595e+02 4.09148127e-01
    5.24312927e+02 3.95240387e+02 6.82293922e-02 0. 0. 0. 4.89116180e+02
    8.80678329e+01 7.32544005e-01 5.22345337e+02 8.41931763e+01
    7.16005683e-01 4.28441132e+02 3.91502609e+01 5.96016407e-01 0. 0. 0.</data></pose_0>
</opencv_storage>
