<?xml version="1.0"?>
<opencv_storage>
<hand_right_0 type_id="opencv-nd-matrix">
  <sizes>
    1 21 3</sizes>
  <dt>f</dt>
  <data>
    4.59516296e+02 3.87166992e+02 6.21467412e-01 4.76940063e+02
    3.94426880e+02 7.66482651e-01 4.96541809e+02 4.03138794e+02
    6.54050052e-01 5.07431641e+02 4.11124664e+02 7.95167446e-01
    5.20499512e+02 4.21288544e+02 8.38057637e-01 4.84199951e+02
    4.11124664e+02 6.59604728e-01 4.93637848e+02 4.27096466e+02
    7.88611650e-01 5.00171753e+02 4.40164276e+02 8.47036779e-01
    5.04527710e+02 4.51054138e+02 9.20060337e-01 4.69680176e+02
    4.15480621e+02 7.46200264e-01 4.76940063e+02 4.29274414e+02
    6.27669752e-01 4.83473969e+02 4.44520233e+02 7.64282167e-01
    4.90733887e+02 4.56862061e+02 8.45650613e-01 4.53708374e+02
    4.16932587e+02 6.95052624e-01 4.58790314e+02 4.31452393e+02
    7.09210992e-01 4.63146240e+02 4.45972198e+02 8.41915011e-01
    4.65324219e+02 4.60492004e+02 7.99976707e-01 4.39188568e+02
    4.17658569e+02 6.83007419e-01 4.40640564e+02 4.32904388e+02
    8.55046868e-01 4.42092529e+02 4.44520233e+02 8.58597398e-01
    4.46448486e+02 4.56136078e+02 8.23823094e-01</data></hand_right_0>
</opencv_storage>
