<?xml version="1.0"?>
<opencv_storage>
<hand_right_0 type_id="opencv-nd-matrix">
  <sizes>
    1 21 3</sizes>
  <dt>f</dt>
  <data>
    4.62125427e+02 3.91629211e+02 5.95794380e-01 4.79305817e+02
    3.98071869e+02 7.31298506e-01 4.97917877e+02 4.05230347e+02
    6.78890407e-01 5.10087311e+02 4.14536377e+02 8.09645116e-01
    5.23688416e+02 4.23126587e+02 8.03647399e-01 4.86464294e+02
    4.14536377e+02 6.49200320e-01 4.97202026e+02 4.29569214e+02
    7.42819726e-01 5.02928833e+02 4.42454498e+02 8.76737475e-01
    5.07223907e+02 4.53192230e+02 8.35562110e-01 4.72147308e+02
    4.17399780e+02 7.29499757e-01 4.80021667e+02 4.31716766e+02
    6.29818738e-01 4.87180145e+02 4.46749573e+02 6.87041759e-01
    4.95054474e+02 4.58919006e+02 8.05427670e-01 4.56398651e+02
    4.20263184e+02 7.14351594e-01 4.59977905e+02 4.31716766e+02
    6.64995432e-01 4.62841278e+02 4.48181274e+02 8.39782059e-01
    4.67136383e+02 4.59634857e+02 7.84323812e-01 4.40649963e+02
    4.20263184e+02 6.95222557e-01 4.39934113e+02 4.36011841e+02
    8.53035986e-01 4.42081665e+02 4.46749573e+02 7.26085901e-01
    4.45660919e+02 4.56771484e+02 7.60182798e-01</data></hand_right_0>
</opencv_storage>
