<?xml version="1.0"?>
<opencv_storage>
<pose_0 type_id="opencv-nd-matrix">
  <sizes>
    1 18 3</sizes>
  <dt>f</dt>
  <data>
    5.04719086e+02 1.48728607e+02 6.95967257e-01 4.77326813e+02
    8.80880890e+01 8.60992730e-01 3.75657288e+02 8.40720901e+01
    6.52613282e-01 4.14701294e+02 2.71933472e+02 7.52928674e-01
    4.59748810e+02 4.05003967e+02 8.43802989e-01 5.73241150e+02
    9.98058395e+01 6.55042291e-01 5.28292847e+02 2.91491394e+02
    7.48753011e-01 4.93072693e+02 4.16784241e+02 5.77268422e-01
    3.79533600e+02 2.87624390e+02 4.03385788e-01 3.24760101e+02
    4.30475952e+02 4.56022769e-01 2.83698730e+02 4.81343964e+02
    9.51336697e-02 4.85234802e+02 3.05225159e+02 4.25316602e-01
    5.36080688e+02 4.36300323e+02 7.27833435e-02 0. 0. 0. 4.93041809e+02
    1.33091614e+02 7.36819506e-01 5.16515869e+02 1.33133865e+02
    4.74119186e-01 4.34347260e+02 7.04974670e+01 2.39973843e-01
    5.40031860e+02 8.41513214e+01 5.57902977e-02</data></pose_0>
</opencv_storage>
