<?xml version="1.0"?>
<opencv_storage>
<hand_left_0 type_id="opencv-nd-matrix">
  <sizes>
    1 21 3</sizes>
  <dt>f</dt>
  <data>
    4.57704437e+02 3.91958435e+02 5.84998667e-01 4.45533600e+02
    4.04845215e+02 6.48289084e-01 4.37658325e+02 4.23459473e+02
    6.32062137e-01 4.39090179e+02 4.38494049e+02 6.60783172e-01
    4.44817657e+02 4.53528625e+02 5.81294119e-01 4.52692902e+02
    4.17016083e+02 6.18531883e-01 4.56272583e+02 4.32766571e+02
    4.39941168e-01 4.44817657e+02 4.44221497e+02 4.01956022e-01
    4.46965454e+02 4.55676422e+02 5.22018850e-01 4.68443420e+02
    4.12720459e+02 6.82501078e-01 4.77750549e+02 4.27755066e+02
    4.83987451e-01 4.63431885e+02 4.44221497e+02 5.11540413e-01
    4.63431885e+02 4.55676422e+02 6.66014493e-01 4.84193939e+02
    4.06993011e+02 6.29861951e-01 4.92785126e+02 4.22027588e+02
    5.78455806e-01 4.97080719e+02 4.33482513e+02 5.33208013e-01
    5.04240051e+02 4.44937439e+02 5.54302454e-01 4.97080719e+02
    3.98401825e+02 6.93846703e-01 5.05671906e+02 4.01981476e+02
    7.82530844e-01 5.12115295e+02 4.06277069e+02 8.07253301e-01
    5.17126831e+02 4.12720459e+02 7.36624599e-01</data></hand_left_0>
</opencv_storage>
