<?xml version="1.0"?>
<opencv_storage>
<hand_right_0 type_id="opencv-nd-matrix">
  <sizes>
    1 21 3</sizes>
  <dt>f</dt>
  <data>
    4.57432587e+02 3.84498962e+02 5.93113422e-01 4.74833160e+02
    3.90067139e+02 7.34817863e-01 4.92929779e+02 3.95635345e+02
    6.49175704e-01 5.04762177e+02 4.04683624e+02 7.88455665e-01
    5.15898560e+02 4.15123993e+02 8.05276752e-01 4.82489441e+02
    4.04683624e+02 6.90129638e-01 4.92929779e+02 4.19996155e+02
    7.79618025e-01 5.01978088e+02 4.33220581e+02 8.44764709e-01
    5.07546265e+02 4.43660950e+02 9.23239946e-01 4.67872955e+02
    4.09555786e+02 7.47843146e-01 4.76225220e+02 4.24172302e+02
    6.56293809e-01 4.85969543e+02 4.38092743e+02 7.48919487e-01
    4.93625793e+02 4.49925140e+02 8.31296742e-01 4.52560425e+02
    4.14427948e+02 6.78936601e-01 4.56736572e+02 4.25564331e+02
    6.77255154e-01 4.61608734e+02 4.39484802e+02 7.82757938e-01
    4.64392822e+02 4.53405273e+02 7.56375968e-01 4.37943939e+02
    4.16516022e+02 7.20082879e-01 4.39335999e+02 4.31132507e+02
    7.66405702e-01 4.42120087e+02 4.42964905e+02 7.92242825e-01
    4.46992249e+02 4.52709229e+02 7.74699271e-01</data></hand_right_0>
</opencv_storage>
