<?xml version="1.0"?>
<opencv_storage>
<hand_left_0 type_id="opencv-nd-matrix">
  <sizes>
    1 21 3</sizes>
  <dt>f</dt>
  <data>
    4.55788208e+02 4.05202667e+02 5.26725709e-01 4.44424316e+02
    4.18697296e+02 6.26197577e-01 4.35191132e+02 4.37163666e+02
    4.59006459e-01 4.28798950e+02 4.47817322e+02 4.71303582e-01
    4.12463318e+02 4.48527557e+02 7.84933805e-01 4.47975525e+02
    4.32191956e+02 4.94168580e-01 4.38742371e+02 4.47107086e+02
    6.14683032e-01 4.39452606e+02 4.59891479e+02 7.02691853e-01
    4.43714081e+02 4.70545135e+02 7.92274117e-01 4.63600922e+02
    4.30771454e+02 6.33777857e-01 4.57208710e+02 4.47107086e+02
    5.18140435e-01 4.61470184e+02 4.60601715e+02 6.13434315e-01
    4.62890656e+02 4.72675873e+02 7.71278501e-01 4.79936523e+02
    4.25089508e+02 6.63951218e-01 4.91300446e+02 4.41425110e+02
    5.86670756e-01 4.95561890e+02 4.54209534e+02 5.31260729e-01
    4.96272156e+02 4.68414398e+02 5.85448503e-01 4.95561890e+02
    4.17276825e+02 6.41985595e-01 5.04084839e+02 4.20117798e+02
    8.29022825e-01 5.11897522e+02 4.25799744e+02 8.14777613e-01
    5.16869202e+02 4.30771454e+02 7.05361605e-01</data></hand_left_0>
</opencv_storage>
