<?xml version="1.0"?>
<opencv_storage>
<hand_left_0 type_id="opencv-nd-matrix">
  <sizes>
    1 21 3</sizes>
  <dt>f</dt>
  <data>
    4.56570465e+02 4.19954742e+02 5.61160922e-01 4.43395691e+02
    4.32397583e+02 6.52918041e-01 4.33148651e+02 4.50695862e+02
    5.31298637e-01 4.27293213e+02 4.61674835e+02 4.23424959e-01
    4.12654602e+02 4.61674835e+02 7.17247784e-01 4.46323425e+02
    4.49231995e+02 5.05748272e-01 4.36808319e+02 4.60210968e+02
    6.40958905e-01 4.37540253e+02 4.73385712e+02 8.02787483e-01
    4.41931854e+02 4.84364685e+02 8.57756376e-01 4.62425903e+02
    4.45572327e+02 6.62537515e-01 4.56570465e+02 4.61674835e+02
    4.94634300e-01 4.59498199e+02 4.74849579e+02 6.18588150e-01
    4.60962036e+02 4.86560486e+02 8.02493453e-01 4.78528412e+02
    4.43376556e+02 6.52805686e-01 4.88043518e+02 4.60942902e+02
    6.66271031e-01 4.93898956e+02 4.73385712e+02 6.31297469e-01
    4.85847717e+02 4.88024353e+02 6.07409954e-01 4.95362823e+02
    4.36789154e+02 7.27517843e-01 5.02682129e+02 4.45572327e+02
    6.35403991e-01 5.07805634e+02 4.50695862e+02 7.02499092e-01
    5.10733368e+02 4.56551300e+02 6.19926393e-01</data></hand_left_0>
</opencv_storage>
