<?xml version="1.0"?>
<opencv_storage>
<hand_left_0 type_id="opencv-nd-matrix">
  <sizes>
    1 21 3</sizes>
  <dt>f</dt>
  <data>
    4.58340515e+02 3.91114075e+02 5.27717113e-01 4.45711731e+02
    4.04444458e+02 6.11957431e-01 4.37292542e+02 4.19178040e+02
    5.61448216e-01 4.26768555e+02 4.29000427e+02 4.55369413e-01
    4.14841370e+02 4.35314819e+02 7.05294788e-01 4.47816528e+02
    4.21984436e+02 4.89182532e-01 4.39397339e+02 4.35314819e+02
    6.48540258e-01 4.40098938e+02 4.46540405e+02 7.79987574e-01
    4.43606934e+02 4.59870789e+02 8.04513037e-01 4.63953308e+02
    4.19879639e+02 6.39410973e-01 4.60445313e+02 4.38121216e+02
    5.65941095e-01 4.61146912e+02 4.51451599e+02 6.45520508e-01
    4.61848511e+02 4.64080383e+02 7.32488394e-01 4.82194885e+02
    4.16371643e+02 5.94959140e-01 4.90614075e+02 4.33210022e+02
    6.42796040e-01 4.97630066e+02 4.45137207e+02 5.62247038e-01
    5.01839661e+02 4.56362793e+02 5.56042612e-01 4.99033264e+02
    4.10057251e+02 7.49394119e-01 5.08154053e+02 4.21984436e+02
    6.72068655e-01 5.13065247e+02 4.27597229e+02 6.56190276e-01
    5.15871643e+02 4.33911621e+02 5.52901268e-01</data></hand_left_0>
</opencv_storage>
