<?xml version="1.0"?>
<opencv_storage>
<pose_0 type_id="opencv-nd-matrix">
  <sizes>
    1 18 3</sizes>
  <dt>f</dt>
  <data>
    4.97008301e+02 1.15465675e+02 7.90896356e-01 4.63724030e+02
    7.04908600e+01 7.40467608e-01 3.65902130e+02 7.04150772e+01
    6.36607707e-01 4.12755035e+02 2.58229553e+02 7.61236131e-01
    4.57851440e+02 3.87410706e+02 8.32924724e-01 5.69385437e+02
    8.41941299e+01 6.82369113e-01 5.24374390e+02 2.73927521e+02
    7.64279425e-01 4.95037323e+02 3.93280670e+02 6.03703201e-01
    3.79548492e+02 2.99347748e+02 3.95033032e-01 3.22809509e+02
    4.32377258e+02 3.72670978e-01 2.75870483e+02 4.81299957e+02
    1.13963403e-01 4.93017792e+02 3.13032166e+02 3.73139620e-01
    5.22415039e+02 3.99110107e+02 6.34178370e-02 0. 0. 0. 4.85246582e+02
    9.58327942e+01 6.66440904e-01 5.16493408e+02 9.19362488e+01
    5.74931681e-01 4.48036560e+02 5.67499504e+01 2.53470927e-01 0. 0. 0.</data></pose_0>
</opencv_storage>
