<?xml version="1.0"?>
<opencv_storage>
<hand_right_0 type_id="opencv-nd-matrix">
  <sizes>
    2 21 3</sizes>
  <dt>f</dt>
  <data>
    4.59308624e+02 4.18099396e+02 5.53311765e-01 4.76645142e+02
    4.23155884e+02 6.83751106e-01 4.95426392e+02 4.29657074e+02
    7.31504142e-01 5.06984070e+02 4.39047668e+02 8.16680670e-01
    5.18541748e+02 4.44826508e+02 7.90175021e-01 4.83868713e+02
    4.39047668e+02 6.58472776e-01 4.95426392e+02 4.54217133e+02
    7.97842085e-01 5.04816986e+02 4.67941864e+02 8.44442308e-01
    5.08428772e+02 4.77332489e+02 8.30798209e-01 4.70143951e+02
    4.41937103e+02 6.99385226e-01 4.78812225e+02 4.57106537e+02
    6.93931103e-01 4.88925171e+02 4.70108948e+02 7.37147450e-01
    4.98315796e+02 4.81666626e+02 8.79978716e-01 4.54974487e+02
    4.46271240e+02 7.09888339e-01 4.58586273e+02 4.57828918e+02
    7.05248713e-01 4.62198059e+02 4.73720703e+02 8.27638149e-01
    4.66532166e+02 4.86000732e+02 7.12327421e-01 4.39805054e+02
    4.48438293e+02 6.49618387e-01 4.38360352e+02 4.62163025e+02
    8.23535860e-01 4.41972107e+02 4.73720703e+02 7.55483210e-01
    4.44861542e+02 4.83111328e+02 7.57485509e-01 0. 0. 0. 0. 0. 0. 0. 0.
    0. 0. 0. 0. 0. 0. 0. 0. 0. 0. 0. 0. 0. 0. 0. 0. 0. 0. 0. 0. 0. 0. 0.
    0. 0. 0. 0. 0. 0. 0. 0. 0. 0. 0. 0. 0. 0. 0. 0. 0. 0. 0. 0. 0. 0. 0.
    0. 0. 0. 0. 0. 0. 0. 0. 0.</data></hand_right_0>
</opencv_storage>
