<?xml version="1.0"?>
<opencv_storage>
<pose_0 type_id="opencv-nd-matrix">
  <sizes>
    1 18 3</sizes>
  <dt>f</dt>
  <data>
    5.06766846e+02 1.25192429e+02 7.48751998e-01 4.65691467e+02
    8.02093811e+01 7.32701421e-01 3.67821045e+02 8.02121048e+01
    6.47772491e-01 4.08903198e+02 2.62200989e+02 7.34942198e-01
    4.57843994e+02 3.95225891e+02 8.68898392e-01 5.71335693e+02
    9.19316635e+01 6.38786316e-01 5.26316101e+02 2.77833496e+02
    7.26165235e-01 4.93089111e+02 3.99066498e+02 6.67634070e-01
    3.77578369e+02 3.01290680e+02 3.90712202e-01 3.22826019e+02
    4.32371765e+02 3.65097970e-01 2.97389771e+02 4.89134460e+02
    7.51286745e-02 4.91030212e+02 3.13052856e+02 3.83427441e-01
    5.51668030e+02 4.28452484e+02 9.22019482e-02 0. 0. 0. 4.93095551e+02
    1.05604599e+02 6.89285755e-01 5.22410278e+02 1.01726952e+02
    5.25637507e-01 4.36333038e+02 5.67387505e+01 3.11699301e-01 0. 0. 0.</data></pose_0>
</opencv_storage>
