<?xml version="1.0"?>
<opencv_storage>
<hand_right_0 type_id="opencv-nd-matrix">
  <sizes>
    1 21 3</sizes>
  <dt>f</dt>
  <data>
    4.58716400e+02 4.00690460e+02 5.76411903e-01 4.75881378e+02
    4.05696899e+02 6.99464798e-01 4.95192017e+02 4.12133789e+02
    6.55677915e-01 5.05204926e+02 4.17855438e+02 7.41716206e-01
    5.16648254e+02 4.24292328e+02 8.06194723e-01 4.83033478e+02
    4.20716278e+02 6.47103369e-01 4.94476807e+02 4.34305237e+02
    8.11342835e-01 5.01628876e+02 4.46463776e+02 8.69633794e-01
    5.07350525e+02 4.57907104e+02 9.46473598e-01 4.67298889e+02
    4.23577118e+02 7.35944271e-01 4.78027008e+02 4.39311676e+02
    7.17256904e-01 4.87324707e+02 4.52185425e+02 7.32959270e-01
    4.95192017e+02 4.64343964e+02 9.18763041e-01 4.53709930e+02
    4.28583557e+02 6.84397638e-01 4.57285980e+02 4.40742096e+02
    6.80102885e-01 4.61577240e+02 4.56476685e+02 8.46759140e-01
    4.66583679e+02 4.68635193e+02 8.20935488e-01 4.37975372e+02
    4.28583557e+02 6.45914555e-01 4.37975372e+02 4.44318146e+02
    8.13672304e-01 4.38690582e+02 4.54331055e+02 7.43914962e-01
    4.42981812e+02 4.64343964e+02 7.94911325e-01</data></hand_right_0>
</opencv_storage>
