<?xml version="1.0"?>
<opencv_storage>
<pose_0 type_id="opencv-nd-matrix">
  <sizes>
    1 18 3</sizes>
  <dt>f</dt>
  <data>
    4.18674164e+02 1.31071777e+02 8.88979912e-01 4.36334625e+02
    8.80668106e+01 7.81320930e-01 3.50165039e+02 9.78114700e+01
    7.54307747e-01 4.05013306e+02 2.58274811e+02 8.35204363e-01
    4.59755615e+02 3.95199036e+02 8.27825665e-01 5.36097412e+02
    8.80256424e+01 7.07794130e-01 5.08751007e+02 2.66079407e+02
    8.33080769e-01 4.93039551e+02 4.12741669e+02 5.79746008e-01
    3.77569550e+02 2.93483948e+02 4.39414591e-01 3.34508423e+02
    4.40214722e+02 5.57138979e-01 3.01275696e+02 4.91102722e+02
    7.36435205e-02 4.75427765e+02 2.97409943e+02 4.49220330e-01
    5.12625244e+02 4.06957611e+02 1.07591704e-01 0. 0. 0. 3.99089508e+02
    1.11505432e+02 7.64283538e-01 4.36314270e+02 1.03759628e+02
    7.35532880e-01 3.71690918e+02 8.60906448e+01 1.53037190e-01
    4.79340363e+02 5.48065033e+01 7.05390751e-01</data></pose_0>
</opencv_storage>
