<?xml version="1.0"?>
<opencv_storage>
<hand_right_0 type_id="opencv-nd-matrix">
  <sizes>
    1 21 3</sizes>
  <dt>f</dt>
  <data>
    4.62379822e+02 4.25652649e+02 6.71011269e-01 4.79114136e+02
    4.31850525e+02 6.97593391e-01 4.99567169e+02 4.41147369e+02
    7.70221531e-01 5.08244232e+02 4.54782745e+02 7.56518066e-01
    5.17541077e+02 4.64079590e+02 8.25829625e-01 4.87791168e+02
    4.49204651e+02 7.61934519e-01 4.95848450e+02 4.65938965e+02
    7.89291382e-01 5.00806763e+02 4.80194122e+02 8.21075022e-01
    5.03905701e+02 4.90730530e+02 9.08469796e-01 4.72916229e+02
    4.51063995e+02 7.62396634e-01 4.80353699e+02 4.69657684e+02
    6.99945748e-01 4.85312012e+02 4.83912842e+02 6.07734919e-01
    4.88410980e+02 4.93209686e+02 5.65891802e-01 4.58041290e+02
    4.54782745e+02 7.38569736e-01 4.59280853e+02 4.68418121e+02
    5.86345136e-01 4.61760040e+02 4.80813904e+02 6.11144245e-01
    4.58041290e+02 4.95688843e+02 6.34220064e-01 4.43166351e+02
    4.53543182e+02 6.78671181e-01 4.40687195e+02 4.64699371e+02
    7.64335036e-01 4.38827820e+02 4.74615997e+02 7.68781900e-01
    4.38208038e+02 4.84532623e+02 8.58921409e-01</data></hand_right_0>
</opencv_storage>
