<?xml version="1.0"?>
<opencv_storage>
<hand_left_0 type_id="opencv-nd-matrix">
  <sizes>
    1 21 3</sizes>
  <dt>f</dt>
  <data>
    4.61510895e+02 3.87829590e+02 5.90551198e-01 4.48244049e+02
    4.01096466e+02 6.39214635e-01 4.39166718e+02 4.19949371e+02
    5.68614483e-01 4.34278931e+02 4.30423218e+02 3.89119476e-01
    4.17520782e+02 4.30423218e+02 4.58487421e-01 4.52433594e+02
    4.15061584e+02 5.48164845e-01 4.41959747e+02 4.26233704e+02
    5.12425482e-01 4.41959747e+02 4.40198822e+02 6.38313711e-01
    4.44752747e+02 4.51370911e+02 7.36917913e-01 4.67795227e+02
    4.10173798e+02 6.68519258e-01 4.59416138e+02 4.27630219e+02
    3.91561478e-01 4.61510895e+02 4.42991852e+02 6.24970734e-01
    4.59416138e+02 4.54862183e+02 7.38055170e-01 4.83855103e+02
    4.05984253e+02 6.16653919e-01 4.94328949e+02 4.24138916e+02
    5.56148410e-01 4.99915009e+02 4.35311035e+02 5.79704702e-01
    5.06199310e+02 4.43690094e+02 5.87751687e-01 4.97820221e+02
    3.98303436e+02 6.80640817e-01 5.06897552e+02 4.03889496e+02
    7.87404597e-01 5.12483582e+02 4.10173798e+02 7.67465711e-01
    5.17371399e+02 4.17854614e+02 7.23129749e-01</data></hand_left_0>
</opencv_storage>
