<?xml version="1.0"?>
<opencv_storage>
<hand_right_0 type_id="opencv-nd-matrix">
  <sizes>
    1 21 3</sizes>
  <dt>f</dt>
  <data>
    4.55967529e+02 4.15365601e+02 5.35156488e-01 4.73599854e+02
    4.19597351e+02 6.75305963e-01 4.94053375e+02 4.26650299e+02
    6.58942103e-01 5.05338074e+02 4.34408539e+02 7.68758476e-01
    5.16622803e+02 4.42166748e+02 7.74972022e-01 4.82768677e+02
    4.34408539e+02 6.97300792e-01 4.94758667e+02 4.50630280e+02
    8.06917787e-01 5.01811615e+02 4.62620270e+02 8.84004653e-01
    5.07453979e+02 4.73904968e+02 9.53236878e-01 4.67957520e+02
    4.39345581e+02 7.29732215e-01 4.78536926e+02 4.52746155e+02
    7.05664873e-01 4.87705750e+02 4.67557343e+02 7.47985065e-01
    4.96169250e+02 4.79547333e+02 9.22554314e-01 4.53851624e+02
    4.42872040e+02 5.90216279e-01 4.57378113e+02 4.54862061e+02
    6.97540879e-01 4.63020447e+02 4.70378510e+02 8.07144225e-01
    4.67957520e+02 4.81663208e+02 6.29965723e-01 4.39745758e+02
    4.44987946e+02 7.08068848e-01 4.39040466e+02 4.57683228e+02
    8.14990997e-01 4.39745758e+02 4.68262634e+02 8.23329747e-01
    4.41156342e+02 4.78842041e+02 8.16524923e-01</data></hand_right_0>
</opencv_storage>
