<?xml version="1.0"?>
<opencv_storage>
<hand_left_0 type_id="opencv-nd-matrix">
  <sizes>
    1 21 3</sizes>
  <dt>f</dt>
  <data>
    4.60019775e+02 3.94892731e+02 5.18246591e-01 4.48079865e+02
    4.06832642e+02 6.25199080e-01 4.37544647e+02 4.22986633e+02
    4.64893460e-01 4.27711761e+02 4.30712463e+02 3.90734196e-01
    4.16474213e+02 4.34926544e+02 6.36160254e-01 4.50186890e+02
    4.18772552e+02 5.67023039e-01 4.41758728e+02 4.30010101e+02
    6.61961973e-01 4.43163422e+02 4.43354706e+02 7.35815823e-01
    4.44568115e+02 4.54592285e+02 7.95804143e-01 4.66340881e+02
    4.14558441e+02 6.25996530e-01 4.60019775e+02 4.31414795e+02
    5.26562452e-01 4.62829163e+02 4.46866455e+02 6.61856771e-01
    4.62829163e+02 4.58806366e+02 7.59471655e-01 4.83197235e+02
    4.11046722e+02 6.26470804e-01 4.94434784e+02 4.29307770e+02
    4.70293462e-01 4.89518372e+02 4.45461761e+02 5.09133041e-01
    4.94434784e+02 4.53889923e+02 5.80558360e-01 4.97946533e+02
    4.01916199e+02 6.45061910e-01 5.06374695e+02 4.06832642e+02
    7.83545792e-01 5.13398193e+02 4.12451416e+02 7.38141894e-01
    5.18314636e+02 4.20177246e+02 7.07165837e-01</data></hand_left_0>
</opencv_storage>
