<?xml version="1.0"?>
<opencv_storage>
<hand_left_0 type_id="opencv-nd-matrix">
  <sizes>
    1 21 3</sizes>
  <dt>f</dt>
  <data>
    4.60610413e+02 4.24844696e+02 5.92853844e-01 4.47212250e+02
    4.37537689e+02 6.39413714e-01 4.36634735e+02 4.55872040e+02
    6.57176912e-01 4.31698578e+02 4.63628876e+02 4.83169138e-01
    4.14069397e+02 4.62923706e+02 6.96502447e-01 4.54263916e+02
    4.50935852e+02 6.89570427e-01 4.57789764e+02 4.65039185e+02
    5.79590201e-01 4.61315582e+02 4.75616699e+02 6.10839665e-01
    4.63431091e+02 4.87604523e+02 4.71476853e-01 4.70482758e+02
    4.45294525e+02 7.37783015e-01 4.77534424e+02 4.60808197e+02
    8.10871363e-01 4.84586090e+02 4.74911530e+02 6.83678865e-01
    4.91637756e+02 4.86899384e+02 6.89307809e-01 4.83880920e+02
    4.41063538e+02 7.91191459e-01 4.93753265e+02 4.57282349e+02
    6.46798730e-01 5.00099762e+02 4.69270203e+02 7.47435927e-01
    5.05741089e+02 4.81258026e+02 7.63378322e-01 4.95163605e+02
    4.34011841e+02 6.97180390e-01 5.05035919e+02 4.38242859e+02
    7.84260035e-01 5.11382446e+02 4.42473846e+02 8.45372260e-01
    5.16318604e+02 4.51641022e+02 7.84296215e-01</data></hand_left_0>
</opencv_storage>
