<?xml version="1.0"?>
<opencv_storage>
<pose_0 type_id="opencv-nd-matrix">
  <sizes>
    1 18 3</sizes>
  <dt>f</dt>
  <data>
    3.93215271e+02 1.64339203e+02 8.79694700e-01 4.34336975e+02
    1.36928131e+02 6.24167323e-01 3.48269287e+02 1.40849396e+02
    7.25999773e-01 4.12746582e+02 2.89583801e+02 8.33215833e-01
    4.61662018e+02 4.26444794e+02 8.02138329e-01 5.28276550e+02
    1.38928345e+02 6.35280490e-01 5.08774658e+02 3.03258820e+02
    8.71138752e-01 4.93063110e+02 4.42163269e+02 5.88550806e-01
    3.71727539e+02 3.26755035e+02 4.28844362e-01 3.24778534e+02
    4.77426788e+02 5.79816341e-01 0. 0. 0. 4.71548309e+02 3.36495514e+02
    4.60317373e-01 5.08669312e+02 4.34344360e+02 9.23502445e-02 0. 0. 0.
    3.69838776e+02 1.46755112e+02 8.55453670e-01 4.10812836e+02
    1.42806458e+02 7.65551329e-01 0. 0. 0. 4.57845459e+02 9.00333557e+01
    8.81245911e-01</data></pose_0>
</opencv_storage>
