<?xml version="1.0"?>
<opencv_storage>
<hand_right_0 type_id="opencv-nd-matrix">
  <sizes>
    1 21 3</sizes>
  <dt>f</dt>
  <data>
    4.60980133e+02 3.82612183e+02 6.22277319e-01 4.78686676e+02
    3.87379333e+02 7.00070262e-01 4.98436279e+02 3.92827515e+02
    7.19422698e-01 5.09332611e+02 4.00318726e+02 7.98699737e-01
    5.20909973e+02 4.08490997e+02 8.16667795e-01 4.87539948e+02
    4.03042816e+02 7.04401731e-01 4.97755249e+02 4.16663239e+02
    7.83297479e-01 5.05246490e+02 4.28240601e+02 8.03247511e-01
    5.10694641e+02 4.37093872e+02 8.71244192e-01 4.72557495e+02
    4.06447937e+02 7.32809365e-01 4.82091766e+02 4.19387329e+02
    6.84668303e-01 4.91626068e+02 4.31645691e+02 7.45921791e-01
    4.99117310e+02 4.42542023e+02 9.14449334e-01 4.57575012e+02
    4.09853027e+02 6.68397844e-01 4.60299103e+02 4.21430389e+02
    6.88984692e-01 4.65066254e+02 4.36412842e+02 8.22569966e-01
    4.65747284e+02 4.48671234e+02 7.03709662e-01 4.43954590e+02
    4.11896088e+02 7.00743973e-01 4.43273590e+02 4.22792419e+02
    7.91440487e-01 4.43273590e+02 4.31645691e+02 8.25113356e-01
    4.43954590e+02 4.41861023e+02 7.66179919e-01</data></hand_right_0>
</opencv_storage>
