<?xml version="1.0"?>
<opencv_storage>
<pose_0 type_id="opencv-nd-matrix">
  <sizes>
    1 18 3</sizes>
  <dt>f</dt>
  <data>
    4.42187958e+02 1.09543671e+02 7.61336386e-01 4.63723846e+02
    7.04757233e+01 7.96088398e-01 3.69798798e+02 7.04286575e+01
    7.16827810e-01 4.14815002e+02 2.58233459e+02 7.68098116e-01
    4.59716034e+02 3.83466003e+02 8.64265859e-01 5.69391907e+02
    8.41600952e+01 6.72811091e-01 5.34095459e+02 2.71867645e+02
    7.70799518e-01 4.96954712e+02 3.93263916e+02 5.89737236e-01
    3.79579407e+02 2.91522858e+02 4.22965616e-01 3.26754425e+02
    4.30464691e+02 3.76020700e-01 0. 0. 0. 4.89088623e+02 3.05246582e+02
    4.11810189e-01 5.22416992e+02 3.87421295e+02 6.16779439e-02 0. 0. 0.
    4.26508362e+02 8.41955566e+01 7.48203993e-01 4.61767029e+02
    8.80140686e+01 6.96258247e-01 4.10758881e+02 5.48302536e+01
    9.54154879e-02 5.06751617e+02 3.52015877e+01 6.41205907e-01</data></pose_0>
</opencv_storage>
