<?xml version="1.0"?>
<opencv_storage>
<hand_left_0 type_id="opencv-nd-matrix">
  <sizes>
    1 21 3</sizes>
  <dt>f</dt>
  <data>
    4.56938721e+02 3.98751312e+02 5.48382461e-01 4.44422913e+02
    4.12003357e+02 6.12314403e-01 4.34852020e+02 4.29672729e+02
    4.50468659e-01 4.23072418e+02 4.39243652e+02 4.94550139e-01
    4.14237732e+02 4.42924774e+02 7.61054993e-01 4.45159149e+02
    4.24519165e+02 4.91238177e-01 4.40005585e+02 4.40716095e+02
    7.17576623e-01 4.41478027e+02 4.53231903e+02 8.39315474e-01
    4.44422913e+02 4.64275269e+02 8.72771502e-01 4.62828522e+02
    4.23782928e+02 6.64680064e-01 4.58411194e+02 4.40716095e+02
    6.55797958e-01 4.62828522e+02 4.55440582e+02 6.95594609e-01
    4.62828522e+02 4.67956390e+02 7.45141625e-01 4.80497894e+02
    4.17893158e+02 6.42686725e-01 4.91541260e+02 4.34826294e+02
    5.41382790e-01 4.88596375e+02 4.51023224e+02 5.18937469e-01
    4.97431061e+02 4.59857910e+02 5.60802460e-01 4.96694824e+02
    4.10530914e+02 6.97721243e-01 5.04057068e+02 4.12739563e+02
    7.68789053e-01 5.10683105e+02 4.17893158e+02 7.85095334e-01
    5.15836670e+02 4.23046722e+02 7.38374174e-01</data></hand_left_0>
</opencv_storage>
