<?xml version="1.0"?>
<opencv_storage>
<hand_right_0 type_id="opencv-nd-matrix">
  <sizes>
    1 21 3</sizes>
  <dt>f</dt>
  <data>
    4.56427277e+02 4.09255310e+02 6.11918747e-01 4.74445770e+02
    4.14106415e+02 6.67431295e-01 4.94543274e+02 4.19650574e+02
    7.23949730e-01 5.06324585e+02 4.28659790e+02 7.58866489e-01
    5.16026855e+02 4.36976013e+02 8.05059373e-01 4.84148010e+02
    4.29352814e+02 6.87065363e-01 4.95236298e+02 4.44599213e+02
    8.28891337e-01 5.03552521e+02 4.57766541e+02 8.33530307e-01
    5.09096649e+02 4.68161804e+02 8.62855196e-01 4.68901611e+02
    4.32124878e+02 7.22993612e-01 4.78603851e+02 4.47371277e+02
    6.95640266e-01 4.88306122e+02 4.61231628e+02 7.15368271e-01
    4.95929321e+02 4.73705963e+02 8.92592490e-01 4.55041260e+02
    4.36282990e+02 6.39152467e-01 4.57813324e+02 4.48064301e+02
    7.45692313e-01 4.62664459e+02 4.64003723e+02 8.03256929e-01
    4.68208588e+02 4.75785004e+02 8.05680871e-01 4.39794861e+02
    4.38362061e+02 6.83614969e-01 4.39101837e+02 4.52222412e+02
    8.08777750e-01 4.39794861e+02 4.62617676e+02 7.41214395e-01
    4.42566925e+02 4.72319916e+02 7.64124215e-01</data></hand_right_0>
</opencv_storage>
