<?xml version="1.0"?>
<opencv_storage>
<hand_left_0 type_id="opencv-nd-matrix">
  <sizes>
    1 21 3</sizes>
  <dt>f</dt>
  <data>
    4.60550934e+02 4.01051422e+02 5.82826495e-01 4.49181061e+02
    4.15765320e+02 6.51287317e-01 4.39817657e+02 4.35160950e+02
    5.48600912e-01 4.27110199e+02 4.43186737e+02 7.65377879e-01
    4.13733887e+02 4.52550140e+02 8.34944785e-01 4.54531586e+02
    4.32485687e+02 5.37557840e-01 4.43830566e+02 4.43186737e+02
    5.25043547e-01 4.43161743e+02 4.57231842e+02 7.43146122e-01
    4.45168182e+02 4.69270508e+02 7.76540637e-01 4.69245514e+02
    4.29810425e+02 6.70190215e-01 4.62557373e+02 4.47199615e+02
    4.05890644e-01 4.62557373e+02 4.59907104e+02 6.32265925e-01
    4.59882111e+02 4.74621033e+02 6.29996896e-01 4.84628235e+02
    4.26466370e+02 6.60492063e-01 4.93991638e+02 4.45193176e+02
    6.75956607e-01 5.00679810e+02 4.58569458e+02 5.99880695e-01
    5.04692688e+02 4.69270508e+02 7.30131745e-01 5.00010986e+02
    4.20447021e+02 7.78988659e-01 5.10043213e+02 4.35160950e+02
    6.74410105e-01 5.15393738e+02 4.38505035e+02 6.57984436e-01
    5.18068970e+02 4.42517914e+02 4.98628706e-01</data></hand_left_0>
</opencv_storage>
