<?xml version="1.0"?>
<opencv_storage>
<hand_left_0 type_id="opencv-nd-matrix">
  <sizes>
    1 21 3</sizes>
  <dt>f</dt>
  <data>
    4.61347504e+02 4.04264587e+02 5.51554441e-01 4.50327393e+02
    4.17229401e+02 6.41188622e-01 4.40603790e+02 4.34731873e+02
    5.61405420e-01 4.26342499e+02 4.44455505e+02 7.61967480e-01
    4.14674164e+02 4.52234375e+02 8.62213194e-01 4.54865082e+02
    4.34731873e+02 5.19379795e-01 4.43196747e+02 4.44455505e+02
    5.24850965e-01 4.42548523e+02 4.56772064e+02 7.75508523e-01
    4.45141479e+02 4.70385132e+02 7.28531897e-01 4.69126373e+02
    4.30842438e+02 6.79629028e-01 4.61995728e+02 4.47696686e+02
    4.26071793e-01 4.62643982e+02 4.61309753e+02 6.34061396e-01
    4.61995728e+02 4.74922821e+02 6.54658139e-01 4.84684174e+02
    4.26953003e+02 6.38753414e-01 4.94407776e+02 4.46400208e+02
    7.15622544e-01 5.02186676e+02 4.60661499e+02 5.89569926e-01
    5.06076111e+02 4.71681610e+02 7.27048993e-01 4.99593689e+02
    4.21118835e+02 7.46630609e-01 5.09965546e+02 4.36028381e+02
    6.77002966e-01 5.14503235e+02 4.40566040e+02 7.07749188e-01
    5.17096191e+02 4.43807251e+02 5.23826063e-01</data></hand_left_0>
</opencv_storage>
