<?xml version="1.0"?>
<opencv_storage>
<hand_left_0 type_id="opencv-nd-matrix">
  <sizes>
    1 21 3</sizes>
  <dt>f</dt>
  <data>
    4.56964630e+02 4.05838409e+02 5.30720413e-01 4.44972168e+02
    4.19947174e+02 5.99893391e-01 4.36506927e+02 4.38288544e+02
    4.43766236e-01 4.32979736e+02 4.49575562e+02 4.85115469e-01
    4.16049225e+02 4.49575562e+02 7.72594273e-01 4.50615662e+02
    4.35466797e+02 4.86052066e-01 4.39328674e+02 4.47459259e+02
    6.11214876e-01 4.40034119e+02 4.59451691e+02 6.58346415e-01
    4.44266724e+02 4.70738678e+02 7.85175085e-01 4.66840759e+02
    4.31234161e+02 6.77996695e-01 4.78127747e+02 4.45342926e+02
    4.21383560e-01 4.64018982e+02 4.60862549e+02 6.64013684e-01
    4.64724426e+02 4.72149567e+02 7.06819355e-01 4.83065826e+02
    4.25590668e+02 6.69351399e-01 4.92941956e+02 4.41110291e+02
    5.88849664e-01 4.99996307e+02 4.53102753e+02 6.35412455e-01
    5.05639832e+02 4.62978882e+02 5.77046573e-01 4.97174561e+02
    4.15714539e+02 6.75307274e-01 5.06345276e+02 4.21358032e+02
    7.49839246e-01 5.12694214e+02 4.27001556e+02 8.34729552e-01
    5.16926819e+02 4.34055939e+02 6.82404876e-01</data></hand_left_0>
</opencv_storage>
