<?xml version="1.0"?>
<opencv_storage>
<pose_0 type_id="opencv-nd-matrix">
  <sizes>
    1 18 3</sizes>
  <dt>f</dt>
  <data>
    4.30428925e+02 1.42856827e+02 8.71088803e-01 4.46148529e+02
    9.58831558e+01 7.93196499e-01 3.54173004e+02 9.97507172e+01
    7.28113532e-01 4.10883118e+02 2.62216400e+02 7.99750268e-01
    4.59809753e+02 3.99215942e+02 7.97137976e-01 5.41935303e+02
    9.78369827e+01 7.14621127e-01 5.10707153e+02 2.73877075e+02
    8.39846134e-01 4.91116882e+02 4.14743164e+02 5.26409507e-01
    3.79552887e+02 2.91541656e+02 4.33658749e-01 3.30668182e+02
    4.46059692e+02 5.66782176e-01 3.01298615e+02 4.93098419e+02
    1.14120685e-01 4.75462311e+02 3.01309814e+02 4.70711380e-01
    5.08662323e+02 4.14748505e+02 1.33773610e-01 0. 0. 0. 4.12760620e+02
    1.21266006e+02 7.75330722e-01 4.48052155e+02 1.19356140e+02
    7.86633909e-01 3.81587677e+02 1.01669106e+02 2.24904880e-01
    4.91093781e+02 6.06566505e+01 6.40772760e-01</data></pose_0>
</opencv_storage>
