<?xml version="1.0"?>
<opencv_storage>
<hand_right_0 type_id="opencv-nd-matrix">
  <sizes>
    1 21 3</sizes>
  <dt>f</dt>
  <data>
    4.60980682e+02 3.85360016e+02 6.21942163e-01 4.78306641e+02
    3.92290405e+02 7.35420763e-01 4.97018677e+02 3.99220795e+02
    7.37107933e-01 5.08800323e+02 4.09616364e+02 8.88606906e-01
    5.19888916e+02 4.18625854e+02 8.35828662e-01 4.85930054e+02
    4.08230286e+02 6.95087433e-01 4.94246521e+02 4.21398010e+02
    7.20743358e-01 5.02562988e+02 4.36644867e+02 8.21335495e-01
    5.06028168e+02 4.46347382e+02 8.50648701e-01 4.69990173e+02
    4.10309387e+02 7.63609290e-01 4.76920563e+02 4.25556244e+02
    7.28437662e-01 4.85930054e+02 4.38030945e+02 7.33176470e-01
    4.92167389e+02 4.51198669e+02 7.91130185e-01 4.55436371e+02
    4.14467621e+02 6.30845547e-01 4.56822449e+02 4.24863220e+02
    6.90308988e-01 4.59594604e+02 4.39417023e+02 8.55195045e-01
    4.63752838e+02 4.53277771e+02 7.73914337e-01 4.40882568e+02
    4.15160675e+02 7.49577641e-01 4.40189545e+02 4.28328400e+02
    7.56812155e-01 4.40882568e+02 4.38723969e+02 7.51807153e-01
    4.45733826e+02 4.51891693e+02 6.90828264e-01</data></hand_right_0>
</opencv_storage>
