<?xml version="1.0"?>
<opencv_storage>
<hand_right_0 type_id="opencv-nd-matrix">
  <sizes>
    1 21 3</sizes>
  <dt>f</dt>
  <data>
    4.55638123e+02 3.87572449e+02 5.82046211e-01 4.73308899e+02
    3.93227081e+02 6.70584679e-01 4.92393341e+02 3.98174927e+02
    6.34625077e-01 5.05116302e+02 4.05243225e+02 7.91549504e-01
    5.17132446e+02 4.15138855e+02 8.28337491e-01 4.82497711e+02
    4.09484222e+02 6.99645281e-01 4.93807007e+02 4.22914001e+02
    7.24078059e-01 5.02995789e+02 4.37757446e+02 8.47738087e-01
    5.07943604e+02 4.47653076e+02 8.40925395e-01 4.69067932e+02
    4.15138855e+02 7.33834684e-01 4.78256714e+02 4.29275482e+02
    6.89236403e-01 4.88152344e+02 4.42705261e+02 7.08207011e-01
    4.98047974e+02 4.54014557e+02 8.62620711e-01 4.53517639e+02
    4.19379852e+02 6.78748608e-01 4.57758636e+02 4.32102783e+02
    6.82834685e-01 4.60585938e+02 4.46239410e+02 7.65021086e-01
    4.64826935e+02 4.58255554e+02 7.48275995e-01 4.37260529e+02
    4.20086670e+02 6.87525868e-01 4.37260529e+02 4.33516449e+02
    7.81646788e-01 4.41501526e+02 4.45532593e+02 7.05842137e-01
    4.46449341e+02 4.56841888e+02 7.27928162e-01</data></hand_right_0>
</opencv_storage>
