<?xml version="1.0"?>
<opencv_storage>
<hand_right_0 type_id="opencv-nd-matrix">
  <sizes>
    1 21 3</sizes>
  <dt>f</dt>
  <data>
    4.60376434e+02 3.95527069e+02 6.76720381e-01 4.79663239e+02
    4.03615112e+02 6.93520367e-01 4.98950043e+02 4.11080963e+02
    7.71946549e-01 5.08904541e+02 4.24146210e+02 8.03513765e-01
    5.18859009e+02 4.33478546e+02 8.40727985e-01 4.86506958e+02
    4.19791138e+02 7.16347754e-01 4.95217133e+02 4.34722839e+02
    8.42139840e-01 5.00194366e+02 4.49654572e+02 8.49571943e-01
    5.04549438e+02 4.60231201e+02 9.36782241e-01 4.72197388e+02
    4.21657593e+02 7.88029611e-01 4.80285400e+02 4.39700073e+02
    7.34559715e-01 4.85262634e+02 4.53387482e+02 5.94311476e-01
    4.89617737e+02 4.63964111e+02 5.40525854e-01 4.57887817e+02
    4.24768372e+02 6.57134354e-01 4.59754303e+02 4.35967163e+02
    7.44666159e-01 4.62242920e+02 4.52143188e+02 7.47308433e-01
    4.59754303e+02 4.67697052e+02 6.95585430e-01 4.41711792e+02
    4.24768372e+02 6.76139295e-01 4.41089630e+02 4.35967163e+02
    7.50650108e-01 4.41089630e+02 4.47165955e+02 7.48052001e-01
    4.41089630e+02 4.57120422e+02 7.63174355e-01</data></hand_right_0>
</opencv_storage>
