<?xml version="1.0"?>
<opencv_storage>
<hand_left_0 type_id="opencv-nd-matrix">
  <sizes>
    1 21 3</sizes>
  <dt>f</dt>
  <data>
    4.64091797e+02 4.31166595e+02 5.42519450e-01 4.51198120e+02
    4.41715973e+02 5.90961993e-01 4.41820923e+02 4.55781799e+02
    6.13139093e-01 4.27755096e+02 4.66917236e+02 7.77859330e-01
    4.10758881e+02 4.71019775e+02 8.65576744e-01 4.55886749e+02
    4.55195709e+02 5.84009886e-01 4.45337372e+02 4.62228638e+02
    4.17995214e-01 4.43579132e+02 4.72191925e+02 5.72524309e-01
    4.41820923e+02 4.89188141e+02 4.47596341e-01 4.70538635e+02
    4.52265350e+02 6.97354972e-01 4.78743713e+02 4.68089386e+02
    4.33354467e-01 4.64677887e+02 4.77466614e+02 5.60552895e-01
    4.65263947e+02 4.85671661e+02 6.12260401e-01 4.87534851e+02
    4.52265350e+02 6.51432812e-01 4.95739899e+02 4.69847626e+02
    5.54508030e-01 4.99256378e+02 4.80397003e+02 5.74902415e-01
    5.03358887e+02 4.90946350e+02 6.38494015e-01 5.02186737e+02
    4.48162811e+02 7.58298457e-01 5.09805725e+02 4.61642548e+02
    6.70019746e-01 5.14494324e+02 4.65158997e+02 7.38136053e-01
    5.19182922e+02 4.65745087e+02 5.89511871e-01</data></hand_left_0>
</opencv_storage>
