<?xml version="1.0"?>
<opencv_storage>
<hand_left_0 type_id="opencv-nd-matrix">
  <sizes>
    1 21 3</sizes>
  <dt>f</dt>
  <data>
    4.61069611e+02 4.20944183e+02 5.82638144e-01 4.47667603e+02
    4.32935455e+02 6.39981806e-01 4.37087067e+02 4.52685791e+02
    6.40200436e-01 4.31444122e+02 4.59739471e+02 5.17237008e-01
    4.13809875e+02 4.59034119e+02 7.33551264e-01 4.54721283e+02
    4.47042847e+02 6.82100892e-01 4.56132019e+02 4.59739471e+02
    4.86530334e-01 4.60364227e+02 4.71730743e+02 3.83123040e-01
    4.47667603e+02 4.82311279e+02 4.94024336e-01 4.70239380e+02
    4.41399872e+02 7.21440613e-01 4.77998444e+02 4.58328735e+02
    7.93387771e-01 4.84346771e+02 4.71025360e+02 4.71723497e-01
    4.68828644e+02 4.83722015e+02 4.64974284e-01 4.84346771e+02
    4.37873047e+02 7.41958082e-01 4.94221924e+02 4.54096527e+02
    6.73298597e-01 5.00570251e+02 4.66087799e+02 7.25112617e-01
    5.06213196e+02 4.77373688e+02 6.92898393e-01 4.98454132e+02
    4.32230103e+02 7.66617715e-01 5.06918579e+02 4.37167664e+02
    7.66974926e-01 5.13266907e+02 4.42105255e+02 8.08605909e-01
    5.18204468e+02 4.47748199e+02 7.36057162e-01</data></hand_left_0>
</opencv_storage>
