<?xml version="1.0"?>
<opencv_storage>
<hand_right_0 type_id="opencv-nd-matrix">
  <sizes>
    1 21 3</sizes>
  <dt>f</dt>
  <data>
    4.55623138e+02 4.16773682e+02 5.90343893e-01 4.73828033e+02
    4.21674988e+02 6.75148487e-01 4.94133514e+02 4.28676880e+02
    6.68659508e-01 5.05336548e+02 4.36378967e+02 7.86024570e-01
    5.15139160e+02 4.42680664e+02 7.84692705e-01 4.83630676e+02
    4.37079163e+02 6.98166251e-01 4.94833710e+02 4.53183502e+02
    8.27598274e-01 5.01135406e+02 4.65086700e+02 8.72253597e-01
    5.06736908e+02 4.75589539e+02 9.43452477e-01 4.68926727e+02
    4.41980469e+02 7.90250838e-01 4.78729370e+02 4.57384644e+02
    7.32092142e-01 4.87831818e+02 4.69988037e+02 7.47233629e-01
    4.95533905e+02 4.81891235e+02 9.18303311e-01 4.54922943e+02
    4.46881805e+02 6.51958227e-01 4.57023529e+02 4.58084808e+02
    6.86482370e-01 4.61924835e+02 4.72788788e+02 7.85908699e-01
    4.63325226e+02 4.83291626e+02 5.82154691e-01 4.38818604e+02
    4.47582001e+02 7.03927875e-01 4.38118408e+02 4.60185394e+02
    8.17878485e-01 4.38818604e+02 4.70688232e+02 8.03712130e-01
    4.40218994e+02 4.80490875e+02 7.87871838e-01</data></hand_right_0>
</opencv_storage>
