<?xml version="1.0"?>
<opencv_storage>
<pose_0 type_id="opencv-nd-matrix">
  <sizes>
    1 18 3</sizes>
  <dt>f</dt>
  <data>
    4.18663300e+02 1.31135529e+02 8.95646393e-01 4.38247223e+02
    8.99858017e+01 7.80948758e-01 3.50173767e+02 9.78204346e+01
    7.59400964e-01 4.04996124e+02 2.58272186e+02 8.32091212e-01
    4.59766571e+02 3.95246918e+02 8.33959401e-01 5.36100403e+02
    8.80521240e+01 7.09545732e-01 5.08736206e+02 2.68023590e+02
    8.36521804e-01 4.93045837e+02 4.12782166e+02 5.93970716e-01
    3.77605408e+02 2.93479523e+02 4.45646852e-01 3.34536774e+02
    4.40243225e+02 5.53415239e-01 3.01311890e+02 4.91092102e+02
    9.69599038e-02 4.75429688e+02 2.99333221e+02 4.53986645e-01
    5.12621460e+02 4.06975220e+02 1.10589080e-01 0. 0. 0. 3.99070374e+02
    1.13401245e+02 7.63812244e-01 4.36326508e+02 1.05682938e+02
    7.37830102e-01 3.69769745e+02 8.02003555e+01 1.60511389e-01
    4.79362091e+02 5.47735710e+01 7.23650873e-01</data></pose_0>
</opencv_storage>
