<?xml version="1.0"?>
<opencv_storage>
<hand_left_0 type_id="opencv-nd-matrix">
  <sizes>
    1 21 3</sizes>
  <dt>f</dt>
  <data>
    4.59491150e+02 3.87036987e+02 5.83504319e-01 4.48318420e+02
    3.99606293e+02 6.06999636e-01 4.37843994e+02 4.19856842e+02
    5.84609509e-01 4.36447418e+02 4.31727875e+02 4.00869548e-01
    4.18990021e+02 4.30331268e+02 5.18351793e-01 4.53904785e+02
    4.13572205e+02 6.27750874e-01 4.42732056e+02 4.26839813e+02
    4.15749550e-01 4.42732056e+02 4.40107422e+02 5.30843258e-01
    4.44826965e+02 4.50581848e+02 6.10819995e-01 4.69267273e+02
    4.07985840e+02 6.44875824e-01 4.76948517e+02 4.25443207e+02
    3.54129225e-01 4.65077515e+02 4.40805695e+02 4.74693358e-01
    4.60887726e+02 4.52676727e+02 6.21696055e-01 4.82534882e+02
    4.03796051e+02 6.57006741e-01 4.93009308e+02 4.21253448e+02
    5.68774939e-01 4.98595673e+02 4.32426178e+02 5.38032472e-01
    5.04182037e+02 4.42900604e+02 5.60869515e-01 4.98595673e+02
    3.98209686e+02 7.18489945e-01 5.04880341e+02 4.03796051e+02
    7.56531715e-01 5.11164978e+02 4.10080719e+02 7.77075827e-01
    5.15354736e+02 4.15667084e+02 7.43178129e-01</data></hand_left_0>
</opencv_storage>
