<?xml version="1.0"?>
<opencv_storage>
<hand_left_0 type_id="opencv-nd-matrix">
  <sizes>
    1 21 3</sizes>
  <dt>f</dt>
  <data>
    4.63382233e+02 3.88543549e+02 5.96965373e-01 4.49214996e+02
    4.02002441e+02 6.85323358e-01 4.38589539e+02 4.19003143e+02
    6.66075408e-01 4.37881165e+02 4.33878754e+02 5.12313962e-01
    4.44964813e+02 4.52296204e+02 3.43618423e-01 4.54173523e+02
    4.18294769e+02 6.34430230e-01 4.43548065e+02 4.32462036e+02
    2.78277695e-01 4.43548065e+02 4.43795837e+02 4.12627041e-01
    4.47089905e+02 4.54421295e+02 5.46148598e-01 4.70465881e+02
    4.14044617e+02 7.19659209e-01 4.76841125e+02 4.31753693e+02
    5.39156020e-01 4.64798981e+02 4.44504211e+02 4.72658962e-01
    4.65507324e+02 4.57963104e+02 6.71042681e-01 4.84633118e+02
    4.10502777e+02 6.50663257e-01 4.93133484e+02 4.26795135e+02
    6.87004745e-01 4.98800385e+02 4.38837311e+02 6.86792493e-01
    5.04467285e+02 4.50171112e+02 6.49845898e-01 4.99508759e+02
    4.04127533e+02 8.03114772e-01 5.08717468e+02 4.12627869e+02
    6.92620695e-01 5.15801086e+02 4.18294769e+02 7.48453319e-01
    5.18634583e+02 4.23961700e+02 6.68464541e-01</data></hand_left_0>
</opencv_storage>
