<?xml version="1.0"?>
<opencv_storage>
<hand_left_0 type_id="opencv-nd-matrix">
  <sizes>
    1 21 3</sizes>
  <dt>f</dt>
  <data>
    4.58781342e+02 4.12851196e+02 5.25889933e-01 4.46766846e+02
    4.26200623e+02 6.10190451e-01 4.37422211e+02 4.45557343e+02
    4.31329817e-01 4.26742645e+02 4.52232086e+02 6.25999928e-01
    4.15395630e+02 4.55569427e+02 8.11291873e-01 4.48101776e+02
    4.38215149e+02 5.01588047e-01 4.39424622e+02 4.52232086e+02
    6.03110909e-01 4.41427063e+02 4.64246582e+02 6.63832903e-01
    4.44096954e+02 4.74258667e+02 7.15800941e-01 4.64121124e+02
    4.35545258e+02 6.57510519e-01 4.58781342e+02 4.51564606e+02
    5.24622679e-01 4.63453644e+02 4.65581543e+02 5.52157819e-01
    4.64121124e+02 4.77596039e+02 7.10969388e-01 4.80807953e+02
    4.30872955e+02 5.99887848e-01 4.92154999e+02 4.46892303e+02
    6.29104078e-01 5.00164673e+02 4.60909210e+02 6.35865748e-01
    5.06171906e+02 4.72256256e+02 6.12173498e-01 4.96159821e+02
    4.24198212e+02 7.19549775e-01 5.06171906e+02 4.29537994e+02
    7.84441590e-01 5.12179199e+02 4.35545258e+02 8.24074745e-01
    5.17518982e+02 4.41552521e+02 7.68187046e-01</data></hand_left_0>
</opencv_storage>
