<?xml version="1.0"?>
<opencv_storage>
<pose_0 type_id="opencv-nd-matrix">
  <sizes>
    1 18 3</sizes>
  <dt>f</dt>
  <data>
    5.04807861e+02 1.70198761e+02 7.50694513e-01 4.75383820e+02
    1.03693436e+02 7.98094571e-01 3.69765717e+02 1.01700562e+02
    6.30753100e-01 4.12730103e+02 2.91553894e+02 7.94755518e-01
    4.59700500e+02 4.14834503e+02 8.75134289e-01 5.73244385e+02
    1.09598015e+02 6.44395947e-01 5.28292847e+02 3.05171722e+02
    7.58122563e-01 4.95010956e+02 4.20630829e+02 6.25907838e-01
    3.77608063e+02 2.91531036e+02 4.05579597e-01 3.22886017e+02
    4.32437347e+02 4.71575290e-01 2.77839203e+02 4.79337708e+02
    1.27046853e-01 4.89074341e+02 3.03289734e+02 4.45654035e-01
    5.45845825e+02 4.46071594e+02 1.81678817e-01 0. 0. 0. 4.92998718e+02
    1.56525146e+02 7.88111687e-01 5.22345032e+02 1.50667114e+02
    5.06000400e-01 4.36303772e+02 9.98311768e+01 3.50682735e-01
    5.39934753e+02 9.78487244e+01 7.04441071e-02</data></pose_0>
</opencv_storage>
