<?xml version="1.0"?>
<opencv_storage>
<hand_left_0 type_id="opencv-nd-matrix">
  <sizes>
    1 21 3</sizes>
  <dt>f</dt>
  <data>
    4.58202576e+02 4.26558105e+02 5.79419315e-01 4.45318756e+02
    4.39441925e+02 6.32308722e-01 4.34582214e+02 4.57336121e+02
    5.35540879e-01 4.23845703e+02 4.62346497e+02 6.83229566e-01
    4.13824921e+02 4.65209595e+02 7.29692519e-01 4.52476440e+02
    4.50894226e+02 5.48379540e-01 4.38876831e+02 4.62346497e+02
    5.90014815e-01 4.41024139e+02 4.75230347e+02 7.01744199e-01
    4.43171448e+02 4.85966858e+02 7.93870389e-01 4.66076019e+02
    4.45883850e+02 6.60150349e-01 4.59634125e+02 4.62346497e+02
    4.50025678e-01 4.62497192e+02 4.77377655e+02 5.96525669e-01
    4.60349884e+02 4.88829956e+02 6.59944177e-01 4.81822937e+02
    4.43020752e+02 6.29794717e-01 4.92559448e+02 4.57336121e+02
    5.93170285e-01 4.99001373e+02 4.70219971e+02 5.04874706e-01
    4.95422516e+02 4.85966858e+02 6.02924466e-01 4.96854065e+02
    4.35147308e+02 6.67545676e-01 5.07590607e+02 4.40873474e+02
    5.97173274e-01 5.14032532e+02 4.44452301e+02 5.34531534e-01
    5.16895569e+02 4.50178436e+02 4.11174923e-01</data></hand_left_0>
</opencv_storage>
