<?xml version="1.0"?>
<opencv_storage>
<hand_left_0 type_id="opencv-nd-matrix">
  <sizes>
    1 21 3</sizes>
  <dt>f</dt>
  <data>
    4.62696625e+02 4.32977875e+02 5.43741345e-01 4.49808777e+02
    4.42936676e+02 6.03579164e-01 4.42193237e+02 4.57581970e+02
    5.04674256e-01 4.29891205e+02 4.68712372e+02 7.73681581e-01
    4.13488495e+02 4.72227234e+02 8.30113709e-01 4.55666901e+02
    4.54067078e+02 4.09523904e-01 4.48051331e+02 4.64611694e+02
    5.09635687e-01 4.49808777e+02 4.74570496e+02 5.56255460e-01
    4.50394592e+02 4.88044128e+02 5.43235064e-01 4.70897980e+02
    4.50552216e+02 6.05215609e-01 4.66797302e+02 4.65197510e+02
    3.92332733e-01 4.68554749e+02 4.75156281e+02 6.30820274e-01
    4.72069611e+02 4.83943451e+02 4.90808249e-01 4.89058136e+02
    4.48794800e+02 5.90516984e-01 4.99016937e+02 4.65783325e+02
    4.99945074e-01 5.03703400e+02 4.75156281e+02 5.35174549e-01
    4.95502045e+02 4.86286713e+02 6.75406516e-01 5.03117615e+02
    4.46451538e+02 7.44009972e-01 5.10147339e+02 4.56410339e+02
    7.56776810e-01 5.16005432e+02 4.61096832e+02 8.09199154e-01
    5.19520325e+02 4.64025879e+02 7.19749093e-01</data></hand_left_0>
</opencv_storage>
