<?xml version="1.0"?>
<opencv_storage>
<hand_right_0 type_id="opencv-nd-matrix">
  <sizes>
    1 21 3</sizes>
  <dt>f</dt>
  <data>
    4.58330383e+02 3.84060547e+02 6.85406625e-01 4.75249817e+02
    3.89700348e+02 7.20209420e-01 4.93422546e+02 3.95340179e+02
    7.12888956e-01 5.04075531e+02 4.04739868e+02 8.12685847e-01
    5.17235046e+02 4.13512909e+02 8.45444202e-01 4.84022858e+02
    4.02859924e+02 6.21472299e-01 4.94049194e+02 4.18526062e+02
    7.89711654e-01 5.01568939e+02 4.32938904e+02 7.51740038e-01
    5.04075531e+02 4.43591888e+02 8.24295640e-01 4.69610016e+02
    4.05993134e+02 7.28965938e-01 4.79009705e+02 4.21032654e+02
    6.34370685e-01 4.87156097e+02 4.34192200e+02 6.51273191e-01
    4.94049194e+02 4.47978394e+02 6.82047069e-01 4.57077087e+02
    4.09753021e+02 6.50272071e-01 4.58330383e+02 4.19779358e+02
    6.35234177e-01 4.64596832e+02 4.35445496e+02 6.61001444e-01
    4.63970184e+02 4.49231689e+02 5.53101361e-01 4.42664246e+02
    4.12886261e+02 7.27892816e-01 4.41410950e+02 4.22285950e+02
    6.74605727e-01 4.40784302e+02 4.30432343e+02 6.86984122e-01
    4.41410950e+02 4.40458649e+02 7.42785513e-01</data></hand_right_0>
</opencv_storage>
