<?xml version="1.0"?>
<opencv_storage>
<hand_right_0 type_id="opencv-nd-matrix">
  <sizes>
    1 21 3</sizes>
  <dt>f</dt>
  <data>
    4.58941589e+02 3.87788757e+02 5.31764269e-01 4.75951965e+02
    3.92750122e+02 6.83321238e-01 4.94379852e+02 3.99837769e+02
    6.40156806e-01 5.05720123e+02 4.09760498e+02 8.39133203e-01
    5.17769104e+02 4.19683197e+02 7.94003963e-01 4.83748383e+02
    4.09760498e+02 7.18648195e-01 4.94379852e+02 4.24644562e+02
    7.61092603e-01 5.02176300e+02 4.38819885e+02 8.32783341e-01
    5.05720123e+02 4.48033844e+02 8.83820653e-01 4.69573059e+02
    4.12595551e+02 7.39178181e-01 4.77369476e+02 4.27479645e+02
    6.91325903e-01 4.85874664e+02 4.40237427e+02 7.08097935e-01
    4.93671112e+02 4.52286438e+02 8.37298334e-01 4.53980225e+02
    4.16848145e+02 7.46953547e-01 4.56106506e+02 4.28188385e+02
    6.79170370e-01 4.59650360e+02 4.44490021e+02 7.74021506e-01
    4.62485413e+02 4.56539032e+02 6.88920975e-01 4.38387390e+02
    4.16848145e+02 6.98474228e-01 4.39804901e+02 4.33149750e+02
    8.14472556e-01 4.42639984e+02 4.44490021e+02 7.37088144e-01
    4.46892578e+02 4.56539032e+02 7.36486316e-01</data></hand_right_0>
</opencv_storage>
