<?xml version="1.0"?>
<opencv_storage>
<hand_left_0 type_id="opencv-nd-matrix">
  <sizes>
    1 21 3</sizes>
  <dt>f</dt>
  <data>
    4.61375092e+02 3.89868256e+02 5.96844733e-01 4.48869843e+02
    4.02373535e+02 6.74483061e-01 4.39143494e+02 4.18352509e+02
    6.14353001e-01 4.38448761e+02 4.32941986e+02 5.25501668e-01
    4.43311920e+02 4.47531464e+02 3.94727677e-01 4.54427734e+02
    4.16268280e+02 6.22653842e-01 4.43311920e+02 4.26689362e+02
    3.82375687e-01 4.44006653e+02 4.39889374e+02 5.02910793e-01
    4.44701416e+02 4.50310425e+02 5.91946602e-01 4.69711945e+02
    4.11405121e+02 7.01835573e-01 4.77354065e+02 4.27384094e+02
    4.89101678e-01 4.64848785e+02 4.43363068e+02 4.02427316e-01
    4.59290894e+02 4.55173584e+02 6.32611036e-01 4.83606689e+02
    4.07236694e+02 6.44319952e-01 4.94027771e+02 4.24605133e+02
    5.94471633e-01 4.98196198e+02 4.35026215e+02 5.29429495e-01
    5.04448822e+02 4.45447266e+02 5.37297130e-01 4.98890930e+02
    4.00984070e+02 7.80405641e-01 5.09311981e+02 4.10015656e+02
    6.92869663e-01 5.15564636e+02 4.16963043e+02 8.43646944e-01
    5.19038330e+02 4.21826202e+02 6.98463261e-01</data></hand_left_0>
</opencv_storage>
