<?xml version="1.0"?>
<opencv_storage>
<hand_right_0 type_id="opencv-nd-matrix">
  <sizes>
    1 21 3</sizes>
  <dt>f</dt>
  <data>
    4.59623749e+02 3.92903290e+02 6.01886928e-01 4.77725555e+02
    4.00144012e+02 7.53599882e-01 4.98723663e+02 4.10281006e+02
    6.63778126e-01 5.06688446e+02 4.21142090e+02 6.79864287e-01
    5.15377319e+02 4.29830963e+02 8.05525541e-01 4.84966278e+02
    4.17521729e+02 6.87997699e-01 4.92931061e+02 4.34175385e+02
    7.20821619e-01 4.99447723e+02 4.47208679e+02 8.19436371e-01
    5.03068085e+02 4.58069763e+02 8.84836614e-01 4.69760773e+02
    4.18969879e+02 7.50408292e-01 4.75553345e+02 4.34899445e+02
    5.71390748e-01 4.82070007e+02 4.50829041e+02 7.66704202e-01
    4.88586639e+02 4.63862335e+02 8.10178697e-01 4.54555267e+02
    4.22590240e+02 6.99264586e-01 4.58175629e+02 4.35623535e+02
    6.86846495e-01 4.62520050e+02 4.51553101e+02 8.22997689e-01
    4.64692261e+02 4.64586395e+02 7.99621522e-01 4.40797882e+02
    4.22590240e+02 6.90454364e-01 4.40797882e+02 4.37795746e+02
    8.05149674e-01 4.41521973e+02 4.49380890e+02 8.03056240e-01
    4.46590454e+02 4.60966034e+02 8.13504040e-01</data></hand_right_0>
</opencv_storage>
