<?xml version="1.0"?>
<opencv_storage>
<pose_0 type_id="opencv-nd-matrix">
  <sizes>
    1 18 3</sizes>
  <dt>f</dt>
  <data>
    5.06759308e+02 1.52601624e+02 6.86376274e-01 4.73499451e+02
    9.58889694e+01 7.94751465e-01 3.67888550e+02 8.99708557e+01
    6.24980390e-01 4.03009674e+02 2.75937012e+02 6.81577623e-01
    4.57845551e+02 4.08889679e+02 8.58212411e-01 5.73236328e+02
    1.03706589e+02 6.53165460e-01 5.34117920e+02 2.89634369e+02
    7.53852189e-01 4.95032135e+02 4.12842712e+02 6.95905209e-01
    3.73716095e+02 2.91555054e+02 4.07781005e-01 3.20846497e+02
    4.34371399e+02 3.91493142e-01 2.66087799e+02 4.89109131e+02
    7.22782388e-02 4.89083374e+02 3.13032318e+02 4.14670527e-01
    5.49765808e+02 4.49994354e+02 8.86617750e-02 0. 0. 0. 4.98906464e+02
    1.36939728e+02 6.97017014e-01 5.24291687e+02 1.38887283e+02
    3.37262690e-01 4.63666962e+02 9.58404083e+01 3.62375200e-01
    5.40094604e+02 8.61671600e+01 5.72618470e-02</data></pose_0>
</opencv_storage>
