<?xml version="1.0"?>
<opencv_storage>
<hand_right_0 type_id="opencv-nd-matrix">
  <sizes>
    1 21 3</sizes>
  <dt>f</dt>
  <data>
    4.60350342e+02 3.85765564e+02 6.38468146e-01 4.77413147e+02
    3.91908173e+02 7.56895602e-01 4.97888489e+02 4.00780823e+02
    7.11079121e-01 5.08808685e+02 4.09653473e+02 7.94044316e-01
    5.19728882e+02 4.18526123e+02 8.41873109e-01 4.85603271e+02
    4.08288452e+02 7.00050473e-01 4.94475922e+02 4.23986237e+02
    7.68724263e-01 5.02666077e+02 4.36271454e+02 7.84902334e-01
    5.05396118e+02 4.46509125e+02 8.77913594e-01 4.70588013e+02
    4.11701019e+02 7.75922894e-01 4.77413147e+02 4.25351257e+02
    6.99914038e-01 4.85603271e+02 4.39683990e+02 7.28895366e-01
    4.92428406e+02 4.53334229e+02 9.02878046e-01 4.54890259e+02
    4.14431061e+02 6.92205608e-01 4.57620300e+02 4.26033752e+02
    6.70109868e-01 4.61032867e+02 4.40366516e+02 8.39804590e-01
    4.63762909e+02 4.52651733e+02 6.53525889e-01 4.39875000e+02
    4.17843628e+02 7.35295892e-01 4.39192474e+02 4.29446320e+02
    8.00158381e-01 4.39875000e+02 4.39683990e+02 7.47696996e-01
    4.42605042e+02 4.49921661e+02 6.48277521e-01</data></hand_right_0>
</opencv_storage>
