<?xml version="1.0"?>
<opencv_storage>
<hand_left_0 type_id="opencv-nd-matrix">
  <sizes>
    1 21 3</sizes>
  <dt>f</dt>
  <data>
    4.62073029e+02 4.27175110e+02 5.66483438e-01 4.49584076e+02
    4.39039612e+02 6.54799461e-01 4.40217377e+02 4.54650787e+02
    5.39393723e-01 4.26479523e+02 4.64017517e+02 5.77936053e-01
    4.13990570e+02 4.70261993e+02 7.28922784e-01 4.55828552e+02
    4.57148590e+02 5.33226788e-01 4.42090698e+02 4.64641968e+02
    5.43772817e-01 4.39592926e+02 4.75882019e+02 6.99610829e-01
    4.37095123e+02 4.84624268e+02 6.62880421e-01 4.70190857e+02
    4.53401886e+02 6.57850027e-01 4.80806458e+02 4.72135315e+02
    4.27103966e-01 4.61448578e+02 4.83375366e+02 5.82030714e-01
    4.55828552e+02 4.97737671e+02 5.33184171e-01 4.86426483e+02
    4.49655212e+02 7.05998480e-01 4.95793182e+02 4.69013092e+02
    7.22301722e-01 5.01413208e+02 4.80877594e+02 6.60903513e-01
    5.05159912e+02 4.92742096e+02 7.70217717e-01 5.00788788e+02
    4.44035187e+02 7.88024127e-01 5.08906586e+02 4.58397491e+02
    6.98328733e-01 5.14526611e+02 4.63393066e+02 6.94632232e-01
    5.18273315e+02 4.66515289e+02 5.57813287e-01</data></hand_left_0>
</opencv_storage>
