<?xml version="1.0"?>
<opencv_storage>
<hand_right_0 type_id="opencv-nd-matrix">
  <sizes>
    1 21 3</sizes>
  <dt>f</dt>
  <data>
    4.58952393e+02 3.85989380e+02 5.61872184e-01 4.75989899e+02
    3.90958679e+02 7.22083807e-01 4.95157074e+02 3.95927948e+02
    6.87779486e-01 5.07935211e+02 4.03026917e+02 8.22154880e-01
    5.20003418e+02 4.10835754e+02 7.77416289e-01 4.84508636e+02
    4.05866486e+02 6.43477619e-01 4.95157074e+02 4.19354523e+02
    7.53114402e-01 5.02965942e+02 4.31422729e+02 8.38354290e-01
    5.07935211e+02 4.42071198e+02 8.89479518e-01 4.69600830e+02
    4.09415955e+02 7.21224010e-01 4.78119568e+02 4.22194092e+02
    6.63601518e-01 4.88058136e+02 4.36392029e+02 7.40205705e-01
    4.96576874e+02 4.48460266e+02 8.77289772e-01 4.53983124e+02
    4.13675354e+02 6.66267872e-01 4.58242493e+02 4.24323792e+02
    7.13632286e-01 4.61791962e+02 4.38521698e+02 7.88899422e-01
    4.66051331e+02 4.51299835e+02 7.22733736e-01 4.37655518e+02
    4.14385254e+02 7.03883767e-01 4.39075287e+02 4.27163361e+02
    7.73981750e-01 4.41204987e+02 4.37101929e+02 7.46600926e-01
    4.44044556e+02 4.47750366e+02 7.57193208e-01</data></hand_right_0>
</opencv_storage>
