<?xml version="1.0"?>
<opencv_storage>
<hand_left_0 type_id="opencv-nd-matrix">
  <sizes>
    1 21 3</sizes>
  <dt>f</dt>
  <data>
    4.58888702e+02 3.91513306e+02 5.77645421e-01 4.46012878e+02
    4.03673798e+02 6.14632130e-01 4.38144348e+02 4.21556854e+02
    5.70497394e-01 4.38144348e+02 4.36578613e+02 4.26077336e-01
    4.43151581e+02 4.50169769e+02 3.40496391e-01 4.53166107e+02
    4.17980255e+02 5.30851603e-01 4.42436279e+02 4.27994751e+02
    5.32466531e-01 4.42436279e+02 4.41585876e+02 5.97341180e-01
    4.44582245e+02 4.53031036e+02 6.81716621e-01 4.66757233e+02
    4.12257660e+02 6.39342964e-01 4.60319336e+02 4.28710083e+02
    4.07286763e-01 4.61749969e+02 4.43016541e+02 5.52708089e-01
    4.60319336e+02 4.55892334e+02 6.84709311e-01 4.82494324e+02
    4.07965729e+02 6.60052598e-01 4.93224182e+02 4.23702820e+02
    5.59814751e-01 4.98946747e+02 4.33717346e+02 5.49582362e-01
    5.06099976e+02 4.43731842e+02 5.94932258e-01 4.96800781e+02
    3.98666534e+02 6.96773171e-01 5.06099976e+02 4.02958466e+02
    8.06216240e-01 5.11822571e+02 4.08681061e+02 8.47633481e-01
    5.16829834e+02 4.13688293e+02 7.80526400e-01</data></hand_left_0>
</opencv_storage>
