<?xml version="1.0"?>
<opencv_storage>
<hand_left_0 type_id="opencv-nd-matrix">
  <sizes>
    1 21 3</sizes>
  <dt>f</dt>
  <data>
    4.58794312e+02 3.83840393e+02 5.27085006e-01 4.47843323e+02
    3.95435547e+02 6.00089788e-01 4.39469055e+02 4.10251556e+02
    5.91246188e-01 4.25941376e+02 4.23135071e+02 6.68054104e-01
    4.14990387e+02 4.30865173e+02 7.50955582e-01 4.52996735e+02
    4.10895721e+02 4.99397129e-01 4.43978271e+02 4.19914185e+02
    5.39767861e-01 4.43978271e+02 4.32153503e+02 7.09445357e-01
    4.44622437e+02 4.44392853e+02 6.44636691e-01 4.67812744e+02
    4.07674866e+02 6.31558657e-01 4.74254517e+02 4.24423401e+02
    4.08391833e-01 4.63303528e+02 4.38595276e+02 6.77231908e-01
    4.58150116e+02 4.54055481e+02 6.50862753e-01 4.81984619e+02
    4.04453979e+02 6.34804487e-01 4.91647247e+02 4.21202545e+02
    6.50760591e-01 4.98088989e+02 4.34086029e+02 5.14499187e-01
    5.01954041e+02 4.45681183e+02 6.90237463e-01 4.96800629e+02
    3.98656403e+02 7.12861121e-01 5.05819092e+02 4.07674866e+02
    5.74035406e-01 5.11616669e+02 4.12828247e+02 6.86133325e-01
    5.14837524e+02 4.15404968e+02 5.80111921e-01</data></hand_left_0>
</opencv_storage>
