<?xml version="1.0"?>
<opencv_storage>
<hand_right_0 type_id="opencv-nd-matrix">
  <sizes>
    2 21 3</sizes>
  <dt>f</dt>
  <data>
    4.58904144e+02 4.18447479e+02 5.82710981e-01 4.77337799e+02
    4.24119385e+02 7.08849311e-01 4.96480438e+02 4.30500244e+02
    7.31490314e-01 5.07824219e+02 4.40426056e+02 7.44984269e-01
    5.17041077e+02 4.46806946e+02 7.40263224e-01 4.85136658e+02
    4.40426056e+02 6.84888244e-01 4.95062469e+02 4.56732758e+02
    7.83698261e-01 5.02861328e+02 4.69494507e+02 7.98540235e-01
    5.07115234e+02 4.80838287e+02 8.81691217e-01 4.69538940e+02
    4.41844055e+02 7.46279180e-01 4.78046783e+02 4.56732758e+02
    6.71379507e-01 4.87972595e+02 4.72330475e+02 7.60599375e-01
    4.95062469e+02 4.85801208e+02 9.07703400e-01 4.54650238e+02
    4.46097961e+02 6.71987414e-01 4.58904144e+02 4.57441742e+02
    6.68046832e-01 4.64576050e+02 4.71621460e+02 7.68565774e-01
    4.69538940e+02 4.85092224e+02 8.00323308e-01 4.39761505e+02
    4.47515930e+02 6.86185479e-01 4.38343536e+02 4.59568695e+02
    8.46078455e-01 4.39761505e+02 4.70203491e+02 7.84663737e-01
    4.42597473e+02 4.80838287e+02 8.54633510e-01 0. 0. 0. 0. 0. 0. 0. 0.
    0. 0. 0. 0. 0. 0. 0. 0. 0. 0. 0. 0. 0. 0. 0. 0. 0. 0. 0. 0. 0. 0. 0.
    0. 0. 0. 0. 0. 0. 0. 0. 0. 0. 0. 0. 0. 0. 0. 0. 0. 0. 0. 0. 0. 0. 0.
    0. 0. 0. 0. 0. 0. 0. 0. 0.</data></hand_right_0>
</opencv_storage>
