<?xml version="1.0"?>
<opencv_storage>
<hand_left_0 type_id="opencv-nd-matrix">
  <sizes>
    1 21 3</sizes>
  <dt>f</dt>
  <data>
    4.59060272e+02 3.87032440e+02 6.09951496e-01 4.46924408e+02
    4.02023773e+02 6.32989168e-01 4.39785675e+02 4.20584503e+02
    6.54057145e-01 4.40499542e+02 4.33434235e+02 6.28935635e-01
    4.44068909e+02 4.48425568e+02 5.63489079e-01 4.54063141e+02
    4.14873505e+02 6.06600583e-01 4.54063141e+02 4.25581604e+02
    3.26493353e-01 4.44068909e+02 4.38431335e+02 3.59701782e-01
    4.44068909e+02 4.49139435e+02 4.53770518e-01 4.69768372e+02
    4.09162506e+02 6.93809688e-01 4.76907104e+02 4.23440002e+02
    5.84304929e-01 4.81904236e+02 4.37003601e+02 3.55441958e-01
    4.75479370e+02 4.49853333e+02 5.16797602e-01 4.82618103e+02
    4.04165405e+02 7.12500632e-01 4.93326202e+02 4.20584503e+02
    6.21303320e-01 4.99037201e+02 4.30578735e+02 6.16164327e-01
    5.05462067e+02 4.40572968e+02 6.24886274e-01 4.97609436e+02
    3.97026672e+02 7.17021704e-01 5.05462067e+02 4.00596039e+02
    7.89126515e-01 5.11173035e+02 4.05593140e+02 8.16742539e-01
    5.16170166e+02 4.10590271e+02 7.77314484e-01</data></hand_left_0>
</opencv_storage>
