<?xml version="1.0"?>
<opencv_storage>
<pose_0 type_id="opencv-nd-matrix">
  <sizes>
    1 18 3</sizes>
  <dt>f</dt>
  <data>
    4.77368622e+02 1.79918045e+02 7.81884849e-01 4.73443817e+02
    1.09594185e+02 7.76954651e-01 3.67857422e+02 1.01733307e+02
    6.86961055e-01 4.12871582e+02 2.89503326e+02 7.35093296e-01
    4.59818420e+02 4.20662994e+02 8.05285990e-01 5.71314880e+02
    1.17412910e+02 6.92234457e-01 5.26332031e+02 3.05210205e+02
    7.80149996e-01 4.95018646e+02 4.26525238e+02 6.22328162e-01
    3.79539642e+02 2.85654388e+02 4.17932332e-01 3.20887146e+02
    4.38247559e+02 3.41951400e-01 2.71954315e+02 4.89116119e+02
    6.98551163e-02 4.91067719e+02 3.05203156e+02 4.51969087e-01
    5.41998779e+02 4.48038910e+02 2.17327416e-01 0. 0. 0. 4.63671753e+02
    1.62420975e+02 7.92255998e-01 4.93150330e+02 1.64285522e+02
    5.63765287e-01 4.14794342e+02 8.41808395e+01 5.54795384e-01
    5.32190796e+02 1.09538666e+02 2.65259266e-01</data></pose_0>
</opencv_storage>
