<?xml version="1.0"?>
<opencv_storage>
<hand_left_0 type_id="opencv-nd-matrix">
  <sizes>
    1 21 3</sizes>
  <dt>f</dt>
  <data>
    4.60040924e+02 3.85442871e+02 5.16154647e-01 4.48016174e+02
    3.97467590e+02 6.06103897e-01 4.38522980e+02 4.12656738e+02
    5.46899915e-01 4.25865356e+02 4.24048584e+02 6.79006100e-01
    4.15106384e+02 4.31643158e+02 7.22853780e-01 4.50547699e+02
    4.08859436e+02 4.74057794e-01 4.42953125e+02 4.20251312e+02
    5.98257124e-01 4.42953125e+02 4.32908905e+02 7.52397776e-01
    4.43586029e+02 4.46199402e+02 6.72474146e-01 4.66369720e+02
    4.06960815e+02 6.07796788e-01 4.60040924e+02 4.22149933e+02
    5.09936750e-01 4.63205322e+02 4.39237732e+02 6.89723134e-01
    4.56876526e+02 4.54426880e+02 6.72306776e-01 4.83457520e+02
    4.05695038e+02 6.40532970e-01 4.91684967e+02 4.20884186e+02
    7.14861333e-01 4.98646637e+02 4.34174683e+02 4.75335062e-01
    5.03076813e+02 4.45566528e+02 6.57086492e-01 4.97380890e+02
    4.00631989e+02 6.86072886e-01 5.04975464e+02 4.09492340e+02
    5.85699499e-01 5.11304260e+02 4.13922485e+02 6.99887514e-01
    5.13835754e+02 4.15821136e+02 5.98067999e-01</data></hand_left_0>
</opencv_storage>
