<?xml version="1.0"?>
<opencv_storage>
<hand_right_0 type_id="opencv-nd-matrix">
  <sizes>
    1 21 3</sizes>
  <dt>f</dt>
  <data>
    4.64753296e+02 4.34546509e+02 5.81060886e-01 4.83121765e+02
    4.41656891e+02 5.86157978e-01 5.03860352e+02 4.48767242e+02
    7.26242483e-01 5.16303467e+02 4.61210388e+02 7.97029614e-01
    5.27561584e+02 4.67135712e+02 8.61453772e-01 4.96749969e+02
    4.52322449e+02 5.91684759e-01 5.06230469e+02 4.67728241e+02
    6.59366012e-01 5.13340820e+02 4.80763916e+02 8.17642927e-01
    5.17488525e+02 4.90244415e+02 8.85838211e-01 4.80751648e+02
    4.54692566e+02 7.30020821e-01 4.92602264e+02 4.70098358e+02
    5.53148866e-01 5.00305145e+02 4.83134033e+02 6.34499550e-01
    5.06230469e+02 4.92022003e+02 6.60887957e-01 4.66530884e+02
    4.57062683e+02 7.01129317e-01 4.74826324e+02 4.74838593e+02
    5.06518066e-01 4.77196442e+02 4.81356445e+02 5.25131822e-01
    4.93194794e+02 4.94984650e+02 5.55233359e-01 4.52310150e+02
    4.61802917e+02 6.50099695e-01 4.57642944e+02 4.77208740e+02
    6.67391300e-01 4.60013062e+02 4.86096680e+02 7.07786858e-01
    4.61790649e+02 4.93799591e+02 6.71085477e-01</data></hand_right_0>
</opencv_storage>
