<?xml version="1.0"?>
<opencv_storage>
<pose_0 type_id="opencv-nd-matrix">
  <sizes>
    1 18 3</sizes>
  <dt>f</dt>
  <data>
    4.16780518e+02 5.27563782e+01 8.74858022e-01 4.44052155e+02
    8.40586777e+01 7.95292258e-01 3.52134613e+02 8.60244598e+01
    7.70158887e-01 4.08877930e+02 2.50455002e+02 7.64509916e-01
    4.59770935e+02 3.81588928e+02 8.55874240e-01 5.36059692e+02
    8.41690063e+01 6.91423357e-01 5.08764740e+02 2.58202698e+02
    8.89004529e-01 4.93006653e+02 3.97195343e+02 5.68386555e-01
    3.73713013e+02 2.93480133e+02 4.34681892e-01 3.34508240e+02
    4.30475159e+02 5.55821836e-01 3.03209778e+02 4.81302124e+02
    1.25207886e-01 4.77368713e+02 2.97399139e+02 4.58873540e-01
    5.16520996e+02 3.95200867e+02 9.69597548e-02 0. 0. 0. 3.97071960e+02
    2.35656586e+01 8.06712389e-01 4.44101135e+02 2.34876156e+01
    9.50893581e-01 3.65781067e+02 4.83813763e+00 6.17130578e-01 0. 0. 0.</data></pose_0>
</opencv_storage>
