<?xml version="1.0"?>
<opencv_storage>
<hand_right_0 type_id="opencv-nd-matrix">
  <sizes>
    1 21 3</sizes>
  <dt>f</dt>
  <data>
    4.56365936e+02 3.90012573e+02 5.60480714e-01 4.74089142e+02
    3.95683990e+02 6.74072802e-01 4.92521301e+02 4.01355438e+02
    7.17766166e-01 5.05990936e+02 4.10571503e+02 7.77407289e-01
    5.18751648e+02 4.18369720e+02 8.10876489e-01 4.82596283e+02
    4.11989349e+02 7.13212371e-01 4.94648071e+02 4.26876862e+02
    7.58769035e-01 5.02446289e+02 4.40346497e+02 8.37568760e-01
    5.06699860e+02 4.50271484e+02 8.20519090e-01 4.69126648e+02
    4.16951843e+02 7.13748038e-01 4.77633789e+02 4.30421478e+02
    6.34858608e-01 4.86849854e+02 4.44600067e+02 6.76846862e-01
    4.96774872e+02 4.56651855e+02 8.62360597e-01 4.53530212e+02
    4.19787567e+02 6.49771333e-01 4.57074860e+02 4.33966125e+02
    6.46394968e-01 4.61328430e+02 4.48144714e+02 7.57425010e-01
    4.63455231e+02 4.60905426e+02 6.95070624e-01 4.37933807e+02
    4.21914337e+02 6.50280356e-01 4.37933807e+02 4.35384003e+02
    7.98289001e-01 4.40769501e+02 4.46726837e+02 7.75421500e-01
    4.45023071e+02 4.58069702e+02 7.83055305e-01</data></hand_right_0>
</opencv_storage>
