<?xml version="1.0"?>
<opencv_storage>
<pose_0 type_id="opencv-nd-matrix">
  <sizes>
    1 18 3</sizes>
  <dt>f</dt>
  <data>
    5.00866638e+02 1.78085999e+02 7.59085536e-01 4.75437469e+02
    1.07589996e+02 7.97181726e-01 3.71779480e+02 9.97787323e+01
    6.44290805e-01 4.14807007e+02 2.89650543e+02 7.22872198e-01
    4.59810760e+02 4.20675659e+02 8.18167150e-01 5.73268005e+02
    1.13509895e+02 6.50412440e-01 5.30241516e+02 3.05191589e+02
    7.68397033e-01 4.94997009e+02 4.26512024e+02 6.41606748e-01
    3.75664032e+02 2.89600250e+02 4.14072782e-01 3.22884064e+02
    4.34372040e+02 5.06985366e-01 2.85647491e+02 4.87185333e+02
    7.60695115e-02 4.85191132e+02 3.11076752e+02 4.83008981e-01
    5.49770813e+02 4.40207245e+02 1.50687024e-01 0. 0. 0. 4.91096954e+02
    1.62423309e+02 8.04026365e-01 5.14561768e+02 1.62446442e+02
    4.41150755e-01 4.30422424e+02 9.78104172e+01 4.69471335e-01
    5.43912659e+02 1.05629601e+02 9.63355973e-02</data></pose_0>
</opencv_storage>
