<?xml version="1.0"?>
<opencv_storage>
<pose_0 type_id="opencv-nd-matrix">
  <sizes>
    1 18 3</sizes>
  <dt>f</dt>
  <data>
    4.20681030e+02 1.03717117e+02 7.58197963e-01 4.42179230e+02
    8.60382462e+01 7.56120801e-01 3.52134216e+02 8.80878754e+01
    7.23887086e-01 4.08869476e+02 2.54367355e+02 7.92895019e-01
    4.59833221e+02 3.85448975e+02 8.29203069e-01 5.36077515e+02
    8.61629944e+01 6.91338420e-01 5.08784454e+02 2.58282196e+02
    8.73103023e-01 4.91101349e+02 3.99180023e+02 5.36226392e-01
    3.71747437e+02 2.91518646e+02 4.43794429e-01 3.34573273e+02
    4.32449036e+02 5.74238181e-01 3.14968689e+02 4.89142548e+02
    1.25275210e-01 4.75444397e+02 2.95433350e+02 4.83549297e-01
    5.18483276e+02 4.01069580e+02 1.17204487e-01 0. 0. 0. 3.99170959e+02
    8.41353302e+01 8.02557528e-01 4.44064789e+02 8.21368866e+01
    8.23097348e-01 3.73666199e+02 7.04200058e+01 9.08803567e-02
    4.83293671e+02 4.30287170e+01 8.01988184e-01</data></pose_0>
</opencv_storage>
