<?xml version="1.0"?>
<opencv_storage>
<hand_left_0 type_id="opencv-nd-matrix">
  <sizes>
    1 21 3</sizes>
  <dt>f</dt>
  <data>
    4.56567902e+02 4.23306213e+02 5.76252460e-01 4.44170746e+02
    4.35703369e+02 6.67605281e-01 4.35419800e+02 4.53934509e+02
    5.78003228e-01 4.26668854e+02 4.60497711e+02 5.32966256e-01
    4.13542450e+02 4.63414703e+02 7.67108798e-01 4.52921661e+02
    4.51746765e+02 5.44923186e-01 4.39066010e+02 4.59768463e+02
    5.34740865e-01 4.41253754e+02 4.72165649e+02 6.50044382e-01
    4.44170746e+02 4.83104309e+02 7.42088974e-01 4.67506592e+02
    4.45183563e+02 6.79068804e-01 4.78445251e+02 4.59039215e+02
    4.87057060e-01 4.63860352e+02 4.74353363e+02 5.43127120e-01
    4.65318848e+02 4.86021301e+02 6.53075516e-01 4.82091492e+02
    4.40078857e+02 6.33528173e-01 4.92300903e+02 4.53934509e+02
    6.75327897e-01 5.01781097e+02 4.66331665e+02 6.72116101e-01
    5.07615051e+02 4.77999603e+02 6.78906798e-01 4.95947144e+02
    4.30598663e+02 7.07277298e-01 5.03968842e+02 4.36432617e+02
    6.87664330e-01 5.11990540e+02 4.40808105e+02 7.25833476e-01
    5.15636780e+02 4.45183563e+02 6.46748841e-01</data></hand_left_0>
</opencv_storage>
