<?xml version="1.0"?>
<opencv_storage>
<hand_right_0 type_id="opencv-nd-matrix">
  <sizes>
    1 21 3</sizes>
  <dt>f</dt>
  <data>
    4.60805634e+02 3.83203644e+02 6.26650810e-01 4.78131683e+02
    3.88054962e+02 7.03146994e-01 4.98229889e+02 3.93599274e+02
    6.49936259e-01 5.10011597e+02 4.00529694e+02 8.45857263e-01
    5.21100281e+02 4.09539246e+02 8.68614078e-01 4.87141205e+02
    4.03994904e+02 7.37964213e-01 4.98229889e+02 4.18548767e+02
    7.88576543e-01 5.05160309e+02 4.30330475e+02 8.30437779e-01
    5.10011597e+02 4.37953949e+02 9.03870165e-01 4.71894287e+02
    4.08153168e+02 7.36305416e-01 4.82289917e+02 4.20627899e+02
    7.05570698e-01 4.91992493e+02 4.32409607e+02 7.55648136e-01
    4.99615967e+02 4.44191315e+02 9.25658286e-01 4.55954346e+02
    4.10925323e+02 6.69539571e-01 4.60112579e+02 4.23400085e+02
    6.86719179e-01 4.65656921e+02 4.37953949e+02 8.32861900e-01
    4.67042999e+02 4.49735657e+02 6.90398037e-01 4.42786560e+02
    4.13697479e+02 7.21286774e-01 4.42786560e+02 4.24786163e+02
    8.15506458e-01 4.43479584e+02 4.33795685e+02 8.02732408e-01
    4.44172638e+02 4.43498291e+02 7.50796616e-01</data></hand_right_0>
</opencv_storage>
