<?xml version="1.0"?>
<opencv_storage>
<hand_left_0 type_id="opencv-nd-matrix">
  <sizes>
    1 21 3</sizes>
  <dt>f</dt>
  <data>
    4.58675568e+02 4.09106018e+02 5.29276669e-01 4.44401062e+02
    4.22666840e+02 6.26685083e-01 4.33695160e+02 4.38368805e+02
    5.42125940e-01 4.26557892e+02 4.47647247e+02 4.31996375e-01
    4.12997101e+02 4.49788422e+02 7.38931179e-01 4.45114777e+02
    4.36941345e+02 5.28888762e-01 4.37977509e+02 4.50502136e+02
    6.58704400e-01 4.37977509e+02 4.61208038e+02 7.30567336e-01
    4.42259888e+02 4.74055115e+02 7.97233105e-01 4.61530487e+02
    4.35513885e+02 6.72965527e-01 4.59389313e+02 4.51929596e+02
    4.88988221e-01 4.60103027e+02 4.64776672e+02 6.26846611e-01
    4.61530487e+02 4.77623749e+02 8.11587512e-01 4.78659912e+02
    4.30517822e+02 6.35921001e-01 4.87224609e+02 4.48360962e+02
    6.59655035e-01 4.93648163e+02 4.64062958e+02 6.37633443e-01
    4.85083435e+02 4.77623749e+02 5.92635036e-01 4.95789337e+02
    4.26235474e+02 7.48261631e-01 5.07922668e+02 4.38368805e+02
    5.96177697e-01 5.11491302e+02 4.42651154e+02 6.17478371e-01
    5.11491302e+02 4.51929596e+02 4.98699427e-01</data></hand_left_0>
</opencv_storage>
