<?xml version="1.0"?>
<opencv_storage>
<hand_left_0 type_id="opencv-nd-matrix">
  <sizes>
    1 21 3</sizes>
  <dt>f</dt>
  <data>
    4.61614136e+02 3.79519073e+02 5.65314889e-01 4.48160400e+02
    3.91691528e+02 6.46719396e-01 4.37909943e+02 4.07707886e+02
    6.33367300e-01 4.26378174e+02 4.18598999e+02 5.78048944e-01
    4.15487030e+02 4.25646210e+02 7.43906438e-01 4.51363678e+02
    4.10270508e+02 5.11923313e-01 4.41113220e+02 4.18598999e+02
    5.16818821e-01 4.37909943e+02 4.30130798e+02 6.82526946e-01
    4.35987976e+02 4.39099945e+02 7.14856327e-01 4.66739380e+02
    4.07707886e+02 6.69746876e-01 4.58410889e+02 4.23724243e+02
    3.86870921e-01 4.57770233e+02 4.38459290e+02 5.99711537e-01
    4.48160400e+02 4.53194336e+02 6.35235548e-01 4.82115082e+02
    4.03863953e+02 6.57378197e-01 4.91724915e+02 4.22442932e+02
    7.12378860e-01 4.97490784e+02 4.34615356e+02 5.52774191e-01
    5.01334717e+02 4.46787811e+02 6.55888259e-01 4.96850128e+02
    3.96816742e+02 6.87058687e-01 5.03897339e+02 4.08348541e+02
    6.74984574e-01 5.09663239e+02 4.13473755e+02 6.96820140e-01
    5.14147827e+02 4.14755066e+02 5.66757679e-01</data></hand_left_0>
</opencv_storage>
