<?xml version="1.0"?>
<opencv_storage>
<hand_right_0 type_id="opencv-nd-matrix">
  <sizes>
    1 21 3</sizes>
  <dt>f</dt>
  <data>
    4.57812836e+02 4.12184296e+02 5.47065616e-01 4.76481262e+02
    4.16332825e+02 6.64335132e-01 4.95841064e+02 4.23938477e+02
    6.72056735e-01 5.06903839e+02 4.32235535e+02 7.78017581e-01
    5.16583740e+02 4.40532623e+02 7.65984595e-01 4.84778320e+02
    4.31544128e+02 6.43867552e-01 4.95149658e+02 4.47446838e+02
    7.68001854e-01 5.02063873e+02 4.59892456e+02 8.39631021e-01
    5.06903839e+02 4.70263763e+02 9.19551194e-01 4.69567017e+02
    4.36384094e+02 7.72870302e-01 4.79246948e+02 4.51595367e+02
    6.93322599e-01 4.88235443e+02 4.64732391e+02 7.67191350e-01
    4.95841064e+02 4.75795166e+02 9.31869268e-01 4.55047150e+02
    4.39841187e+02 6.24218941e-01 4.57812836e+02 4.52286804e+02
    7.00692594e-01 4.62652802e+02 4.66806671e+02 8.17456007e-01
    4.67492767e+02 4.77869415e+02 6.80553019e-01 4.39835876e+02
    4.41224030e+02 6.93605661e-01 4.39144440e+02 4.53669647e+02
    8.29925656e-01 4.40527283e+02 4.64732391e+02 8.03765893e-01
    4.41910126e+02 4.75103729e+02 7.86642551e-01</data></hand_right_0>
</opencv_storage>
