<?xml version="1.0"?>
<opencv_storage>
<pose_0 type_id="opencv-nd-matrix">
  <sizes>
    1 18 3</sizes>
  <dt>f</dt>
  <data>
    4.61755249e+02 1.23261971e+02 7.53133297e-01 4.65632080e+02
    7.24105911e+01 8.07372868e-01 3.67856384e+02 6.85237656e+01
    6.93887889e-01 4.14827942e+02 2.60252777e+02 7.22693264e-01
    4.59771301e+02 3.95144928e+02 8.57308149e-01 5.69366699e+02
    8.61300583e+01 6.75585151e-01 5.26285156e+02 2.73951111e+02
    7.87652135e-01 4.94995605e+02 4.03019867e+02 5.85359037e-01
    3.79585175e+02 2.91521149e+02 4.15204912e-01 3.28718140e+02
    4.32439178e+02 4.10293907e-01 2.93467651e+02 4.85243469e+02
    9.52652097e-02 4.91068665e+02 3.05232391e+02 4.41962004e-01
    5.41968689e+02 4.22603058e+02 1.00256644e-01 0. 0. 0. 4.50008759e+02
    1.01755241e+02 6.34587765e-01 4.79429688e+02 1.05686890e+02
    6.15239024e-01 4.12746460e+02 2.93463421e+01 2.51347601e-01
    5.20480652e+02 5.86733513e+01 1.56184256e-01</data></pose_0>
</opencv_storage>
