<?xml version="1.0"?>
<opencv_storage>
<hand_right_0 type_id="opencv-nd-matrix">
  <sizes>
    1 21 3</sizes>
  <dt>f</dt>
  <data>
    4.57440247e+02 3.97431244e+02 5.52999914e-01 4.75460480e+02
    4.02282837e+02 6.60130501e-01 4.93480713e+02 4.07134430e+02
    6.56329215e-01 5.05956238e+02 4.14758392e+02 7.93237686e-01
    5.19124878e+02 4.21689240e+02 8.73723209e-01 4.81698242e+02
    4.15451477e+02 6.72925830e-01 4.94866882e+02 4.31392426e+02
    8.33635092e-01 5.03183899e+02 4.43867981e+02 8.80504787e-01
    5.08035492e+02 4.54264252e+02 9.32281494e-01 4.68529633e+02
    4.20996155e+02 7.14930117e-01 4.76846649e+02 4.35550964e+02
    6.47367716e-01 4.87936005e+02 4.48719574e+02 7.21419811e-01
    4.97639221e+02 4.60502045e+02 9.06287909e-01 4.53281738e+02
    4.25847748e+02 6.88711226e-01 4.56747162e+02 4.36937134e+02
    6.60565138e-01 4.60212585e+02 4.53571167e+02 7.96890795e-01
    4.64371094e+02 4.65353638e+02 7.10568905e-01 4.38726929e+02
    4.26540833e+02 6.50167584e-01 4.38033844e+02 4.41095642e+02
    7.87373364e-01 4.38726929e+02 4.50798828e+02 7.08347738e-01
    4.43578522e+02 4.63274384e+02 7.39749253e-01</data></hand_right_0>
</opencv_storage>
