<?xml version="1.0"?>
<opencv_storage>
<hand_left_0 type_id="opencv-nd-matrix">
  <sizes>
    1 21 3</sizes>
  <dt>f</dt>
  <data>
    4.58916840e+02 3.84391510e+02 5.30476391e-01 4.47948334e+02
    3.96650452e+02 6.34029388e-01 4.37625031e+02 4.12780640e+02
    5.42942524e-01 4.27301697e+02 4.23749146e+02 7.70508766e-01
    4.16333191e+02 4.30846436e+02 7.28643775e-01 4.48593536e+02
    4.08264191e+02 4.29461420e-01 4.42786682e+02 4.19232697e+02
    6.05689049e-01 4.42786682e+02 4.33427246e+02 7.23121583e-01
    4.46012695e+02 4.45686188e+02 6.53132915e-01 4.66659332e+02
    4.06973755e+02 6.15657747e-01 4.65368927e+02 4.24394348e+02
    4.15021926e-01 4.64078491e+02 4.39234131e+02 7.22628236e-01
    4.58916840e+02 4.54073883e+02 6.43583059e-01 4.83434723e+02
    4.04392944e+02 6.63718283e-01 4.91822418e+02 4.21168335e+02
    6.90538168e-01 4.84725128e+02 4.37298492e+02 5.04511535e-01
    5.03436127e+02 4.45686188e+02 6.35952175e-01 4.98274475e+02
    3.99876495e+02 6.93917513e-01 5.05371765e+02 4.08909393e+02
    5.79910398e-01 5.11178619e+02 4.14071045e+02 7.09567189e-01
    5.13759460e+02 4.15361450e+02 5.60843289e-01</data></hand_left_0>
</opencv_storage>
