<?xml version="1.0"?>
<opencv_storage>
<pose_0 type_id="opencv-nd-matrix">
  <sizes>
    1 18 3</sizes>
  <dt>f</dt>
  <data>
    4.63755005e+02 1.15423828e+02 8.14213276e-01 4.75403656e+02
    7.82365952e+01 7.48520374e-01 3.77638031e+02 7.23800659e+01
    6.82605684e-01 4.20656769e+02 2.58330688e+02 7.20100820e-01
    4.59794861e+02 3.91329346e+02 8.35154533e-01 5.71368896e+02
    8.61570740e+01 6.83332682e-01 5.28296082e+02 2.73942261e+02
    7.73048103e-01 4.93077820e+02 4.01076324e+02 6.06597602e-01
    3.81532257e+02 2.93487122e+02 4.04712886e-01 3.18911713e+02
    4.57828430e+02 2.10979253e-01 0. 0. 0. 4.91113342e+02 3.09119659e+02
    4.15010124e-01 5.24388733e+02 4.01093140e+02 6.45674467e-02 0. 0. 0.
    4.44181244e+02 9.00331573e+01 7.15429246e-01 4.85218842e+02
    8.99689407e+01 7.30301678e-01 4.10861847e+02 6.64627533e+01
    2.61451393e-01 5.26283203e+02 2.14207478e+01 7.12293744e-01</data></pose_0>
</opencv_storage>
