<?xml version="1.0"?>
<opencv_storage>
<hand_right_0 type_id="opencv-nd-matrix">
  <sizes>
    1 21 3</sizes>
  <dt>f</dt>
  <data>
    4.60824280e+02 3.81532471e+02 6.77867234e-01 4.77229858e+02
    3.88094696e+02 7.42063761e-01 4.94947876e+02 3.98594269e+02
    6.97524011e-01 5.02822540e+02 4.11062500e+02 7.63004899e-01
    5.13322083e+02 4.18937195e+02 8.84021580e-01 4.82479614e+02
    4.08437622e+02 7.82229543e-01 4.91666748e+02 4.25499420e+02
    7.24660933e-01 4.98228973e+02 4.37967651e+02 7.74480104e-01
    4.99541412e+02 4.49123444e+02 8.86211395e-01 4.67386505e+02
    4.12374939e+02 7.68640459e-01 4.77229858e+02 4.33374084e+02
    5.42114377e-01 4.80510956e+02 4.45186096e+02 6.01352096e-01
    4.72636292e+02 4.55685669e+02 6.95485950e-01 4.54918274e+02
    4.14343628e+02 7.26430118e-01 4.56230713e+02 4.25499420e+02
    5.53339481e-01 4.58855591e+02 4.41248749e+02 6.97203815e-01
    4.54918274e+02 4.55685669e+02 7.46129870e-01 4.40481354e+02
    4.14343628e+02 6.57318115e-01 4.39825134e+02 4.24186951e+02
    7.02829361e-01 4.39825134e+02 4.34030304e+02 7.82381952e-01
    4.39825134e+02 4.43873657e+02 7.58350253e-01</data></hand_right_0>
</opencv_storage>
