<?xml version="1.0"?>
<opencv_storage>
<pose_0 type_id="opencv-nd-matrix">
  <sizes>
    1 18 3</sizes>
  <dt>f</dt>
  <data>
    4.83279877e+02 1.01681099e+02 7.82506287e-01 4.71511444e+02
    6.65335236e+01 7.22394168e-01 3.67875427e+02 6.06596985e+01
    6.33576810e-01 4.20620941e+02 2.54294327e+02 6.82845294e-01
    4.59828766e+02 3.81557953e+02 8.52560759e-01 5.71317505e+02
    8.21297760e+01 6.97766840e-01 5.24460632e+02 2.66108276e+02
    7.79379368e-01 4.94996216e+02 3.97147644e+02 5.26518226e-01
    3.81494415e+02 2.89558685e+02 3.94691467e-01 3.28677551e+02
    4.30407990e+02 3.23895812e-01 2.83698639e+02 4.77431091e+02
    1.11366145e-01 4.91065796e+02 3.03253693e+02 3.97332340e-01
    5.24291565e+02 3.95220612e+02 6.58881590e-02 0. 0. 0. 4.71544708e+02
    8.21370621e+01 6.81971669e-01 5.06748199e+02 8.02288742e+01
    7.59143591e-01 4.16756531e+02 4.84077692e+00 5.48813105e-01
    5.39987427e+02 4.30303230e+01 1.70034960e-01</data></pose_0>
</opencv_storage>
