<?xml version="1.0"?>
<opencv_storage>
<pose_0 type_id="opencv-nd-matrix">
  <sizes>
    1 18 3</sizes>
  <dt>f</dt>
  <data>
    4.98944122e+02 9.97767334e+01 7.52066612e-01 4.61757538e+02
    7.03856659e+01 7.27371633e-01 3.65863922e+02 6.84553146e+01
    6.76306725e-01 4.12808472e+02 2.54328217e+02 7.15735435e-01
    4.59672424e+02 3.81519073e+02 8.58444571e-01 5.69380981e+02
    8.21747360e+01 6.89750910e-01 5.26273254e+02 2.69955597e+02
    7.47478724e-01 4.95014923e+02 3.87379486e+02 5.71992040e-01
    3.81498444e+02 2.89591309e+02 4.30824727e-01 3.24823151e+02
    4.28502258e+02 4.80719537e-01 2.69985016e+02 4.91072632e+02
    5.68876565e-02 4.91086578e+02 3.03288300e+02 4.19160396e-01
    5.43900635e+02 4.28471832e+02 5.79831824e-02 0. 0. 0. 4.79391144e+02
    8.21544113e+01 7.22309351e-01 5.18448792e+02 7.24343338e+01
    6.84328496e-01 4.22642914e+02 2.35394192e+01 7.02750564e-01
    5.40101013e+02 3.71456795e+01 5.20080104e-02</data></pose_0>
</opencv_storage>
