<?xml version="1.0"?>
<opencv_storage>
<hand_right_0 type_id="opencv-nd-matrix">
  <sizes>
    1 21 3</sizes>
  <dt>f</dt>
  <data>
    4.61918884e+02 3.77981110e+02 7.10273206e-01 4.78504913e+02
    3.85636230e+02 7.00733960e-01 4.97642670e+02 3.96480927e+02
    7.69285142e-01 5.04021912e+02 4.09239441e+02 7.61898458e-01
    5.15504578e+02 4.16894531e+02 8.28836560e-01 4.84884186e+02
    4.07325653e+02 7.38315105e-01 4.93815125e+02 4.25187561e+02
    7.44617105e-01 4.99556427e+02 4.37308105e+02 7.74646103e-01
    5.01470215e+02 4.48152832e+02 8.69355142e-01 4.70211914e+02
    4.10515289e+02 7.49034345e-01 4.78504913e+02 4.31566803e+02
    6.40403628e-01 4.81694550e+02 4.44325287e+02 6.79944396e-01
    4.74039459e+02 4.53894165e+02 6.78205311e-01 4.56815491e+02
    4.12429047e+02 7.62555182e-01 4.56815491e+02 4.23911713e+02
    4.86028880e-01 4.58729248e+02 4.39221893e+02 6.15898728e-01
    4.54901703e+02 4.53256226e+02 6.53468966e-01 4.42143219e+02
    4.12429047e+02 7.24707901e-01 4.40867371e+02 4.21360016e+02
    6.93654060e-01 4.39591522e+02 4.31566803e+02 6.99919701e-01
    4.38315674e+02 4.42411530e+02 7.79018998e-01</data></hand_right_0>
</opencv_storage>
