<?xml version="1.0"?>
<opencv_storage>
<pose_0 type_id="opencv-nd-matrix">
  <sizes>
    1 18 3</sizes>
  <dt>f</dt>
  <data>
    4.51950287e+02 1.11476700e+02 7.77329564e-01 4.71532379e+02
    7.23744507e+01 7.46233642e-01 3.77586456e+02 7.03766479e+01
    7.09459782e-01 4.18687500e+02 2.54375977e+02 6.65154219e-01
    4.59831573e+02 3.83519226e+02 8.43752563e-01 5.71350403e+02
    8.60238571e+01 6.77801669e-01 5.28293213e+02 2.71918793e+02
    7.77452767e-01 4.94997498e+02 3.97206238e+02 5.49543321e-01
    3.81524689e+02 2.85666138e+02 4.21621323e-01 3.32552612e+02
    4.30445129e+02 4.12167758e-01 2.89587341e+02 4.83239258e+02
    1.23980239e-01 4.91048126e+02 3.05209534e+02 4.26716715e-01
    5.22398865e+02 3.97178558e+02 6.25661016e-02 0. 0. 0. 4.30460754e+02
    8.61110764e+01 7.79357970e-01 4.73488770e+02 8.60817413e+01
    7.94959068e-01 3.99061615e+02 6.64928436e+01 1.52608946e-01
    5.20407654e+02 2.16114674e+01 8.59950602e-01</data></pose_0>
</opencv_storage>
