<?xml version="1.0"?>
<opencv_storage>
<hand_left_0 type_id="opencv-nd-matrix">
  <sizes>
    1 21 3</sizes>
  <dt>f</dt>
  <data>
    4.62385071e+02 4.22036652e+02 5.82290888e-01 4.48987427e+02
    4.34024017e+02 6.49941027e-01 4.39115479e+02 4.50947357e+02
    5.23273349e-01 4.36294922e+02 4.62934723e+02 6.42227054e-01
    4.16551025e+02 4.60114166e+02 6.39371097e-01 4.55333679e+02
    4.49537079e+02 6.37045920e-01 4.57449097e+02 4.62934723e+02
    4.81777549e-01 4.62385071e+02 4.74216919e+02 4.94208992e-01
    4.46166870e+02 4.81268311e+02 4.07550931e-01 4.70846741e+02
    4.43895966e+02 7.15208709e-01 4.77898102e+02 4.59409027e+02
    7.50422537e-01 4.83539215e+02 4.74216919e+02 5.15033901e-01
    4.91295746e+02 4.86909424e+02 4.60342616e-01 4.84949493e+02
    4.41075409e+02 7.47327626e-01 4.93411163e+02 4.56588470e+02
    6.97239041e-01 5.01167694e+02 4.69986115e+02 7.37503350e-01
    5.06808807e+02 4.81268311e+02 7.48584867e-01 4.96936859e+02
    4.33318878e+02 7.10109711e-01 5.06808807e+02 4.38959991e+02
    8.09678972e-01 5.13155090e+02 4.43895966e+02 8.42430055e-01
    5.18796204e+02 4.52357635e+02 8.00524950e-01</data></hand_left_0>
</opencv_storage>
