<?xml version="1.0"?>
<opencv_storage>
<hand_left_0 type_id="opencv-nd-matrix">
  <sizes>
    2 21 3</sizes>
  <dt>f</dt>
  <data>
    4.60191925e+02 4.20649506e+02 5.25114655e-01 4.46287933e+02
    4.33089905e+02 6.51361883e-01 4.36042908e+02 4.51384613e+02
    5.20630419e-01 4.25066101e+02 4.57970703e+02 5.76944470e-01
    4.14821045e+02 4.62361420e+02 8.46418381e-01 4.47751526e+02
    4.46262085e+02 5.03515482e-01 4.39701843e+02 4.57970703e+02
    6.59938693e-01 4.42628998e+02 4.71874664e+02 7.89390981e-01
    4.44824371e+02 4.80656128e+02 8.48512232e-01 4.65314423e+02
    4.43334930e+02 6.70018673e-01 4.62387268e+02 4.60166077e+02
    5.42837679e-01 4.66778015e+02 4.73338257e+02 6.66353166e-01
    4.69705170e+02 4.85778656e+02 8.04413378e-01 4.79950195e+02
    4.38944214e+02 6.62262857e-01 4.93122375e+02 4.55775330e+02
    6.79144800e-01 5.01172058e+02 4.68215729e+02 6.12066269e-01
    5.06294556e+02 4.80656128e+02 6.16236329e-01 4.96049530e+02
    4.31626343e+02 7.29522884e-01 5.04099213e+02 4.36017059e+02
    7.64311731e-01 5.12880676e+02 4.41139587e+02 8.04379821e-01
    5.16539612e+02 4.49189240e+02 7.18483269e-01 0. 0. 0. 0. 0. 0. 0. 0.
    0. 0. 0. 0. 0. 0. 0. 0. 0. 0. 0. 0. 0. 0. 0. 0. 0. 0. 0. 0. 0. 0. 0.
    0. 0. 0. 0. 0. 0. 0. 0. 0. 0. 0. 0. 0. 0. 0. 0. 0. 0. 0. 0. 0. 0. 0.
    0. 0. 0. 0. 0. 0. 0. 0. 0.</data></hand_left_0>
</opencv_storage>
