<?xml version="1.0"?>
<opencv_storage>
<hand_right_0 type_id="opencv-nd-matrix">
  <sizes>
    1 21 3</sizes>
  <dt>f</dt>
  <data>
    4.57273926e+02 4.00578094e+02 5.37404060e-01 4.75206970e+02
    4.05599335e+02 6.71106517e-01 4.95291992e+02 4.12055237e+02
    6.94403768e-01 5.06769135e+02 4.22097748e+02 7.98341990e-01
    5.18246277e+02 4.29270966e+02 8.43045473e-01 4.84532166e+02
    4.22097748e+02 6.41910315e-01 4.95291992e+02 4.36444183e+02
    8.03609610e-01 5.03899841e+02 4.50790619e+02 8.28665257e-01
    5.07486450e+02 4.60115784e+02 8.48861277e-01 4.70185730e+02
    4.24249695e+02 7.13369071e-01 4.79510895e+02 4.40748108e+02
    6.72495306e-01 4.88836090e+02 4.54377228e+02 7.42801130e-01
    4.96726624e+02 4.65854370e+02 8.55813861e-01 4.55121948e+02
    4.28553619e+02 7.14318097e-01 4.60143219e+02 4.40748108e+02
    6.75540447e-01 4.65164459e+02 4.56529175e+02 7.98960686e-01
    4.68033752e+02 4.68723663e+02 7.74097562e-01 4.39340881e+02
    4.29988281e+02 6.53644681e-01 4.39340881e+02 4.45052032e+02
    7.75648236e-01 4.42927490e+02 4.55811859e+02 7.51963139e-01
    4.45796783e+02 4.64419708e+02 7.64851093e-01</data></hand_right_0>
</opencv_storage>
